K:10
N:500
Gap:1.76442704115113
Rho: 
1 0.8 0.45 0.2 -0.3 0.7 0.75 0.5 -0.3 -0.1
0.8 1 0.45 0.5 -0.1 0.55 0.4 0.6 -0.4 -0.2
0.45 0.45 1 0.1 -0.3 0.6 0.3 0.4 0 -0.3
0.2 0.5 0.1 1 -0.5 0.35 0.1 0.1 -0.5 -0.45
-0.3 -0.1 -0.3 -0.5 1 -0.4 -0.3 -0.1 0.2 0.2
0.7 0.55 0.6 0.35 -0.4 1 0.8 0.45 -0.2 -0.45
0.75 0.4 0.3 0.1 -0.3 0.8 1 0.45 -0.1 -0.3
0.5 0.6 0.4 0.1 -0.1 0.45 0.45 1 0.1 -0.2
-0.3 -0.4 0 -0.5 0.2 -0.2 -0.1 0.1 1 0.4
-0.1 -0.2 -0.3 -0.45 0.2 -0.45 -0.3 -0.2 0.4 1
X:
63,6,34,6,-0.182889459221791,0.746636817365599,0.603613869054243,5.68437869933963,37.2292240489435,-11.1901291812628
31,3,32,3,5.36003933221047,0.100667300634086,0.388100718613714,2.19139484117756,35.0674498289494,12.1997827935061
24,3,32,3,4.27154329027867,0.119695977159271,0.375320519320667,2.75590808178624,29.227724842766,-1.2942990703708
37,3,29,4,2.32064379435307,0.163081547361799,0.572333004092798,3.08229382327335,57.7042720266444,6.28086092873963
35,3,24,1,6.70254553130422,0.0363002449739724,0.299909974914044,3.83379101961207,36.5605239910055,45.2810543976861
29,3,32,4,4.67726156349343,0.140116064809263,0.6664779484272,3.13134342740185,55.4658132207412,-2.77566228787066
22,3,30,3,9.0032014679299,0.043476278601802,0.277878824388608,2.04346311274293,47.5757896787228,27.7450694198328
55,6,28,3,8.93373657636874,0.0347845487438449,0.214545431546867,2.69841060476486,39.5043651976669,53.8829957423503
18,2,32,4,3.11944314019434,0.410374856296825,0.524040108779445,2.450637455924,41.6854779084385,-1.98022889027007
0,1,24,1,9.05029372938626,0.0176287444628495,0.260201656725258,2.45294514397095,52.8796949000293,16.5803572771932
36,3,27,1,10.6529365181714,0.134577936376445,0.754087045788765,4.71399907103833,87.1332859928416,38.3082259799034
88,8,27,3,11.0839478587082,0.0875677061267197,0.830166742904112,5.7945988835342,29.2518595545158,-0.588647652084383
30,5,31,5,4.29852580890695,0.237990924845192,0.19460856821388,4.57188488010451,51.3839929015102,6.26710434736665
45,5,29,3,7.74550844194094,0.10738871328067,0.231701525161043,6.50038612737372,36.241676578241,17.5439413708895
43,4,33,3,7.99410178072382,0.117972030653618,0.653244936605915,3.75808744488372,41.5721486120644,-4.94410717526012
41,4,24,2,8.10018103424125,0.00748614175245166,0.137631970224902,3.43268020855316,32.0346807138071,38.8224013414628
96,6,33,3,1.97738110210357,0.431169319411224,0.915345669258386,5.68264152551271,52.772231994213,36.4853458273201
14,4,35,5,3.47015137961944,0.0427856197572297,0.0283344234339893,2.68686893838824,52.5035075074956,24.2806150013602
40,3,35,2,2.27009012312917,0.132113648927771,0.632301090285182,7.31277533192585,58.2114363850139,24.7639891106321
23,4,27,4,8.27394802854595,0.091755818692036,0.29410548065789,4.0489985083496,52.6688109326634,27.6812202219048
12,2,25,3,8.2669621978087,0.137330692843534,0.542110068025067,2.78051757381515,72.9324634992159,15.2945091854075
31,4,23,5,4.47440267855305,0.131249880534597,0.722653814358637,5.22512442638765,30.5309873041037,-26.2566490271897
58,4,32,4,0.968604599793639,0.159610183211043,0.749531711917371,4.0102333453799,53.5261294404718,18.5658508350786
66,4,31,5,1.2148203789281,0.330065595674071,0.953558100620285,2.53347780007025,31.4068688184366,-0.359811588363225
89,6,26,3,6.90035849749528,0.521879695790047,0.993727626511827,10.6157294585049,65.5807352918007,10.908342603377
6,3,28,3,7.25266428073,0.072812877362594,0.359138996805996,8.22863396978651,82.2315780002862,9.4206033601747
94,6,28,4,4.00265416501145,0.698103096294117,0.989050487289205,10.0201393394349,50.2953231896706,-2.78717003274331
74,9,32,4,8.5790684541007,0.115218391617289,0.653687961399555,10.1131459612463,43.7977050894763,9.75251834504862
65,5,33,3,2.3753999762312,0.203106739176484,0.740799664054066,6.98118234434554,31.6428490108953,5.38804699445188
21,3,34,2,7.85899830646369,0.138098150142469,0.225165492622182,5.15625521627792,56.0016456245984,10.4804680984266
39,4,24,4,3.38623047446704,0.0477238381920122,0.376567889703438,4.30895898304998,33.3135745299125,25.7214738596638
32,5,34,4,7.55994016447725,0.358503519348718,0.447646917076781,2.65335194942274,30.7477162732204,2.64618932662706
48,3,36,3,2.5555141105789,0.620295986035997,0.743118144571781,2.0519798105506,27.5604204134062,-7.56517458975497
84,9,30,5,6.36919247995313,0.343425568415526,0.771420964505523,7.05047769211135,27.6357366486488,23.2493486008256
44,7,26,3,9.00108354086055,0.00613432970061761,0.0410691904835403,6.20379977627372,32.246978166645,15.4618714777982
50,4,34,2,3.98822044614749,0.175981688768345,0.630404407856986,4.70665007365245,71.5988783949129,34.6708061180304
99,6,32,4,2.64090160597471,0.559738758454257,0.992746191332117,9.84974616068496,37.7747605098958,-7.12222160968088
30,5,31,5,6.13591344660656,0.233203809882974,0.354535939404741,5.40616960469034,52.8723290045027,25.743113390745
4,3,27,4,9.64328095438652,0.126996129285544,0.283996193902567,3.3354974882292,62.4874657539047,5.93051973196941
33,5,30,5,4.35941861548807,0.404085529947138,0.483987817540765,3.54661418892019,44.733896498453,6.10381906402851
12,2,27,3,6.15503584199836,0.0590720943873748,0.276608413551003,4.12214906308423,38.4210699486654,-14.2532624689466
71,5,37,5,-2.34524995434314,0.490405797006047,0.784355849260464,5.04145098308135,44.0160866369029,8.92632750937874
59,4,36,3,3.42323245199824,0.509068398249751,0.743086102185771,3.76184493450488,45.861214823163,5.38013807264792
54,4,32,2,6.15049781919321,0.0592849897375051,0.347821238916367,3.04663116312744,32.1558057062409,26.1778649395358
42,2,31,3,2.07225576463703,0.0804377845488489,0.697221786016598,3.6526933709761,35.8245659504734,-8.35153909519346
57,6,30,6,3.35693122607666,0.278220339900556,0.728348939213902,6.67798400410037,53.7377444075946,-4.77860252413507
33,4,31,2,6.96194771183209,0.0613230395829305,0.454650024184957,4.9715804066402,68.2134573474108,32.1252795684426
87,9,28,4,9.12433826452862,0.175203171781007,0.842612774576992,11.0812381642754,28.9556299792436,-14.3512615292984
33,3,30,4,2.11471230369312,0.119231562595814,0.347682697698474,1.4337383116801,35.9472296792628,-3.99444617180931
42,5,28,5,3.72785791447051,0.38906407447294,0.829861992504448,6.76567949861569,24.7768962757001,-0.75169246756465
48,4,33,5,2.39584340972703,0.844112870913006,0.755731235956773,2.89971388040719,56.7387812185571,-5.34563894941302
63,7,33,4,7.99529096416655,0.115923659177497,0.378990476252511,6.07499973087666,30.0371115266241,12.1539713926896
19,5,24,5,4.60591403111842,0.0450771634932607,0.0370323846582323,4.97123441103005,29.7259854956164,29.8377139095981
53,5,31,4,6.21823673807345,0.161588115151972,0.575024063233286,1.94118352727645,39.6150536785736,21.7609723449162
56,3,23,2,5.43590574311507,0.0347220038529485,0.735129108885303,5.53283352691787,46.5038205275852,21.3355380360183
45,4,28,5,0.559363848308932,0.170044640777633,0.505222417181358,3.8596865855588,16.3070203636457,7.64118318105663
92,6,30,4,5.97217810757141,0.504304152892387,0.961863439762965,7.11578011481304,37.0170654563853,-7.40232658393955
12,2,30,4,2.75688073066912,0.0662843368700288,0.184801936615258,1.17532058847586,47.7629523034185,14.0585211938267
57,6,29,5,4.0424878219981,0.177518997610671,0.635879703098908,8.53378275725857,43.4155890366156,23.8636685501966
26,4,26,6,2.82956218143494,0.082891215919517,0.448785439133644,2.27610803979401,33.1360845296127,20.8818555941281
56,7,26,3,14.5904093437679,0.0517324833199382,0.321042347466573,3.3487027196506,22.7288908596051,12.1594746359455
75,6,32,4,1.17974221675535,0.238705689729716,0.636097678216174,4.33804736665931,40.1234893557202,12.739257494922
23,4,35,3,3.93668606851802,0.0992063238518313,0.225443849340081,8.94052261164281,65.6824051049571,14.4684002113
1,3,28,3,7.69972135283278,0.0382471720806311,0.255355143221095,5.53293463539975,42.1458226483159,-10.9651490115002
17,3,23,5,7.20244678637285,0.0883947646943852,0.528343614656478,3.04279549529919,31.2758090147269,-7.52942781029528
20,4,27,5,6.13257917169666,0.160347136086784,0.474990813527256,3.88158899668804,50.0778914268136,-3.82961508938221
61,7,36,7,-0.872041517289922,0.324363115000281,0.345294330501929,6.12282628507613,21.3558708317308,-17.9815991620634
95,6,34,2,5.61501986966898,0.441294896395362,0.885850628605112,4.09938843454444,35.186147992135,0.653027380687453
22,2,28,1,5.37287881715051,0.0376842647846547,0.52401065081358,4.51086394457807,48.9240907669366,7.19756895674576
66,4,28,3,2.2858000619976,0.06357769090175,0.579776735045016,3.41773007456357,28.6037696357743,17.4746767517398
66,7,39,3,4.68563749598513,0.172293397248723,0.140427947742864,7.83029891303184,67.1191501330026,26.3604308296505
77,7,36,5,1.45597315445008,0.537569922006545,0.837107622763142,6.47664108134675,23.0987169361395,-3.28283349466754
99,8,40,3,3.78005272375668,0.154602499795146,0.370857063448057,6.31040808131693,34.7925155273376,19.6999753542694
93,5,33,5,-1.74860929963862,1.32360331287705,0.998101868433878,7.83235124200332,50.1773125708871,2.45165999784245
9,2,20,3,3.59468529141536,0.00613993374544789,0.286186263430864,3.55537775957927,37.9685542713316,2.75410051169488
93,6,37,5,1.71540578671305,0.665344464381985,0.92732825060375,3.13908823577676,29.5560675553968,-17.3154885811437
96,6,31,3,3.48262393002585,0.405663650461888,0.933060974581167,3.55191227016615,19.962108527828,4.62999403253247
98,8,36,6,2.89778232910745,1.22937276626105,0.890857101185247,3.71427909054577,26.7328254456214,-21.6611256061054
59,5,33,5,1.79689963007241,0.73903703228196,0.881837309803814,6.7688468887121,27.048608693194,-14.8281294525373
15,2,23,4,3.13854475464796,0.0358408651590228,0.289779027923942,1.17510191417866,24.3935797511873,14.0970929002269
22,2,30,2,2.35907556658588,0.140843751840293,0.626545409206301,4.84338452044398,77.8827526504924,30.7645290127592
38,5,35,4,3.16266506048928,0.480227749308056,0.549375453032553,7.35151628075701,32.0520268185303,-21.6581119363971
6,4,31,3,8.11167685967655,0.0012343742095146,0.00656653381884098,4.80111718771299,50.7565143879722,6.39070639271442
72,8,41,3,9.32122446011975,0.192313707957356,0.346306687686592,3.93090154336425,28.0678472832255,8.68824956003064
58,5,29,5,0.975580343989591,0.0739504332887009,0.581206830451265,4.2794765313691,25.6537424644181,-15.7404917531991
35,6,35,4,6.69147187237543,0.144837209722027,0.214565696660429,8.78585065736026,71.8948425557009,20.5159792234126
68,4,31,2,6.13103960250876,0.422275308498597,0.944788557477295,8.33332181686306,55.2647454936651,6.03511704086258
41,5,30,4,4.19718069177594,0.0770768893416971,0.191269364673644,5.27127079612997,44.8364583958148,17.9834515555149
76,4,37,4,1.67487175636425,1.48121144986692,0.998197702690959,5.96738213611302,55.8789661495503,5.91169026405726
42,3,24,4,3.71177347319539,0.150012219906785,0.622746630571783,1.94225768675215,37.5365140943562,28.1233531600541
56,3,24,2,4.20413620736402,0.0294707083289206,0.52717507421039,4.11417940323092,44.4078771054281,20.0619916229974
74,6,34,5,3.69746141727253,0.888420355919391,0.807710405439138,5.25325884033431,33.2085250238972,-4.91478597165641
88,8,37,7,1.23251617285859,1.04518524271654,0.939462353242561,5.81533782585788,27.5078868096326,-8.22873658430902
80,6,26,5,0.959757394973069,0.440437322637737,0.831557902274653,5.15023524489511,42.2238740837242,15.4896146826083
36,4,26,4,4.79927915108922,0.163003465626389,0.771185527555645,5.94882633375611,27.0582656754214,-3.43680703871198
43,4,24,4,4.20388579096732,0.0458792695675832,0.575390840880573,4.50083008592807,40.2683339376251,9.95756151809098
87,9,32,4,7.05474738398791,0.318893232174037,0.541105048265308,4.12852244475762,38.4669353169302,30.6866869922447
88,7,38,2,7.03925310555194,0.558463054211968,0.695950059453025,4.82278336814384,40.0082067256435,24.2421714081503
91,9,29,6,4.18000815954978,0.161918558413163,0.574075604788959,3.38687048020068,14.2302444697791,-0.895143695771134
82,5,29,5,0.615143370008926,0.742039842489076,0.991022734437138,5.72440577460237,28.3630247300874,2.71894634504542
86,6,30,3,5.56702002990797,0.307311865956265,0.761322997277603,2.80784319667623,19.4794609863822,5.43877231237334
9,1,26,0,7.30432310106386,0.00119064508491347,0.129603322595358,3.50535208678796,49.1877070053803,7.23012188287826
58,7,33,6,5.03005620349968,0.862874254542303,0.729962394339964,4.92956576845718,18.63874702331,-12.5205156337845
27,5,32,3,11.6911838406605,0.0864779489347711,0.522822734666988,5.98739165300066,73.7834316014337,2.95635105410498
54,6,27,6,5.28765906990303,0.151620477307164,0.557966903783381,2.3144735015859,30.2520733333403,9.41213113291198
17,4,28,4,6.15188017415503,0.153672504704446,0.312752227997407,4.95305708580759,44.6601208067181,23.2701741825264
6,3,21,2,9.28201048939247,0.0182436406612396,0.236873071175069,6.41812378439794,58.1943332168487,44.4480583932927
89,6,33,3,1.92833918724754,0.7718482490842,0.979077367344871,9.90219943898521,31.189855120671,-14.1988821528926
52,5,30,5,1.64707526962535,0.0490308720071254,0.488237033132464,5.07119613017721,36.3046720533869,9.91268945114234
93,8,38,3,4.47950935836574,0.217114561630005,0.521927610039711,6.70419628110404,33.186320860969,12.3429320871751
98,6,44,5,-3.04305624248335,0.89619015664199,0.925129915587604,4.78141003225816,27.0976771531192,1.49003175526726
62,4,27,1,8.8415432186504,0.382196566534644,0.953638960840181,4.3564239589803,41.4767993838371,8.2079988882746
47,4,33,3,6.88924407578906,0.128241606173106,0.585413343273103,3.39559410964514,63.8183327293359,10.0197088255886
58,6,33,6,0.0305851881550838,0.302150320251215,0.348478298867121,3.30839093459845,16.5076534335029,-7.04275222676661
90,6,33,4,3.86351839321151,0.920386706892044,0.897027803119272,3.8367384629575,40.294517743747,4.50884611122427
0,3,24,3,10.7439808324288,0.0529924790953623,0.32003810396418,6.81363399670953,79.5374271465706,3.91350962902146
64,6,25,3,6.20076687351348,0.0553273849654943,0.628680517664179,6.89863767415549,26.298679584503,10.8086296892801
73,5,25,4,1.82370279900541,0.202225541219789,0.819529053987935,5.87160133163945,39.4861560988062,34.5778363288328
20,4,23,5,8.46506473532429,0.137791246408597,0.331155673135072,3.82610002593425,41.5277386408863,8.23971610204472
76,7,33,6,3.62265362289873,1.12317882937597,0.917042683344334,5.69912347429251,29.1382917427729,-32.4286326830968
47,4,34,2,7.84367672680956,0.321711070592257,0.883491600165144,5.15479823524509,46.2172723799565,-1.4418713885558
74,6,29,5,5.66415885048738,0.283422525961626,0.877473773900419,3.63738450400135,40.653292514455,6.99014240775106
1,0,23,1,7.62199376034697,0.0177477871035508,0.333299936028197,3.11518203491814,59.3851877858614,40.8702351449682
76,5,26,4,2.57920730853742,0.111930103506893,0.635785881429911,1.73397100467044,23.3796399383235,18.6515304346043
97,12,46,4,7.66891923292582,1.24958526249069,0.954151426441967,16.5810279060017,49.9715798245808,2.46427268886346
71,7,27,4,5.29193436198763,0.0310006152139977,0.221792348194867,3.28974262363968,29.9889782567311,30.2938676801673
48,6,32,4,11.2930061241888,0.34372814115018,0.550805528182536,5.91789647332693,43.7311396314862,14.2087643780395
58,6,33,6,0.989811702391973,0.823596205520344,0.842590092681348,5.11640674130274,27.7952136451804,-8.83317952255002
38,5,28,3,8.3476988492838,0.0273444172926247,0.144730246160179,3.06393241818874,40.4960858091001,48.7193689662667
87,7,29,6,1.97359772577085,0.621582989895675,0.96934820828028,10.4414344156216,29.1015295682716,-5.30065851295578
62,6,30,5,4.89008179593657,0.327464808932248,0.541595570044592,2.70154546128692,37.9532974668312,15.7213734073638
25,2,32,4,1.25336087527691,0.0713720475323498,0.195028006797656,1.30656295948112,55.6483332074719,22.5101873118802
16,4,25,5,4.85165606701955,0.0433143060654402,0.0796604696661234,4.36832371109291,23.1317330839263,-6.79751842421182
39,4,30,5,3.26095210524141,0.212117885461751,0.671872493578121,2.81872808461867,54.8668914618825,7.26749075212063
30,6,24,6,6.55190312962864,0.010797103631035,0.104034313699231,3.40876189090061,35.7380420685946,10.4125707735391
21,3,21,4,4.29665351049774,0.00998683051688867,0.102799135958776,2.5465210807894,34.1525074355371,39.3112745409633
16,3,30,5,4.57478926665319,0.21105470204607,0.532901678234339,3.65109405920079,45.3659186083281,-30.8815882466751
26,2,28,3,6.69838774665958,0.141636824817397,0.376560303382576,2.31294327760337,68.035957789541,25.5079731396969
5,3,31,4,6.0790318431632,0.109390170267338,0.180358656682074,5.17062616811572,43.8634625377829,-23.7050352354702
65,6,29,4,4.25259558725369,0.069891595787322,0.495514220790938,3.55885314826639,37.1126922797455,28.0217680895252
64,5,33,1,7.20582937290999,0.268010792760321,0.59520795289427,4.22461863832295,35.7518422864901,9.57732438211256
78,10,39,5,3.31700100865639,0.584769157195622,0.401682499563321,7.23720284460014,34.0238750743271,14.8367209672541
84,10,36,5,5.42319781891489,0.346903863991083,0.712238444015384,9.15617476702483,28.899356789876,-11.2488403343452
55,4,35,3,1.85557889053998,0.113032538443804,0.268416237086058,3.60338273590155,53.5166047644215,25.6742636077757
88,8,33,3,7.62699877773808,0.181425148467579,0.718371734721586,5.27888003422807,47.0822199879438,29.7815354343838
18,2,26,2,7.5641673484981,0.0295194138282241,0.603459534235299,3.43731822983654,50.7289915997191,3.93994330574255
85,10,31,4,6.61179672429955,0.155790980090387,0.410503012128174,7.27629173244558,30.506919777884,19.2173103315633
75,5,30,4,1.01335756216761,0.361225731649852,0.818052255781367,4.95169576090021,28.533229535492,-19.9996015014148
56,6,32,3,9.00965935234728,0.504355276913798,0.763808501651511,6.43986800800499,49.7777856091553,-0.711679982239929
45,6,31,4,5.84098002428087,0.408600334057069,0.640227705938742,7.02798092023811,39.2181105293309,6.19378807864367
87,10,45,7,-2.19524630728593,0.530655830601388,0.752797985915095,9.98719409191595,27.5921904683386,-3.16789769599833
16,2,32,3,3.07161978656462,0.1549033181509,0.436508943093941,4.04704749441431,31.7643247876655,-6.37845954742707
85,10,35,4,3.7131921430327,0.174459768670123,0.676500440109521,15.3641945535428,24.4948962258528,-1.46277252423663
60,8,36,6,7.28851878217847,0.367789158110923,0.348390746163204,3.25498357447529,22.2274681568308,-25.2449258471673
24,5,25,4,9.71259434201087,0.0177300865396574,0.254561756970361,3.44354053717018,30.114155863388,22.5086354419397
71,4,33,3,0.400303484992437,0.198983163096684,0.775694154202938,4.51860621009649,62.3534626598043,26.0389137821811
9,3,31,3,6.98412305052902,0.0329619706837613,0.0160918952897191,2.66984182667495,42.2054831216127,-1.74591898075494
32,5,32,6,0.204824986361675,0.0973061366239563,0.297383447410539,5.88877130121469,33.5660178841865,2.46904760142299
3,2,31,3,3.77520813210276,0.0234840305056423,0.203084173379466,5.42106511098289,58.4438105085582,0.691604782544869
39,4,31,4,4.62353028636804,0.206445931679311,0.721251531504095,4.62732495708287,58.0025971992626,-14.4199593346219
75,5,32,3,4.05956016720065,0.370776165721423,0.617610382847488,4.37174657355671,32.4811814927571,23.7923761096369
31,3,32,3,6.29960647205967,0.215591257660392,0.588909088866785,4.71796151108815,44.709531377448,-12.5745638869772
2,1,22,1,8.81129081011971,0.00492643041070551,0.148206611629575,4.15446049432831,100.021252565117,36.3346507707255
4,2,29,2,10.1655372494258,0.0128319839714095,0.0509610651060939,1.49746084888743,68.3251482862484,12.715079091034
16,3,30,4,6.35747160615161,0.0866822666721418,0.244233778910711,1.84302442215328,50.6875206000888,5.42241702412492
99,7,31,3,8.73137666867899,0.639314705464649,0.979813425103202,7.43603029061128,35.6608150337259,24.028882560568
73,5,34,5,-0.520953967105222,0.333866410179737,0.87050134409219,5.60855644095484,31.6787283915707,-8.59771105348909
95,9,37,5,1.47614334152743,0.449025368709416,0.574712631991133,5.82966217194442,22.5618468846085,22.6014902773403
35,5,33,4,3.25262587016491,0.0517211258411407,0.147928667487577,4.32630533933877,46.3728557440512,30.9487826498212
6,2,17,5,4.76547585470005,0.00897843768630846,0.122744224965572,1.09001720772177,24.5963269210838,8.95772462929
99,7,33,5,1.48735052332458,0.295006264714785,0.730047146091238,4.12557988483482,39.9762336898298,13.51180830558
30,5,30,4,5.86608036018462,0.0565264467149973,0.131332257995382,2.47285770587667,22.2891315677155,-0.186126959563778
63,7,37,5,3.89434904303753,0.364573989413628,0.374144859379157,3.96502404751347,48.2187476579111,6.21528194467118
98,10,31,7,3.69513017271582,0.617731019357377,0.829230667324737,3.65151350304447,23.1192583567773,-13.6042403764783
10,1,25,1,7.07933560647466,0.0572912242827588,0.433360402006656,3.05615978966136,37.9000350326357,14.1300555787387
67,5,28,4,4.35909081991295,0.407949701115466,0.747574085369706,3.18143523713,16.7835753869439,-0.148520984236974
59,7,27,4,6.19674666230124,0.0925718564540148,0.378211801638827,7.93716154880157,46.272570239613,54.8294608893262
52,3,30,2,7.38126249192883,0.150417962344363,0.590880520176142,1.97988168099621,32.3539622840117,0.363123900305854
8,3,32,3,8.25465090812152,0.151345421676524,0.476023632101715,7.64518342302061,55.0734646750851,-18.3700897375502
6,4,22,7,2.16293893249856,0.0132235715864226,0.0115825310349464,3.12870225699084,31.1622911327527,3.19905569235923
81,9,28,4,10.0802663531926,0.299466441840607,0.914823934435844,7.70943181311726,34.0538213474208,5.46054978933435
13,4,29,4,8.2749212751058,0.0296601670561358,0.0980896467808634,2.55623421018281,27.2497353051231,-2.08208345741368
24,5,33,5,4.27109730171356,0.139355677412823,0.0815251660533249,3.76554504364533,27.2785707066941,-9.63465217453445
23,3,24,4,1.99381965751792,0.0396079713273021,0.133848163764924,1.73389700817458,37.7847188809453,42.1741026403102
5,3,32,2,9.90028758302447,0.0123862170148641,0.0311961022671312,3.40820235686165,35.3542334012134,5.99179544094824
76,9,31,6,4.63941708760686,0.200753946545276,0.541025769198313,3.89992037731159,24.5209556382674,-12.84155046742
63,6,37,2,7.28433381076646,0.353946042619809,0.561635120306164,6.38528518253375,42.562287958365,-2.32967170081601
68,6,30,5,2.48547755149516,0.14942225755658,0.560643271077424,5.35683986926133,37.6368459904267,29.3605273932121
75,9,35,7,4.04346141728508,1.21468089187617,0.767817893065512,5.22796516128025,28.4313997599177,-6.7175847009645
0,2,33,3,5.89448519923735,0.0268218921264634,0.139614862622693,4.431099722257,76.2316112114447,3.88887159216139
87,6,34,5,1.81233192712169,0.513433669207102,0.865582904079929,2.13830033905059,17.9412332537502,-7.21551852328846
73,7,37,4,2.01489435281364,0.457585472592568,0.369631411274895,7.77051116816921,26.1030735192108,-3.93646564053261
65,7,37,6,3.63227540582098,0.272642164713445,0.414861315861344,3.19044348270452,29.8421917542914,-2.61647338480392
4,1,26,0,10.7970329218695,0.0261590736918151,0.51953478786163,3.29006194397558,88.9851611065755,25.8283553008605
17,5,32,6,5.51250199237217,0.286901172007176,0.144383839797229,2.0707580365825,21.8406555873012,-0.262985684179979
53,3,30,2,4.49055065445531,0.0631681705126539,0.615127714117989,4.1851116873519,67.5782594993312,28.413252884452
98,7,33,5,0.170235832863486,0.969742556515724,0.882804367691278,5.92365073879187,34.2019499525172,-8.03493544516335
8,1,31,4,0.0486244669435134,0.0651614124171949,0.366020278539509,2.29306157719117,35.2233947114963,6.21002325132492
24,5,27,6,5.77139322186607,0.255149439432401,0.408634452149272,2.15501270538841,21.9134173968989,-16.6988557122021
11,4,31,6,4.53058844001164,0.0665348112815991,0.131812013452873,1.93370601796552,35.4454217210467,5.26344576859525
3,4,23,6,5.28248507363944,0.0524818609130386,0.0732003003358841,3.1298707027651,27.0507958115506,14.7652269682398
32,3,21,5,3.93178819242257,0.0485979642253369,0.705572545761243,2.58374942916721,31.1426651334854,-10.4675332997067
85,5,36,4,1.70256606149412,0.586396007042069,0.957137780962512,5.67940194266718,44.6341290296199,-13.4495872525676
41,4,28,6,2.58694162242851,0.384178502929813,0.751005691476166,3.76276532402728,22.1808356721385,-9.4036424739065
87,8,34,5,4.46067350777269,0.6165775921812,0.841282365843654,4.13938505691944,39.795446611864,0.777509730535204
18,3,31,4,2.20398086378677,0.172184220165946,0.144814564147964,2.68973102183383,27.8599771930116,-4.34924505995278
78,7,27,6,1.21867749507192,0.377044870031482,0.938921057386324,7.93643549059826,29.298508958991,5.25583658774696
11,5,27,7,3.49413591925341,0.181751047127866,0.260122107341886,4.06600078807041,27.9091869370585,-2.59714241479808
26,4,31,4,3.52074639604548,0.187368998293507,0.461824144469574,9.78920085139285,56.0327858705809,-16.2530017386037
34,6,29,7,4.54367500318805,0.392443904166526,0.723906955681741,5.23060109811602,25.4195898543668,-24.7199961033805
57,5,29,5,0.199869878518356,0.329345120106566,0.716446375939995,7.11058386306096,50.1888589536274,14.230991890454
4,4,23,3,9.08695816639425,0.000869863648876658,0.00179652334190905,2.99844042423551,57.3147864670478,65.9598374702275
18,2,21,4,2.2138276264557,0.0946689230622724,0.694605054799467,4.0356665119618,47.3438682222884,4.50263624583051
98,11,30,4,7.20998874168788,0.423129505456841,0.762571286642924,15.6246416026787,27.6630606570982,19.9177670615491
44,3,33,1,4.96301018769798,0.0547521578465614,0.618084302637726,6.16251543825186,62.489568944715,18.8212722428749
43,3,35,4,2.605200187785,0.826705655041051,0.699775767279789,2.66428864420002,39.5620861809891,5.98973851528139
59,5,37,3,5.2997846615341,0.749751707496953,0.936624399386346,8.62371172365233,62.3752310031224,-14.5548729539982
91,9,29,3,6.4219233291965,0.0977762410184368,0.415164253441617,8.05045113645336,22.0419822028572,8.58482269194014
23,5,30,6,2.46070848174893,0.0458366217790172,0.0857502596918494,5.64787502693342,34.726457095195,23.4147467086951
7,1,27,4,4.30853840956081,0.137990765622817,0.697340667713434,2.51243870362678,45.8128559347566,-7.02114344488003
77,5,25,3,4.28120886321499,0.353639936609238,0.927593796513975,7.03164958913185,20.5572638526516,7.69982494323301
83,6,29,3,8.90604103666323,0.485177832634604,0.990274140611291,9.00423955039682,44.1143999870681,-1.36801604571282
46,7,37,4,5.70734768329045,0.0577835362602371,0.284328054869547,8.18244519543731,48.4497911858899,0.29774042962234
99,7,37,4,1.70858341672346,0.711761951017794,0.9342855096329,7.26965001522394,33.7773627959935,-1.50640329394453
95,12,33,6,4.81496732131005,0.363686552250242,0.870317054446787,12.0075899925994,36.0959422274963,2.93289654228422
25,5,32,5,3.68610004833034,0.0501102640992031,0.0601541234645993,2.18037881373809,35.0947676287081,7.8361014716822
65,8,30,4,10.5349393867416,0.417898123131549,0.800390417454764,11.8976936490263,27.5787285702869,-15.2250291928501
27,4,25,5,6.85099885127069,0.0536977689035838,0.549794328864664,5.25285653448135,29.729236791158,-17.342492598938
8,2,26,1,10.0740867653041,0.048767612199299,0.388056495692581,3.03224595320039,61.4396758730128,28.5446596728607
1,3,24,3,9.80153807032796,0.000838555744849145,0.00553290639072657,3.26828765158989,33.9285258426833,3.0596489680601
52,4,32,2,6.25742954594862,0.185565701908174,0.351450835587457,3.93652902777155,45.34956798636,36.3673022011638
1,0,23,3,3.27783144506067,0.130114366766065,0.586777983698994,3.11480133850615,52.204720871651,17.2228692221802
61,6,25,4,2.68661315054737,0.0683293085312471,0.612035862868652,6.17036939520396,22.5649528573196,16.1561475118489
62,7,39,4,7.65262513048354,0.394978501347309,0.561959626618773,6.39738403096854,57.4037210110791,1.18075280048582
80,9,31,6,4.20159612113106,0.739565094890905,0.841225043404847,9.3623106758155,17.5993540521874,-17.5830452583939
92,7,35,3,7.87283562561476,0.60430388289147,0.869963420554996,7.47239215127373,45.1596544057418,-1.16882949004364
48,5,33,3,6.04482192170102,0.510256498099721,0.80185750965029,6.15446832034442,42.4031227050826,9.88091898720279
54,4,28,4,3.82906150778032,0.537473029891187,0.848505516536534,2.30709779685394,25.5206235163052,8.28432200816192
55,5,27,4,3.60638061516991,0.443733089410946,0.694976703729481,2.7769740145593,19.8918946612512,-1.1345891015824
94,9,32,7,-0.247647524445941,0.444478869417167,0.710324269486591,5.2050612577635,18.8557854772454,16.0046675565919
53,5,27,6,0.207182360293853,0.108748620375991,0.365772809134796,3.77486341408334,28.4188799541917,0.984175729627768
99,8,29,6,2.12098714025329,0.984685340378076,0.934996546711773,3.64709532107908,36.5133142662448,14.6846698321687
78,6,42,5,1.60366559461453,0.611588789584273,0.901421295246109,4.61555912816441,41.0063488563897,-11.9044442954472
8,5,27,5,9.70316615645845,0.0400021231528062,0.0919501504395157,3.1954034194119,43.1980925950753,6.82091283599739
5,1,27,3,5.13086394378851,0.0369964424753562,0.281719167716801,1.20427980099503,35.3515833112112,3.6529163587254
77,4,36,2,3.52721721815042,0.559436005043024,0.861483841668814,3.30359081876253,39.7606214769967,22.9638592608602
53,4,24,3,4.87998171769049,0.0231658491636252,0.262251738226041,3.64925358603527,33.3995085896398,10.5587272131084
67,5,34,3,1.24399263970608,0.45596054473654,0.580130180576816,6.12489945586015,56.1311442628698,14.9965465210736
26,4,34,4,3.54783366574623,0.0219883871031925,0.0334841446019709,4.95949246350908,32.5847713038812,-3.58120352993213
28,2,24,4,2.97226168004919,0.0383801487041637,0.292055280180648,1.32549859383503,38.482936219232,12.2411580536274
53,4,36,3,4.00222641922433,0.749124710147167,0.96792258345522,4.98529744264338,50.7022379843809,0.396148118489898
54,6,31,6,0.327382857439094,0.281675870752636,0.457958563929424,4.26289717365037,32.460582458241,3.68149883566743
56,5,36,5,0.756634870486492,0.516694919185197,0.632718855049461,4.30350104247809,26.7560906285743,-7.80641945863388
77,7,32,3,5.02805552952782,0.143670327728614,0.331407804042101,4.53446561444817,41.0647365096456,56.5908831693709
14,2,22,2,4.39762680611317,0.0049330453710094,0.279344792477787,3.34081624484381,36.6977607666992,26.9336613265956
15,4,31,6,1.49391548311658,0.377361061961806,0.221063157776371,3.47639937082448,46.1242794546353,-9.34316005457145
35,3,34,2,7.9521071340546,0.319521618996489,0.659506163327023,3.40500147240739,44.0770384059285,-4.61786523189996
3,2,26,4,1.12116473943452,0.0154491113498807,0.138824715744704,2.39794855885249,43.9422016490329,25.0841202439103
49,5,30,3,4.64510097803174,0.0365608572634631,0.294289644341916,6.6946275764302,55.9181506945331,30.4213254875583
37,4,35,3,4.65969242362733,0.160158139653504,0.503812150796875,3.06716471169289,60.5003435132486,7.56516712149367
72,6,31,4,3.16490464125557,0.283128497180271,0.655305224005133,4.11276482930918,25.1322966422476,7.03790587212478
56,7,27,4,11.8935437508362,0.0784659114286976,0.446208970621228,4.99311886667018,44.0762538241162,36.0413033061316
68,8,39,7,1.09478536030506,1.11838955891536,0.911496963351965,10.5626686447915,23.4012753047279,-40.0117130595439
25,5,31,5,4.4453040031982,0.317270830961618,0.6432818940375,8.58715895457875,35.7426798115961,-14.4790622076414
4,0,16,2,4.55098364676509,0.000918103498406708,0.0306768617592752,2.02723649815759,64.8978615782054,39.1987695042942
33,2,32,2,6.80190586469105,0.195769411734048,0.559881207766011,2.91521980242433,43.4870581633488,-9.42526949875167
82,7,38,4,5.16569220038825,0.418920974226153,0.561802011681721,4.22233167098466,28.3995179997525,-15.7282681518944
53,5,31,3,8.38495923117776,0.0487056906264896,0.15679679135792,3.31028502166411,38.1233576919582,15.0661191529534
69,8,28,5,4.4143442126302,0.0240239648062988,0.440303651150316,9.86144600620323,26.8882341001133,-4.9239711856658
64,6,27,5,4.17481822822308,0.101604865049012,0.54851912194863,3.96490348444538,37.9779940427909,29.0922788620342
66,5,30,4,3.19506135152235,0.318545464415777,0.729348685126752,1.72628880969025,13.317223439369,5.39944616879083
15,2,23,4,4.52867530534082,0.126874595764093,0.517786598065868,1.03250690285475,35.9804820283544,5.03746041489191
40,6,27,4,8.23632050813971,0.0842689063865776,0.436802892480046,5.28618974824223,23.2437766388248,11.3740787669147
24,5,32,4,7.73687984045848,0.242749718705866,0.294004478724673,3.46670690015405,49.6964344574463,24.7343294376524
13,4,35,3,6.52375983230577,0.0778340859105811,0.0340850029606372,8.27215460418871,42.5578124051913,5.85223305772654
11,3,33,2,7.91904956571197,0.0470727146979345,0.275423422222957,5.80500012302688,89.6724130446239,5.66932242063778
78,5,30,2,5.16835614212158,0.500524464973664,0.988992636790499,8.54952024059514,36.58092443104,-5.48368926172898
57,3,31,3,1.09149852210826,0.55442750248557,0.889652816578746,3.97946999743947,41.7475986416186,3.91667887758202
23,5,28,3,9.50895982783299,0.0355320876872331,0.207908528391272,5.86740176775481,46.8631417617824,26.7323966922696
91,6,32,5,1.12836424169667,1.06164294940637,0.904128747293726,5.39043729448602,34.4559561807247,-12.4726903971116
57,7,31,6,3.1325518190241,0.50471079207719,0.674136188579723,8.72672033379313,34.960508312505,-15.6407918730529
3,2,23,2,8.03373291245897,0.00116830080301269,0.0138257080689073,4.25922250726088,73.6797517012552,46.3578557210754
66,8,37,4,7.35275821104106,0.57678152012282,0.70360111980699,7.97404721542796,49.8455758383224,6.82401052082886
20,5,27,6,2.15999125217423,0.0370142826577649,0.0152574735693634,2.84817324835657,31.5556194753044,15.7958200349712
48,5,33,4,6.82389561584714,0.188284600448106,0.388765695272014,2.40621727000505,32.4315746973449,16.8698386266974
77,4,31,2,2.36431035369692,0.298719983071762,0.835536446888,6.75561792711916,35.3923150106392,22.6100421721179
67,8,35,4,5.45577719447846,0.0561081289779395,0.33111622557044,10.9676952545042,40.514498706547,15.339966731342
85,6,30,5,2.2075318760073,0.935754345211774,0.920586100546643,3.61351237430582,34.8330584257368,19.706905813877
89,6,31,4,-0.333402288487022,0.164627821184695,0.613159008556977,2.39707797951309,26.1289701388332,31.6917314559177
8,3,29,4,5.82858125823515,0.0227170760044828,0.0850674249231815,5.42955455470844,49.1642810545301,2.20123169247844
9,3,30,4,8.96703434320845,0.0548829401377589,0.260919663356617,2.66723823195419,55.0250599941663,4.44986315880443
57,6,25,6,7.50898943092312,0.115424720510165,0.799165911739692,5.13173298606972,41.2378876242543,0.552290832525544
18,3,24,4,4.21165484671786,0.146338157355785,0.421970141353086,3.5059280196818,49.1553160010419,28.4049571797312
24,2,27,3,4.13176507130784,0.0484239847928528,0.553508908720687,3.81920350057609,51.126375750244,7.05798609530422
45,5,30,6,0.662222024690909,0.0530311830807477,0.346671427134424,4.92415093476403,31.8606452991985,-4.8381517363912
57,6,28,6,1.96308374455041,0.41834169667404,0.676128477556631,4.20226022655568,50.7097349426763,5.49033530421863
46,4,36,5,0.593692276600092,0.449627952810632,0.83975162380375,3.81337803933787,44.0500973051041,1.27350825642609
19,2,28,1,6.31014040090848,0.0398374834263556,0.148619469255209,2.20772477849758,53.9442310346821,39.2015478276654
3,3,24,3,9.02042735283571,0.0185817300023755,0.0744945576880127,4.3632904795562,54.3004376694653,21.062475836359
34,5,30,5,6.49325443104573,0.229525983323085,0.241151004564017,3.94888933581494,28.5425159063585,-16.3542056072846
76,6,27,6,0.451674626617232,0.270981225640255,0.641883255913854,2.44467666463945,18.4001402552123,22.1679123054082
8,3,27,5,5.45733534480259,0.0233879642607992,0.0553828177507967,1.78242733423145,53.2913386052879,12.7445936726451
51,4,30,3,6.48327685064966,0.400864034714759,0.715918980073184,5.14129215085685,52.9308222960118,9.08375724338187
52,4,28,5,3.12890112725971,0.498017429818815,0.960365047678351,3.67950835549481,35.5370347143407,0.509934734264662
61,6,35,3,6.59397063473124,0.1942266287976,0.438551182858646,6.06241630360875,32.7967909017759,-3.41426241776866
70,5,30,5,1.6013313352369,0.201576866897497,0.721476553240791,2.11725178090189,38.2634644501018,3.66308782561008
89,6,31,3,3.24641881658573,0.112930609844625,0.8740513054654,7.64394267289236,52.6441048494255,23.5051094544779
54,5,30,4,3.14807151498573,0.304080671154636,0.707697693724185,3.75130162209057,34.0917364759702,-12.5157397728029
36,3,28,2,9.50616557728814,0.26402453155443,0.699842882342637,4.18251041295282,40.2535912746689,19.7517887041511
27,3,30,3,7.45509992134554,0.199697060732845,0.346628518775105,1.96226348724284,52.2821909761969,25.1161629993186
0,1,30,2,6.32610923362477,0.0430687053193079,0.257414007093757,2.63653657967153,72.3647311400801,4.4353490370969
51,7,39,5,3.41092848887876,0.449358345230957,0.469752649310976,11.6679608582974,67.3887312503367,1.72684390825778
81,9,30,6,4.79480917573639,0.60442416599595,0.924129648599774,9.72594623220488,18.2025960730329,-14.0974135636366
8,2,31,4,4.9932370179595,0.0729740440146998,0.467427417170256,1.76210002817809,40.5990347938715,-3.52701927321441
2,2,26,3,11.2920551503472,0.0303314030170441,0.114131330978125,1.75763642561963,52.9830618986954,17.5984909190925
75,6,31,4,1.86027326457016,0.297249404919437,0.748662561411038,7.16375808827635,22.9378985970708,6.52036535555942
94,8,32,4,5.44425141837803,0.190458616696972,0.734117656480521,3.90418915429484,29.0525341351212,24.0101198848129
62,4,31,3,0.341833940884798,0.29354034270041,0.584759188583121,4.42151207461217,61.1901967528292,24.5417170756568
33,3,31,3,4.2973029317576,0.331081141241568,0.648385058855638,2.3262819457851,30.4857307309201,-3.35031543711973
11,2,32,1,8.9798794056738,0.0796668719778355,0.412573496345431,5.67475012304439,76.7097137199535,13.8678560758953
82,9,33,7,2.43982613704425,0.759245611116344,0.853219366632402,4.81719140040642,29.2037598858229,-1.68720706655579
87,6,29,3,4.18956424839888,0.464180416872209,0.965949499979615,11.5130570408713,40.3896347026562,20.3465903176821
64,7,35,6,2.76230474746759,1.0273822149668,0.886919307755306,5.01101605891749,38.4569460901227,-10.2723281665937
65,7,37,4,5.7960741157112,0.988965900124569,0.847782066557556,7.15466510317894,33.0009825874196,3.08664731804421
98,6,30,2,3.07187177818977,0.475462824550873,0.836205835686997,7.85503592611996,58.5764060868228,43.7524957979984
49,5,27,5,4.10036856698158,0.116264116679039,0.746595008764416,3.7496671965759,24.9812249296879,5.87850865754856
80,9,34,5,5.18384458686435,0.145133139682002,0.338897453388199,4.62064786619328,27.7121853076684,17.499139734824
68,4,34,1,4.34367167249848,0.255886738410893,0.712172016035765,5.05873034282245,37.8979135469112,8.24637939619622
93,10,29,8,3.1378805524151,0.618229565644795,0.918665766716003,5.93656395068183,25.3081025783989,-4.92069944743074
8,3,23,5,4.51183169795015,0.0662679121596739,0.325169616611674,6.16453685862332,67.9155136634846,16.2761545206119
74,4,32,1,5.69888307050919,0.171009608078748,0.852760261390358,5.99235074558743,58.7161208769599,22.3631544617516
16,2,26,3,6.18116420225392,0.0464240072760731,0.31649132585153,2.35610405897605,45.0764521237756,6.99413500407885
11,3,33,3,7.49919332918367,0.178951099126794,0.568816178943962,4.29139269600564,43.8702023733455,-4.46803823984389
76,8,29,4,8.03286077930563,0.218498191172228,0.482582122320309,4.49175062298918,35.8709075162437,27.4159883087653
29,5,26,6,3.3754197394098,0.0791599880636025,0.164455219637603,2.28799947898435,21.6646232519413,6.09191454389329
3,1,28,4,2.01831944244976,0.0256010970159683,0.0977405714802444,1.45426694249693,24.8269061586598,-2.22903442787763
18,2,31,4,2.35581304712177,0.227568450054619,0.532050715060905,2.12849959476274,47.5494380749639,19.4950586111778
54,5,36,2,3.99537390431498,0.205797228801894,0.613703146576881,9.3320554574932,45.0143394560986,8.681893099093
14,2,25,1,5.39844299599022,0.0154391711850933,0.289152288110927,3.97584057316547,46.0469199092053,26.7201750812891
95,11,33,7,2.08581294443136,0.99945103511551,0.934920219006017,10.2448455820545,39.8187616262991,-12.7999376069674
12,4,22,6,3.7623989335715,0.122455924516544,0.134417933644727,2.57721613696202,32.8446361540041,22.3607998626597
61,8,35,4,8.42101146764991,0.185419174352786,0.332402008585632,5.06906985348343,35.531635346369,18.1847342253404
62,5,37,5,2.60178420735003,0.93964992970565,0.779111177427694,2.64375105221277,26.0893767577017,-14.8441912959961
75,5,35,5,-0.819050968421157,0.760961847485348,0.808993915561587,4.96945747306075,33.6872985939949,4.33273315020551
54,7,32,5,4.0776078679819,0.340753217450085,0.545480504631996,12.5535658335878,38.5702843630326,-21.0016293653669
35,5,30,4,4.02846131635348,0.171502051060088,0.195067606633529,4.47141161885908,32.3476675950053,-1.97158040796549
73,7,29,5,7.10378227088355,0.398825307821339,0.866100640501827,5.0418967278213,25.9740239412224,-12.5940994050633
13,1,20,1,8.19084662729882,0.0258140884106979,0.261467780917883,1.87911314438092,34.4934869302687,18.1806479324976
18,4,22,4,6.48023656867606,0.00546629342716187,0.160407706396654,4.31369951104739,31.3739771004165,-4.01433251052588
78,6,31,3,4.02274345618873,0.146974305427136,0.821377499960363,11.7493562790799,46.0205858287375,7.25234631880604
3,3,27,3,6.67842697086363,0.00391715799923986,0.0196588467806578,2.76867263270374,35.669423093359,23.1772771733988
20,2,25,2,9.78720856716988,0.01843270775126,0.517469963990152,2.18954860699149,37.190840680073,-5.14990628954584
25,3,27,2,5.9690175909016,0.0125340667513677,0.080974122742191,2.76315338290914,57.7890110817433,54.4493191198318
0,2,32,3,4.58019884034205,0.0407633107388392,0.0335275670513511,3.2063578948011,54.4303905921001,11.2272640657211
95,7,29,4,5.86344712729449,0.595636222014362,0.985599376726896,10.0069081136572,32.3995532336311,-15.2008705640847
33,6,24,7,5.89079697488025,0.378715051782733,0.472385929198936,3.34781005903883,38.0835851358128,5.26128757417422
96,11,36,4,7.23899662158396,0.71621607867479,0.825548658613116,7.60340389710919,23.479122850661,-9.35237095021591
8,5,33,5,8.35873127826313,0.339615014138374,0.333411843748763,4.49812402828259,53.5201152729887,2.97986415473923
2,0,31,3,1.01280870999504,0.0304840854369104,0.021021437831223,1.37812629300464,54.8496760243209,29.1470038382251
25,5,25,7,3.80829334403078,0.0335332620581536,0.0511778017971665,2.54475397941886,42.269296148174,23.2774958696079
94,5,32,4,-0.646340463374044,0.290800020553845,0.956301999744028,5.7713243808423,49.59174976282,21.6422832731177
20,3,21,2,8.53348642234899,0.00481162668598706,0.283463074825704,4.12775432321155,43.8286336341751,13.6447810615451
30,3,31,2,4.57903562060689,0.0204031901666895,0.363145834533498,5.21945035290811,43.4531864061282,26.8900096733589
56,3,24,3,4.64379424576715,0.0784089805092663,0.677261274773628,2.48711512097796,56.7816855074573,30.4407368975188
79,9,29,7,3.72036161124222,0.476731013951308,0.848025832790881,8.88634711172811,37.6222127493691,-1.81590185139487
68,9,28,8,0.382703681959415,0.152110115846446,0.429669277975336,5.46891880534576,27.38516765676,20.4593079478373
2,4,34,5,3.86628630888749,0.183748049620732,0.288072656141594,9.1231174367817,38.1698260843755,-25.1357035885745
93,10,29,6,3.97242024180393,0.213515078769734,0.423350861761719,4.30997652990647,10.8756497103461,10.6548271564138
80,8,41,5,4.30610414565494,0.324026747685789,0.710490924306214,4.49250246651087,36.8932974749139,22.3494073099632
30,3,35,4,1.89873578825101,0.150552882696502,0.304274516180158,2.32589219297184,43.3454461436899,1.83000480877546
70,8,27,6,5.10322591083128,0.183601313320257,0.402356806676835,2.98833803179276,15.0908998498116,11.3825208082407
62,7,28,5,5.9625054842432,0.241270058777857,0.816125586628914,7.2060822085962,29.2389613742995,-19.8502363974256
52,6,37,4,4.61069547083878,0.112288748146966,0.238724494120106,3.718748704085,48.2312779020421,28.5644326182009
39,4,35,5,1.06224844583142,0.116314343758859,0.387973093194887,3.19866988515066,39.3489644592368,4.06415966838148
46,6,37,5,3.9786801566162,0.227221275083652,0.618057433515787,5.576704742337,51.7982910410263,7.92598776003709
71,7,34,4,2.74600335779398,0.477647291941053,0.776597403688356,12.6090123790854,44.4610324375213,5.53259650887004
18,5,31,4,5.80046120831902,0.10185150085557,0.191016759956256,7.14787366670605,41.9030780960177,6.10909220552583
95,7,37,3,5.91557672519191,1.09337129903244,0.89952064701356,4.36411826521034,55.3923627997762,16.4689763348791
24,2,32,4,2.54692991398757,0.602052486935789,0.878367063822225,3.83133189175325,49.402866289513,-10.2025187390395
41,4,30,3,4.36585289841344,0.276213326841224,0.441519785905257,3.08361563380267,32.648686442873,24.2572849016121
82,8,30,3,5.91166083905322,0.134244952816516,0.637001123512164,11.2279310306533,39.1462629206008,38.3717360790287
28,2,25,5,1.0035534795451,0.10176664008759,0.455694619566202,1.84254863628789,49.8859370541569,19.9371314440623
26,4,28,5,7.65262063500516,0.35520251279459,0.810635007219389,6.21635120508602,54.1944282146342,2.49490160933976
26,5,25,6,3.83161008132519,0.0547989785602363,0.190351889934391,6.665703874313,48.9574387439301,24.2148660292575
91,9,31,4,9.01611934123423,0.193370505225587,0.829073502449319,5.89386101932947,23.4065131209242,-15.557538888794
31,4,35,2,5.44855305823147,0.212694435239463,0.27433364582248,7.74739759705978,44.9804876368632,10.7196349327584
76,6,26,4,6.11514535695993,0.0626175224315375,0.565051852259785,4.29421820890233,25.1915122025368,6.09377500062408
40,5,35,4,3.25004030102379,0.211953814506323,0.180769735947251,3.94358164650159,55.7985052790707,12.9436459561709
38,6,31,4,7.94798949659879,0.092360013183787,0.308927739970386,8.53251249418066,59.4611520305887,10.9675266323669
83,9,29,8,-0.143113333867181,0.660280063251191,0.720372897107154,7.29655155954301,16.6577857288814,-10.0518947250198
8,2,25,5,3.49925504917042,0.0139482511440292,0.24046522541903,2.7279037315147,56.6296375667233,22.5721512020762
60,6,28,6,0.0165442681473769,0.254104488984424,0.419985679676756,4.42439597164917,28.3252928697492,-4.00667765511623
6,4,29,3,12.7270621663751,0.0606072755763307,0.248020481783897,6.80758110769697,40.2790414853025,-22.7770524263915
62,6,28,3,9.95012159427059,0.275719122950661,0.850451739970595,9.34898483520585,24.3284972133663,2.27993981612255
36,5,35,3,6.51474559068861,0.132552330731414,0.163151535671204,5.03197253889115,28.937828517072,10.7358151399055
48,5,35,3,4.08532663978937,0.165737422009855,0.379214469343424,8.68600381801603,41.2839021108596,1.98377468710613
9,3,30,4,2.55049333472103,0.125687762745656,0.353933986509219,5.1305171843834,78.8792362681079,1.66761334117863
92,10,41,4,5.70773869065101,0.660781864511007,0.780533401528373,10.0268346247212,35.2995457959769,7.48049652345704
51,3,33,4,-1.51286957261724,0.225444369960693,0.534137501846999,2.00229909872216,23.6948704765719,-10.7960449172757
42,5,24,3,13.3703398791867,0.0361113569317206,0.312897618394345,3.19378364163844,36.8942627384934,2.06860020138312
68,7,33,3,5.06439944649416,0.0713515464449301,0.28482352453284,8.99817958587512,29.1775930982523,1.73478165833121
16,3,30,3,8.40647397176655,0.271690807993266,0.403913410846144,3.39259686110617,70.8181822137371,11.1064950167742
17,4,31,6,4.23043767048252,0.333309947735372,0.565057825762779,5.01405933238181,39.7862784041535,-7.45574932894429
11,3,24,4,4.08258011671091,0.0225975781213492,0.0622607313562185,1.9485040487639,42.8207524626697,22.7525761880977
44,6,34,5,7.04696819288426,0.129558912012726,0.179312634048983,3.71309994256467,52.3241067463069,1.30811857004098
42,3,23,2,7.90956250635672,0.109164866269566,0.87684271694161,4.50732061211727,49.0609715516529,19.889400003908
46,4,30,4,6.25783739052686,0.0876502493629232,0.413979225326329,2.1414816280912,30.2318534504963,-13.4468886109527
76,7,33,6,0.258472005595356,0.824290724429202,0.933827918721363,7.20538801901387,18.0282201568088,-8.24164473868702
37,5,28,5,4.8684373970299,0.366848194019353,0.831164261093363,5.52505640859749,35.2130432801521,-14.3538892061451
39,5,31,4,7.51026455826178,0.0738034155219793,0.256439780583605,2.79958479776252,35.2058090241504,6.70089697873449
85,7,36,6,-0.197165834203833,1.36732250118727,0.944478618446738,8.19295979030526,32.4459613522639,-23.6706731373977
62,4,26,3,7.30581439873875,0.232126888110045,0.974863717798144,4.33928554647482,34.6044485063685,-6.01000358796697
83,6,37,1,7.32842530398481,0.254197359540242,0.895871056243777,4.65140303858796,36.5288858738538,13.705706414066
53,7,38,5,6.88467430303671,0.564186807442846,0.383356482954696,4.75007099833441,45.3428581826437,4.34166458545836
30,4,36,5,-0.45895201918497,0.267607406469736,0.270783649059013,5.07792275042952,38.619819505944,-21.6097882306446
19,5,26,4,9.45817423948293,0.0269921995932236,0.0267809275537729,3.9600407503027,42.5453737847458,24.2493903940056
80,5,29,2,8.85313694977301,0.291922542954537,0.911774181528017,3.95328042791112,41.8882662179933,29.7952980836365
12,2,21,3,7.12792360178129,0.047677205008758,0.421582958428189,1.62238922770375,40.4243523085208,32.1135593735574
59,4,29,4,0.925484410346658,0.465811031849539,0.735694409580901,3.94790079027541,54.1991358124414,7.75651547826624
57,5,30,4,2.73717549698315,0.0594623427605256,0.368535078363493,2.85562833740366,24.7198447018255,-1.76623602156851
29,3,31,3,2.62960654875842,0.2944999942451,0.669943265849724,5.81217915784099,28.6268867344731,-2.14314758765546
81,8,31,5,6.03471157861001,0.346463385027576,0.91564248339273,4.83454625518122,29.7672063967203,4.38142710658266
71,6,39,3,1.83453316379326,0.413301865083581,0.779359188862145,10.4157250758859,49.320196758612,22.2592872978526
7,1,29,1,6.75785691669371,0.0278636520659344,0.0439613426569849,3.0256245821718,74.6798137327164,28.3235198292915
24,5,30,4,9.38940774811755,0.0649864015867934,0.0989669903647155,3.00728798626814,52.0039165159335,19.9685631968083
38,5,28,5,4.37797736820347,0.143916554865427,0.353433382930234,3.43949042983674,43.129886652845,18.6524511103183
9,1,23,1,10.9561428574566,0.0291560382139574,0.600051695713773,3.44336259473846,73.5802808675004,18.6085866380388
78,10,36,5,6.95608895119472,0.522723451972666,0.723816277226433,6.7414269479854,33.2667460956752,-4.94585388369377
14,2,31,1,9.26863377208397,0.0391002604737878,0.149407742079347,1.49471525627332,63.1096664430414,17.2598224377852
46,7,35,6,4.99790537668187,0.160696441074833,0.18992598936893,3.51454597758714,28.9059482943777,-17.0248076758462
65,6,28,5,0.308936669740955,0.0892219736963264,0.626576733542606,5.26020038219231,20.9719530017082,14.6716909767047
94,6,29,5,-0.540961118110817,0.726316861766291,0.892154127592221,5.75027092685932,39.4654257766715,23.6803029640933
21,2,29,4,3.69447568145847,0.372155240496218,0.746991171035916,1.95007825299481,45.2385895906026,-1.95334534381756
76,8,32,6,-0.0315572189592093,0.2006876598113,0.484073757426813,6.17936557132654,25.4267265418166,-2.54754276563979
6,2,28,4,3.94473634500384,0.0597653283039108,0.461323784664273,4.22364703936442,43.8741282124454,-0.465289526871439
8,2,19,4,3.90936617491186,0.0706279559325913,0.512504235142842,3.61666400311445,52.7757018101553,10.5335790863912
15,2,22,2,7.00924218158348,0.00923161674290895,0.279624531278387,3.1852803716628,37.3306591020156,3.63727579034334
91,7,40,5,2.25358810174293,0.543238373907441,0.941597358323634,6.27329074094809,36.9534720825016,-17.0220232280074
29,3,24,3,5.13483898393543,0.00549062261507435,0.0758237564004958,2.21456627112446,59.9472224009412,31.3868330510686
97,8,38,5,1.72414356930344,1.19350877118515,0.997915985994041,10.035707599292,51.3373000668722,-32.1266716316748
32,4,26,4,5.43782147463084,0.179310012598264,0.656723698368296,4.27713206952084,55.8000133721766,16.8606365939817
62,5,33,3,2.06089875020072,0.143877345753274,0.821504967985675,5.90874789520972,34.4860691706238,-12.0358055019449
55,5,30,3,7.24388039164389,0.24386516282216,0.578257508808747,5.62703299734191,35.9128125604718,-13.4392047680625
43,3,26,3,6.20381198648634,0.117657856317237,0.719130947021767,3.53940900124569,61.7337616257236,14.2498113982592
22,4,26,5,6.10561658248485,0.250075855663017,0.580463912105188,4.40118836553791,31.6590221961469,-2.20889405747741
19,5,34,5,6.41335815671976,0.556984597381471,0.335331453941762,3.54367909988677,23.9584101533582,-38.7112573220798
48,4,30,3,5.3903626560878,0.0441335847135633,0.269383320817724,4.00861573946162,49.4095557578051,21.097624027551
70,5,25,5,0.192195258389543,0.0926929749548435,0.805992756271735,4.34065947374852,51.9847133630782,23.4490000153077
34,4,31,5,0.982298155981175,0.0862875229213387,0.185808706795797,1.66537482107056,29.1810930836963,9.81110141168473
34,3,22,2,8.90022798370524,0.0262021729722619,0.381692792056128,4.70898389807488,53.4653133152409,18.3158743961909
5,4,22,4,8.98530070746554,0.00489696755539626,0.0193524919450283,3.13349740324225,37.4704318723623,3.3693756343919
31,4,33,3,6.1835766163948,0.0839677781332284,0.495894673047587,2.3127345344155,26.7348263188224,1.91612408642472
49,5,29,3,9.51309759267872,0.322831601825285,0.560279976343736,3.76042086664635,46.1525446822963,6.3964787690619
93,10,29,5,4.74867958261729,0.479700128526843,0.677488582441583,9.75731690134758,22.2170957379807,-0.523311724763408
35,2,34,2,2.06366839528419,0.0912384494562043,0.500385549385101,4.39973109867726,53.5185350110287,24.9164929655193
56,5,33,5,2.93858777753413,0.216352992562689,0.397424555849284,1.61132765490102,15.1042129896462,-4.76494045731002
7,2,16,5,2.4791853849265,0.0491818532813856,0.573257436975837,3.77327834974138,64.4810713285698,10.9504349715813
32,4,27,2,6.98002779740574,0.00648991938214749,0.0610705181024969,3.01080582092953,59.3281500718579,55.3117860965327
20,3,27,3,7.6993538923438,0.0228782078484073,0.187769352924079,2.92906352098889,52.3233414010462,15.2893630510399
46,3,32,4,-2.11929168841696,0.502000711837268,0.90392468450591,6.28033331907095,74.7185852234276,4.68172638140415
70,5,33,3,4.70140632883606,0.341723207606676,0.660182834137231,2.17212915585406,35.9016909408164,27.3227099618225
60,6,30,5,6.28989093716081,0.684068475352758,0.927001460688189,5.66444091796083,57.3829314017323,0.0594702965732496
39,6,31,7,4.73313221958682,0.634530942942644,0.661509675672278,4.01225869413996,18.6312159462768,-21.8009929473997
65,8,27,7,5.33791229158957,0.138008221401833,0.673898492008448,3.8841099164104,16.6452665549468,-6.98558729088488
69,5,33,5,2.49797168906484,0.855539521160436,0.982955547515303,4.40490011179061,20.6412274660394,-27.1800036338231
33,3,30,4,3.73788035831059,0.671244333001012,0.952963975723833,3.98788360410953,45.7250993660421,-4.27846504269394
90,11,34,4,5.16477280081683,0.311527859409082,0.622311968589202,16.5114786039354,30.7327433310791,19.2556385557869
33,4,31,4,5.77649666964582,0.0558584163663909,0.126694152131677,2.10219942636583,21.2886223467287,7.40808406765662
6,3,33,3,8.88660054771358,0.0587346305837855,0.140083470148966,3.53405646239092,38.8260067922451,10.7413570252325
7,4,30,6,6.83159901798436,0.0680516195716336,0.134310647612438,3.2213399162652,43.6704624905272,-2.12103155754334
78,7,37,4,4.49670722397694,0.397759662454432,0.747108773561195,10.7096169627341,32.4894454905894,-14.3394593335758
7,4,25,5,6.02272042688565,0.0199744535192599,0.0699094678275287,4.62746295158465,51.6150575987865,1.72854727224976
41,3,25,3,4.79714812949712,0.357167498187578,0.735256281448528,2.13926692988101,28.6166309035653,11.8519691401742
83,7,35,3,6.68478779234015,0.7785520851192,0.902798724826425,7.29348149387317,38.0645652918842,4.118102291623
18,2,28,2,6.11973282961861,0.0117291588712599,0.291970139136538,5.84452441712044,59.0455196398365,11.1013387394735
72,9,30,4,12.005374707619,0.0748090881163187,0.488315569702536,5.97996369536067,35.1800361075076,21.4107185982978
44,5,28,6,1.11450480332026,0.128922928241082,0.309689560206607,2.68822416290761,19.7105875674063,-12.4807206432103
48,4,34,2,6.14603950795917,0.329385880370367,0.715208811452612,4.89080730713416,36.7431706346816,-7.82044817214335
37,5,28,4,4.06902878294968,0.225677501865405,0.3845930097159,6.028944791204,59.5589098713477,12.6086291686862
13,2,22,1,6.40411162080465,0.00283500231055074,0.112480271141976,2.64344478590592,57.103643304171,38.2261311330793
14,4,29,5,4.6956724430368,0.0162399797421951,0.0214865759480745,4.64958415656557,40.0337852160549,3.85318902978929
56,7,30,5,5.36612997403729,0.0441891291782492,0.0665152862202376,3.84364354755116,31.5544853877939,36.3822432032487
6,3,26,5,1.49336999798584,0.0180362794781104,0.127061084378511,4.00005344537637,62.7634961965619,14.2858395391099
32,2,33,2,2.45939824869109,0.141477761764969,0.646252609556541,6.09106957736098,50.0904282569033,-16.3263340506995
92,8,34,4,3.03876601225501,0.279532199249345,0.82604813342914,9.63064726823291,25.060451375444,-0.315082519744291
10,4,34,3,7.01164597597989,0.0944963373476639,0.293016412528232,7.35711860116165,38.1181548515021,-3.5434292636257
93,8,37,4,6.35154312373715,0.826115123885584,0.975306259701028,8.97395940898769,22.7183620943162,-6.64167088347275
37,3,22,3,8.69645266999514,0.223416198034513,0.938333984697238,4.318863838587,31.3300791796006,-3.16493602260429
92,6,33,4,0.76306957827056,0.516298398354507,0.894346175715327,6.22131077378169,30.8975000394547,-14.9632917177202
41,4,27,4,4.01761991858149,0.138249030903795,0.446079862071201,2.43552680565211,23.5953651876124,23.1567959071658
63,5,31,4,4.35628533930495,0.231559442345727,0.901760997250676,4.53807010004601,50.6528857624577,2.16481346197381
5,2,33,5,4.02733579372773,0.489719342419362,0.345688821282238,2.33182591751913,62.1341899448551,-0.367478237932485
17,4,31,4,7.00183335171571,0.128594562760554,0.155074870679528,4.98315471871726,39.6665649883234,16.6613249633211
86,5,25,5,-0.78877037894453,0.259463211783331,0.847188046434894,3.28230285087811,16.6903785450044,6.31804370169778
10,1,27,2,6.33985433332129,0.0788385421037674,0.45798160484992,2.13010472490897,54.7144107878689,15.5930715342647
1,2,18,4,5.81081761560818,0.0113296825438738,0.161816835636273,3.13200313544985,22.2938538821506,3.86794746982065
47,6,31,4,6.88416070338875,0.108484801254235,0.22089571133256,7.73801916338918,30.1920601370617,7.13731681563092
26,5,26,3,11.8651424844038,0.0478329968173057,0.142871497897431,3.61655706032105,39.111696569053,33.1326191022573
22,4,29,6,1.79344105406702,0.251635902632899,0.623053251998499,6.07545373080747,33.3151299002691,-12.7498970408377
30,3,31,2,6.02318349023294,0.0946251208745997,0.523381951963529,7.86892594584502,60.8304199855807,1.8991343081432
