K:10
N:500
Gap:1.65364379288705
Rho: 
1 0.8 0.45 0.2 -0.3 0.7 0.75 0.5 -0.3 -0.1
0.8 1 0.45 0.5 -0.1 0.55 0.4 0.6 -0.4 -0.2
0.45 0.45 1 0.1 -0.3 0.6 0.3 0.4 0 -0.3
0.2 0.5 0.1 1 -0.5 0.35 0.1 0.1 -0.5 -0.45
-0.3 -0.1 -0.3 -0.5 1 -0.4 -0.3 -0.1 0.2 0.2
0.7 0.55 0.6 0.35 -0.4 1 0.8 0.45 -0.2 -0.45
0.75 0.4 0.3 0.1 -0.3 0.8 1 0.45 -0.1 -0.3
0.5 0.6 0.4 0.1 -0.1 0.45 0.45 1 0.1 -0.2
-0.3 -0.4 0 -0.5 0.2 -0.2 -0.1 0.1 1 0.4
-0.1 -0.2 -0.3 -0.45 0.2 -0.45 -0.3 -0.2 0.4 1
X:
91,10,27,7,5.20125397558137,0.614688534723753,0.962645842460915,6.33953223490402,19.9610608087793,-21.971562839526
93,7,40,4,0.646488657805264,0.909713198843986,0.951167395105585,9.64817596771255,38.2185490908559,15.710147158911
28,3,30,4,4.40424097743967,0.23643198305622,0.334032648010179,2.73800434367758,44.0591008849237,11.577393802985
83,8,30,5,5.4639850449088,0.663460735665792,0.930893558543175,8.4781968795039,42.6567569801429,-3.58948583300423
64,8,30,7,3.01754206481833,0.652159882212216,0.670732790138572,3.79618165355144,15.2567305527898,2.04770981494035
51,6,29,5,3.81561803309716,0.223213051668111,0.24218435655348,4.28030080691124,27.8955248195578,20.9836703882655
73,5,30,4,2.1938518330205,0.37058482642979,0.656383508117869,4.81430315884125,38.8330540476635,9.15410584320712
13,4,23,6,7.27961029044598,0.0716960554709658,0.124066110234708,2.09533894023683,44.9479211518891,4.74256629214753
65,8,26,7,3.30594405016916,0.484323931836939,0.74002056568861,7.59657685000168,13.9172991135881,-14.6044265694638
70,8,28,6,7.99977016917971,0.479677807053036,0.651809772709385,3.7882724559522,14.797622952269,-3.94922322244357
45,5,37,5,3.01465079419554,0.429514721014953,0.797607654472813,5.0507211144418,39.505430534683,-23.9737699811305
71,8,37,7,0.425082283749375,0.355606396819735,0.526608764426783,6.29016026214526,43.4586974687319,3.01382540921331
93,9,35,4,6.16498254103269,0.716531866225754,0.946388754062355,9.45508897610688,35.2481609125723,7.67417628451428
25,4,29,5,5.25099356784973,0.0667557282140478,0.0961478063836694,3.11231713969559,43.437084897401,-3.9037440215882
46,5,31,3,6.85526345515702,0.015115431160666,0.013642605394125,3.31254912395448,48.6599262528753,35.9739261857452
94,5,36,5,-2.04032109904611,1.35390002137648,0.982037530746311,5.71658368815606,59.6725446678289,-3.72653675666812
97,7,35,3,4.64505351799153,0.262784143666479,0.778456903761253,5.32321439534411,55.5314540775775,14.0537529397683
11,1,24,1,9.82660449163575,0.0549421128816903,0.474285071948543,2.79985130141972,69.152267799029,8.43189917449324
47,4,28,3,7.35060989629048,0.322696171923283,0.805014624260366,2.7485395135476,54.8559785332224,17.7406970031107
56,6,29,3,8.87714068652323,0.0927281473996118,0.52108440734446,4.36003390931852,29.7139992785491,11.8406520295834
90,7,37,4,3.52537396928568,0.567476506469176,0.955625200644135,8.53310269726703,33.630936441069,-31.2387594110932
13,5,33,6,2.26034194074879,0.244414661767635,0.112955551361665,3.72707506975376,41.6337706325642,12.9441807612842
98,10,34,5,4.47382049837946,0.269254325458513,0.730461994186044,6.31879501619171,27.521668261668,23.8809558514346
94,6,33,5,2.69494499546663,1.07503682089256,0.999864014098421,4.23951461018371,17.816959517915,-14.8090868594214
8,4,35,4,8.9202858981891,0.0448462517898506,0.0661204527132213,4.44212463094986,60.2365134523454,3.8756988309603
51,5,35,5,2.03403571454945,0.315658107156608,0.606546527706087,5.76029373347015,33.482336473069,-22.8565928316933
39,4,28,2,6.49781195131476,0.0426366307074204,0.177908852929249,2.59294605230188,52.3218030441271,57.0596007080102
90,9,43,3,8.21866994736816,0.367821554453633,0.816141484538093,8.04180019150993,43.4736320253091,16.7750838265282
44,3,26,5,-1.16368812373379,0.0696861228207126,0.547628085827455,2.8379174020295,29.4472871113777,-3.13596661198443
83,6,33,2,8.49110316887924,0.493405000592886,0.859715222148225,4.10873496837812,44.889314576825,33.4163983305292
73,5,31,4,0.707657726479644,0.542682067482753,0.749650950776413,5.20372795861043,30.6097394242783,-5.07771069768945
81,5,32,3,4.92251081259432,0.444459445287889,0.933796968543902,8.8438552713989,45.7467302762748,2.44315041961022
38,5,31,5,3.04703260690767,0.179946042586792,0.410572361201048,7.29242928612653,36.7912575765847,-0.776356918770544
68,8,27,6,4.06188057328841,0.284515894473273,0.455839874222875,3.85673620599501,33.1228861880076,5.33043129557263
0,1,18,3,8.61059053150516,0.0409246600465849,0.176593508804217,1.22973820051074,61.2833566014679,37.9218138087044
83,8,32,3,8.79393456204071,0.545422024527723,0.837139358045533,7.51896446428859,25.6450568710333,7.04722130385067
0,2,20,3,11.9274893642785,0.00393706583417952,0.228227078914642,2.22661710839129,43.8815449172307,25.5232678167489
20,3,34,3,7.51739225893482,0.484258267541832,0.633765875129029,4.77969898204258,80.2466397614313,-9.69763281681565
90,6,37,3,4.90649001541767,0.464992554831762,0.86752344458364,5.86385255010917,41.2062843821534,-0.948177221758145
61,6,32,3,6.63795513337624,0.215489509870386,0.452677961671725,4.44193855279929,41.9865685102191,19.4356566900344
37,5,33,5,5.24427937345578,0.321815517254847,0.517514647217467,4.39469812415411,20.2397557950737,-11.2573861904339
43,6,36,3,6.41768025614708,0.0848427984165028,0.0166810117661953,5.27458482446772,40.192889835784,27.0422640975354
3,1,21,4,2.9158050097455,0.0223624691134319,0.0905212711077183,1.20002946099377,36.2212689808817,37.6414631661789
97,7,29,3,5.53377477634608,0.194320386221069,0.910417289938778,13.8965959838001,61.7910964896519,21.9692495760235
43,5,28,5,3.29091650234726,0.241252217198464,0.66311933612451,4.76654338561214,19.5110594587336,-9.5302227292504
95,6,26,4,1.0804440818424,0.208081289416853,0.846109459642321,4.10514089356748,41.3839389831138,44.1944435420226
88,8,43,5,2.18941435180547,0.511001799234605,0.672582965577021,8.09229620073926,27.0159005470772,-3.73903012184202
63,7,27,4,6.70197767873144,0.21062009577403,0.332732059760019,5.25140752664168,21.99466634873,20.821406625918
97,5,35,1,3.85615658945171,0.284327197725418,0.754238245543092,4.43191453785273,54.1418124009415,62.4777435164137
61,4,25,4,2.6808517714636,0.0996238008374348,0.539205106440932,2.00919619031588,40.1260912151818,22.8292398815455
33,5,26,6,5.05867213857257,0.297236848844889,0.574965490726754,3.73204331810932,38.1849064866685,-10.0389056266048
34,6,23,3,12.7980548450349,0.00258781132288277,0.142927850596607,5.64941014325306,30.9205106620994,5.12157415420381
39,5,35,6,3.24286269657901,0.603938607001835,0.460955495946109,3.30871725110724,22.4234371426144,-25.0142914485178
78,7,31,4,6.75038956447473,0.244915707200346,0.865634625544772,3.85937339774713,44.0201429519029,12.6859481039748
3,2,26,1,8.44181975959819,0.0330462490674108,0.211657227715477,9.09568072105011,118.482503463355,20.5455874924918
74,4,31,2,6.39579617439747,0.229682729989513,0.892552375793457,3.69137630578963,34.3528443175674,8.71028066465995
67,8,27,5,6.36166817415851,0.177709246509451,0.335966517683119,7.03377226338813,18.5131339755181,0.65776701968259
17,3,28,3,6.90794644733786,0.0543035386363044,0.201582632493228,2.56232432959089,56.0923947483848,29.2132187305326
26,2,24,3,2.73272304436251,0.124705846214979,0.275035701924935,3.39302979555693,45.5878398344774,37.5713864744648
51,4,36,3,3.92249056238484,0.132073347573169,0.378025175770745,5.64906255531898,38.9455240773272,13.8123917886241
67,5,24,2,9.56413140467594,0.282794220336018,0.926107364473864,5.768296888643,50.5947274641623,38.030063260469
98,7,34,5,3.2028221942469,0.76517046797545,0.973747835727409,5.97946483495482,20.4377693760165,-14.7587289907344
75,9,32,5,7.03234173976016,0.220964469337914,0.37990736705251,2.91603579219773,37.3350972137402,16.0458483025179
56,5,26,5,6.55740162939516,0.0841294102137908,0.739685517270118,3.64316486267835,21.6742514293906,-6.6805067608016
84,10,35,5,4.47017157033124,0.514881241579956,0.677333181491122,10.5955763224957,42.3117052369307,-3.92318491300012
18,4,34,5,2.48387561739179,0.0937922826269642,0.136599281104282,2.58338476551435,27.1465198586077,-4.16743270508665
27,4,29,3,6.67721886845723,0.0658982350723818,0.205655029509217,2.965083577015,37.9551387213876,9.61337339162026
82,5,25,5,3.7316990754504,0.48141717489571,0.937521578278393,2.33100276696121,35.1212563883797,10.8629082836995
69,4,28,3,6.35784114975599,0.268767981081012,0.882301667006686,3.45032531868554,41.1865438394292,1.82343849656807
24,2,27,4,4.04965902982962,0.0712052350064546,0.424704931676388,3.19875628622588,71.20332405303,16.8050553501729
4,3,32,5,2.20031535127221,0.0808890347834677,0.08790870802477,6.38644259935769,76.0915150800956,0.934603218002512
14,3,30,3,7.05412474515604,0.0426494847051799,0.174429893493652,4.97873873292102,36.3922758276645,3.13224959458818
21,5,28,6,1.58257234978695,0.12001684110146,0.106502123875543,4.51538538065116,23.3410488385936,5.78764462752288
47,5,28,5,5.35753451711627,0.267724547302586,0.511742601869628,3.90366738339682,38.1402864803863,6.90728898757497
19,2,33,3,0.120301903539628,0.185267841200087,0.392700317781419,3.47120883792498,45.4451582648388,1.49073317705757
71,4,25,1,9.70568200734925,0.357735147213048,0.939848620444536,3.14453539058128,30.0930532896022,23.3807561179655
0,1,29,3,6.61691345698147,0.0463832842825184,0.273999942233786,1.92203702180206,48.3737320245713,19.5526643600313
37,4,37,4,5.50347894464417,0.178183219385076,0.448027335107327,3.86895996232361,32.4296742904928,-15.4220670240388
51,7,33,4,7.53801898047831,0.119075730419849,0.165079338476062,4.34196608816367,59.9395659792571,15.6175131306462
0,1,21,3,5.13495183900757,0.0101835823152214,0.264803594676778,3.53179775977367,67.5113506347376,13.6947969978076
58,4,25,2,8.43245472254377,0.0279717407190813,0.367246225709096,2.53254757913088,42.7538065645022,34.5667559093504
15,2,29,3,4.60168110309828,0.144909172784537,0.56884625623934,5.01055195904121,47.5793542128442,-7.63120054752222
35,6,31,4,12.2543116756744,0.0276334796799347,0.0700470919255167,3.5231475377617,39.9674820333976,-0.563350008562773
64,4,30,3,3.88670260855306,0.481533290797329,0.758482729783282,3.08934782150312,39.1616378178942,25.8427207925243
77,8,26,7,4.7757257286266,0.261032609533195,0.864951456431299,4.22156409938521,18.7412947033165,-32.1477019942434
56,5,32,3,7.30073904612364,0.23513449098796,0.566027777735144,4.90252880312607,63.1098933823921,16.0890531255785
23,5,32,3,9.74103793098095,0.0192054636859901,0.0219377444591373,4.04377854309113,33.9828781534023,-10.922606341875
8,2,28,3,5.44814701874388,0.102959516923875,0.237409366294742,2.01816669129219,31.8690787338518,1.19799875524808
8,3,29,5,3.18457106077621,0.0351080760803487,0.0285577869508415,2.00250137583719,43.9797367703357,27.1092209129154
30,4,29,2,8.43043468084018,0.037647296761124,0.0213277558796108,3.59482176526688,75.2562580199794,34.7125868802408
66,4,29,2,6.6732544372599,0.232828323103873,0.840587131213397,3.84650092529791,36.7472809650018,15.3646168458268
0,4,27,6,5.35588090910804,0.0412710474338382,0.0451930686831474,4.23318395800751,43.3269494710827,-10.3127181416612
20,2,21,5,3.48404048728644,0.0773611733920217,0.470342078944668,3.12910387023548,52.5728508199044,8.67235274379162
93,10,41,4,7.76320172283859,0.454461067893958,0.693850868148729,8.84017607729696,56.5116980848568,-1.19866538670418
92,7,28,6,0.250772759590536,0.391047225312746,0.960721805458888,5.83153095567638,33.9334778643759,12.9924330488705
73,6,35,3,6.23948498525406,0.701144007923913,0.715826901374385,4.91951359264944,42.2800303205758,-6.29318727547896
33,2,25,2,4.7692801093802,0.0741509106010199,0.4878380082082,3.65758127242033,60.58092902605,27.0772521904122
51,3,31,4,1.20665539843396,0.566568423496717,0.880245009204373,3.49299546014647,61.3626948722103,15.7870476832612
74,5,30,3,3.60015209703618,0.532221083963448,0.95311199571006,9.87532725322462,53.4681037804902,1.53815699916382
61,6,32,3,5.81779160544679,0.440162162741131,0.661114300834015,5.37618357732933,35.4371741658491,7.67655901622273
62,5,31,3,2.51446310017472,0.0713688635695224,0.312267341883853,3.38865931145021,48.0915365305553,46.4931528623226
21,2,23,4,3.98961527488373,0.0620811179359572,0.245765981497243,2.04562745448878,30.0577211025563,4.55595095205389
21,2,32,4,2.82630955467548,0.168142730370164,0.219243981409818,1.61958173446963,26.9880191129051,5.52636043386769
38,3,28,5,3.38391291023568,0.207543923043388,0.653425198048353,1.55527455746753,36.3476800383088,4.65105145674847
94,6,31,5,-0.417246370360814,0.266638595134693,0.621231532189995,3.31273785213055,37.1670351387348,13.0976610232954
96,6,28,5,-1.8390321599634,0.208838860260996,0.948706022230908,4.73662252247611,26.1323950285233,5.25969822947003
73,6,30,4,4.19365101715202,0.383578529560423,0.686779397772625,5.04064939069517,45.9162689741595,0.508139742002238
73,6,34,5,2.04659311960631,0.456256595419204,0.885319510707632,8.5845174773452,63.8410627423737,11.0410272682374
53,3,28,3,2.57720122827039,0.0957033420775148,0.827363931573927,3.44576085372248,47.5757336711584,13.7486772016557
0,1,33,4,0.52313362662707,0.059773723827675,0.023055283119902,1.60691080055633,46.2128618406761,5.22072327507788
60,4,34,2,3.3773980630038,0.419072229394174,0.699833226855844,3.57985389464508,35.0992763210761,14.0808868312952
83,8,33,4,6.4898453226305,0.41487813645736,0.800223363330588,8.30600922414999,34.9821878453044,-2.97584877180957
75,4,28,1,4.24357714740711,0.0926910342326733,0.846411394421011,7.7742031991449,39.8568837199547,16.3780719879645
45,3,24,4,2.20230649232868,0.0579356409143656,0.220626208698377,2.78350377484181,40.8302948474989,18.6199582212911
53,6,33,6,1.10631285012297,0.314968994153302,0.770308241713792,7.31564278339622,34.5556771470839,-4.52182658940411
53,6,35,4,5.01269193440748,0.148088207817636,0.245787384686992,4.21318782810341,23.8444848431097,4.05596877442957
0,3,30,4,8.11089399090046,0.040037108994315,0.19698411389254,2.42111292408477,35.6223493094138,-0.221918772256297
35,3,30,3,4.82793214591757,0.0898219235241413,0.307272244477645,1.63670143278232,66.0354664308049,14.5263916197072
61,5,25,5,1.17857041505572,0.0577720200445389,0.653823343338445,5.12408139145437,29.1908503936131,2.88505609110263
82,7,27,3,10.1457704180238,0.07729252288118,0.503263484686613,3.06618943595105,38.1751751799347,23.3901290895535
35,5,22,4,9.91976745924153,0.0224853242980316,0.418740693479776,3.05794313039164,47.2845829135162,28.4539062768672
41,5,31,4,5.26693000760284,0.194411049353632,0.203768972074613,3.19212886677469,34.5661985025452,-4.43032050498226
57,4,33,2,5.08977227059124,0.0955252120038494,0.313981386832893,3.29402265829846,33.6611400377131,14.464599039585
58,5,31,3,4.35313479104675,0.453952723627395,0.809085700893775,6.69679507677385,62.1173670347174,27.9583050184821
71,5,36,4,4.89927384298734,0.730794176417303,0.848657661350444,3.73365398582164,30.4247356873426,-11.9865238300931
39,4,22,2,12.8509100583871,0.170221041189507,0.786849441472441,5.21326616881889,67.3988463734136,4.20275057295462
91,9,30,6,1.62726286396131,0.432226297424591,0.679664429510012,8.66891940353663,21.630452364629,4.66062526550986
96,8,32,5,4.63597028932493,0.707419663913445,0.886987581616268,6.63119681456474,24.210949977312,-11.3334771287337
23,4,23,2,11.0233905044909,0.059291173964661,0.510323467897251,6.26186752148943,35.9367581736323,20.1036028519255
72,7,26,4,8.15979564939147,0.183921544336456,0.523842453258112,2.36045336871946,40.4129181533987,22.1483468405143
90,8,27,6,2.91896369267897,0.264904630176311,0.928317871177569,4.04428012958379,29.9386844696393,7.30990238494386
60,5,30,3,9.85078613892032,0.166316306218505,0.472324463538826,2.41553763050607,34.8890481359561,6.42790974743903
63,8,30,4,9.21921538277244,0.159791156416759,0.236593118403107,4.38439246244373,39.9110899096626,23.457225026814
93,6,32,2,3.49876991323289,0.607400728323254,0.951359306229278,9.946620413093,36.5367166531196,17.4595533293604
85,8,30,4,9.13619798746489,0.432666597401208,0.923505720682442,7.41444480590122,40.1831688887548,22.3584896754589
57,7,26,6,0.483471276549841,0.252851847903588,0.70052001834847,8.941622467329,39.6032405457255,12.6304300127989
82,7,36,6,0.349132003243342,0.466570123348223,0.890007753390819,5.67783137996312,46.0666999651045,-9.3067423941749
11,2,33,5,-0.552634662290428,0.0520760115547731,0.119846458779648,2.95992031073739,37.6319916547433,-5.0885116275221
76,6,36,2,5.73633765120263,0.297133391945365,0.436061908490956,6.1283489348299,60.6295721686415,43.2088474121329
62,7,25,7,-0.0822102958284452,0.243806775183159,0.592121254885569,5.76056226446306,20.5417423982581,0.187392087083373
14,1,32,1,6.59801545979783,0.171377165592276,0.416442962829024,2.83902537346337,62.4749671829083,-6.18599380087095
8,4,31,4,7.23662111908435,0.0130725915018198,0.0163055113516748,5.25103004118523,68.3156690744246,7.50225377547095
46,7,29,6,5.30133613212791,0.37715785296396,0.658255327492952,7.51518297830186,28.3654469687432,-22.408294626968
77,6,36,3,6.78110339898767,0.6517283511033,0.912959975888953,4.92808552694939,30.0732922469283,-4.54628221327379
73,4,29,5,1.29029126138593,1.06090183270382,0.967817126307636,2.79207124451713,18.9742503128228,-12.3201726634353
81,7,35,6,-1.83243630137514,0.318070191181007,0.704000455094501,7.00277046909872,25.9289352647931,-9.65001234365329
17,2,18,2,10.4803917722498,0.00282140006100143,0.216917964396998,1.46429692325908,38.0441274635359,25.4180994152554
94,10,29,6,5.97090309780354,0.397001677859586,0.908242701552808,3.96043040183457,11.83779144253,-3.76049206591762
29,6,26,5,4.37687739290016,0.0296173262528354,0.177106466609985,8.00031060131869,38.7692533320426,22.6286931499175
14,4,31,6,4.82201970146714,0.129486903198995,0.0670647372025996,1.76352149742048,24.2014195815785,-12.8584526003783
71,8,30,7,1.46189412675937,0.27615759683654,0.302741052117199,4.11486440740786,23.4069267391481,10.1770362243321
32,4,26,5,1.6508041241709,0.175558857376429,0.337127171922475,3.49692443469596,36.7979309093495,-0.6029347797566
77,6,30,3,7.48090830261019,0.351581012809134,0.86834999686107,4.30522552452862,53.7833563553671,4.34176400209737
39,6,36,3,8.51200451082914,0.0872953263797328,0.115590674104169,4.68202766782439,52.1853740592334,9.29447315749283
67,5,32,5,0.70128276454977,0.591883945809557,0.943676076363772,4.81741293909502,50.4996321396609,7.95621060058813
77,8,29,4,6.93757664855885,0.195582912293005,0.689741745358333,9.89150301289303,42.0330842654821,32.7394928150623
18,5,36,4,5.05570182193392,0.077987689175643,0.00918837613426149,4.38348212625498,32.0930587581503,16.7703742293975
2,3,28,3,10.9405806441086,0.0457638732800013,0.235839103348553,8.14579986866614,57.8487441790899,2.15076370883291
13,5,21,6,5.75552342080098,0.0163338259279107,0.0636619625147432,3.65868382873321,24.9585746249467,-13.794744999344
68,5,37,5,-2.12931892535159,0.36014429759985,0.74136979226023,5.88839579187468,37.5059980894329,-9.96932094569671
93,6,36,4,-0.698786855126308,0.288710074488747,0.866977894445881,5.49829728399008,38.9219537490594,15.4713119612254
55,5,27,3,9.38242462191139,0.0765637012664229,0.727533191209659,5.25758735319414,59.2676023642142,15.3777522214253
60,7,27,6,4.05107497185501,0.15705377375707,0.367603262653574,2.79549026067669,31.6158701226723,26.0806857476388
19,4,28,4,5.61803372819441,0.0252801136812195,0.0134376871865243,3.34507140235464,34.5146844672687,23.7987722313118
53,6,24,6,1.8741625453333,0.0390916575136475,0.369548669783399,4.5307411376498,33.1022694296699,18.4083220429117
17,3,24,2,6.68096073804602,0.00102644052822143,0.0971642194781452,4.76838699769181,60.2326029709028,41.3699471632599
45,3,33,2,4.38644080321132,0.303432100724802,0.533178958809003,3.34596276948531,40.6179694551918,23.9124042280768
31,4,34,4,4.83779351419686,0.254064028373662,0.430847284151241,5.10079716755729,29.930551095682,-2.16684079523469
11,4,26,6,7.18127217216316,0.159939174889587,0.261740053771064,3.22694501749792,29.9359634202536,-22.1172581248691
18,2,23,3,5.82860172989034,0.0658449766970722,0.643512215930969,2.12388824842134,51.5701003638799,8.65068687953351
72,7,36,6,2.46492957161846,0.406303139398724,0.492087047547102,2.30829365623402,19.5537652924774,4.12298898297183
41,4,31,2,9.84435925815764,0.0578269589459524,0.353224348742515,4.10024248208184,53.0956588728335,16.8548597311214
41,4,35,1,5.15015912219826,0.025732459500432,0.187062884680927,5.2578185809047,82.1563660018147,29.1050782946179
48,6,33,6,1.96804762844615,0.086949227610603,0.150341251632199,3.79641117459393,47.6630708040704,4.93200119186734
42,5,29,5,4.19499730834027,0.0680024267639965,0.47490504803136,7.24045519050682,56.4112287802029,6.49451273260499
13,3,29,5,3.12844951103157,0.143864515470341,0.483014535391703,3.80770087225013,35.4826849032705,-37.6334020650883
82,10,34,7,0.955402886518116,0.428146610015488,0.45744369411841,5.38394740587529,15.0987107391832,6.26074639722796
59,5,33,4,4.49496757886001,0.537017713748741,0.860419461969286,6.06484457727766,31.1748483485655,-10.0441899209033
79,6,36,2,4.20441600229901,0.346350840515199,0.611996388761327,7.57887192862315,57.6091178492221,29.9741666388341
76,5,25,3,3.32606396560789,0.147625366225839,0.613316891016439,3.61916469675733,26.1328031295773,5.68386792858158
91,7,29,3,6.24602304664925,0.374991862082338,0.787691409699619,6.25487702009172,29.6461930339754,0.217858234716116
86,7,29,4,6.59150439931719,0.21982294483685,0.830219665542245,3.45135076552169,21.0002742281663,15.0641573761273
31,3,30,3,6.28849820872271,0.214777797217223,0.477985099889338,3.32397080245653,71.4152140530732,1.40614502272612
25,3,27,2,8.89577403434053,0.0399356149323319,0.356833833735436,4.92371432933775,37.9850529863877,21.0451446491267
74,5,26,3,2.15099092293958,0.163247956312262,0.838124830741435,6.90559398962684,30.4317317597261,22.9578726913485
74,5,32,4,3.70265509742422,0.921352782699853,0.99574853037484,6.056555012932,44.9691287877149,0.0264857333255835
91,8,28,6,2.78651286921444,0.572059913972551,0.904310615733266,6.21717093728468,30.8935251374679,-14.3294729061018
79,7,31,5,1.49484225799325,0.354246234280802,0.82752632861957,3.83884614134912,27.6589906659437,0.0809626882782988
13,4,29,4,6.41899087673833,0.00456967826984917,0.0620767537038773,5.30181764471942,41.5580232514207,26.8579159542015
28,4,32,2,8.32398526342546,0.0494099551578984,0.0768932127393782,5.29509042577858,37.6791093571878,15.893260479868
19,4,27,4,5.5470707697364,0.0534864233298757,0.0707973320968449,3.95976772920339,58.6023951049786,11.0739173970162
78,5,37,1,5.42882504930525,0.153761147288606,0.731492707505822,5.89763300751342,62.4801049642371,52.8001086705631
12,1,24,2,4.89974204302886,0.0129677893128246,0.0500771459192038,2.24665369107015,49.248223670129,47.6046174297731
12,3,28,4,6.80975229038113,0.320933860716152,0.64066422614269,3.31811236725355,25.8835705719201,-18.4518435628141
7,4,33,4,8.1487779985789,0.288028764295134,0.47647207393311,6.39662307299288,44.6105620634991,-4.16591169270408
5,4,21,6,7.26760041676913,0.00894414237700403,0.0251009329222143,1.90367538939246,36.9449333725092,24.2113996743101
53,7,35,5,3.18610522005526,0.156216144678183,0.285409552045166,9.35142997632111,56.6263995765434,10.7634775947839
11,4,30,5,2.65031897920171,0.114897285109694,0.275334154022858,5.40258149396282,55.2323267197447,-6.19717585844066
74,6,25,5,5.06970924988213,0.372757003546646,0.92542614438571,4.95569766354626,35.0197304586773,-3.27911403798511
73,5,32,3,5.93100601318275,0.308611803910437,0.927976962877437,3.62799239898954,36.6493127231182,13.7267093848405
88,5,34,1,3.65771222059481,0.181539643374539,0.665049234172329,5.90221152441381,54.9852616873329,23.9055273522979
51,5,27,4,7.84981531586191,0.114041961845942,0.419606378301978,2.46117168556922,36.0539108516244,12.6784297786717
85,6,28,2,10.2784231325105,0.137336478219368,0.675888040103018,2.90502837728023,34.3676880972776,19.9696303834198
44,6,29,3,7.38458067750284,0.145994589664042,0.12183020170778,6.53096704742258,40.4737032999317,6.92522826396588
15,1,17,3,3.73051702079964,0.00377332658622418,0.168265332933515,2.30139473426856,48.6529550470097,35.3311268048827
44,6,25,6,3.95115736583518,0.0832163505453929,0.423632622230798,3.32597859839556,13.8768679736987,0.457402372414037
96,10,35,4,5.99414370612861,0.670517071584398,0.695077557815239,8.13624706012753,31.5729418478758,20.2519421522089
48,5,28,3,7.96589903236243,0.135820815223269,0.640805086120963,3.89603173193223,33.5300641024368,4.43161720273714
25,2,22,4,4.47938445614627,0.133127056527883,0.450539814075455,1.5395710166707,33.257631139384,-12.4172341565702
25,5,34,4,5.62168287911154,0.164131248253398,0.34398827678524,9.28208743902978,39.2827427666196,-21.3176548530225
54,7,36,6,1.39204418782538,0.607042267421419,0.336101626046002,5.17956281258496,19.5481015548849,-19.4989821452351
64,7,25,6,3.54524576863495,0.19860257160731,0.577122671529651,5.38165989225527,40.4898698729578,23.6637794400225
33,2,32,3,4.96867362902791,0.114436675900276,0.511490748263896,1.93763003949202,39.9853090451152,-3.79433708857113
6,1,25,4,1.07280010194056,0.0527907782234251,0.449332292657346,3.86368659410476,38.6846100881791,-17.5611419411751
45,7,29,6,2.541971516559,0.278813392844725,0.519674357259646,8.18538025167648,35.8901227532152,21.0716031481884
83,7,28,6,-1.43094678944626,0.623676249558626,0.958248288370669,9.86334087000778,25.5723724572441,-17.2649558269556
57,7,27,4,8.04424281649691,0.310341574939641,0.486176984850317,4.35491799139351,38.3343345663338,26.6346556232153
35,5,33,3,7.67346039409018,0.116247822064906,0.109842682024464,5.26856856649197,34.0376916302716,3.80571110249263
54,7,28,4,9.72484788175347,0.258071032459716,0.696565292077139,9.29469902964764,35.1404863841937,-11.8401249442135
89,10,35,6,4.54826589629213,0.731073891636252,0.954591974616051,8.17557954716338,33.5638348077728,6.00690522660501
48,7,30,7,0.513601930120736,0.401093538058627,0.468792879488319,6.18037917550215,31.1205854891841,10.8843759240162
17,3,29,3,8.79207640672427,0.0631185553502291,0.431390300393105,3.02868006089818,76.9185172350715,11.9352879384293
54,4,35,4,-1.6330653088233,0.410480353960252,0.862685369793326,7.84936121430152,57.2563942472897,-5.55702343119946
96,9,32,5,3.16916535734981,0.371690493056035,0.626901394221932,4.93325064170465,33.3958710494804,33.1796706788937
31,3,26,2,5.7289206077027,0.0417302066593041,0.228470430709422,4.0219049841154,67.4153891145378,46.1853303937685
82,6,38,3,4.48012957583183,0.72567099514873,0.974235605215654,11.9179376074772,81.0088769330995,19.100374902857
30,2,24,2,5.45678755105601,0.0292310771319416,0.239052964840084,4.36289591250389,63.9007875365054,42.9488719188961
18,5,30,6,4.20079575037944,0.0691600380427505,0.0408379202708602,2.14066277184133,32.1951712118697,-6.81350694597476
4,3,29,5,1.29080327453681,0.0207329293480143,0.0479618394747376,3.38419536309247,49.5280197432512,6.7997239724325
24,2,22,2,5.24599265479167,0.0641902398783714,0.240738925058395,4.59795929502722,54.3467488983148,20.9561495216617
35,2,27,2,4.33302650662114,0.0513354206376789,0.277374002384022,2.82997413004804,48.9291719546331,18.9610219372408
15,3,34,1,9.23003191032975,0.0799354598810214,0.134429644793272,3.55851402021856,81.8553102380232,30.3659526317389
30,2,23,4,0.742088717618898,0.0254254370229319,0.286546990275383,2.53938815924145,46.9892282514678,42.3722920558177
1,0,32,3,4.30801973747239,0.182507425768974,0.26002187631093,1.54420549143913,37.3232932039983,5.0998846828379
99,10,45,6,0.917108264821095,1.37483873630042,0.98237212584354,14.7996765829539,49.8039663914404,-19.4130180359392
80,8,28,4,7.28559008502815,0.0447398712858558,0.292410971596837,6.31734859233036,39.1859457494053,29.932826314792
8,2,32,0,7.76922867913019,0.124381468631327,0.516847193008289,6.68654401405248,77.7015256559135,22.5591334743222
86,6,28,5,2.41188384758709,0.218369514438066,0.922551230061799,3.98296563046852,47.9737119026952,21.9105541901108
55,4,36,3,0.91953418020881,0.432691794059358,0.642013380303979,7.35432386292429,42.814944443741,10.3342519758083
42,2,25,4,0.727606287857053,0.158592914752289,0.450502394000068,2.12359398610738,32.5870369375359,28.2419141204918
6,4,27,5,8.63281754159516,0.035607112847069,0.0199293359182775,1.68405146373741,28.4168590850602,-13.9850966062039
56,6,27,5,8.46706038163388,0.123324873973615,0.296700034523383,2.65020823505334,27.9808974642747,-3.61689535994138
7,2,27,4,3.95094048359704,0.0585616094973922,0.34100499888882,4.78215757973727,48.1828690720797,-4.3328396312193
21,2,32,1,5.96887962268845,0.0414496617158875,0.504558296408504,3.69436027478527,68.6645759893509,12.9851672880561
54,3,26,3,6.37896675967142,0.0962495795683935,0.88484097761102,3.3908699933307,63.9456365283928,16.3083760223655
48,3,26,2,8.11366116604378,0.168330989545211,0.768409961368889,5.09862664621105,56.2699297274115,14.7422416137192
15,3,20,5,4.46859619941683,0.102594753727317,0.403033817186952,2.91992230597709,27.00283858765,3.58447968181426
14,4,23,6,3.78805446629325,0.0283605031430076,0.133047709241509,3.15384987548161,39.1369074735297,20.3012789887975
49,4,27,3,6.02753609285045,0.0985044481838353,0.580297401174903,2.56735948776997,52.5801502927511,32.6233562764967
94,8,30,5,5.61219462132676,0.28795249153741,0.665484522236511,2.51876716254821,22.675480117037,19.5747776000911
33,5,25,6,0.967815115362537,0.0590983846632568,0.379232316976413,5.24542056145496,47.0520223402429,18.9808210700247
18,4,30,4,5.85514909500311,0.124625023920089,0.103339227382094,2.51291980613132,25.7508229419486,-3.25546910688397
26,4,30,4,5.293326597169,0.159846121096052,0.540406442247331,3.77126425638128,43.9595848113321,11.6520097139186
53,5,28,5,5.30085513413502,0.362235263969103,0.919970531016588,4.56001744923253,46.3330492988559,-6.90173288495743
2,2,32,3,7.25336246239547,0.0701977822463959,0.104523313231766,1.61590142332688,36.7236084191196,-10.6211843211776
79,4,33,4,1.41041735963331,0.91570326729936,0.977200985187665,3.25226537940893,48.8615967829748,14.5546517692757
11,4,26,5,6.67553522414879,0.127039737184532,0.149636822985485,5.09916547064565,49.9986552575694,20.6136234533996
53,6,33,4,4.55166793035666,0.085556712442986,0.274972375482321,3.22457408810867,33.2310940057949,14.0613086732295
57,5,28,2,10.7012995955855,0.31862856283665,0.719115186017007,3.82192111266738,32.3149334893654,2.28490845924602
61,4,36,2,4.89029250951274,0.22843972708911,0.530267536872998,3.93557366766915,50.1545360230456,7.11511642125416
71,8,26,5,9.99088336306333,0.143982242327183,0.338975043734536,3.38648079920937,16.7442778380376,-0.239088952973267
12,2,27,3,4.45024884500357,0.147887992789038,0.484671756159514,2.94343900012556,56.8904883892768,12.3236835266299
31,4,23,5,1.11151295469997,0.00926139438174214,0.234275971772149,3.62905408962764,35.2069226190499,21.6733506564
94,10,36,6,3.2943756724722,1.11479321581529,0.976273269858211,20.310182869551,27.3170230781354,-21.7186866936895
50,3,23,2,8.49813392704661,0.0358128984225914,0.412610517349094,2.43600327208777,68.6003321853629,34.7089783563
13,5,30,6,5.36965741493317,0.189267446575942,0.166690756799653,4.1210786009132,27.1888873842592,-17.9468248667369
86,7,37,3,4.81009553092918,0.624953920862677,0.869457402965054,15.9360706543511,71.8725866319989,11.9266010430304
20,3,30,4,4.26970062980282,0.224361582415852,0.301739388378337,3.50877374466895,38.6485886662302,-14.7197188662158
92,7,40,4,2.83896583249616,0.399956713800983,0.874892769847065,5.88963781276052,37.7930157017881,-18.0455717995937
88,6,29,4,4.07160552061016,0.307426786971021,0.830735506257042,1.91122467433166,23.0407133535578,3.55239523365668
13,4,28,5,4.08903792874809,0.083521204080308,0.108990251785144,7.58848329322121,54.8094838947011,11.1633366629531
78,6,40,3,5.47882631641142,0.447718783345384,0.916895251953974,3.91757756007634,39.3730304445773,12.9127001024472
45,7,30,7,-0.0692595766083617,0.168046910664998,0.243722091661766,5.8905959903144,22.8829256055356,-8.75127973120777
13,2,24,4,4.93261444084769,0.184045370890501,0.381516097811982,1.55571337649934,41.220999922035,23.8788319496611
88,6,37,1,6.86611620403297,0.559968697148969,0.97980107483454,9.23216877986332,70.2238872707292,21.5946438842463
33,4,35,3,6.46650200790097,0.352234851375903,0.46632541064173,4.74083559316321,42.1949164134278,-1.81159094307315
31,3,22,2,10.0322662531065,0.0451982803208467,0.525245514698327,3.465877979896,76.6546543940186,20.4501781891252
40,5,26,5,4.89551833424326,0.183418360295448,0.337547664297745,5.9439904101768,42.50266134427,6.10653986928862
47,6,33,5,3.89079447805652,0.293964175354685,0.557898426661268,10.7415613392513,29.2012785863701,2.30932700869594
36,3,28,3,3.89821097211394,0.166663750773296,0.277812756830826,3.65000509216753,41.5320839985326,8.91686090442812
46,4,25,5,4.25166679133928,0.134388265199959,0.739923971937969,4.60547156354315,36.9450726864074,-10.8713231919643
4,1,30,3,2.28385929851387,0.163041426683776,0.563957490026951,5.1217121990696,43.6205002736985,11.0129031184017
18,4,26,4,9.09108965145976,0.142093865084462,0.1542002200149,3.98253639083827,54.4952043229503,22.7046084280964
98,6,34,4,-0.277499519315986,1.13379094463991,0.999076392501593,8.53504825344043,31.8722232801417,1.1478620699355
32,3,26,3,6.32982734203953,0.0513645535102114,0.169711452443153,2.04648960880889,28.9227374543444,1.99154164734638
17,2,18,5,1.57515683676559,0.135852293111384,0.392954169772565,2.09078718284658,27.9499158643558,-15.0509966972722
48,6,28,6,2.18201502191536,0.272042710280589,0.532839943422005,8.42183497199415,27.4923456331841,5.41064753552523
1,0,26,4,-0.512843735705848,0.0290688682403265,0.0362905822694302,1.33632303734603,31.0357488902109,11.3485597808395
33,5,34,5,2.41400005465324,0.129940349026583,0.374319792725146,6.66198739449275,36.1303737261146,-1.1794878367672
2,2,20,2,13.6201143175857,0.0210471217287704,0.19075459940359,2.97421516766019,45.3669058229416,24.4668859947602
86,6,27,3,2.41558611484259,0.16539865010418,0.610840507317334,3.66992694484004,18.7021464259917,19.355342708153
73,7,31,6,1.77395078992711,0.290320293134152,0.627014613710344,2.38338956157309,28.3941496995014,3.11124280937695
31,3,25,3,3.37341424140551,0.192056099640879,0.510291717480868,4.85040746834636,53.0223704786528,12.1590607822473
38,3,35,1,7.80083189440855,0.336273649464104,0.634932037442923,6.29757897516705,50.3501396772296,14.7930295531351
33,2,32,0,5.09961670670211,0.0219642971754949,0.133015555562451,2.78570961583631,33.5790012311288,25.1474441746598
8,2,29,5,0.794376521288074,0.0597922953311354,0.214489032747224,4.91655300753463,58.9479269571625,3.37372054608261
75,6,34,3,5.26297190492379,0.218150681365856,0.654048347612843,6.90065094103342,48.4764604646607,-1.87584688846038
60,5,38,5,1.33809779052497,0.27657913885814,0.614218999166042,4.66722867004979,31.0325285990456,-13.9674291356745
14,2,27,2,6.81911709085951,0.193552278603844,0.785727649694309,5.34979799017607,93.5056934925608,14.1493082852723
3,2,33,4,3.51448021639866,0.0957979543600231,0.0968100000172853,3.24522512448631,44.414048049226,13.708820896112
48,7,30,4,11.4385929359713,0.105195232084952,0.41444192500785,6.40422462698166,47.4927761013394,12.7825933832179
44,7,30,6,2.01301234280012,0.0458787635434419,0.15402697538957,6.20129147675996,40.3841209065828,20.9372282746323
6,4,20,5,11.1625530263211,0.00136024062521756,0.0104658994823694,1.75330464488979,40.3919754521978,21.9229513770357
32,3,29,4,2.89164295956056,0.336188202247697,0.708669065730646,5.57029107710393,52.4876359164013,13.1972294112223
87,5,27,3,5.76782596935292,0.280187057320702,0.934938699472696,3.29009635650892,29.1141026727999,4.31523030915334
93,8,36,3,4.04961824707338,0.323627400434318,0.853558455128223,13.5725483889248,50.9254927566297,31.6257400758235
39,4,28,4,4.52202453816628,0.285204527190629,0.853579170769081,5.69755152418893,36.230291917615,-16.7185454577697
15,2,30,5,-0.485381830928643,0.151711740880273,0.0810536730568856,2.49289979798201,41.3060330318089,26.6065073642073
31,3,22,3,3.7760275715969,0.111418015664166,0.529236596077681,6.56221843999298,50.4917689341608,5.49603406517313
30,5,35,6,-1.27398482066462,0.275695981680158,0.118176797404885,3.86382148584064,35.6115079133006,20.2483255226353
10,4,32,6,4.0709484708876,0.200088277215812,0.264839857351035,3.32452835431878,35.253779111451,-10.8205005215975
97,7,38,3,5.76952305527779,1.23846517169947,0.996089102933183,10.4633585554049,77.254023503128,-1.14058858874931
49,7,32,6,4.06391839784897,0.287717899064276,0.513568930095062,7.97720505588327,32.5282982024698,-9.1477414490765
9,3,33,3,6.19533658303886,0.0203860436969095,0.0736242360435426,6.14647135447766,60.252855775732,-0.739703303942704
21,5,35,4,4.55486127395602,0.0321425432366247,0.0175508321262896,5.82694908278568,39.3125348026456,-4.04742450656847
93,8,41,3,5.83658588969005,1.0804383130114,0.968295026570559,25.4294272882095,41.8883300774374,-25.4690378194623
29,3,22,3,9.47474317684335,0.0228648219271127,0.495839260984212,3.7464991688087,37.3019391334836,17.0459314800751
65,5,37,5,3.21297324848838,1.04713862103628,0.93930603377521,6.3768531568118,39.4849434573658,-22.3343937663889
90,6,31,5,1.10152103525526,0.735758594764025,0.991565948119387,11.6420176332269,60.643546816427,-4.6525797458531
99,9,32,5,1.16649194081658,0.776966636958432,0.980166650610045,12.9966785453847,32.4226523384449,-11.3331868232895
43,3,35,1,8.28550912327247,0.445525141411877,0.756454374175519,3.3430495224475,55.546499211099,9.53925493748666
39,4,26,3,12.5262674109186,0.086953220074065,0.424922413891181,3.3037139161903,39.9577055774286,9.44035838438475
14,1,18,1,9.41847265872445,0.00940864848889132,0.460524891503155,2.2749438286398,63.3049102752168,46.0583044086257
27,4,24,6,4.5029416127385,0.274243591808456,0.415448866318911,3.24432565763626,28.7521499733321,8.14173637641705
56,4,27,1,5.5605007031284,0.182885246443778,0.511147000826895,5.40661050282932,57.1085025268693,38.7490664487461
93,8,37,6,1.9115709355807,0.588687185253925,0.794664614601061,3.23286069021216,27.2513287908767,-14.2652793287254
35,3,35,0,8.07681649976171,0.117021064041182,0.304705717135221,2.70300089432074,65.648038239443,42.8372634402606
84,7,35,5,1.42258435774731,0.398787259568876,0.666794315446168,3.31613912422605,34.1765101000074,5.53628277253076
72,6,34,6,-1.27656214638166,0.58354030384228,0.651166532887146,2.83078401374091,37.2164344353899,33.8500806958452
75,7,32,4,5.59738698586435,0.207864804881367,0.48585121659562,5.1124478823783,32.4376533917409,11.6901902152144
92,7,34,5,0.963915447822468,0.858991567003441,0.98142054816708,10.8648775972213,37.7789274060666,13.8390949011182
0,2,24,2,12.0582200870911,0.00927229135972588,0.0214044167660177,1.5420840604701,37.86592635244,33.8889349733571
16,2,19,2,10.2720736418505,0.0413863273498868,0.379255539504811,2.05816939549813,58.2081572227361,5.96806779022274
39,4,27,3,3.90001718646951,0.0410177626139496,0.302044411189854,4.30870262620846,32.4585395840479,3.78387236160857
67,8,33,5,4.14652862595555,0.414395482411959,0.361051026266068,6.79419447153369,31.3326825405277,5.94149918406821
48,5,24,4,9.4866968621435,0.180566018203947,0.849842653144151,5.40869912138132,37.7890194738309,-0.304333868374464
53,7,34,5,6.13575166492318,0.278246539933226,0.248805195325986,2.65862667974194,32.2957609719197,23.4229981003492
31,4,26,5,5.3807914401516,0.324699043052945,0.714996717870235,3.72456822975512,36.4227551106438,-0.316319737007161
81,7,34,5,-0.0372735815166934,0.579358742049276,0.921992409741506,11.2936105834413,31.2191940320221,-18.0423121593884
29,5,27,4,10.2114047785617,0.101778167649172,0.407205651514232,7.90305889440842,41.1075403353862,25.6140232204274
40,6,25,5,5.64440071167325,0.241879108118567,0.572291210759431,7.69578097194194,34.600725627947,0.631691536005956
9,2,20,4,8.07743998798598,0.0643128051888198,0.455146431457251,2.74862607392204,51.2820131063221,28.0386563163335
79,5,31,4,0.862815201658102,0.609506184241758,0.946051294915378,7.12626684665018,40.1383956795352,-12.0522792789159
35,6,32,6,5.84754281733151,0.445844457929438,0.332225148798898,3.28783856395221,44.0272436564483,0.472639561373835
4,2,24,5,5.01601078111552,0.0383866883792177,0.274714965373278,2.19634919579035,37.3749840230282,6.75470038100172
4,3,31,4,9.47789326096708,0.0484146857634187,0.100948942825198,3.05087381810501,36.9683650627898,-10.0204976633245
95,9,30,4,6.84629356984173,0.133131428039633,0.678909936221316,6.54447515856785,29.911664513247,18.8789540461638
37,6,27,4,10.4947954098822,0.0338398879393935,0.178216239903122,3.72446571408314,24.729813191961,6.61306762066246
80,5,25,5,4.05906067789901,0.343785224471915,0.923447547247633,2.06291674684463,23.9917019244059,11.5520383924131
91,8,31,4,6.23196144188295,0.444436397848135,0.82520509371534,7.4791850312821,27.03338962947,21.9173850454666
44,5,27,5,3.14653716070439,0.299834321940991,0.652071601944044,6.79714352465214,46.4013136415024,19.7397310490613
57,5,35,2,5.82569640804326,0.241729842775422,0.44153915764764,7.82197865786284,41.5861496173566,-4.06286811096292
7,3,28,5,3.72424702533985,0.0182475009244856,0.0806145276874304,4.6249637407842,42.3264615629616,17.2281863372129
16,2,34,1,9.37209776442029,0.101075854036026,0.436668599722907,3.93207858724462,38.9354801513633,-3.86647480647826
73,6,34,5,-3.8002657848611,0.236805114184906,0.574003859888762,3.60220993577111,34.5349499652308,11.9816278884925
47,4,36,1,5.88684947488031,0.201501619991589,0.334964303299785,3.42831608500206,49.6799214285306,35.963687748685
68,6,30,3,7.95784219702336,0.236296389008614,0.554981779539958,2.6320958847492,24.5842259359547,6.05851558143541
95,5,32,4,-1.6688529351085,0.315263445711437,0.928191032027826,6.72554298145013,50.9418968650779,4.0876223224278
49,5,29,4,7.94914306361479,0.314436637320298,0.542747015366331,4.77034446804411,32.4347074789068,4.74992912857051
47,4,33,4,4.4672387566647,0.172213038778864,0.684880086919293,5.63936741225821,53.1487891421379,6.14229282845896
56,4,35,2,3.12003776740778,0.1168270658236,0.689274066127837,7.74375957823581,73.3630659384505,20.5211332382737
65,6,25,4,10.087681394979,0.188779218810353,0.597834724467248,3.07606934540247,36.4740739260316,22.5968550661169
27,4,32,3,4.69392404081612,0.199990291630186,0.181694803293794,4.42133103384521,66.5284182751722,25.2930239524685
97,6,38,1,4.54731365322074,0.824778305324626,0.948971976293251,9.85036755437968,52.1302038310789,21.0175975884531
64,5,35,5,-1.75946685175969,0.28382137044214,0.832851830637082,5.53396059308709,25.0956169333697,-13.5792853540073
58,4,33,1,6.80591494474011,0.506378048544234,0.94249178445898,6.46586239435471,52.1643629868283,8.16137019795789
61,4,30,2,8.22923727515765,0.331659126084972,0.915006417781115,3.5296254703897,34.0566611895322,9.28503285866489
92,10,42,6,2.96188401796345,1.70179038811336,0.940376906422898,5.4358502103545,40.955130144964,-8.06097073202542
39,6,25,6,5.12713366104772,0.063117686775513,0.406129127601162,4.14510162982028,21.6511972918146,4.41936333919303
28,4,34,2,8.63657973940633,0.154590603313409,0.200314168818295,4.45177804101154,37.9938681186527,-5.83946027034444
9,4,27,6,3.56297253969796,0.0748880234314129,0.162370223086327,3.78667266724262,29.5982212003248,3.18620212491907
32,5,35,6,2.07530368457245,0.173521937226654,0.0722825024276972,2.25215830372128,32.4149137975521,14.1863818022812
75,5,29,3,5.44493476810171,0.490127139238125,0.92725439905189,5.28247505609728,50.6623401419009,11.9758299970319
10,2,34,2,7.2733769404254,0.161579430568963,0.346662257798016,6.64012178598456,53.0464085485025,-7.70896960082062
71,5,34,4,3.10723137901697,0.405351935035076,0.931571205845103,8.15791030881949,35.3521927757815,-9.64078961503375
96,9,38,6,-4.00704844972435,0.74106364693017,0.937788142124191,10.4706734852681,29.0358412484136,-21.700480625735
20,4,34,3,9.28303142722054,0.148627698072232,0.466793748782948,5.35375958535502,60.9468839665673,-6.63197657145166
10,2,33,2,6.07188369684369,0.267081483256745,0.314776478800923,3.18350943332565,39.1520175652932,3.82379678311237
5,4,30,4,6.33181295926786,0.0598356717964634,0.00815302692353725,4.2718888624388,35.7173301385375,-5.8175837195611
82,7,34,6,1.45537474126753,1.19194845569538,0.969157531158999,7.78020246658512,26.0395671953806,-39.4834762096175
58,7,35,4,7.81275598461814,0.288994364429939,0.50704823853448,6.51441615184507,38.484661037567,-10.2373733280315
47,7,25,6,2.79271031444151,0.072978918091394,0.341329410439357,5.95173201859093,35.2762167155555,0.567069917648825
36,6,33,4,10.1991520071463,0.178900522035159,0.307578661711887,4.06063279307761,25.2161086836195,-5.09786847095365
28,6,23,6,6.54662453810212,0.124744867091067,0.190769230714068,5.56263406081514,32.1609667338529,-13.6195899501465
59,4,24,2,7.7506016910672,0.235449052870947,0.858676696196198,3.86711549644238,40.4400727520122,2.34175048075474
81,5,28,5,-0.124219316469613,0.659993324779655,0.944209013599902,4.14269347258083,33.8048356249966,10.2114689757956
9,2,22,2,7.08384621470752,0.0251215774333104,0.236290834378451,3.8241564700857,51.0488810416797,6.06619653678621
96,7,38,5,-0.874556152425273,1.24106253639542,0.97929517342709,8.37164396358953,28.6573800798425,-12.9327201817265
16,2,26,4,4.46328547165834,0.0877823467599228,0.414667549077421,3.03424567983209,60.5038356545423,7.37638086703989
8,4,32,5,6.32261590682256,0.104563114931807,0.0515851259697229,2.2862980408571,37.8255668486312,-3.73763256539957
86,5,30,5,-0.0956182372714443,0.87726176292041,0.987713537644595,7.12737340673271,31.8560587233532,-1.44175903765691
52,5,36,3,5.75560616266376,0.0763179123168811,0.44103442505002,6.03502470928482,45.0570536057782,10.9522400258594
65,5,27,2,6.97160853708728,0.0243403108324856,0.205654426245019,3.05576728856068,22.4039666339226,35.7875185939707
22,2,22,3,4.91859863062885,0.0760738819952618,0.239658806240186,3.15114841832524,41.765733138123,16.021924699053
72,7,25,4,7.15629908986692,0.0660888558131285,0.689729798119515,4.21576254052893,46.7349972655548,24.3809547787295
49,5,32,3,6.48831145410379,0.139426721958444,0.438748095883057,7.01810173520604,51.2799064105314,12.6448652312718
96,8,27,6,3.60287210368518,0.824828659378528,0.986493383767083,4.63608226438219,22.0676682393797,-18.7295828126299
90,8,30,3,7.81351472983199,0.192271853786635,0.887614714214578,5.50658300721409,48.2692282285428,31.2518362697248
55,7,28,5,9.05875688493435,0.38454561352492,0.831085043493658,7.76183298155563,31.9221358646043,-23.9798922970731
7,1,27,2,4.92570440336866,0.00861250785768254,0.295081263408065,2.69119628619536,43.2796695186919,10.8077846272683
2,3,31,3,8.07940977750199,0.0040660718209051,0.00779280415736139,2.72990814558975,45.6666447924544,17.38340544717
51,5,36,5,0.0386141125248685,0.491596579065031,0.510297123109922,4.83113550947847,27.2740715184843,-9.04193567811405
63,5,37,2,6.75706913295479,0.162390962592326,0.624028423102573,4.13584566449963,58.7716751233322,12.5689934329989
41,4,24,3,7.18596774525926,0.0279697398162946,0.339778576977551,3.15577573473076,57.7487423361714,15.949507850331
87,5,28,3,6.15370809946248,0.528361170254279,0.940628407523036,4.16039034866158,42.9609548742389,37.6603948066124
10,3,22,3,13.5579548242249,0.0538197224618391,0.269872297765687,2.95681542547549,53.8931826331892,10.6043877386719
98,10,30,7,2.19465531583934,0.664802817130619,0.85075333667919,5.97656021487925,23.5428060906511,6.83308469822908
26,2,29,3,3.86050821760252,0.125926774926484,0.31767938612029,2.85649550440249,40.5543845562893,21.2758576696935
8,2,22,4,5.32443697349443,0.0017054008387025,0.024093234911561,1.77168438260489,48.6066665048782,53.7549204790826
38,5,28,5,9.09969440132845,0.347144326002697,0.344810991780832,3.43853179936572,43.3176778048812,16.2919057510547
12,3,24,3,7.61031421970094,0.00893085554707795,0.0804116954095662,2.91579265927479,55.0205702652131,53.1253162008087
58,5,30,4,1.13034772825005,0.200173717214468,0.356585107278079,4.12813531649495,46.6024397825653,6.73595850356497
24,4,20,5,3.58873167661871,0.0191862544743344,0.0948778323363513,2.15989745435687,21.8157010529631,17.6445978162562
72,6,25,4,5.3516886934898,0.0585587785869002,0.48580731311813,3.57673985812503,18.2690589479811,14.8431133859931
14,3,31,2,9.67690275230282,0.148141160025261,0.278695496963337,3.49055899995414,62.0819812345857,-7.52786250772321
15,5,32,3,8.5275257244117,0.0383732869522646,0.0102934541646391,5.87982262463865,46.5440343913985,5.48685747408928
25,5,31,6,3.91671505004782,0.181868544769216,0.0974201250355691,2.64418460797773,44.0285977560637,1.74695700560372
77,7,39,6,-0.446858262019365,0.409093551348796,0.407536750892177,3.40546964951969,24.308673085531,-1.41455696393732
42,6,36,5,5.78280172842496,0.206087270973924,0.381404742365703,4.07932751541044,34.6050505110526,-8.57871907787807
6,3,24,4,4.89652533292113,0.0451718060066923,0.0308215557597578,2.6636531463816,41.911305500095,13.8122928923068
11,4,35,5,7.29184232576091,0.107485688873567,0.246175604173914,4.1275002983538,66.5728530863017,-9.15250329838675
48,4,36,4,-1.51533666464297,0.241136557412076,0.769514913670719,6.10837443063346,59.5664662987369,-6.63039664978428
97,6,27,2,4.91084839300871,0.120031191659492,0.833074240013957,6.58648330875109,43.5559300831939,26.7629865098683
81,5,24,3,3.92453607070505,0.212822590333512,0.854975309222937,5.03254584403232,56.4890283282233,32.8282503813269
54,6,29,4,7.47270595811471,0.154401493491605,0.636855792719871,7.41709349736112,50.250734358431,13.7249942495508
7,3,33,4,4.13846424112476,0.13148815499153,0.194920726818964,5.06924171565498,68.6633594277941,18.5517990075168
46,7,38,5,6.14903911498974,0.450179848333305,0.424489335389808,5.16539225987763,32.0235457982772,-24.0523791702976
33,3,23,3,6.23268457592038,0.0546699671540409,0.257441501365975,2.0111149440319,37.9387217995122,39.071657960675
68,8,30,8,4.02990690810622,0.467578208052969,0.847576486412436,5.28441980293323,24.0732927465852,-0.78456479114077
51,7,25,7,4.64045926966035,0.23262088520741,0.656876844819635,3.71814599738685,33.183551333202,10.1278544682121
51,5,34,4,3.1704876177555,0.391825932014125,0.859306933125481,5.37819184944043,27.0314116782096,-7.20436134605143
54,6,37,6,0.0812378098809878,0.290353816859716,0.253892920911312,2.71541700173676,24.4613501283054,-13.4101146967713
44,3,26,4,2.793342038641,0.28096635176357,0.887885858304799,4.50856041259133,30.3777968939855,-5.83248020327862
8,4,30,5,4.92253936839798,0.100046634441242,0.102218956686556,2.63984266972324,54.0937716724015,17.1644684418668
93,11,28,8,-0.140423907115716,0.265003786877471,0.427840331802145,4.70552827573477,15.9466693159086,13.1617420878558
1,0,21,3,2.25658094974682,0.0197923701489344,0.180858613923192,2.16431352704187,60.8874978048226,39.1251031848928
41,3,36,1,6.23487732724613,0.34297998038933,0.602623891783878,3.88348967215227,49.7247881510462,9.39567961228928
22,2,29,1,11.8519680794705,0.193279115369928,0.742085720878094,5.90064966927222,54.4156824390432,-2.60058960102247
9,2,31,5,3.06606702053888,0.143513628514484,0.21282919915393,1.85924493655133,42.5820070185925,24.566282910844
48,4,28,2,8.3013881072385,0.232536504267457,0.702359996270388,5.63267456459843,45.6476762971233,25.1170566220838
65,7,39,3,5.18973414192987,0.261547075806859,0.2592198245693,5.81475568467989,54.3218923039557,22.0961195468744
92,10,29,5,4.07269994244598,0.279900801895962,0.771981521276757,11.8951311455954,16.1776641532446,5.37153457658822
36,3,22,1,10.1412298738202,0.130064174416475,0.768782308325171,5.91992185536904,86.2913798927552,26.7592948037277
85,7,32,3,3.83392031138524,0.209797966516319,0.542708744294941,5.76720642093674,45.2230309090734,25.5424451300566
30,5,31,5,5.94396416143178,0.202756312279548,0.245034355204552,4.67257208310576,40.9363950417246,6.76690831892647
46,3,22,2,5.02117034720257,0.0515073029091582,0.260974191362038,3.05956711284086,61.3145002611965,31.159483586393
14,2,30,4,5.67769193278949,0.354902113766825,0.632294091861695,2.8291588856901,55.0119052140577,10.7396862000865
80,5,33,1,8.57914972487257,0.306902086584571,0.804625678341836,3.31343790591446,36.1897080025368,-1.39436104945043
66,8,37,5,3.90892752518348,0.499792425872243,0.490497072692961,8.7012426663481,27.3668110934097,-2.76876651764622
6,2,31,4,5.70925371707996,0.314866831515658,0.358373364200816,2.5579791824872,31.6720267871878,-14.3878330433757
43,3,27,4,3.82613072998051,0.529957276846783,0.865114389685914,3.64350642741338,34.9731587840339,-19.5461077007139
39,3,24,3,5.00892326205853,0.0614247320918366,0.574198266025633,5.28655493697291,39.209347861594,10.7568606060925
69,7,39,6,3.8034131440754,0.471612917703992,0.837127034319565,3.76705902493992,19.2086099758926,-23.1288982845466
65,8,32,7,-0.555783221302076,0.303217345372516,0.210287702735513,3.86602300385805,18.5938118386543,23.2965519022547
40,5,23,5,5.06897100804967,0.218386206340582,0.44141206680797,4.27157492265244,25.224715551872,-2.91757001048862
30,2,31,3,2.64037280428707,0.0781613795552403,0.537764426087961,3.06379740997002,48.5855691906807,-4.34275837081369
25,4,33,5,1.83261276943897,0.2587085616525,0.223310471745208,3.49678089019875,50.9237762987574,24.2955336818444
67,8,39,7,2.72127351033254,0.548411625871593,0.744609329849482,6.33876234757069,24.6004378542718,-40.2670277141435
89,9,42,3,7.85738107222915,0.288950990176502,0.429072693455964,4.07568496827947,36.706953219703,17.7565799507282
84,9,37,4,8.58616908302422,0.241562504394228,0.655043669277802,7.69387905806579,36.5828826288168,6.32195076445876
39,4,33,3,7.93469918328328,0.152726883767173,0.434077997691929,6.55249134510721,47.6790717230462,1.46574980626806
7,3,30,4,8.46126802347699,0.0257174620627866,0.17688471544534,2.67593202490722,29.7834488870456,-9.48271383857912
82,9,40,4,3.48173851654762,0.656743656346732,0.424699574941769,9.40381499476277,29.7047832822149,-7.39640954680066
7,3,27,4,9.04234772102489,0.0716910639312118,0.362748032668605,3.25031514266199,51.955090098996,22.4056632950591
11,2,28,3,6.02833852533344,0.0208164340816573,0.0798972463235259,2.39549479011076,32.7254914767213,18.3202334408981
63,7,36,4,6.46265811326396,0.19013645048176,0.437789387768134,4.65311346347903,28.400788342319,-0.425262862091513
32,5,27,4,9.38458253745214,0.0814260942861438,0.30649317195639,3.56985753091815,54.5777839205431,8.5666503143344
18,4,28,4,5.56689962469335,0.0761760505847633,0.0951430776622146,4.98505183418462,31.219624176953,10.9951306976972
39,5,28,6,4.9035839797777,0.169086936744861,0.572038550628349,2.37724010510543,21.8839400452207,-12.7489112278874
86,10,30,6,1.86541698737671,0.345770858450535,0.576811959734187,9.59299918605335,45.3357022289104,12.7276176600231
34,5,30,3,9.56106959922978,0.0313351608347148,0.125990519067273,4.27709822129135,45.2411059071761,29.778587610214
0,3,25,6,0.909785072625843,0.00309649528935552,0.0100794122554362,2.0508527714928,25.7107532293617,11.7135066410349
91,7,33,4,6.92647357622025,1.02000103280285,0.931349758058786,5.49250798696846,31.0653682877948,-11.4150073562964
95,11,35,7,3.6777959017513,0.709601020994472,0.919121121056378,6.68544975279138,33.5356996211254,2.97711906198478
49,5,25,4,7.04724370405216,0.158206401043572,0.828844415023923,5.16485758663079,47.3360602491491,8.99935508406807
46,5,29,4,5.69246767644518,0.152835862245411,0.454170021926984,8.93070290712287,54.1295808539416,17.2034291671616
59,4,32,3,1.47299139182406,0.232645835716951,0.712296901270747,3.19204303274516,54.0898140304189,28.6769911947877
90,8,37,4,8.17853098519478,0.692766040066415,0.869764595525339,6.01630135274468,33.4427076061843,-0.598148392244582
17,4,35,3,7.82587610087383,0.148436507326551,0.0731656157877296,2.73921842440341,35.9840571904063,13.7758143607969
78,4,33,3,3.23307628502735,0.81882671102498,0.961286452133209,4.47012129613325,49.3608067684836,-7.58532370448124
23,3,35,3,9.31110912047399,0.09506826242432,0.211727228481323,2.31389643112539,37.7185277676076,-9.76522474038439
57,8,37,3,10.3559604284113,0.672068173499936,0.805261809378862,10.8474111685173,69.2911492417529,-0.636112697597095
84,10,39,6,2.68656349493205,0.530196505950782,0.569232370238751,6.80425892963216,28.0330987267329,-9.20219421733352
13,4,28,6,2.39251088682114,0.0884048747830093,0.100143142743036,3.72875646407665,29.3795413435853,-6.38922410846857
89,8,39,5,3.02177406697768,0.253836544804973,0.716011642944068,10.4389529111831,36.695093119262,-1.27214369954677
45,6,26,3,7.62470031850637,0.0132581968791783,0.200822780374438,7.16895806870956,68.7455414916901,32.9508158817352
89,8,33,6,1.14801991118397,0.394832777769721,0.800210961606354,4.25029828283628,25.8049746639376,7.41227003080804
24,2,33,3,2.13375860287641,0.352213158326472,0.694578029448166,5.20444876627415,75.8191945954135,11.2803067663891
8,2,30,4,6.2464121127598,0.311586332529083,0.311926916707307,2.08045372527377,73.1171846847885,-1.77503369122475
4,1,29,0,9.8141124917013,0.0177768713328987,0.318001365056261,2.37207433871165,91.2932966773748,22.1197469634598
97,6,35,2,5.5950676423496,0.68937862149083,0.961906825657934,6.86909397954947,41.2984842174757,-2.75463972651111
48,6,37,4,6.07165549139137,0.320438256011087,0.320331165799871,7.07153898578817,34.5078004664707,-2.95556827473821
84,7,32,5,-0.523632838559808,0.634519100623363,0.861765999114141,8.12615449367361,40.5166246461009,29.7605379726436
41,3,30,2,6.93848399236079,0.284185166925865,0.738245307467878,3.53556229240044,46.1667551647736,16.8940782504629
48,4,30,3,5.20325790232325,0.293006583339277,0.710420979885384,5.26381863336606,48.3740383531344,3.49188295120959
18,4,28,5,5.22232017234314,0.0774166116691694,0.0855451999232173,1.93316367274614,26.6021041589971,17.8860585448103
75,9,29,4,6.7560330492038,0.178112681944597,0.486685219686478,14.8749583533263,62.1511162144805,31.3395995656333
30,5,33,5,3.97174395779361,0.122298626927659,0.0702990530990064,3.56777119194867,49.8785409181384,14.2149462423821
16,4,25,3,13.8409646463354,0.103937854734988,0.292342206463218,4.38631829803193,72.0688073155224,15.2929023867154
3,2,30,3,4.08342255433267,0.00321462407894222,0.0108298084232956,2.66594033878073,47.5355431496673,8.69045183864564
