K:10
N:3000
Gap:1.2942079313916
Rho: 
1 0.8 0.45 0.2 -0.3 0.7 0.75 0.5 -0.3 -0.1
0.8 1 0.45 0.5 -0.1 0.55 0.4 0.6 -0.4 -0.2
0.45 0.45 1 0.1 -0.3 0.6 0.3 0.4 0 -0.3
0.2 0.5 0.1 1 -0.5 0.35 0.1 0.1 -0.5 -0.45
-0.3 -0.1 -0.3 -0.5 1 -0.4 -0.3 -0.1 0.2 0.2
0.7 0.55 0.6 0.35 -0.4 1 0.8 0.45 -0.2 -0.45
0.75 0.4 0.3 0.1 -0.3 0.8 1 0.45 -0.1 -0.3
0.5 0.6 0.4 0.1 -0.1 0.45 0.45 1 0.1 -0.2
-0.3 -0.4 0 -0.5 0.2 -0.2 -0.1 0.1 1 0.4
-0.1 -0.2 -0.3 -0.45 0.2 -0.45 -0.3 -0.2 0.4 1
X:
63,7,31,3,8,77,8,31,22,5
31,4,31,3,2,16,5,31,22,5
24,5,25,6,2,31,7,35,21,1
37,6,35,5,2,75,8,36,21,1
35,4,23,4,1,15,6,31,21,1
29,3,25,2,7,31,7,23,20,3
22,3,25,5,1,66,9,30,19,1
55,6,33,6,1,80,6,31,20,2
18,2,22,2,3,9,5,32,26,9
0,2,28,4,1,22,4,25,20,1
36,6,24,5,1,9,5,34,22,2
88,8,27,3,8,29,9,28,21,8
30,3,23,5,1,15,6,24,21,1
45,6,27,6,1,29,5,30,21,1
43,3,26,4,1,55,9,27,20,1
41,4,25,2,3,2,6,35,23,4
96,5,28,5,1,85,14,27,19,1
14,3,29,2,5,28,5,29,23,5
40,3,27,3,2,23,8,22,22,4
23,4,30,5,3,58,6,27,23,1
12,5,26,7,1,4,2,26,22,2
31,4,31,3,6,12,5,28,20,1
58,5,31,4,1,27,6,28,18,1
66,6,28,4,2,45,8,27,21,3
89,9,40,7,1,90,10,33,17,1
6,3,24,4,1,6,3,27,23,5
94,9,31,6,1,64,11,33,21,2
74,4,32,3,1,63,11,31,22,3
65,6,31,6,1,91,9,29,20,3
21,2,31,3,1,47,9,28,23,1
39,6,25,5,3,69,9,34,18,1
32,2,31,2,2,46,7,28,24,2
48,3,24,2,4,6,9,27,23,5
84,5,26,4,1,81,16,31,19,1
44,6,30,4,2,33,5,35,19,2
50,7,30,6,1,22,7,32,20,3
99,12,29,4,9,67,11,36,18,1
30,4,31,3,2,32,6,28,23,6
4,4,27,3,13,1,3,27,25,2
33,3,32,2,1,42,5,31,26,6
12,4,34,6,1,25,3,21,20,2
71,5,38,2,3,77,11,31,24,1
59,5,31,5,1,64,10,32,19,1
54,3,28,4,1,77,13,31,23,2
42,5,28,5,1,20,4,25,18,5
57,6,27,7,1,46,9,29,17,1
33,2,30,4,1,57,10,31,22,1
87,8,36,6,1,97,10,32,20,2
33,5,36,4,5,73,8,35,23,1
42,6,34,3,4,36,5,32,23,3
48,3,33,4,1,68,9,32,22,1
63,4,28,2,1,12,7,28,22,6
19,5,29,4,3,26,5,34,21,2
53,7,26,5,6,73,8,32,18,1
56,5,29,3,3,19,8,30,20,1
45,5,34,6,1,38,4,27,21,2
92,10,38,7,1,94,12,35,18,1
12,1,25,4,1,42,6,26,20,1
57,6,29,6,1,57,6,31,19,1
26,2,23,3,5,53,8,25,20,1
56,6,37,4,1,61,7,33,20,1
75,8,28,5,1,63,9,40,20,3
23,2,20,1,5,4,6,25,20,2
1,3,29,3,3,1,1,26,25,5
17,3,23,4,1,29,8,36,23,1
20,3,21,4,3,23,7,23,23,3
61,5,24,5,1,16,7,27,20,8
95,6,29,3,1,76,11,33,19,2
22,5,28,4,6,38,5,30,24,3
66,6,33,6,1,78,9,27,17,1
66,8,35,7,1,78,8,31,16,1
77,7,32,4,3,88,10,33,21,1
99,6,35,1,2,72,12,30,21,1
93,8,31,4,2,74,12,40,22,7
9,1,20,5,1,32,9,26,22,2
93,6,40,2,1,90,14,37,23,1
96,7,34,5,1,94,13,29,19,1
98,11,30,5,2,83,10,42,22,2
59,6,26,4,8,41,8,30,18,2
15,5,25,3,10,0,2,25,20,4
22,2,25,2,2,2,5,24,23,3
38,4,25,4,1,60,10,33,24,1
6,2,28,4,1,38,5,24,20,2
72,5,28,4,1,68,9,33,24,6
58,7,33,4,2,49,7,38,22,1
35,3,24,4,1,22,8,20,16,1
68,5,32,3,1,73,9,32,22,1
41,3,24,2,4,16,8,20,22,7
76,5,37,5,1,90,12,32,20,1
42,5,25,4,1,13,7,34,24,4
56,4,30,3,1,27,7,29,23,3
74,6,31,3,2,57,10,32,19,1
88,6,39,3,2,78,12,32,23,1
80,7,40,6,1,90,8,30,18,1
36,5,23,4,5,6,6,30,19,2
43,6,26,6,1,49,7,27,19,2
87,6,31,2,3,67,12,30,21,1
88,6,26,3,3,68,13,29,23,2
91,6,36,4,1,92,15,34,22,1
82,8,33,4,2,72,9,37,22,2
86,8,27,5,1,59,8,29,16,4
9,1,31,4,1,55,7,24,20,1
58,5,29,4,1,35,8,34,19,1
27,4,34,5,1,75,10,28,20,1
54,7,25,4,3,32,8,41,21,2
17,3,24,5,1,39,7,23,22,1
6,4,34,6,1,22,2,24,18,1
89,7,30,5,1,62,13,34,19,1
52,4,24,5,1,18,6,24,21,2
93,10,29,6,1,64,9,30,20,3
98,6,33,5,1,95,16,34,19,1
62,7,29,7,1,92,12,35,20,1
47,7,28,6,1,19,5,29,21,1
58,3,36,0,2,76,11,34,23,1
90,7,34,5,1,67,9,34,19,1
0,1,16,2,4,0,4,22,21,11
64,6,35,5,1,65,6,32,22,2
73,7,36,4,1,62,9,40,21,2
20,2,32,2,3,66,7,27,21,2
76,5,35,3,1,73,11,33,19,1
47,6,32,5,2,87,8,29,19,1
74,6,32,5,1,94,10,29,22,2
1,3,31,5,1,29,5,27,23,1
76,7,34,4,1,61,7,36,24,4
97,5,31,4,1,94,17,38,21,1
71,7,33,5,2,65,7,30,18,1
48,3,31,2,1,54,9,32,21,2
58,6,36,4,1,80,10,31,21,1
38,4,28,4,2,74,9,28,23,1
87,6,32,3,1,75,12,36,20,1
62,7,27,8,1,42,6,29,18,1
25,2,32,1,1,17,5,28,24,4
16,4,29,5,1,15,5,31,21,2
39,5,33,5,3,73,8,29,20,1
30,5,30,6,1,38,7,32,22,1
21,4,24,5,3,24,5,23,19,1
16,2,23,5,1,16,7,25,22,5
26,5,24,4,2,1,3,29,23,5
5,1,30,1,1,3,4,27,26,6
65,8,29,4,1,41,7,39,19,1
64,6,33,3,5,84,10,34,25,2
78,7,28,6,1,32,7,29,18,3
84,6,36,3,1,66,9,35,25,4
55,7,26,8,1,59,7,31,20,1
88,6,32,4,1,67,10,28,20,6
18,5,34,3,6,39,4,32,22,1
85,7,34,3,2,88,9,34,24,2
75,6,30,5,1,54,10,34,24,2
56,6,33,6,1,74,8,28,18,1
45,7,28,7,1,17,5,29,20,3
87,6,35,4,1,99,17,38,21,1
16,3,31,4,1,29,5,29,20,1
85,6,31,3,1,75,10,28,19,1
60,6,31,4,2,30,6,31,21,5
24,5,29,4,2,29,5,36,23,5
71,5,29,4,1,59,8,29,22,8
9,1,28,1,2,6,6,29,26,5
32,5,23,4,3,5,4,27,21,1
3,1,28,3,1,3,3,20,20,2
39,5,34,5,1,68,8,34,22,2
75,6,36,3,1,42,8,34,20,3
31,6,36,4,4,45,5,29,21,2
2,3,30,5,2,63,7,27,21,1
4,4,29,6,1,19,5,33,21,1
16,3,33,3,3,63,9,30,23,1
99,6,30,4,1,82,14,31,19,1
73,8,41,5,1,81,8,36,19,1
95,7,35,3,1,68,8,33,23,4
35,6,30,7,1,72,6,32,19,2
6,3,33,5,1,60,7,33,22,1
99,8,33,4,1,93,13,41,25,1
30,3,34,3,1,30,6,30,24,4
63,4,24,3,1,65,11,32,22,4
98,7,35,4,1,86,11,34,19,1
10,2,32,4,1,68,5,24,23,3
67,4,30,4,1,80,10,29,22,3
59,5,31,4,2,64,9,26,20,2
52,6,28,4,2,42,8,42,25,3
8,4,24,3,5,2,4,31,23,7
6,3,29,4,1,2,2,26,19,1
81,9,28,7,1,69,10,36,20,2
13,1,27,4,1,38,8,24,21,1
24,4,33,5,1,26,3,26,21,1
23,2,33,2,4,35,7,25,22,1
5,2,21,5,2,7,5,20,21,1
76,4,36,2,1,63,11,29,21,3
63,6,38,4,1,94,11,34,24,1
68,4,36,2,3,50,9,28,23,2
75,8,36,6,1,76,10,35,22,2
0,0,29,4,1,34,6,21,24,1
87,5,37,4,1,97,12,27,20,1
73,6,39,5,1,87,9,30,21,1
65,8,33,5,2,45,6,29,17,1
4,4,22,5,2,17,3,28,22,3
17,4,25,6,1,35,4,27,20,2
53,5,26,4,2,51,10,32,23,2
98,7,31,4,1,44,10,31,19,2
8,4,24,6,1,12,3,28,20,2
24,4,28,2,5,7,5,27,21,3
11,1,31,3,1,48,9,28,25,1
3,3,32,5,1,29,3,22,21,2
32,6,34,4,1,7,3,33,22,2
85,8,37,3,3,93,9,33,23,1
41,3,30,4,1,76,11,30,22,2
87,9,30,5,1,87,10,37,17,1
18,5,26,5,2,51,7,34,23,3
78,6,29,4,2,63,10,27,17,1
11,2,31,3,1,50,5,26,22,3
26,3,28,2,2,24,6,34,22,2
34,5,28,6,1,45,6,33,21,1
57,4,24,4,1,27,8,21,18,1
4,3,23,6,1,13,5,24,19,2
18,4,34,5,1,34,4,28,24,3
98,5,32,5,1,83,11,25,17,1
44,3,26,4,1,76,11,30,23,1
43,3,28,5,1,76,9,27,22,2
59,5,25,5,1,37,9,28,18,1
91,8,34,5,1,76,9,28,21,3
23,3,22,5,1,43,8,24,23,1
7,2,33,3,2,68,6,28,24,1
77,5,34,4,1,67,11,34,21,1
83,5,36,4,1,90,14,30,23,1
46,4,27,5,1,68,7,27,22,3
99,13,32,8,1,70,11,39,18,1
95,11,42,7,1,92,9,33,17,1
25,3,28,3,5,39,7,28,22,1
65,6,36,3,1,71,10,39,22,1
27,4,25,4,2,35,6,30,19,3
8,2,30,4,1,19,4,24,22,1
1,1,30,1,2,7,6,32,22,2
52,5,30,6,1,86,8,25,20,1
1,2,28,3,1,21,3,31,24,3
61,4,33,3,1,67,9,24,18,2
62,6,29,5,1,44,9,30,21,4
80,6,30,5,1,93,14,36,20,1
92,6,32,3,2,96,14,34,21,1
48,5,36,4,1,84,7,32,24,3
54,4,28,3,2,45,8,24,20,3
55,6,35,4,1,58,5,32,24,3
94,9,28,4,3,29,9,37,17,2
53,7,37,7,1,67,7,33,17,1
99,11,30,6,1,93,13,35,19,2
78,6,29,3,2,68,9,28,19,4
8,1,20,4,1,26,7,23,21,2
5,2,31,1,9,19,5,27,24,4
77,8,32,3,2,50,8,41,20,1
53,6,29,5,1,25,5,33,20,1
67,5,35,5,1,92,9,33,19,1
26,2,31,4,1,44,9,26,22,1
28,4,31,4,1,63,8,32,23,1
53,4,33,3,1,67,8,30,24,4
54,5,37,2,1,19,5,31,24,6
56,4,33,5,1,97,12,30,23,1
77,7,37,5,1,74,8,33,20,1
14,4,30,6,1,16,4,31,21,1
15,4,25,5,2,36,5,25,18,2
35,4,23,5,1,41,7,21,19,1
3,4,33,4,1,36,2,28,21,1
49,7,35,5,1,24,5,34,22,5
37,4,27,2,4,58,8,29,20,1
72,6,33,3,2,57,10,35,22,4
56,7,32,7,1,86,9,39,21,2
68,4,37,4,1,86,11,27,20,1
25,4,22,5,2,11,4,24,21,2
4,3,19,5,1,1,2,24,21,4
33,2,26,3,3,27,9,24,21,2
82,9,32,5,2,66,9,34,20,3
53,4,31,3,2,69,11,30,19,1
69,6,36,5,1,63,7,28,20,1
64,6,37,3,1,46,8,39,25,4
66,6,32,5,1,41,8,33,18,1
15,3,25,5,2,22,5,22,20,2
40,5,23,5,3,30,9,29,20,1
24,3,25,4,1,6,6,27,22,2
13,3,22,4,1,15,6,32,23,1
11,1,32,0,6,58,6,25,25,1
78,7,29,6,1,65,10,34,18,1
57,5,32,3,1,24,8,36,24,2
23,2,20,4,1,30,8,22,19,1
91,6,29,4,1,87,14,34,19,1
57,6,36,5,1,61,8,34,20,1
3,2,28,4,1,18,4,26,22,4
66,7,37,3,4,92,9,36,21,1
20,4,28,3,4,16,4,31,26,3
48,3,23,3,1,9,6,23,20,4
77,5,31,3,1,71,11,32,21,2
67,6,35,5,1,87,10,35,20,1
85,10,46,6,1,98,10,33,21,1
89,6,33,2,5,82,12,33,21,1
8,3,25,3,4,0,2,23,23,4
9,3,22,5,1,31,7,31,21,3
57,6,35,4,1,44,8,33,21,3
18,1,29,0,6,7,6,23,25,1
24,3,24,3,1,21,5,22,20,5
45,5,36,3,2,54,6,30,22,1
57,7,36,6,1,88,8,37,20,1
46,3,33,1,1,51,9,35,26,2
19,3,29,4,1,49,6,31,23,3
3,3,32,2,4,9,2,26,25,3
34,3,23,4,1,18,7,25,22,5
76,5,34,4,1,83,14,33,21,1
8,4,22,5,4,11,5,27,22,3
51,5,34,5,1,86,7,30,20,2
52,6,36,4,1,58,7,31,22,2
61,6,32,3,3,33,5,32,20,2
70,8,28,7,1,59,9,36,18,1
89,5,29,4,1,73,13,36,23,2
54,3,31,3,1,76,10,33,24,2
36,5,24,5,1,26,6,28,21,4
27,4,24,5,1,44,7,25,21,3
0,3,31,3,5,11,4,30,24,4
51,4,25,2,2,6,7,29,20,2
81,5,37,3,1,96,10,32,19,1
8,2,20,2,11,16,7,30,21,2
2,0,31,3,1,28,6,22,26,2
75,9,31,7,1,80,8,27,14,1
94,7,31,6,1,95,13,29,16,1
62,5,35,5,1,55,7,27,23,2
33,6,27,4,10,29,6,30,20,1
11,1,24,2,2,10,7,30,27,2
82,7,30,5,1,92,10,29,18,2
87,10,30,7,1,87,9,38,21,1
64,4,30,4,1,68,9,26,18,1
65,4,28,5,1,38,9,27,19,4
98,7,40,4,1,92,12,35,21,2
49,7,25,7,1,30,7,31,19,1
80,5,26,5,1,86,16,31,19,1
68,5,29,5,1,60,12,28,19,1
93,10,32,4,5,66,9,32,18,1
8,2,20,5,1,3,6,27,22,2
74,5,25,5,1,56,12,30,21,4
16,5,35,6,1,77,5,27,22,1
11,3,28,4,1,8,3,19,19,4
76,5,27,5,1,64,9,26,17,2
29,3,31,2,5,34,6,27,23,6
3,1,28,3,1,17,5,24,21,1
18,5,32,6,1,62,6,33,23,2
54,4,31,4,1,54,9,26,20,2
14,3,24,5,1,40,5,26,18,1
95,7,35,3,1,88,11,34,20,1
12,3,33,2,3,12,3,25,23,7
61,4,34,4,1,95,12,26,22,1
62,5,28,6,1,85,9,28,21,2
75,6,39,4,1,97,11,33,22,1
54,5,34,3,1,36,6,35,21,1
35,5,32,2,2,10,5,33,22,4
73,7,33,5,1,55,7,28,18,2
13,2,25,1,8,19,7,26,23,1
18,2,27,4,1,19,8,24,22,2
78,5,30,2,2,79,13,36,26,2
3,4,25,6,1,30,4,32,20,1
20,3,21,6,1,22,7,29,21,4
25,2,30,4,1,53,9,22,21,1
0,1,28,4,1,22,4,24,18,2
95,8,29,4,1,42,8,32,19,3
33,5,36,5,1,59,5,25,18,1
96,6,35,2,1,92,11,33,25,4
8,1,31,3,1,43,5,24,23,3
2,4,33,4,3,34,5,33,21,1
25,3,28,3,1,18,6,31,23,2
94,5,37,4,1,94,14,36,21,1
20,2,26,2,5,39,7,27,22,1
30,6,34,3,10,69,7,34,21,1
56,3,27,2,1,15,7,26,22,5
79,7,40,5,1,85,10,31,19,1
68,5,32,3,1,42,8,29,21,2
2,4,31,6,1,27,4,25,22,2
93,9,41,4,2,77,9,33,21,1
80,9,33,6,1,55,8,36,18,1
30,5,29,4,2,30,6,40,23,1
70,5,37,3,1,88,12,32,22,1
62,5,29,5,1,82,11,37,21,1
52,4,35,3,1,62,8,31,21,1
39,6,29,6,2,40,5,22,19,2
46,5,26,4,6,23,6,26,21,5
71,5,30,4,1,47,10,36,20,1
18,4,30,4,2,17,2,30,22,3
95,7,36,4,1,90,14,33,22,1
24,2,26,3,1,56,10,28,20,1
41,3,25,4,1,13,6,24,21,7
82,7,35,3,4,84,13,37,23,1
28,5,32,6,1,70,6,24,21,2
26,3,34,2,4,60,7,34,23,1
26,5,34,5,1,49,4,27,19,2
91,9,29,6,1,54,10,31,19,2
31,5,34,3,5,12,5,32,25,4
76,8,28,4,4,65,10,41,22,1
40,6,36,4,2,49,7,37,23,1
38,5,31,4,1,51,6,28,19,1
83,9,38,4,1,87,8,35,22,1
8,3,27,2,13,2,5,26,22,2
60,4,27,4,1,89,15,31,20,1
6,0,27,4,1,18,5,23,21,2
62,4,25,1,2,19,9,31,23,3
36,6,28,7,1,35,6,25,20,3
48,5,30,5,1,16,7,32,22,4
9,3,25,4,1,0,2,26,20,6
92,6,38,3,1,84,9,30,19,1
51,5,36,6,1,86,10,38,24,1
42,5,23,3,7,10,7,29,22,6
68,5,29,5,1,55,9,26,19,4
16,3,34,3,1,30,4,24,20,2
17,3,31,4,1,57,8,31,23,1
11,1,29,1,2,49,10,31,23,1
44,7,31,5,3,78,6,32,22,1
42,3,23,2,2,6,6,25,20,5
46,4,36,4,1,83,11,33,20,1
76,5,34,3,2,75,11,28,22,2
37,4,30,6,1,46,7,24,22,1
39,4,32,5,1,36,8,29,23,1
85,5,29,5,1,80,14,30,20,3
62,7,30,6,1,90,9,34,21,1
83,5,31,4,1,89,11,28,22,2
53,4,28,2,4,44,10,28,23,7
30,4,26,4,2,15,5,25,23,5
19,3,25,3,1,0,3,27,24,6
80,6,29,5,1,68,10,28,20,3
12,1,32,1,1,9,6,29,23,1
59,6,37,5,1,97,12,38,24,1
57,5,25,6,1,32,9,32,20,1
29,5,34,6,1,44,5,25,21,1
81,9,32,8,1,93,10,30,20,1
71,6,34,5,1,71,9,32,23,1
7,2,19,2,5,10,8,29,20,1
24,3,32,3,2,33,6,22,24,2
38,2,29,2,3,59,11,28,20,2
9,4,22,6,3,4,4,26,22,1
78,5,34,2,1,67,9,30,20,3
14,1,27,2,1,1,4,24,25,10
46,5,26,4,1,48,8,35,19,2
65,5,36,4,1,80,9,33,20,1
94,8,39,5,1,83,11,34,18,1
21,4,25,4,1,5,5,31,23,7
76,7,39,6,1,98,10,33,19,1
6,2,19,4,1,4,6,27,22,6
8,3,27,5,2,44,5,28,20,1
15,5,33,6,2,78,8,32,23,1
91,9,27,7,1,52,10,32,15,1
29,4,26,5,1,49,6,27,22,2
97,9,29,5,1,77,12,39,18,1
32,5,29,6,1,21,7,31,19,1
62,7,35,4,1,63,6,29,19,2
55,7,26,7,2,79,9,31,20,1
43,4,30,4,2,64,9,27,20,2
22,2,33,4,1,64,9,23,19,1
19,4,35,6,1,79,5,29,23,2
48,6,33,3,3,41,5,31,21,1
70,7,28,6,1,43,7,24,17,1
34,3,34,3,1,65,6,30,21,2
34,5,27,4,2,8,5,34,21,1
5,1,31,4,1,30,7,28,20,1
31,2,26,2,3,39,7,23,24,3
49,3,34,4,1,72,10,27,21,2
93,6,30,2,2,60,11,33,21,2
35,4,28,4,4,20,5,23,22,3
56,4,28,3,1,61,9,34,20,2
7,3,22,3,7,1,5,25,23,4
32,3,28,3,1,61,10,33,22,1
20,3,24,4,2,15,7,24,19,1
46,5,28,3,2,30,6,28,21,3
70,6,33,3,2,33,6,30,21,2
60,7,32,3,2,33,7,39,22,2
39,5,25,6,1,77,9,27,19,1
65,5,36,5,1,95,11,34,23,1
69,8,30,3,7,22,6,30,20,2
33,3,27,1,6,38,7,24,20,2
90,10,47,4,2,96,12,46,21,1
33,4,27,3,5,7,6,31,21,1
6,4,31,4,3,19,5,31,23,1
7,4,33,4,2,20,2,33,21,1
78,9,34,8,1,91,11,35,17,1
7,4,28,6,1,11,3,31,21,1
41,6,26,7,1,59,7,31,17,1
83,7,38,4,1,81,9,29,18,1
18,1,31,1,2,25,6,25,21,3
72,7,30,5,1,74,8,32,19,2
44,5,35,2,5,64,9,34,25,1
48,3,31,1,2,55,11,32,21,1
37,6,28,7,1,42,6,26,17,1
13,2,28,3,2,11,6,24,23,6
14,1,33,2,3,56,7,26,25,3
56,4,35,3,1,91,12,36,24,2
6,4,31,6,2,61,5,27,23,1
32,3,27,4,1,29,8,22,23,3
92,9,42,5,1,97,12,42,23,1
10,4,31,5,3,21,5,26,22,1
93,7,37,5,1,99,14,33,19,1
37,5,29,5,1,17,6,32,21,1
92,7,36,6,1,99,13,40,18,1
41,5,28,4,1,37,8,33,22,2
63,4,30,3,1,83,12,30,19,1
5,3,22,3,14,13,4,25,21,2
17,4,23,6,1,55,9,32,24,1
86,9,31,4,3,75,9,34,18,1
10,2,17,5,1,25,7,23,20,2
1,4,28,7,1,18,5,30,21,1
47,4,34,2,2,20,6,32,20,2
26,2,23,1,7,24,8,25,26,4
22,3,31,3,1,9,5,24,22,4
30,2,32,4,1,71,9,21,20,1
66,7,34,6,1,66,8,29,17,1
23,4,31,6,1,65,8,25,19,1
54,4,34,2,1,37,6,28,22,7
49,6,30,6,1,69,9,30,22,1
50,4,26,5,1,22,8,27,19,2
8,2,31,3,3,10,7,26,23,1
21,3,34,3,1,23,6,35,23,1
76,6,31,3,1,60,9,37,20,3
55,3,24,4,1,73,14,27,21,1
29,2,29,1,2,8,5,24,23,5
67,7,28,6,2,66,10,30,19,1
95,9,42,4,1,95,10,37,18,1
31,3,28,4,1,71,8,26,22,1
31,4,31,4,1,32,7,35,21,1
56,4,24,5,1,46,9,19,17,1
16,5,27,5,3,53,5,29,21,1
33,4,23,6,1,44,7,23,19,1
67,6,32,5,1,76,9,30,19,1
45,5,30,5,1,41,6,22,18,2
72,9,39,4,2,76,7,35,21,1
0,3,19,4,6,2,3,22,22,2
78,7,32,6,1,95,12,33,21,1
57,5,33,5,1,94,12,33,21,2
47,4,30,6,1,70,9,27,18,1
21,3,24,3,2,21,6,32,22,1
48,6,37,5,1,68,9,32,23,1
6,1,30,0,3,13,6,28,23,3
63,5,32,6,1,58,7,26,21,1
22,4,24,4,3,10,7,31,21,2
46,3,35,3,1,65,11,28,24,1
94,8,34,5,1,87,9,28,16,1
43,7,38,3,3,16,4,32,21,3
74,7,29,6,1,32,7,32,20,1
73,8,39,4,3,86,10,36,20,1
33,4,30,5,1,49,10,29,21,1
81,5,28,3,1,22,10,31,18,4
97,9,28,5,1,57,11,40,21,1
80,5,29,2,1,40,8,29,18,4
51,6,37,3,2,41,5,32,23,4
54,5,33,6,1,70,8,29,21,2
41,4,36,4,1,44,5,27,22,2
76,6,29,4,1,73,11,29,23,1
73,5,27,3,1,60,10,34,18,3
1,4,32,5,2,53,6,30,22,1
61,5,34,3,2,59,10,36,21,1
87,7,30,4,2,86,10,28,21,4
92,5,30,5,1,94,14,24,20,1
65,6,30,4,2,45,7,29,19,2
21,4,30,2,5,29,6,33,21,1
35,3,26,4,1,40,9,31,23,4
4,3,21,6,2,5,5,22,18,1
90,8,38,4,2,95,10,31,18,1
78,5,28,3,2,46,10,25,23,3
44,3,30,5,1,67,9,20,21,1
10,2,31,1,6,54,7,28,22,2
85,6,37,2,1,69,11,35,24,3
16,5,30,6,1,52,4,25,18,1
43,4,30,3,1,29,6,33,24,3
54,4,32,3,2,39,9,29,24,3
86,8,33,7,1,99,14,33,19,1
54,3,24,4,1,73,10,29,19,1
73,8,32,4,2,70,9,36,20,2
10,3,34,4,1,20,4,24,20,2
38,3,26,3,2,23,9,27,21,1
60,5,34,3,4,60,9,29,24,3
71,7,32,5,1,66,7,32,17,1
3,1,22,3,1,17,6,30,26,3
1,3,19,4,6,1,3,22,20,4
24,3,23,2,7,9,5,23,18,3
45,5,24,4,4,4,5,29,19,4
36,5,32,4,1,64,7,34,25,2
29,4,30,5,1,20,5,29,22,5
52,4,31,5,1,86,9,30,20,1
5,2,33,1,3,28,4,25,24,8
45,6,24,5,2,37,9,33,22,3
56,4,30,5,1,60,9,26,24,2
57,3,23,3,1,71,12,29,23,5
84,8,29,6,1,91,12,35,18,1
13,2,33,2,4,56,8,28,24,2
71,4,37,2,1,65,8,30,25,4
88,8,36,3,2,55,10,40,22,2
52,3,34,3,1,79,9,28,24,3
71,5,28,2,2,57,9,29,20,4
34,5,35,6,1,70,7,38,20,1
92,9,39,5,1,75,10,36,20,2
56,7,33,4,4,77,10,39,24,1
21,4,27,3,8,6,4,24,22,4
64,5,33,2,4,42,7,24,22,4
74,8,37,4,3,95,11,35,20,1
87,7,32,3,2,93,14,37,23,3
24,3,32,3,1,22,7,29,25,4
23,2,34,2,1,18,5,28,24,2
2,2,31,4,1,31,5,32,23,2
47,4,29,3,1,45,8,27,19,1
28,4,32,5,1,28,6,25,20,1
27,3,31,3,1,14,5,27,23,3
29,5,28,3,7,14,6,34,25,3
95,6,35,3,1,98,16,33,23,1
71,5,28,5,1,85,9,31,21,1
2,0,22,1,3,8,4,27,25,10
75,6,33,4,1,95,11,31,21,2
70,8,36,5,1,91,7,37,20,1
35,3,29,2,1,13,6,32,21,2
67,4,27,4,2,58,10,24,19,2
31,4,24,5,1,38,8,32,18,1
58,7,26,7,1,67,8,36,22,2
19,5,26,7,2,50,7,27,21,1
17,3,34,4,1,35,7,32,25,1
99,9,40,5,1,99,11,35,18,1
72,5,33,4,1,80,12,31,20,1
45,5,30,3,2,68,9,37,24,3
32,3,21,3,1,43,8,25,20,4
32,5,28,4,2,54,6,31,20,2
68,8,41,4,1,36,6,38,21,1
11,4,23,6,2,38,6,29,21,1
84,9,30,5,2,94,10,31,20,2
97,7,27,4,2,91,12,28,20,1
97,8,31,6,1,89,11,32,18,2
21,4,24,4,4,17,5,23,18,1
54,4,30,4,1,27,8,31,20,1
12,4,22,4,8,30,7,31,21,1
63,5,31,4,1,28,9,31,23,5
91,8,41,4,1,86,10,36,19,1
42,6,30,6,2,28,5,26,21,1
49,4,26,4,1,32,10,29,22,4
4,3,33,5,1,24,4,29,20,1
21,3,33,3,2,5,4,28,24,7
21,4,22,3,5,30,7,32,23,1
88,5,31,3,1,87,14,37,21,1
74,5,35,4,1,92,9,32,19,1
19,1,29,2,2,36,7,24,25,3
73,7,38,4,2,53,9,33,23,3
63,5,27,5,1,71,12,31,20,1
90,6,34,2,2,73,13,33,22,1
22,2,23,2,5,13,7,30,26,3
44,6,30,4,3,11,4,34,20,1
16,5,34,5,3,26,5,26,22,2
34,3,33,2,3,44,7,26,21,2
37,3,24,2,1,5,5,22,23,10
41,6,27,6,1,67,7,28,18,1
30,3,31,3,1,48,7,31,20,1
12,3,27,5,1,37,6,24,18,1
41,4,32,4,1,70,7,27,19,1
80,7,41,5,1,98,10,30,18,1
29,3,29,3,2,25,6,21,20,2
21,3,26,3,2,13,5,25,23,7
53,7,38,5,2,94,9,32,22,1
38,4,31,5,1,86,8,30,23,1
73,5,37,3,1,86,11,37,21,1
57,5,35,4,1,54,7,26,20,2
75,8,26,4,7,36,9,36,23,3
0,3,30,4,5,44,6,34,24,1
94,7,40,4,1,99,15,40,20,1
35,6,27,7,1,44,6,33,16,1
3,3,27,3,3,4,3,24,21,3
19,5,28,6,3,51,5,23,20,2
23,3,34,4,1,59,8,32,20,1
40,5,27,6,1,57,6,29,19,2
68,7,27,5,3,39,8,25,15,2
35,4,23,4,3,12,8,27,21,1
76,5,32,4,1,62,10,32,22,6
6,3,19,5,1,3,5,23,22,4
2,3,33,5,1,66,5,26,24,1
75,6,32,5,1,51,9,28,21,6
54,7,29,7,1,75,6,29,17,2
9,2,29,3,1,45,7,31,24,2
28,3,30,3,5,21,6,22,23,4
67,4,25,3,1,16,7,26,19,2
38,3,29,3,1,11,7,28,22,3
31,2,24,2,1,1,4,26,21,8
65,4,28,2,1,45,8,30,21,2
64,7,35,7,1,81,9,34,20,1
36,2,22,4,1,25,10,26,22,1
17,1,31,4,1,49,7,19,24,1
75,4,32,5,1,95,12,22,16,1
15,3,33,5,1,28,5,21,23,2
64,4,31,3,1,75,11,30,21,1
85,9,45,5,1,94,11,40,20,1
24,3,34,4,1,71,9,32,26,1
57,5,28,3,3,63,11,32,24,2
67,6,27,4,1,71,10,33,21,1
44,4,31,4,1,33,8,27,19,1
57,5,29,4,1,26,8,30,22,7
56,6,27,4,2,70,10,34,23,2
73,5,37,4,1,93,12,32,23,3
11,5,27,5,2,15,4,33,21,1
45,3,26,1,4,38,9,30,25,5
23,3,22,5,1,13,6,25,23,2
48,5,25,5,3,77,8,27,18,1
72,6,35,6,1,99,11,28,17,1
77,9,27,4,3,32,7,34,17,1
67,6,37,5,1,76,9,31,23,2
16,4,30,5,1,13,4,26,21,1
30,3,29,4,1,55,9,26,22,1
5,2,32,2,1,24,5,30,21,2
1,3,27,4,1,14,5,31,24,5
67,4,28,4,1,53,10,27,21,3
6,3,28,5,1,41,5,27,20,1
30,3,32,2,1,23,6,31,22,2
72,4,32,3,1,89,13,30,24,2
85,6,30,4,2,69,10,25,18,1
47,6,31,5,2,80,9,31,20,1
85,5,29,5,1,64,10,28,17,3
30,4,27,5,1,48,9,25,18,1
99,7,31,4,1,62,9,30,18,1
14,5,27,6,1,6,3,27,21,2
23,4,26,4,4,55,6,26,21,1
92,8,34,5,1,91,11,32,17,1
55,5,31,4,1,40,7,32,22,1
64,6,38,5,1,89,11,31,21,1
28,2,30,2,1,58,9,33,25,5
25,3,28,4,1,11,7,28,21,2
11,4,24,3,19,2,5,29,21,1
98,10,35,7,1,84,9,30,18,1
75,6,27,5,1,58,8,30,17,1
48,5,32,2,2,9,7,34,23,6
43,5,32,4,1,44,6,29,19,1
6,4,33,3,8,43,5,33,24,2
1,1,30,3,2,42,6,25,21,1
87,5,31,2,2,89,16,36,26,1
10,4,32,4,2,31,6,30,25,2
92,7,35,5,1,98,13,33,20,2
14,3,28,3,4,49,8,32,23,1
30,2,25,3,1,25,10,24,20,1
23,2,19,2,4,29,8,24,21,2
59,5,25,2,9,38,11,30,19,2
59,4,37,2,1,84,10,33,21,1
62,4,28,1,5,41,10,25,22,4
96,8,33,4,1,71,10,32,19,1
28,2,25,3,2,47,7,26,23,2
26,3,24,4,1,29,7,28,19,1
81,7,29,7,1,89,9,31,20,1
25,5,35,5,1,71,5,34,21,1
62,7,29,7,1,90,9,25,17,1
74,4,29,4,1,56,11,27,23,3
14,3,32,5,1,38,4,21,22,2
0,2,23,5,2,23,8,25,22,1
95,10,46,5,1,91,10,40,20,2
31,6,28,4,3,6,3,31,21,3
74,4,33,2,1,51,11,31,20,2
35,2,27,5,1,25,7,24,18,2
44,3,33,2,1,70,9,33,21,1
17,2,28,2,2,28,8,28,25,4
8,3,23,4,4,25,6,27,21,2
52,6,26,5,1,43,7,32,18,1
80,6,33,3,1,82,10,30,20,3
58,7,33,5,2,76,8,35,20,1
33,5,26,5,3,61,7,29,19,1
85,6,28,4,1,61,9,31,22,5
86,6,31,4,1,99,17,33,19,1
55,5,28,4,2,20,6,28,23,3
93,11,39,6,2,95,12,37,17,1
19,3,32,4,1,43,5,30,21,1
4,2,28,4,1,25,6,22,23,3
4,2,29,5,1,44,7,32,21,1
23,4,31,3,7,39,5,27,22,2
62,5,33,5,1,50,6,28,20,1
80,5,29,1,2,78,12,33,20,3
71,6,30,6,1,91,10,34,18,1
55,5,26,5,1,32,8,28,19,2
95,9,34,7,1,97,12,30,15,1
83,5,30,5,1,87,12,26,21,1
63,8,32,4,3,67,6,31,21,4
74,4,32,3,1,94,13,32,21,1
7,1,26,2,2,24,7,33,25,2
18,3,30,5,1,19,5,22,19,1
73,4,32,3,2,79,12,28,19,1
26,3,32,3,2,24,8,30,25,1
88,7,36,3,1,84,10,39,24,5
5,1,24,4,1,1,3,17,18,3
98,6,30,3,1,86,11,34,19,2
72,4,28,4,1,77,12,27,17,1
41,6,33,6,2,62,6,29,21,1
46,6,25,4,2,9,7,33,21,4
43,6,24,5,2,39,7,35,18,1
60,4,31,1,1,9,6,29,21,2
17,2,20,4,1,24,7,30,19,2
40,6,35,5,2,67,8,30,22,1
97,11,33,8,1,93,10,34,19,2
67,7,35,6,1,89,8,31,20,1
70,8,32,5,2,85,8,31,19,1
17,4,26,6,2,17,6,25,19,1
53,5,32,3,5,60,9,33,23,2
38,4,24,4,3,30,6,23,21,5
6,4,33,6,1,10,3,31,23,1
62,5,32,3,1,56,7,32,22,2
97,6,32,4,1,88,14,34,20,1
86,9,36,5,1,49,8,37,22,1
62,7,30,5,2,33,8,29,19,2
56,4,28,4,1,34,10,29,21,4
56,7,37,5,1,46,4,30,21,5
57,4,33,3,2,68,11,33,24,3
10,4,28,5,3,50,8,31,22,1
54,7,35,5,2,48,8,32,19,1
70,5,31,3,1,62,12,30,21,2
35,3,29,2,3,25,5,26,25,4
21,1,29,3,1,13,7,24,21,1
61,4,29,3,1,44,8,25,22,5
48,6,28,6,2,60,7,26,17,1
22,2,32,0,1,8,5,27,21,3
32,5,25,6,1,34,7,28,17,1
58,3,33,4,1,76,11,28,21,2
42,3,23,2,2,30,11,29,24,5
88,11,29,7,1,60,9,36,20,3
22,1,23,2,1,21,6,27,23,3
80,8,28,5,3,44,10,29,16,2
58,6,29,5,1,27,5,30,22,3
7,2,23,4,1,33,8,31,23,2
29,2,23,3,1,62,10,26,23,2
95,12,43,5,1,96,9,40,21,1
34,4,33,4,2,83,10,35,23,1
3,3,26,5,1,31,6,30,19,1
3,1,28,3,3,45,7,25,26,1
46,4,35,4,1,79,8,28,23,4
37,3,30,3,2,40,9,27,23,2
82,8,32,3,2,43,7,35,20,3
0,2,30,4,1,13,3,24,21,2
37,3,33,4,1,55,7,19,20,2
0,3,27,4,3,2,4,28,21,1
75,6,39,6,1,99,12,31,20,1
1,1,23,2,5,7,7,27,20,2
61,5,28,4,1,13,6,26,18,3
46,5,27,4,4,60,7,29,18,1
37,4,32,3,4,30,6,25,20,1
19,3,26,2,3,3,5,32,21,4
19,2,33,5,1,79,7,27,20,1
55,5,32,4,1,71,9,33,22,2
34,5,23,6,2,45,6,26,18,1
93,10,34,8,1,77,10,37,17,1
86,6,28,2,3,64,11,33,21,2
88,6,26,3,2,33,12,35,23,5
77,7,26,7,1,83,13,29,21,2
2,3,28,2,6,13,5,29,22,2
69,7,32,6,1,77,8,37,19,1
89,10,30,5,1,60,8,37,20,2
98,11,28,8,1,92,10,31,16,1
59,6,36,5,1,80,8,35,21,2
47,6,25,4,3,30,6,32,21,2
82,9,36,5,1,66,8,33,18,1
77,4,28,5,1,77,11,28,18,1
39,3,22,2,2,14,9,36,23,5
75,7,37,3,1,62,8,38,21,2
20,4,30,2,3,9,5,33,23,4
7,2,31,3,3,40,7,27,26,2
69,7,26,5,4,55,8,29,18,1
68,8,26,6,1,42,7,32,15,2
85,6,39,3,1,91,10,28,19,1
86,7,32,5,1,98,13,33,16,1
83,9,31,4,5,74,11,33,18,1
9,4,31,4,2,9,2,32,21,2
70,6,35,4,1,96,12,37,21,1
24,2,28,1,5,37,10,29,22,2
50,3,28,1,1,8,8,33,24,9
96,6,35,5,1,98,12,31,17,1
18,2,20,2,3,0,5,29,24,6
5,1,31,1,3,14,5,22,22,3
2,3,30,5,1,26,6,27,22,1
83,6,29,2,5,82,12,35,22,1
38,6,33,3,2,42,5,38,21,2
60,6,32,4,4,69,9,33,23,1
64,7,28,5,6,66,11,35,19,1
33,4,28,4,4,23,7,28,19,2
47,6,25,7,1,78,10,31,19,1
9,4,26,5,2,1,3,27,19,1
75,8,28,6,1,76,9,36,20,2
85,10,31,7,1,76,10,39,18,1
92,6,29,2,1,35,8,32,20,3
45,7,25,6,1,12,6,29,19,3
34,5,25,4,4,12,6,32,19,1
56,4,26,2,2,28,8,30,24,4
54,6,27,3,7,49,7,32,24,2
4,3,23,5,2,3,5,25,18,1
62,4,23,5,1,23,7,24,18,1
24,4,32,3,4,6,4,26,20,2
62,6,29,4,5,68,9,31,19,1
53,7,25,5,3,17,7,35,20,1
2,3,29,3,7,10,4,28,24,4
86,9,33,5,1,68,9,32,20,2
70,6,39,6,1,97,13,32,19,1
88,5,27,5,1,80,15,30,16,1
48,3,30,2,1,59,11,35,23,2
55,6,36,5,1,45,7,31,21,1
68,8,30,4,2,49,7,34,19,2
27,3,26,3,1,10,5,28,22,5
25,2,25,4,1,41,10,24,22,2
43,3,31,4,1,26,8,29,21,1
96,7,30,4,1,85,14,33,20,2
93,7,33,5,1,95,15,38,21,1
32,5,30,5,1,69,6,28,21,3
81,5,35,3,1,80,11,37,24,3
40,5,32,5,1,62,6,24,22,2
55,3,34,4,1,80,11,30,21,2
17,4,32,3,2,5,2,28,23,10
69,5,31,3,4,90,10,29,21,1
14,3,25,3,5,5,5,27,20,1
25,2,20,3,1,2,7,24,20,2
74,8,32,4,2,41,7,30,19,3
24,2,33,4,1,51,8,31,20,1
24,4,34,5,1,83,7,30,20,1
66,5,29,3,1,12,6,27,21,11
9,1,31,2,1,2,4,26,26,7
41,5,29,5,1,35,6,27,20,1
58,4,36,4,1,93,10,28,21,2
35,5,25,5,1,6,6,30,23,3
52,4,36,2,1,50,8,34,21,3
56,6,36,5,1,77,9,37,22,1
66,5,25,2,3,17,7,24,18,3
76,5,30,2,1,58,11,37,21,3
97,6,37,4,1,99,13,32,19,2
36,5,30,6,1,14,4,28,18,1
60,6,38,4,1,68,7,29,20,2
68,7,29,6,1,71,7,30,19,1
74,5,35,4,1,96,13,36,22,1
83,6,25,6,1,48,12,32,19,4
46,4,26,4,1,14,7,28,22,4
63,4,29,1,5,40,10,29,25,4
96,11,31,5,1,63,7,33,14,2
97,5,37,4,1,98,15,35,20,1
36,6,24,6,2,48,7,31,19,2
0,4,29,4,2,15,3,28,23,3
67,7,35,4,1,33,6,34,20,1
64,8,30,5,2,59,7,33,19,1
2,3,26,5,1,7,4,28,23,1
25,4,29,6,1,29,5,29,21,3
7,1,27,4,1,34,5,22,21,2
9,2,23,5,1,61,9,26,19,1
93,10,29,5,3,92,11,32,21,3
40,5,26,6,1,67,7,30,18,1
29,2,24,2,3,49,10,28,23,4
33,5,32,3,6,10,5,28,19,2
3,2,30,3,1,14,4,29,25,3
76,9,37,6,1,68,8,39,22,1
74,8,26,4,10,65,11,37,20,1
5,2,24,3,3,2,5,29,21,1
76,9,35,4,5,60,9,34,20,1
83,8,27,4,3,42,7,32,23,3
83,7,31,4,1,76,11,36,21,1
45,6,32,4,5,53,6,28,21,2
69,5,36,5,1,60,8,27,21,5
99,12,40,8,1,82,9,34,17,1
32,6,35,6,1,84,9,34,23,1
97,9,29,7,1,83,13,35,18,1
52,4,34,2,4,64,10,30,21,1
58,7,37,6,1,97,10,34,21,1
90,10,40,6,1,95,8,37,18,1
36,3,23,5,1,27,9,23,20,1
63,6,27,4,1,64,11,39,19,1
46,4,31,3,1,32,7,25,22,1
55,5,37,5,1,94,12,34,22,1
70,6,30,5,2,87,13,33,19,1
28,3,24,2,5,19,6,29,22,2
82,6,33,5,1,99,14,34,21,1
78,5,33,4,1,76,9,27,19,2
88,9,33,7,1,91,11,36,18,1
35,6,30,7,1,73,7,34,21,1
84,8,42,3,3,93,11,39,22,1
5,3,33,4,1,40,5,33,21,1
83,5,31,3,1,58,11,27,20,5
98,12,33,8,1,89,10,33,19,2
13,3,25,2,6,2,5,26,24,3
48,6,32,6,1,30,6,32,22,2
16,4,35,3,3,24,5,29,20,1
33,3,26,1,3,24,9,33,22,2
78,7,33,4,1,83,8,30,20,2
1,4,23,4,9,3,4,25,22,1
47,3,34,1,3,73,9,25,20,3
15,3,30,5,1,16,5,23,18,1
38,4,32,3,3,27,6,25,24,3
22,2,23,1,3,23,9,34,26,4
67,7,32,4,1,38,5,32,22,3
64,4,35,2,1,28,8,29,20,3
27,3,29,2,5,31,6,23,22,2
52,3,33,1,1,22,6,30,25,7
10,4,29,6,1,8,4,26,20,1
86,5,29,4,1,76,10,27,20,2
75,5,34,2,1,52,8,30,23,3
45,7,31,5,1,38,4,31,19,2
31,5,31,6,1,68,5,31,18,1
62,6,32,6,1,62,7,24,16,1
44,4,31,2,2,54,8,34,21,1
83,7,31,3,5,59,10,32,21,2
20,2,27,3,1,7,7,24,24,3
10,4,20,4,3,4,4,26,19,3
95,6,33,2,1,52,8,32,24,5
82,8,27,4,4,32,9,30,17,1
43,3,33,3,1,79,9,35,23,1
78,8,27,5,1,22,6,31,22,6
40,6,25,4,5,6,3,28,22,4
81,5,38,2,1,71,9,27,22,3
45,4,26,5,1,22,9,32,22,2
87,7,26,3,3,43,10,33,23,4
6,1,21,5,1,16,5,20,21,2
46,3,33,3,1,84,11,30,23,2
5,3,26,5,1,24,6,26,19,1
29,4,32,2,4,14,4,23,21,6
43,3,29,2,1,20,6,30,23,3
13,4,31,4,2,10,3,34,21,1
5,2,21,4,1,0,3,23,23,7
65,4,31,4,1,90,11,32,21,1
76,9,29,5,6,61,10,33,20,1
82,5,34,5,1,90,12,24,21,2
67,6,38,3,5,80,8,29,24,2
71,4,35,1,1,36,9,35,21,2
95,8,31,5,1,91,12,37,18,1
26,2,30,3,1,17,5,25,24,8
4,2,26,5,1,36,6,18,20,2
97,6,34,5,1,88,15,30,19,1
41,3,30,3,1,36,10,31,23,2
95,9,39,5,1,87,11,40,22,2
84,5,26,5,1,93,18,32,20,1
36,3,35,2,1,39,7,36,27,5
2,2,28,4,1,35,7,23,20,1
28,4,24,5,2,30,7,31,21,2
99,10,34,8,1,97,12,29,19,1
0,3,28,3,7,1,1,22,19,2
90,6,39,3,1,84,11,31,21,1
75,8,35,5,2,97,13,38,18,1
1,3,32,5,1,69,5,26,19,1
69,8,27,4,2,18,5,32,19,2
32,3,27,2,2,36,9,33,22,3
96,6,29,4,1,67,14,30,20,3
7,2,25,5,1,17,5,28,20,1
90,8,29,4,2,82,12,38,21,1
25,5,25,5,3,5,5,28,18,1
42,4,29,4,1,68,7,27,19,1
9,5,30,4,3,2,1,30,25,4
45,4,32,4,2,83,9,25,21,2
52,7,27,4,10,26,5,28,23,3
34,4,24,4,4,50,8,29,21,1
71,9,28,6,1,29,6,32,17,2
70,7,38,5,1,86,9,36,22,1
56,6,33,6,1,87,10,32,23,1
74,6,28,4,1,25,8,29,22,6
28,2,30,1,2,13,4,24,21,4
12,4,31,3,2,29,4,33,21,1
79,6,30,5,1,89,12,33,19,1
83,6,36,2,2,92,14,37,23,1
70,7,34,6,1,72,7,31,19,1
31,5,24,7,1,18,7,29,20,2
69,4,28,4,1,93,15,32,23,2
57,7,32,5,1,62,6,36,21,3
55,4,27,4,1,74,12,27,18,1
33,2,34,4,1,92,9,26,21,1
15,4,23,5,1,3,4,25,22,3
47,7,31,4,7,48,7,33,19,1
4,3,27,3,10,35,5,27,23,2
76,4,36,4,1,90,15,31,22,1
10,2,27,4,3,15,6,23,24,2
35,3,27,5,1,42,8,25,21,1
93,6,27,5,1,77,14,28,21,1
48,3,32,4,1,54,9,28,21,2
48,6,30,4,1,17,4,29,20,1
4,2,21,4,1,0,3,25,20,4
7,4,32,5,1,16,3,28,19,1
18,3,32,4,1,74,6,23,22,2
69,4,34,2,1,28,7,30,21,2
31,3,27,4,1,54,7,28,22,1
65,8,29,7,1,71,10,34,20,2
61,7,31,5,2,80,7,31,17,1
13,1,26,2,3,41,7,26,22,4
17,4,25,3,11,9,6,31,21,1
23,2,33,2,1,7,4,29,26,7
71,5,33,3,1,81,10,34,21,2
48,5,26,6,1,36,8,27,21,1
14,1,30,1,4,20,8,28,23,1
0,2,30,3,1,16,5,34,26,5
49,3,26,4,1,25,8,22,22,5
24,5,33,3,10,58,5,30,22,1
40,5,30,2,5,62,9,36,21,1
79,5,30,6,1,96,14,28,19,1
10,3,28,5,1,4,3,26,19,2
62,8,27,5,2,40,5,31,16,2
49,6,25,6,1,62,7,32,21,3
67,5,25,5,1,33,8,23,19,1
21,4,32,5,2,26,4,20,17,1
89,5,36,3,1,85,14,31,22,1
95,9,37,3,1,61,8,39,19,2
88,6,28,4,1,46,12,30,21,2
2,4,25,4,2,0,2,29,19,2
60,5,30,2,7,57,9,28,20,1
45,5,32,5,1,55,7,25,21,4
71,6,37,3,1,48,7,31,23,2
39,3,35,4,1,93,9,28,23,2
65,5,35,3,1,78,11,40,26,1
67,5,34,3,1,74,9,25,21,1
7,2,30,3,2,28,5,22,20,1
18,2,23,4,2,24,9,27,20,1
86,7,31,5,1,61,12,29,19,2
28,4,28,3,2,5,5,29,24,2
54,4,24,4,1,59,10,27,19,1
52,4,34,5,1,98,12,28,22,1
63,4,37,2,1,64,9,31,20,2
60,6,38,6,1,75,10,29,21,2
85,7,30,4,2,65,10,28,21,3
11,2,31,4,1,22,5,22,19,1
83,7,31,4,2,50,9,28,16,1
46,5,29,4,2,13,5,28,22,7
4,2,17,2,6,0,4,26,25,7
25,3,31,4,1,23,7,25,22,1
73,5,26,4,1,24,9,30,22,8
79,6,27,3,1,22,7,32,20,6
28,4,31,5,1,58,7,29,24,1
83,7,35,3,2,95,11,34,21,2
92,7,38,4,1,94,15,33,23,1
31,5,25,3,6,23,6,35,23,3
55,4,26,4,1,72,13,34,22,1
57,6,34,6,1,65,7,29,20,1
37,6,29,4,5,65,7,33,23,1
36,5,27,5,2,24,6,31,21,1
40,4,28,2,3,13,7,33,25,8
51,7,30,4,3,59,6,33,23,3
82,8,31,4,1,44,8,39,20,1
52,4,27,3,2,30,8,19,20,4
93,7,40,3,3,93,10,32,23,2
21,3,27,2,10,10,5,24,22,1
73,5,25,3,1,20,9,26,20,5
9,2,28,5,1,22,5,21,22,1
16,3,22,4,2,2,5,27,23,4
79,5,38,4,1,93,11,33,22,4
6,2,30,5,1,56,7,24,24,2
6,1,27,3,1,19,6,23,23,3
30,5,29,5,1,52,5,31,19,1
76,9,32,4,3,60,9,44,22,1
55,6,37,4,1,66,6,29,21,2
53,3,36,3,1,68,9,30,21,2
70,6,36,5,1,73,8,35,20,1
5,2,23,4,1,3,3,19,19,2
99,6,39,2,2,94,11,31,21,1
56,7,27,6,2,81,10,35,19,1
97,8,33,5,1,91,10,29,18,2
93,6,28,6,1,94,13,25,19,4
2,3,23,4,7,23,7,28,20,1
84,7,36,3,1,63,8,33,20,5
23,4,25,4,2,5,3,25,22,2
61,4,30,4,1,50,7,25,17,2
77,7,38,6,1,80,9,32,22,2
93,7,45,5,1,99,12,33,22,2
1,2,25,2,4,2,3,22,20,2
74,6,28,4,1,30,9,36,23,4
16,4,21,4,5,0,3,26,21,5
57,7,32,4,2,38,5,26,17,1
50,6,29,4,1,47,6,33,22,2
34,5,31,6,1,81,7,26,19,1
19,2,30,2,3,22,7,25,22,1
24,5,30,5,2,67,6,25,17,1
27,4,22,5,1,8,5,27,22,6
93,6,28,2,3,58,13,32,23,6
83,5,26,3,2,72,11,27,24,3
34,3,30,3,1,56,9,30,21,1
89,7,29,4,1,59,13,32,21,1
92,5,37,4,1,96,16,35,18,1
79,7,34,4,2,90,10,29,22,2
4,4,27,5,2,6,4,37,25,2
71,7,27,4,7,72,9,30,18,2
96,7,31,3,4,89,15,37,20,1
84,6,26,2,3,34,8,30,19,3
8,1,16,1,5,5,7,31,22,3
82,8,38,5,1,72,10,36,21,1
83,6,26,6,1,46,9,24,19,4
94,9,36,6,1,94,11,38,18,1
65,5,26,4,1,26,8,29,20,2
65,7,30,7,1,63,10,32,20,1
16,2,21,2,9,23,8,28,24,2
44,4,25,5,1,22,7,22,16,1
48,5,25,6,1,11,6,29,19,2
11,2,30,2,3,36,7,30,26,2
10,2,23,1,8,4,4,18,21,5
55,4,25,5,1,44,8,20,19,1
1,0,29,3,1,15,6,22,25,2
14,4,31,6,1,25,4,24,20,3
39,3,24,4,1,25,8,25,20,1
88,8,31,7,1,77,10,26,14,1
73,5,30,2,3,69,11,32,22,3
61,5,27,4,1,55,10,35,19,1
82,8,35,5,1,95,9,32,22,1
11,2,30,4,1,35,8,25,24,1
4,2,24,4,1,16,6,31,22,3
90,9,30,5,1,63,9,33,20,1
85,5,27,5,1,71,11,24,20,1
65,4,35,4,1,81,9,23,18,1
90,10,38,7,1,89,10,38,20,1
32,5,34,4,2,51,6,32,22,3
30,4,25,5,1,24,8,25,19,1
6,4,30,3,3,2,2,31,22,1
20,4,32,4,1,55,7,35,24,1
15,2,25,3,1,5,4,22,23,14
91,6,35,3,2,79,13,34,24,4
57,5,27,5,1,24,8,33,21,1
1,3,28,3,8,26,6,34,25,3
55,7,36,5,3,92,9,32,21,1
6,2,29,2,2,10,5,32,22,3
15,1,28,4,1,64,9,24,21,1
76,5,26,4,1,80,12,32,21,4
33,5,34,2,5,13,4,25,19,2
58,6,34,5,1,52,8,31,22,1
80,10,28,6,1,72,10,41,17,1
36,6,29,4,3,16,4,32,22,2
56,7,37,6,1,96,11,37,20,1
69,7,27,5,3,59,10,29,18,1
68,7,28,4,1,25,5,30,19,4
2,2,32,2,6,21,6,28,24,2
98,8,33,4,2,93,15,40,22,1
85,7,30,5,1,70,11,33,21,1
74,7,30,4,2,43,6,29,22,6
87,6,26,4,1,48,9,26,16,3
37,5,25,6,2,31,7,26,20,1
36,2,30,4,1,79,9,30,24,2
96,10,31,4,2,73,11,42,22,3
63,8,31,4,2,17,7,37,23,5
43,6,33,4,1,40,5,36,20,2
82,6,36,5,1,75,8,25,19,1
96,5,28,4,1,97,14,28,18,2
92,6,33,3,1,82,11,34,20,2
67,8,26,6,2,36,9,35,19,1
53,3,30,3,1,60,7,27,21,8
59,7,37,6,1,51,5,30,21,1
69,5,34,2,2,47,7,31,22,2
7,3,32,5,1,27,6,26,20,1
69,6,33,4,1,75,9,36,20,1
98,7,30,3,3,44,10,29,18,2
90,9,41,4,1,87,10,45,20,2
16,1,31,4,1,59,7,23,22,2
85,5,30,3,2,68,10,28,22,3
61,5,35,3,1,56,6,27,18,2
36,6,26,7,1,59,6,32,20,1
53,3,28,2,1,25,9,33,26,6
75,8,34,6,1,66,8,34,19,1
60,5,29,4,1,28,8,28,22,3
58,7,29,4,2,57,8,37,21,2
72,5,37,3,1,98,15,38,22,1
81,6,32,3,1,43,9,37,23,4
57,5,31,6,1,51,9,29,17,1
21,5,26,5,1,15,4,28,22,5
19,1,30,2,1,50,9,33,27,2
73,8,34,4,3,74,9,43,22,1
22,4,23,4,3,4,4,22,16,2
28,2,20,4,1,60,12,29,22,1
57,4,27,4,1,56,8,29,22,5
89,10,31,4,2,70,7,34,19,1
71,7,33,4,1,41,8,38,22,2
23,5,26,3,5,1,2,30,22,6
32,3,28,5,1,48,7,27,22,1
9,4,31,5,1,26,3,26,23,2
24,2,31,2,1,51,8,30,25,5
98,8,27,6,1,86,15,33,17,1
40,6,34,7,1,83,9,33,20,1
20,5,30,4,1,8,5,34,22,1
60,7,28,5,2,70,9,33,19,1
35,4,30,4,2,22,6,26,24,1
8,2,19,4,2,12,5,24,20,2
26,3,30,4,1,51,6,31,21,2
1,2,25,4,1,14,6,26,24,4
11,2,22,1,8,9,5,20,24,11
44,6,35,4,2,32,6,32,22,1
2,4,29,6,2,36,4,27,19,1
87,5,39,2,2,96,15,34,20,1
91,7,36,4,2,84,12,30,20,1
35,5,29,3,9,32,6,28,19,2
16,3,21,4,1,19,6,28,20,4
6,2,28,2,5,4,5,27,25,3
79,5,32,4,1,96,13,26,21,1
87,10,30,5,1,45,9,39,18,1
69,5,26,5,1,54,11,30,20,1
30,3,31,4,1,65,7,24,19,1
24,3,29,4,1,24,7,32,23,2
85,6,30,3,2,65,9,34,23,3
17,3,25,2,8,6,5,28,25,3
79,8,33,3,6,93,11,35,21,2
9,1,27,3,1,51,7,25,24,2
12,3,32,3,2,28,4,28,20,1
70,6,35,4,1,71,7,30,22,1
14,3,28,4,1,34,4,25,21,3
55,7,39,5,1,90,9,40,22,1
0,2,29,3,3,1,3,25,24,5
82,8,31,6,1,98,13,34,20,1
4,4,28,3,9,12,4,35,22,1
74,7,26,5,1,69,9,34,18,1
8,0,28,1,3,33,6,27,25,2
39,4,30,4,1,15,5,26,18,3
21,5,27,6,1,11,4,32,19,1
60,5,28,5,1,85,10,27,18,1
95,7,36,5,1,81,10,31,20,3
25,6,26,6,1,53,8,34,21,1
90,9,33,4,1,36,8,33,20,7
84,9,29,6,1,82,10,38,19,1
93,6,32,3,2,56,11,28,20,5
73,6,27,6,1,80,9,30,18,1
30,5,29,3,4,22,4,29,18,2
10,1,22,3,1,1,5,26,25,6
12,4,24,4,2,13,4,29,21,3
1,3,28,4,3,29,4,29,22,1
68,5,28,3,1,42,8,31,22,2
7,3,31,5,1,60,6,25,22,1
39,3,23,3,4,37,8,25,23,2
63,4,28,4,1,59,9,23,20,2
8,3,27,2,4,7,3,31,25,5
68,6,35,5,1,88,9,30,21,2
45,5,28,5,1,54,8,31,20,2
45,3,31,2,2,41,10,25,20,2
44,6,29,7,1,49,6,28,20,4
30,5,30,5,4,70,6,26,20,2
50,4,26,3,5,54,10,29,19,1
99,6,30,5,1,87,15,34,19,1
25,4,24,4,2,10,5,25,19,1
16,5,31,3,4,4,3,32,21,2
97,6,38,3,1,91,14,33,20,1
66,6,26,5,1,39,8,33,20,3
1,3,24,3,7,0,2,28,22,2
62,6,27,3,2,59,8,35,23,4
54,3,26,2,4,38,8,20,21,5
73,5,27,6,1,78,12,33,20,3
12,2,31,4,1,25,3,24,19,2
32,4,33,4,2,67,9,32,23,1
76,8,32,4,1,78,9,37,22,1
44,4,27,4,1,51,7,30,21,1
0,4,30,3,5,7,3,32,21,3
22,2,29,4,1,33,8,29,24,6
22,3,34,5,1,31,4,20,22,2
81,6,30,4,1,94,14,33,19,1
8,3,32,5,1,17,6,27,19,1
91,6,32,4,1,82,12,34,24,2
45,6,29,6,1,83,11,37,21,1
88,9,40,7,1,99,13,40,20,1
0,0,27,2,2,39,8,26,23,2
38,3,27,2,2,28,6,31,24,2
83,5,37,5,1,86,9,23,18,1
8,1,30,3,1,24,7,29,23,1
82,5,34,3,1,85,12,38,23,4
2,3,21,4,3,1,5,31,24,2
89,8,36,3,2,68,10,33,18,1
24,5,24,3,5,3,3,27,19,8
14,3,30,3,3,40,8,31,24,2
63,5,38,3,1,38,6,33,24,5
88,8,30,7,1,82,12,36,20,2
10,3,30,4,1,22,4,23,23,4
26,3,23,5,1,23,8,24,22,1
18,4,29,4,2,12,3,28,22,4
68,5,31,4,1,85,11,33,24,1
27,5,30,6,1,50,6,27,18,1
15,3,27,2,8,24,7,30,25,3
68,7,26,6,2,68,10,35,20,1
61,6,32,3,2,76,8,34,19,2
89,8,45,3,2,82,10,34,23,2
27,4,33,3,3,45,8,31,21,1
80,6,36,3,1,93,13,40,20,1
16,5,27,4,4,6,5,33,22,2
24,4,28,3,2,9,6,37,23,1
93,10,37,7,1,83,8,28,16,1
80,7,28,7,1,47,10,32,21,2
59,6,37,4,2,88,8,29,18,1
76,4,26,5,1,92,16,34,21,1
7,4,22,4,8,0,2,27,21,5
84,7,30,5,1,95,15,35,18,1
34,2,22,4,1,8,6,23,18,2
88,5,37,2,1,74,9,31,23,7
8,1,30,1,2,5,5,24,25,3
41,5,24,6,1,63,7,26,17,1
25,2,27,3,1,44,8,29,22,3
16,4,25,5,1,39,5,27,21,3
83,7,32,5,1,50,7,31,22,5
92,10,35,5,1,83,11,40,21,1
56,7,37,4,3,44,5,29,18,1
40,3,28,3,1,44,8,25,21,4
42,3,25,3,1,9,8,28,23,7
60,5,35,4,1,84,11,37,20,1
94,6,33,3,2,97,18,37,24,1
54,6,29,6,1,51,7,29,21,1
92,11,33,4,3,84,10,40,18,1
51,6,32,4,2,23,7,34,19,1
37,3,34,2,5,44,7,26,23,3
68,6,29,3,3,19,8,31,20,2
98,7,31,3,2,82,11,28,18,1
57,7,30,6,1,75,9,35,20,2
64,6,31,5,1,83,12,34,22,1
13,5,23,5,4,16,5,29,23,2
12,2,24,1,5,17,6,27,23,3
64,7,32,5,1,55,7,34,22,2
83,8,41,3,4,94,10,33,22,1
58,6,27,6,1,29,7,31,18,2
19,2,33,4,1,33,8,26,25,1
31,4,24,5,1,17,7,34,20,1
74,7,30,4,2,45,7,32,20,1
59,6,35,6,1,58,8,34,19,1
98,5,37,4,1,80,13,31,22,1
9,2,18,4,1,2,5,23,22,3
78,5,30,5,1,73,12,31,18,1
3,4,31,3,9,31,3,31,24,4
67,4,26,5,1,43,10,26,20,4
65,5,35,4,1,87,10,36,25,2
35,3,32,2,3,18,7,30,24,2
97,10,36,4,1,75,11,41,20,1
1,2,23,2,10,0,2,19,21,7
7,3,21,4,4,6,3,24,20,6
18,4,27,4,3,12,4,24,18,2
18,5,35,3,3,25,2,32,25,2
47,4,30,3,3,76,11,34,23,1
68,5,37,2,1,87,13,40,23,1
41,5,32,6,1,82,10,28,18,1
75,5,33,3,1,48,10,31,22,3
58,4,31,3,1,71,10,25,20,1
59,5,33,4,1,42,8,28,20,2
11,3,30,4,1,9,3,21,20,1
14,5,31,4,4,27,5,32,23,1
25,3,31,3,1,13,4,26,24,5
1,3,25,5,2,21,5,28,21,1
28,4,29,4,1,12,4,28,20,1
99,6,36,5,1,97,12,28,19,1
73,8,27,5,3,62,10,31,18,1
52,4,34,3,1,40,7,27,24,2
54,5,33,3,1,40,8,37,24,1
96,7,29,6,1,55,12,33,20,2
91,9,28,4,1,67,9,36,20,8
62,5,35,3,1,41,6,27,21,3
78,8,28,5,2,75,8,32,20,1
20,3,22,3,7,7,5,27,20,1
85,7,27,6,1,86,10,34,18,1
42,3,30,4,1,90,14,29,20,1
65,7,34,6,1,62,7,32,22,1
35,6,27,7,1,52,5,33,23,2
34,4,30,5,1,36,5,25,19,1
80,5,31,3,1,68,9,32,21,1
76,8,27,8,1,89,13,34,19,1
64,7,31,3,6,63,7,28,19,4
78,4,29,3,1,72,11,29,22,1
35,6,30,5,1,20,4,32,19,1
91,11,36,4,3,67,8,36,22,1
42,4,35,2,5,67,7,26,20,2
48,4,32,4,1,78,8,26,22,2
68,4,37,2,2,94,14,33,23,1
1,3,22,4,5,0,1,20,20,5
32,2,33,3,1,34,6,24,20,3
51,7,30,4,3,9,3,27,17,2
44,6,29,6,1,64,9,31,20,1
99,10,36,6,1,84,11,38,21,1
20,1,22,4,1,7,7,25,23,6
99,8,29,4,1,40,9,32,17,2
99,8,40,5,1,83,11,33,19,1
5,3,27,3,9,31,7,30,22,1
16,2,22,3,1,23,7,31,21,1
57,5,24,4,2,49,11,31,21,1
70,9,37,4,1,30,4,32,23,5
14,3,27,3,2,0,5,28,22,1
74,8,33,5,1,50,7,30,21,5
85,9,38,4,2,87,9,37,24,2
35,4,28,4,1,12,5,31,20,2
23,5,35,4,1,6,3,33,20,1
34,4,32,3,1,41,8,36,26,2
7,1,31,1,3,11,5,20,25,4
4,1,32,4,1,72,9,29,22,1
9,5,30,6,3,14,5,26,22,2
89,5,30,5,1,99,19,36,21,1
66,6,25,4,4,64,10,31,20,1
71,5,33,3,1,71,10,27,22,3
42,6,26,7,1,66,8,32,22,1
47,4,32,5,1,67,9,28,19,1
15,4,31,4,3,71,8,32,22,1
25,3,29,4,1,33,8,32,23,2
57,7,32,4,4,34,8,32,21,1
45,3,29,5,1,41,9,25,22,5
7,3,26,6,1,1,2,25,22,5
0,2,29,4,1,33,5,25,24,4
80,7,26,5,1,41,7,30,20,4
46,6,30,4,2,41,7,36,22,6
47,3,35,4,1,63,9,28,20,1
29,2,31,2,1,43,8,34,23,1
89,6,28,6,1,94,15,37,17,1
27,2,30,1,1,37,7,31,22,4
34,5,35,3,2,65,5,32,21,3
20,5,25,6,1,3,3,28,21,6
30,3,33,2,1,68,7,29,21,1
73,6,26,5,1,60,9,31,20,2
67,5,25,3,4,21,8,27,23,5
58,6,32,3,5,80,11,35,23,3
44,6,34,5,1,23,5,29,20,4
73,4,33,4,1,98,16,32,23,1
35,3,24,4,1,14,7,22,22,2
3,4,27,6,2,18,5,27,19,1
11,4,26,4,5,34,5,22,20,3
7,4,32,4,6,25,6,31,23,1
94,7,32,4,1,63,9,33,21,1
38,4,23,4,1,40,8,36,24,3
95,9,32,4,3,86,11,35,20,1
49,6,27,3,3,5,5,34,22,4
21,3,32,2,2,27,4,29,23,5
32,6,35,5,1,66,7,41,21,1
37,4,30,4,1,45,6,31,24,2
73,6,33,3,1,48,8,34,23,7
30,4,24,3,4,24,7,29,19,2
50,4,27,3,2,39,8,23,20,3
19,2,29,5,1,66,7,24,18,1
77,6,33,5,1,73,11,35,20,1
36,3,25,3,2,9,5,22,23,5
75,6,39,5,1,73,8,29,22,1
99,9,34,3,2,47,7,31,21,2
0,3,30,4,4,8,2,18,21,4
87,8,37,5,1,87,9,33,20,1
87,10,28,5,6,86,11,37,21,1
56,5,32,4,2,62,10,27,19,1
41,3,32,4,1,75,10,23,19,1
2,1,25,2,5,10,7,25,23,1
59,4,24,3,3,43,8,21,21,7
66,5,30,2,4,26,10,32,22,1
25,5,30,4,4,10,3,26,21,1
24,5,30,7,1,43,5,27,19,1
46,4,35,4,1,29,8,33,24,1
22,5,30,4,5,57,5,28,21,1
37,4,33,3,1,55,6,35,23,3
13,3,29,5,1,45,5,24,20,1
37,6,34,7,1,45,5,24,18,1
44,6,27,4,2,15,5,34,22,2
55,5,29,5,1,50,8,28,19,2
14,2,33,4,1,53,6,32,22,1
88,7,32,6,1,97,10,31,21,2
10,1,17,3,2,13,6,18,23,3
47,5,37,2,3,45,6,27,21,1
68,5,30,4,1,72,10,31,23,3
35,4,29,2,6,20,7,30,23,3
69,6,35,3,1,62,9,40,21,1
93,6,39,4,1,97,12,29,21,2
86,7,37,4,1,76,12,34,21,1
79,6,39,5,1,95,9,29,19,1
67,7,34,4,4,65,7,28,19,1
99,9,33,5,2,95,14,36,22,2
37,4,33,4,1,76,7,29,21,1
15,3,30,5,1,20,5,27,22,2
1,3,24,4,2,0,3,31,21,4
91,8,38,6,1,91,11,31,17,1
53,5,34,3,2,83,8,32,24,2
7,1,30,1,1,1,5,29,28,3
2,1,31,4,1,13,4,25,22,1
95,6,31,5,1,97,12,29,15,1
57,6,36,4,1,34,7,33,20,1
82,5,31,3,1,41,8,28,22,5
91,10,34,7,1,87,11,40,22,1
22,3,27,4,2,43,7,27,23,2
68,8,27,6,1,46,9,36,17,1
95,6,39,4,1,88,11,26,20,2
83,8,36,5,1,94,11,43,22,1
99,10,44,4,1,76,9,37,21,3
85,6,28,4,1,78,11,34,20,1
13,3,24,5,1,23,7,24,21,1
38,2,25,2,3,14,7,21,22,4
96,7,35,6,1,98,14,36,21,1
67,7,26,5,1,54,7,29,16,3
69,6,25,6,1,81,9,28,19,1
47,4,29,5,1,62,10,28,20,1
57,6,27,6,1,52,9,33,18,1
91,5,29,2,1,87,14,36,21,1
20,3,24,2,7,20,6,26,24,2
91,11,41,6,1,86,8,30,18,2
72,7,28,5,1,84,9,32,20,1
34,4,23,4,2,39,10,32,21,1
89,8,41,6,1,95,11,33,22,1
71,7,33,3,2,66,9,38,24,1
89,5,32,2,2,75,14,31,22,1
42,3,24,5,1,69,12,30,19,1
63,6,31,5,1,56,10,32,20,1
67,5,28,5,1,68,11,28,23,2
99,7,34,4,1,97,15,42,23,1
79,8,30,4,2,47,8,36,21,4
44,5,36,4,1,83,8,32,21,2
39,5,31,6,1,77,8,31,20,1
27,3,30,5,1,58,6,24,23,1
97,7,33,4,1,97,15,41,22,2
73,5,31,3,1,57,10,24,21,3
44,6,32,5,3,52,8,31,18,1
72,7,33,5,2,84,11,32,18,1
26,3,27,2,2,30,6,32,24,5
52,7,37,5,1,66,6,33,21,2
19,4,32,5,3,60,6,26,22,2
26,4,34,4,1,78,6,27,21,1
25,3,34,2,2,57,9,32,25,3
39,6,26,5,5,31,8,30,22,3
40,5,34,3,5,62,9,37,25,3
72,6,28,3,3,69,11,37,23,2
16,3,28,4,1,35,5,27,19,1
92,6,29,4,1,83,14,32,21,1
35,6,36,4,3,82,6,30,23,1
42,4,33,3,1,55,7,25,20,1
46,4,33,5,1,93,12,33,23,1
13,4,25,4,2,5,4,27,23,2
64,8,27,4,6,63,7,31,19,3
83,5,35,1,1,66,12,35,23,3
68,6,32,4,1,75,11,35,20,1
24,3,28,3,2,3,4,27,20,1
65,8,26,5,3,64,7,32,17,1
85,7,37,4,1,92,10,31,20,2
13,2,21,2,4,8,6,27,22,2
27,4,27,4,2,2,5,29,22,7
61,8,34,7,1,97,11,35,20,1
59,7,33,3,9,68,8,31,22,2
1,3,25,3,13,18,4,27,21,2
55,6,33,3,2,44,5,35,21,2
0,0,26,2,2,18,6,25,25,2
16,4,29,5,1,10,4,29,19,1
75,8,35,4,1,71,6,33,20,2
39,3,26,3,2,9,8,29,20,1
28,5,28,5,1,33,5,31,20,4
35,5,31,4,1,11,4,31,23,2
10,2,27,4,1,29,5,22,20,1
72,8,36,3,7,57,8,32,20,1
67,6,28,3,7,52,9,31,18,2
5,3,22,5,1,31,4,27,19,1
56,5,28,3,2,41,7,35,20,3
30,2,24,3,1,6,7,29,22,2
90,10,32,4,1,53,7,36,21,3
19,3,27,2,3,13,7,31,21,1
14,5,26,3,19,0,2,25,20,1
29,3,22,2,3,18,7,34,23,3
53,4,28,2,3,42,9,36,25,7
24,5,35,4,2,37,4,34,21,1
47,5,24,6,1,45,8,24,17,1
7,2,18,2,6,9,6,25,21,5
85,10,34,6,2,97,11,35,17,1
41,6,35,4,1,55,4,32,20,1
17,2,32,4,1,83,10,31,22,1
19,1,33,1,2,31,6,24,25,3
51,4,37,5,1,69,8,25,21,1
67,6,29,5,1,53,7,25,21,4
12,4,23,5,1,28,4,26,21,4
95,12,30,5,2,45,7,34,20,2
58,5,37,3,1,62,9,37,22,1
49,3,31,2,2,48,9,25,21,4
55,3,33,2,2,73,9,27,25,3
95,9,30,4,2,26,9,37,19,3
25,5,31,5,1,45,5,28,17,1
59,3,32,3,1,59,8,22,17,2
49,3,28,3,1,28,9,29,22,1
67,4,25,2,4,45,11,26,22,5
88,8,31,4,1,67,9,35,22,2
58,6,28,3,2,56,8,39,24,3
30,5,32,5,2,63,9,30,21,1
90,6,39,3,1,80,11,34,22,1
87,10,34,6,1,59,8,40,18,1
99,10,31,4,3,67,9,31,17,1
99,11,33,8,1,99,13,36,21,1
46,7,37,5,1,80,8,35,20,1
41,5,32,4,1,21,4,30,21,4
99,12,28,6,1,40,8,34,19,3
51,4,29,3,2,50,7,25,21,6
90,9,46,4,1,82,9,42,22,1
53,7,35,8,1,45,7,36,20,1
42,4,31,5,1,76,8,25,21,1
47,3,34,4,1,72,8,25,23,2
72,6,26,6,1,71,12,31,22,1
18,2,29,2,2,5,5,31,24,5
9,2,33,1,2,8,3,27,27,5
24,5,34,5,1,49,4,31,22,1
32,4,31,3,4,65,8,31,21,1
81,6,28,3,1,15,7,31,23,8
13,3,27,5,1,40,4,28,19,1
52,6,32,3,7,63,8,35,25,1
79,9,30,4,2,37,6,32,19,4
11,2,20,3,6,7,4,19,22,11
71,5,29,5,1,56,10,29,20,2
94,7,35,5,1,97,11,27,19,1
99,6,30,4,1,95,12,31,21,3
62,6,29,3,2,34,7,33,23,4
81,5,37,3,1,98,14,36,24,1
94,5,31,4,1,88,13,23,20,4
41,4,32,5,1,84,9,30,21,2
66,6,36,5,1,81,10,29,20,1
20,5,29,7,1,29,4,21,19,1
99,9,38,3,1,91,9,40,21,3
3,2,23,3,2,2,4,22,18,3
68,6,25,5,1,27,7,23,18,4
21,4,33,5,1,42,5,26,21,1
5,4,23,3,15,6,3,23,21,6
56,4,29,3,1,16,8,32,24,5
44,3,28,3,2,27,8,27,21,1
97,5,37,4,1,96,14,34,21,1
93,10,35,4,4,51,10,38,21,1
90,9,39,4,1,88,9,34,20,2
61,4,31,2,1,50,9,29,20,3
4,1,19,1,6,1,4,21,24,7
20,4,27,3,5,2,5,29,22,1
28,4,21,5,1,42,8,32,19,2
58,4,24,3,4,76,11,29,20,2
44,4,27,3,1,52,9,36,22,3
97,7,33,4,1,77,11,33,21,1
20,5,33,3,5,3,3,31,20,2
37,5,23,6,2,44,9,28,21,2
21,4,34,4,1,62,5,25,22,3
50,7,38,5,1,46,4,29,18,1
39,4,34,5,1,80,7,23,23,2
8,2,26,2,2,2,2,24,24,5
31,3,30,3,1,49,7,30,23,3
68,6,30,3,3,72,10,33,24,2
29,3,22,5,1,59,11,30,22,1
70,7,38,5,1,83,10,39,24,2
18,4,34,4,1,42,4,28,22,3
74,6,28,4,1,23,8,32,20,3
25,5,25,5,1,32,7,37,22,2
25,5,23,3,4,3,4,33,22,7
10,3,32,4,1,78,6,26,25,1
75,8,29,4,4,65,8,34,21,1
66,4,27,3,1,40,9,25,21,3
80,8,41,4,1,77,9,37,23,1
0,4,24,4,4,9,3,31,23,7
5,1,26,4,1,41,6,17,21,1
16,3,27,5,1,14,6,27,21,1
83,6,36,4,1,95,10,34,23,5
92,5,28,5,1,92,15,32,18,1
13,4,31,5,1,16,4,27,19,1
32,5,25,5,1,53,6,31,20,2
82,6,28,3,1,30,10,33,22,9
75,7,27,4,1,58,8,30,18,2
72,4,34,2,2,79,12,32,24,2
26,3,28,2,2,18,5,31,21,2
40,3,31,3,1,71,10,31,22,1
76,8,34,4,5,74,9,32,20,2
9,4,27,6,1,40,7,35,20,1
29,3,34,4,1,77,9,29,20,1
26,3,21,2,2,0,5,31,24,4
95,10,30,7,1,98,14,37,20,1
18,2,29,3,2,48,7,23,24,3
88,10,39,5,1,60,8,38,18,1
83,8,35,5,1,65,7,25,17,2
26,3,29,4,1,15,5,23,22,2
25,4,30,2,6,21,6,29,22,2
61,7,29,4,5,77,9,34,20,2
76,8,36,3,4,87,9,34,21,1
79,6,30,5,1,95,13,28,18,1
64,7,30,4,4,25,6,28,17,2
46,5,32,2,4,55,7,30,21,2
96,10,32,5,1,83,10,36,21,1
21,3,22,4,2,19,6,27,24,4
17,5,28,3,3,3,2,29,20,3
51,4,32,5,1,84,8,30,24,2
9,1,26,1,6,8,8,27,23,1
14,2,28,3,1,26,5,26,23,6
4,4,30,6,1,26,4,26,22,2
1,4,30,5,1,20,4,32,20,1
22,5,24,4,14,35,8,34,23,2
64,6,26,5,1,33,7,26,21,2
42,5,27,5,3,57,9,29,21,2
63,5,32,4,1,68,8,26,22,2
78,8,35,5,1,73,9,36,18,1
50,3,30,4,1,80,10,25,22,2
3,3,28,3,8,30,5,27,21,1
87,8,44,3,1,52,6,32,17,3
25,2,27,2,2,38,8,27,24,2
96,5,36,3,1,99,17,32,22,1
5,3,26,3,5,4,5,30,22,2
94,6,38,5,1,94,12,25,19,1
4,1,23,2,8,8,7,26,24,1
73,5,35,4,1,89,11,28,21,1
45,5,31,5,1,55,9,34,22,3
65,4,33,4,1,70,11,33,20,1
58,6,37,3,4,56,8,30,23,2
98,8,29,7,1,97,16,38,21,1
83,6,31,4,1,92,12,36,23,1
27,5,29,5,2,56,6,28,20,1
74,7,30,4,1,69,9,38,20,1
59,5,35,5,1,73,8,22,18,1
21,2,34,2,3,18,4,20,20,3
35,4,25,2,3,13,5,31,20,3
81,6,36,5,1,98,13,30,21,1
70,5,26,4,1,33,9,28,21,9
98,8,30,4,1,57,10,32,20,4
42,3,24,5,1,56,9,20,18,1
82,9,34,5,3,92,10,33,20,1
12,5,32,7,1,77,8,32,22,1
53,6,25,5,1,39,6,30,21,2
54,7,29,7,1,78,6,31,20,1
46,4,28,5,1,29,6,21,18,3
59,4,36,4,1,71,8,20,17,1
86,6,34,3,1,91,13,44,26,2
2,0,28,3,1,33,6,24,25,3
9,3,31,5,1,83,10,30,20,1
27,5,34,6,1,49,6,30,18,1
62,5,24,5,1,39,9,25,21,5
95,5,26,2,1,40,13,36,20,5
19,2,32,4,1,66,6,26,18,1
16,2,28,5,1,7,5,25,20,3
95,5,40,2,1,83,10,29,24,2
66,7,29,7,1,59,8,36,22,2
94,9,30,5,1,81,9,33,19,2
53,5,35,5,1,61,8,28,22,1
1,2,30,3,4,14,4,23,21,2
85,5,26,5,1,45,13,31,18,3
74,9,27,4,3,40,6,36,20,5
60,4,25,3,1,49,9,25,23,4
33,5,24,4,7,22,7,32,19,1
74,7,27,5,1,79,11,35,18,1
83,7,29,4,1,70,11,37,20,1
45,6,37,3,2,53,6,41,23,1
22,2,23,3,1,14,8,26,21,1
48,6,25,4,2,24,6,36,21,1
35,3,29,3,1,20,9,29,22,3
10,3,30,5,1,38,5,22,18,1
16,4,32,6,1,74,7,29,21,1
11,2,29,3,2,7,4,20,23,4
28,5,26,6,1,7,3,24,18,1
40,4,27,4,1,70,8,28,19,1
27,3,30,4,1,45,6,27,20,1
78,7,40,4,1,98,9,32,20,2
20,4,26,3,5,7,3,28,21,2
40,5,32,4,1,81,8,31,21,1
20,3,28,5,1,13,5,22,22,4
6,2,28,3,1,0,2,20,24,11
10,1,22,4,1,13,7,24,20,3
67,6,27,4,2,56,11,32,23,2
14,4,26,6,1,36,3,28,21,4
97,7,28,4,1,92,14,35,23,2
83,8,40,6,1,99,13,35,19,1
15,2,31,4,1,33,5,23,22,4
79,8,41,6,1,82,10,34,21,1
57,5,33,3,1,65,7,34,21,2
10,3,25,4,3,58,6,23,23,2
47,6,24,4,5,22,7,38,22,1
62,5,25,4,2,24,7,20,17,3
69,6,29,5,1,79,9,33,23,2
61,4,26,4,1,39,8,28,20,6
24,3,31,4,1,31,6,30,24,2
16,1,32,2,1,41,7,30,25,4
39,5,25,4,3,10,5,25,20,1
31,2,31,4,1,47,10,25,21,1
95,8,30,3,2,76,10,38,20,2
51,4,32,4,1,95,13,31,23,1
83,8,31,4,3,92,13,41,19,1
42,6,33,4,3,59,8,37,21,1
84,9,31,6,1,88,12,33,18,1
68,6,27,3,2,21,7,30,23,7
80,10,31,4,4,56,9,35,23,3
18,4,32,3,4,9,5,31,21,1
49,3,31,4,1,90,10,28,21,1
1,4,28,4,1,9,2,28,19,2
10,3,31,4,1,35,7,31,22,1
63,4,26,2,3,47,8,26,21,4
3,3,27,5,1,42,5,26,19,1
40,5,30,4,2,7,4,27,19,2
5,3,33,5,1,19,4,26,20,1
42,6,37,6,1,90,10,34,22,1
21,3,29,3,3,24,4,27,22,4
35,4,33,3,1,52,5,30,20,2
61,6,32,6,1,73,7,29,21,1
76,6,38,5,1,85,12,33,18,1
56,6,34,5,2,75,7,29,23,1
92,10,42,6,1,97,11,42,21,1
44,4,29,3,2,24,7,33,23,6
45,4,28,2,1,43,8,36,22,1
81,8,37,5,1,80,8,27,20,1
11,1,32,2,2,31,8,27,22,1
98,6,36,5,1,99,12,33,21,2
49,4,32,3,1,51,9,32,23,2
46,4,24,3,3,36,7,23,20,7
61,7,35,4,2,72,6,33,19,1
93,6,26,3,1,79,15,40,20,3
22,2,20,4,1,23,6,24,21,2
5,0,18,4,1,24,6,16,19,1
58,4,26,4,2,73,12,31,23,2
99,9,29,7,1,98,13,32,18,1
39,5,23,5,1,29,8,28,17,1
57,6,36,4,1,60,9,33,21,1
63,4,33,3,1,82,9,29,21,1
63,6,33,4,1,49,6,30,23,2
74,5,33,3,1,30,9,33,23,3
24,3,22,4,3,3,5,23,23,6
36,2,26,2,1,25,9,32,23,4
69,5,31,5,1,89,14,29,20,1
51,5,28,4,3,57,9,30,22,5
95,6,31,5,1,80,12,31,22,2
81,6,38,4,1,93,10,32,22,1
93,7,32,4,1,83,12,35,21,2
90,7,36,6,1,93,12,29,20,1
68,4,29,1,1,44,8,32,25,13
69,4,28,3,1,61,10,34,22,4
87,9,37,5,1,76,8,30,19,1
74,8,26,5,1,63,8,35,18,1
1,4,31,3,5,19,3,29,21,1
9,2,27,4,1,11,4,23,19,2
28,3,28,4,1,48,8,30,20,1
55,5,36,4,1,89,10,34,24,1
73,6,30,5,1,81,13,29,17,1
10,2,27,3,2,20,6,27,24,2
11,3,26,3,5,6,3,21,23,6
63,4,37,3,1,83,10,32,20,1
83,7,34,3,2,69,8,32,24,2
28,5,30,4,3,43,6,31,19,1
0,3,29,4,1,5,1,26,18,2
98,5,33,3,1,59,11,30,20,1
35,3,24,2,2,21,8,30,26,6
92,9,45,5,1,93,9,30,18,1
54,5,31,4,3,37,7,26,21,1
24,4,32,6,1,82,7,27,23,2
10,2,23,3,1,20,4,27,21,2
96,10,36,6,1,80,8,30,16,1
30,5,30,4,2,10,3,27,23,2
88,8,33,5,1,96,11,37,22,2
41,4,32,3,3,69,9,31,25,1
59,3,31,3,1,93,15,33,25,1
43,3,26,5,1,32,8,27,22,5
1,4,28,6,1,24,3,30,21,1
18,4,22,3,5,4,4,26,23,6
4,2,24,2,2,8,5,28,23,3
22,3,28,4,1,42,6,32,21,1
11,2,22,2,4,6,6,27,23,8
3,0,16,4,1,23,8,26,24,2
33,3,23,3,1,4,5,26,20,5
24,4,23,5,2,6,5,24,20,4
98,10,37,3,2,86,11,42,22,1
79,8,30,4,4,17,8,35,21,2
51,4,30,3,2,86,11,31,22,1
45,5,25,3,4,31,9,34,22,2
72,6,34,3,2,82,9,34,24,1
36,2,32,4,1,94,12,27,21,1
91,6,31,2,2,50,12,32,19,2
23,2,24,2,2,9,4,24,23,9
76,5,33,3,1,62,11,33,20,1
43,5,31,3,6,24,5,27,20,1
87,5,31,4,1,91,15,30,22,3
31,4,23,4,2,20,6,28,20,4
67,4,30,3,1,79,12,30,22,3
73,9,34,6,1,44,6,35,20,1
37,4,30,3,2,39,8,35,20,2
98,10,28,5,1,76,9,33,14,1
67,4,31,4,1,69,10,25,19,1
81,7,31,5,1,92,13,33,18,1
82,6,29,3,3,34,8,24,21,5
56,4,30,3,1,80,9,29,22,1
53,5,30,5,1,84,12,32,22,1
71,9,35,5,3,89,9,32,21,2
10,2,31,4,1,21,6,28,21,1
37,3,32,2,1,8,5,26,20,4
35,6,25,6,2,18,6,29,20,1
14,4,31,5,1,36,7,32,22,2
7,2,31,5,1,59,6,29,25,1
37,6,36,7,1,42,4,31,19,1
74,5,36,3,1,85,10,27,24,2
22,4,30,3,7,39,6,30,25,2
72,4,28,1,3,30,10,28,22,8
87,10,33,7,1,84,9,31,20,1
37,5,34,6,1,64,8,33,21,1
55,6,34,5,1,85,10,35,22,1
32,4,27,3,4,16,7,30,21,2
18,5,24,6,1,20,6,34,19,1
42,6,33,6,1,62,6,24,20,1
16,2,20,2,5,14,6,24,21,1
76,6,27,5,1,48,10,30,20,2
88,8,34,6,1,97,10,31,19,2
34,5,32,3,4,53,6,31,24,3
35,3,24,3,2,30,9,30,24,4
14,3,27,5,2,17,7,27,22,1
64,6,28,5,2,82,11,33,21,1
96,6,27,6,1,68,10,28,18,1
3,4,27,4,3,1,1,27,19,1
38,4,26,4,2,67,8,28,20,1
82,5,27,2,3,57,11,26,22,7
1,4,22,6,2,25,5,27,21,1
45,5,33,3,1,32,6,33,22,3
25,2,31,3,2,36,6,22,24,5
99,10,31,7,1,68,11,37,16,1
44,4,33,4,2,60,8,23,20,2
1,3,29,3,5,0,1,24,21,2
51,5,36,4,2,59,6,27,19,1
47,3,32,2,1,66,7,30,25,6
87,8,37,4,2,98,11,32,20,1
26,4,27,3,2,7,3,28,20,4
55,7,29,5,3,84,8,28,21,2
4,2,31,5,1,23,7,25,24,1
35,3,32,5,1,86,8,30,24,1
44,3,33,3,1,56,7,25,23,7
64,8,27,6,1,46,6,31,17,1
4,3,28,5,1,27,5,31,20,1
69,4,33,1,3,45,10,27,21,1
10,4,26,3,6,11,5,31,22,1
88,6,29,4,1,82,11,31,19,1
94,7,37,3,1,94,14,41,23,3
13,4,24,4,5,5,5,27,24,3
87,5,34,2,1,44,12,34,21,1
94,7,27,3,1,50,11,37,22,4
79,7,39,4,1,96,13,37,21,1
69,6,31,5,1,89,11,35,23,1
83,8,30,5,2,84,12,37,22,3
9,4,33,6,1,59,5,25,21,1
78,6,36,3,1,65,7,32,23,4
89,6,26,2,4,67,14,36,20,1
76,5,30,4,1,76,12,25,23,1
28,4,29,4,2,65,6,25,20,1
46,5,35,4,1,74,7,33,20,1
78,6,39,5,1,89,10,26,19,1
28,3,23,3,4,16,8,30,20,1
22,2,26,0,2,17,7,32,23,4
42,4,27,4,1,24,8,31,22,1
42,6,29,6,1,60,5,31,16,1
24,2,32,2,1,76,9,29,25,2
50,4,30,4,1,82,11,31,24,1
34,4,23,3,6,4,7,27,22,5
89,5,33,3,1,90,12,28,23,2
23,2,22,2,6,3,5,21,22,6
73,5,29,4,1,35,7,24,19,3
21,4,31,3,3,4,3,32,21,1
13,3,32,3,1,47,7,31,22,1
59,4,31,1,3,71,8,30,23,6
75,9,40,6,1,96,11,34,19,1
39,6,27,7,1,70,7,33,17,1
97,9,30,6,1,55,9,33,19,2
29,3,26,3,1,43,8,32,22,3
23,5,24,3,6,8,6,36,22,3
45,4,28,3,2,13,5,25,19,2
73,7,38,4,1,57,9,34,21,1
50,4,25,3,1,4,5,25,18,5
91,9,32,7,1,86,10,32,15,1
52,5,36,3,3,48,7,28,23,3
74,7,27,6,1,93,12,30,17,1
20,4,29,6,1,60,8,29,20,1
53,5,31,2,4,41,7,29,21,6
85,7,26,6,1,65,10,29,20,1
58,4,26,4,1,44,8,25,22,8
31,3,24,5,1,41,7,23,17,1
43,6,26,4,3,49,6,30,20,1
97,9,35,4,1,61,9,32,18,1
26,3,27,2,2,9,6,30,22,2
46,7,30,4,5,58,6,30,22,3
95,8,31,3,2,44,11,36,22,2
48,6,30,5,1,27,6,28,20,1
26,2,33,3,1,40,7,20,24,2
70,4,32,3,1,80,11,30,23,2
84,6,31,2,2,30,8,28,22,10
90,5,39,2,2,89,12,30,22,1
19,4,30,5,2,67,9,34,24,1
31,5,26,6,1,55,8,35,22,1
33,2,26,2,5,22,10,26,22,3
68,5,25,4,1,16,9,31,20,3
79,7,41,4,1,57,8,32,21,2
85,6,32,4,1,86,14,38,20,1
57,3,26,3,1,37,7,28,21,1
45,4,32,4,1,33,6,24,22,3
48,3,29,2,1,57,9,34,25,2
96,13,35,6,1,83,10,37,19,1
3,2,28,5,1,70,7,23,21,1
46,4,31,3,1,39,8,27,21,1
3,4,28,3,13,25,3,30,22,1
71,7,36,3,3,53,8,28,21,2
79,9,39,7,1,98,12,35,20,1
12,5,25,4,2,16,5,36,22,1
53,5,37,5,1,62,6,28,19,1
80,8,29,4,3,78,9,36,19,1
32,5,31,4,5,31,5,29,19,2
12,1,19,2,3,6,5,20,18,4
93,9,37,6,1,96,11,37,21,1
34,3,29,4,1,44,7,27,19,1
36,6,36,7,1,90,8,29,18,1
94,6,36,3,1,90,11,30,23,1
82,7,30,6,1,94,11,27,17,1
73,7,27,7,1,90,10,28,20,2
61,6,30,3,2,58,7,33,25,3
78,7,32,4,2,47,10,33,22,4
4,1,23,4,1,12,7,21,20,1
90,7,30,4,1,84,12,40,19,1
39,5,32,5,1,36,6,34,22,1
84,7,32,3,2,91,13,37,21,1
53,6,24,7,1,55,9,34,18,1
5,0,30,3,1,29,7,28,23,1
29,3,26,2,4,3,6,26,23,3
68,5,31,3,1,81,10,33,20,1
27,4,34,4,1,73,6,30,22,2
23,4,29,6,1,43,7,30,23,1
60,6,32,3,5,21,6,29,22,3
28,4,28,5,1,14,3,27,21,2
16,3,27,4,1,6,6,31,24,3
28,3,25,2,4,31,9,35,24,1
13,1,30,3,1,7,4,24,21,1
65,8,32,6,1,75,8,33,20,2
87,5,33,5,1,98,15,30,20,1
61,6,26,6,1,58,8,26,15,1
58,3,32,1,2,81,10,28,24,4
27,3,27,3,1,29,7,32,22,2
51,7,30,5,3,31,7,32,20,1
42,3,28,2,1,33,6,28,22,3
10,3,29,2,7,39,6,28,25,3
13,1,30,3,1,26,8,30,22,1
46,5,34,5,1,47,8,33,23,1
41,6,33,4,5,47,7,32,22,1
5,1,30,4,1,31,5,16,18,1
37,5,33,5,1,53,8,29,19,1
7,2,33,2,2,16,6,29,25,3
82,5,39,2,1,78,11,34,22,1
2,4,33,6,1,77,5,24,17,1
19,2,25,3,1,1,4,24,24,10
12,5,26,6,2,47,7,33,23,2
30,2,34,2,1,23,5,22,20,3
33,3,27,2,2,13,5,29,20,3
39,5,32,3,6,34,7,31,20,2
76,9,28,8,1,56,9,35,20,1
15,1,31,0,4,55,7,26,23,2
88,9,28,7,1,93,13,35,20,2
58,5,33,3,1,70,10,39,23,4
5,1,18,5,1,5,5,17,20,1
60,6,30,3,4,38,9,36,21,1
74,6,33,5,1,88,11,26,21,3
69,7,36,4,1,54,7,30,22,1
62,6,30,6,1,87,13,32,19,1
3,4,26,5,4,14,6,26,21,1
75,6,30,4,1,82,11,30,20,1
40,6,24,4,4,6,4,36,22,5
14,2,29,2,2,4,4,27,24,11
19,3,30,5,1,77,7,27,22,1
19,2,23,3,1,3,5,25,21,3
80,6,37,5,1,97,13,31,22,1
9,1,24,3,3,21,8,27,22,2
50,7,28,5,3,29,6,25,18,2
56,4,32,5,1,80,12,26,22,1
2,4,25,5,3,31,6,32,20,1
54,6,28,5,1,76,10,34,22,1
55,3,31,2,1,32,10,31,25,2
11,4,29,4,3,9,2,30,21,1
91,8,29,5,1,51,9,31,19,2
45,7,29,6,3,59,9,33,22,1
70,4,28,5,1,78,11,27,19,1
66,5,34,5,1,77,10,23,18,1
52,4,29,5,1,74,11,36,24,1
56,6,31,5,1,49,7,33,17,1
65,5,29,4,1,47,7,27,23,2
1,4,25,4,10,22,4,28,20,2
52,6,24,4,4,73,9,29,22,3
69,7,35,5,2,80,9,27,16,1
53,7,33,4,3,71,8,38,22,1
21,3,24,3,5,30,8,27,22,2
11,5,22,6,1,1,3,30,20,1
67,7,29,5,1,63,7,32,17,2
34,4,29,4,2,27,8,27,22,3
29,3,30,4,1,23,5,27,22,2
60,4,27,4,1,68,11,34,23,5
70,4,26,5,1,95,14,26,18,1
31,4,27,3,5,10,4,25,20,2
62,6,37,2,3,71,8,31,21,2
97,6,33,5,1,78,13,33,22,2
20,3,29,4,1,43,6,24,18,1
36,3,23,3,1,27,7,31,22,2
82,10,30,7,1,73,9,32,17,1
86,6,32,3,1,71,12,38,25,2
45,3,26,4,1,65,10,22,22,1
21,2,31,3,1,74,8,25,21,1
20,2,27,3,2,30,7,19,18,1
82,5,33,2,3,76,11,27,20,2
80,9,33,4,3,67,7,32,18,1
11,1,28,2,5,9,5,19,23,2
97,6,29,4,1,89,15,33,22,4
57,5,27,3,4,13,7,27,21,10
48,4,29,5,1,45,8,21,18,1
41,5,24,4,3,18,5,31,18,2
15,3,31,3,1,3,4,31,24,3
6,3,30,4,3,35,6,27,24,1
95,7,31,4,1,59,10,33,20,1
3,4,21,4,9,0,2,24,18,3
35,6,32,4,7,16,4,26,21,1
45,4,27,2,4,12,6,27,19,3
76,6,26,3,2,47,10,40,20,1
93,6,26,5,1,76,13,31,19,1
84,10,35,5,1,92,8,36,20,1
56,5,33,4,1,64,8,27,23,2
90,6,38,2,1,83,11,35,21,3
64,6,33,5,1,53,8,37,23,1
43,3,32,3,1,75,10,34,24,1
39,5,29,5,1,67,7,34,19,1
1,3,26,5,2,36,7,32,23,1
56,4,29,2,4,31,7,26,20,3
22,5,35,6,1,77,7,33,20,1
31,6,29,4,5,24,4,31,23,1
77,5,27,3,1,29,7,29,19,4
98,7,39,5,1,99,17,39,20,1
53,6,28,6,1,69,10,35,21,1
75,5,34,4,1,87,13,35,22,1
40,5,36,4,1,72,8,38,22,1
38,4,23,4,2,33,8,29,21,1
21,5,24,4,8,0,3,30,23,3
46,5,27,5,1,18,7,30,19,1
99,6,39,2,1,98,18,36,24,4
84,6,31,5,1,73,10,24,18,1
10,2,30,1,2,1,4,28,27,6
77,4,28,1,4,63,10,25,20,6
95,8,35,6,1,91,13,40,22,1
5,2,25,5,2,19,7,23,20,1
99,11,30,4,5,76,11,38,21,3
3,2,25,3,1,0,3,25,25,6
88,10,32,5,3,87,12,35,20,2
50,6,25,5,2,51,10,35,22,1
33,4,31,2,3,8,4,27,22,1
33,4,23,3,7,43,8,32,21,2
83,9,37,6,1,70,10,35,20,1
8,2,31,3,1,42,4,28,21,1
43,4,32,5,1,80,8,31,23,1
39,4,27,4,2,38,9,27,22,2
22,1,24,1,3,19,6,29,22,2
57,6,35,6,1,70,6,28,19,2
46,3,29,3,1,13,7,27,21,3
89,8,33,3,1,70,10,43,24,6
87,7,26,3,2,15,7,30,22,13
9,4,31,6,1,10,5,31,21,1
49,3,32,2,2,68,11,31,23,2
4,1,21,2,2,13,7,29,26,3
69,5,32,4,1,76,11,35,20,1
78,6,29,3,2,71,9,36,21,1
28,5,30,5,2,48,7,33,24,1
31,3,34,2,2,30,7,27,23,1
90,5,31,4,1,83,13,28,22,1
79,5,36,2,1,91,14,41,23,1
95,11,39,6,1,99,13,37,21,1
73,6,29,5,1,45,9,29,17,1
84,5,38,5,1,99,16,33,20,1
29,5,36,4,2,10,3,30,19,2
95,5,40,5,1,99,17,32,19,1
43,3,23,4,1,40,11,26,19,1
62,4,37,3,1,96,11,30,19,1
23,3,24,4,1,39,7,30,22,3
25,5,22,4,4,29,6,33,23,3
69,7,34,3,3,37,6,32,20,4
28,3,31,5,1,76,7,25,18,1
34,3,26,2,7,5,7,25,24,5
71,5,31,2,2,66,11,34,25,3
82,10,34,8,1,93,11,34,18,1
4,4,30,3,5,4,3,29,20,1
80,6,33,4,1,80,9,27,22,3
6,2,31,5,1,53,7,29,25,1
13,1,25,1,5,11,8,27,25,5
4,1,30,3,2,20,7,26,23,1
76,4,37,3,1,63,11,29,22,1
21,4,24,6,1,49,5,28,19,1
25,3,35,2,1,28,4,30,22,2
45,3,23,3,1,25,8,31,19,3
70,9,33,5,1,72,6,33,22,4
83,8,28,5,2,49,10,31,18,2
51,6,30,4,1,21,5,33,21,3
80,8,28,4,2,67,11,40,20,2
73,4,25,2,3,28,9,23,22,6
61,8,30,8,1,84,10,37,20,1
75,5,38,2,1,79,10,38,21,2
36,6,36,6,1,88,9,32,19,1
1,4,27,3,6,1,1,26,23,13
38,4,28,5,1,26,6,30,19,1
12,3,33,5,1,44,6,24,20,1
72,4,32,2,2,84,15,35,25,1
9,4,25,4,5,4,2,25,19,2
37,3,32,2,2,24,9,27,20,1
19,3,31,3,2,26,6,27,25,2
58,4,29,3,1,52,9,26,24,3
40,6,31,7,1,50,7,35,19,1
24,3,32,2,3,12,4,22,23,10
74,7,27,5,1,57,7,27,20,2
75,5,30,4,1,87,13,34,21,2
28,4,28,3,1,3,4,27,21,6
20,2,33,3,1,40,8,28,26,1
93,11,30,4,3,61,9,40,19,1
31,3,24,2,2,11,8,33,24,2
38,4,27,5,1,77,8,27,19,1
55,4,35,5,1,95,10,32,21,2
9,4,22,6,2,34,5,32,20,1
82,9,38,6,1,98,13,36,21,1
25,5,29,4,4,58,6,27,20,1
9,5,31,4,2,11,2,30,20,3
23,2,30,2,1,31,9,31,22,2
74,8,33,4,3,81,7,30,21,4
84,5,36,2,3,92,15,36,23,1
88,5,30,3,1,63,11,32,24,3
69,7,31,5,1,39,7,32,19,2
33,4,28,3,5,46,7,30,20,1
43,5,28,3,2,23,6,33,20,2
94,10,28,7,1,83,10,36,19,3
51,6,28,6,1,34,7,27,15,1
2,2,27,3,7,33,5,26,24,1
49,6,29,4,9,18,6,30,21,2
45,6,33,3,7,66,6,28,22,1
3,1,22,3,1,2,5,24,22,2
24,2,34,4,1,51,6,19,19,2
14,4,26,4,2,20,5,35,22,1
9,4,28,5,2,41,7,34,20,1
23,2,30,1,3,9,6,28,23,2
77,8,39,3,3,49,7,32,23,1
8,4,24,6,2,14,4,23,22,1
31,6,29,4,4,12,5,31,20,2
4,1,25,4,1,35,9,23,22,1
94,7,33,3,4,85,12,37,21,1
26,4,24,4,5,13,6,22,20,2
79,7,33,5,1,90,10,26,20,1
18,5,22,5,2,19,6,36,23,1
95,12,30,6,1,68,9,38,17,2
98,6,30,3,1,51,12,35,22,5
11,2,30,3,3,46,6,25,21,2
48,6,35,3,3,39,6,34,23,5
31,5,30,6,1,41,5,29,19,1
17,3,34,5,1,37,7,26,22,1
87,7,33,3,1,90,13,38,21,2
88,6,28,3,2,74,11,28,20,1
89,6,33,4,1,53,9,31,18,2
72,6,35,5,1,99,11,28,22,1
66,5,25,5,1,80,9,28,21,1
36,4,24,4,2,11,5,22,18,2
84,6,33,4,1,92,13,40,21,1
47,4,36,2,1,56,7,25,20,2
69,5,28,4,2,67,11,28,21,1
44,3,30,4,1,58,8,24,18,1
16,5,27,4,5,1,2,24,21,7
27,5,29,4,8,41,6,30,21,1
15,4,25,2,9,6,5,31,25,3
81,9,31,5,2,88,10,34,19,1
96,6,35,3,1,87,15,33,23,2
61,4,28,4,1,71,9,28,22,2
53,4,25,3,1,13,7,32,22,3
45,5,35,5,1,68,6,34,23,1
32,5,32,5,1,30,6,32,23,2
24,3,29,2,4,32,6,23,21,1
14,2,26,3,1,35,7,29,22,2
27,2,34,1,3,65,8,24,21,1
58,7,27,6,1,38,6,33,17,1
91,10,28,6,2,82,10,31,20,3
20,2,26,2,1,20,6,26,24,10
96,10,33,4,1,71,10,40,19,1
28,4,34,6,1,85,7,28,22,1
29,6,26,6,1,38,6,32,20,2
76,6,29,2,5,66,12,34,20,2
85,7,28,3,6,64,13,32,20,3
84,6,26,5,1,61,11,27,18,1
85,9,33,4,4,93,14,40,24,1
93,6,36,4,1,92,13,31,18,1
38,5,31,3,5,41,8,32,23,1
50,6,30,6,1,67,8,28,20,1
68,8,30,7,1,80,8,25,15,1
5,3,27,4,2,12,4,26,22,3
2,1,26,5,1,17,6,19,19,1
30,5,28,4,1,15,3,29,21,7
82,5,30,3,1,45,10,30,22,6
9,4,25,5,1,12,4,31,22,3
1,4,34,5,2,19,3,23,20,1
35,3,29,3,1,15,8,27,21,2
35,4,32,6,1,87,9,32,22,1
45,3,23,2,2,31,8,30,24,10
86,6,34,3,2,96,12,30,18,1
12,2,26,1,6,27,6,26,25,2
58,6,35,3,2,62,9,36,21,1
25,5,36,4,3,47,5,27,20,1
86,5,32,5,1,91,11,30,19,2
39,4,33,5,1,76,7,29,21,1
34,3,35,5,1,66,9,31,23,2
73,4,33,2,2,66,9,27,23,2
15,2,22,4,1,26,7,25,24,3
60,5,28,5,1,84,10,28,20,3
24,3,30,4,1,60,9,30,21,1
99,6,27,3,1,82,13,36,18,2
79,9,32,8,1,71,8,33,18,1
42,5,29,3,5,26,6,31,21,6
98,6,35,4,1,78,11,28,21,1
36,3,27,3,4,16,6,21,23,4
28,4,33,2,2,43,7,35,24,2
79,7,35,6,1,96,10,35,20,1
86,7,32,3,3,71,9,28,20,4
22,2,32,4,1,53,8,20,19,1
79,8,30,5,2,86,10,30,19,1
88,6,29,3,4,64,12,29,20,1
48,3,27,4,1,42,10,27,22,5
80,8,32,5,1,86,11,33,21,2
48,3,26,2,3,52,10,32,21,4
46,6,32,4,5,44,5,28,20,2
78,9,35,5,1,88,11,41,23,2
44,7,34,4,2,37,4,30,23,2
7,4,25,4,2,1,1,26,19,2
14,3,23,3,8,3,7,25,22,4
95,7,35,4,1,83,12,40,23,2
96,6,40,3,1,98,13,29,22,1
38,3,23,4,1,11,8,27,23,6
27,4,26,4,3,18,8,27,24,3
2,2,19,5,2,2,4,20,22,2
24,4,24,5,2,24,7,29,23,1
35,5,33,3,7,48,7,34,25,1
65,4,30,3,1,68,10,27,19,3
40,6,29,4,10,60,8,33,21,2
61,5,38,5,1,97,13,38,25,1
36,4,34,3,1,77,7,30,20,2
37,3,25,2,5,5,7,30,23,2
7,4,26,4,8,22,5,34,21,1
54,4,27,2,3,56,8,32,24,4
2,2,26,5,1,35,5,28,23,3
41,4,35,3,1,28,5,28,19,2
83,6,29,3,1,59,10,33,22,9
23,4,30,4,1,6,3,24,17,3
77,8,27,6,2,85,10,32,19,3
89,7,39,6,1,92,11,30,21,1
87,6,37,2,1,55,8,28,20,4
62,7,36,6,1,95,10,37,21,1
61,5,28,6,1,58,8,24,17,1
38,4,33,4,1,71,8,30,22,1
62,6,25,5,1,38,7,27,20,3
65,7,26,5,1,54,7,29,17,1
14,5,33,5,2,28,6,28,18,1
29,3,29,2,5,26,9,28,25,4
57,4,32,3,1,44,9,36,25,3
88,6,38,4,1,98,15,32,19,1
74,8,39,6,1,89,9,33,17,1
0,0,32,4,1,46,5,24,24,2
87,9,32,5,1,91,11,38,21,1
41,6,31,6,1,44,6,34,20,1
79,7,28,3,2,67,10,40,23,5
37,4,24,3,4,7,5,24,21,8
44,4,29,3,1,38,7,28,24,6
5,1,24,5,1,14,6,23,20,1
80,5,29,2,4,77,13,31,21,1
52,3,23,3,1,18,9,32,21,5
56,7,29,4,4,55,7,36,22,1
91,7,30,5,1,74,12,30,19,1
93,6,36,3,1,94,12,30,21,3
79,7,32,5,2,87,10,29,20,3
98,12,47,4,1,87,10,46,23,2
98,13,40,5,3,98,12,36,20,1
80,7,28,4,1,68,10,38,22,4
55,5,29,5,1,68,10,34,21,2
21,5,23,7,1,31,7,31,22,2
83,9,38,7,1,89,7,32,18,1
11,2,30,4,1,8,5,26,22,2
48,6,30,6,2,53,9,31,20,1
37,4,22,2,9,5,7,27,22,4
74,7,28,5,1,47,6,31,20,4
31,5,29,6,1,22,3,27,20,1
40,3,34,4,1,96,10,27,22,1
23,4,31,5,1,72,6,28,18,1
82,7,39,5,1,97,10,40,21,1
6,2,32,3,1,16,6,26,22,1
30,2,21,5,1,71,13,27,20,1
83,7,39,3,4,89,9,29,20,1
39,6,28,6,1,18,5,29,22,2
24,2,27,4,1,17,8,24,20,1
55,4,26,2,1,49,10,34,21,3
31,4,25,6,1,31,9,27,22,2
3,3,23,4,4,5,4,29,21,2
53,3,24,2,3,34,11,30,23,2
95,6,36,5,1,89,14,28,18,1
91,8,35,5,1,66,10,34,21,1
92,9,40,4,1,73,7,34,19,1
14,2,33,2,2,13,5,27,22,1
7,3,29,3,5,5,4,26,23,7
66,8,34,5,2,90,9,36,21,1
9,2,31,4,1,10,4,22,20,3
86,6,31,5,1,89,14,35,22,1
7,2,30,5,1,67,9,29,21,1
36,5,26,3,4,9,4,30,20,2
21,3,21,3,2,5,5,30,24,10
35,5,24,4,10,6,7,28,21,2
22,3,21,5,1,6,5,23,16,2
13,2,23,3,4,22,6,26,24,2
9,2,23,4,1,5,5,22,20,2
72,4,24,2,5,47,11,28,21,1
7,4,25,3,7,0,3,24,20,4
89,8,35,4,1,75,8,32,21,2
9,2,31,4,1,10,5,28,19,2
62,6,29,5,1,50,7,29,18,2
76,7,37,5,1,93,11,42,23,1
32,4,24,3,6,35,8,30,21,1
12,2,27,3,3,35,6,22,22,2
90,8,39,4,1,98,12,35,20,1
32,2,27,5,1,25,7,26,22,4
38,4,35,4,1,36,8,30,24,3
86,5,30,3,1,53,11,32,24,4
82,6,29,6,1,77,11,24,18,1
91,11,39,6,1,98,10,38,20,1
2,4,24,6,3,8,5,25,21,1
37,6,27,6,1,35,7,32,17,1
14,2,32,2,5,24,5,24,23,4
95,10,31,7,1,92,9,33,16,1
1,2,32,3,2,5,4,28,22,1
36,3,30,4,1,60,8,25,22,2
24,3,33,2,3,16,6,28,21,1
19,3,21,2,6,2,4,24,22,2
7,4,27,3,15,29,4,27,20,1
41,4,34,3,1,76,7,29,21,4
92,7,31,3,2,46,10,29,21,6
51,7,38,5,1,51,5,35,21,1
54,6,36,3,4,25,5,29,19,3
73,5,26,3,2,69,10,28,21,3
66,4,28,3,2,66,9,30,24,3
0,1,26,4,1,37,7,25,25,1
98,7,33,3,2,96,13,30,20,3
64,7,27,3,6,22,7,33,20,3
64,7,37,3,2,59,6,34,20,2
9,3,23,4,3,16,6,22,20,1
53,4,25,4,1,47,8,30,23,4
24,2,20,2,6,3,5,16,20,3
82,8,38,5,1,71,10,38,22,1
95,7,37,3,1,91,13,37,20,1
9,2,20,5,1,4,7,24,20,2
56,5,32,3,2,78,10,34,23,4
50,7,35,5,2,44,6,30,23,1
45,7,27,6,1,10,6,32,20,1
79,6,27,5,1,78,11,33,20,1
87,7,28,6,1,66,12,29,17,1
93,10,33,7,1,98,10,34,19,1
53,6,32,6,1,82,9,35,20,2
26,3,31,3,2,12,4,24,19,2
2,2,17,2,4,0,3,30,22,4
44,3,25,5,1,48,10,26,24,2
33,4,31,6,1,75,8,28,22,1
55,6,30,5,1,81,11,36,21,2
94,6,33,1,3,60,11,26,20,4
6,3,28,5,1,3,4,26,21,2
23,2,33,3,1,64,7,24,24,1
7,4,30,3,5,22,4,33,22,1
7,4,29,3,6,3,5,32,21,1
59,4,29,2,1,38,9,35,23,3
10,3,30,4,2,31,7,29,24,1
21,2,28,4,1,44,8,29,25,2
52,5,29,3,1,55,7,33,21,1
14,3,28,5,1,47,6,27,23,1
43,3,35,1,1,33,5,28,26,8
54,4,23,4,3,71,13,33,22,2
25,3,26,4,1,54,8,28,19,1
88,7,28,6,1,90,13,31,20,1
77,6,29,5,1,97,12,29,22,1
67,5,31,2,3,32,10,33,21,2
56,6,25,4,2,35,8,40,19,2
82,8,40,5,1,98,14,39,22,1
79,10,27,5,5,73,8,35,17,1
68,8,31,7,1,63,8,31,17,1
74,8,27,6,2,88,12,34,21,1
41,6,28,5,2,52,9,32,21,1
66,8,39,6,1,98,12,38,21,1
78,9,33,4,6,78,8,31,19,3
32,5,26,6,2,35,8,33,21,1
33,4,34,4,1,65,8,34,23,1
40,4,32,2,5,53,7,28,20,1
72,5,32,3,1,95,11,28,19,1
86,7,32,5,1,91,12,38,19,1
35,4,27,5,1,55,6,26,21,2
27,4,31,4,3,69,7,28,23,1
72,5,30,2,4,34,8,27,22,8
93,7,29,3,1,41,8,29,22,17
57,7,35,6,1,42,5,30,19,1
40,3,35,2,2,28,5,24,21,1
45,4,24,4,1,24,8,32,23,5
7,2,27,3,1,13,5,29,23,4
75,5,27,5,1,84,11,30,22,3
65,7,37,5,1,94,9,30,22,2
49,5,28,6,1,37,6,23,20,2
43,5,32,4,1,59,6,35,21,3
13,2,25,4,1,23,5,21,22,4
33,4,33,3,2,81,9,32,23,1
33,4,33,3,2,76,9,32,21,1
40,5,32,5,1,68,9,34,23,1
98,10,39,5,1,72,10,38,22,2
73,9,37,7,1,79,8,36,21,1
76,7,33,5,1,96,13,36,18,1
82,10,37,5,2,96,11,38,19,1
5,3,25,3,3,4,3,25,23,6
93,5,32,5,1,97,13,28,19,3
80,6,27,3,2,11,8,31,17,4
87,5,34,3,1,68,10,26,19,2
91,5,30,4,1,92,15,37,21,1
15,3,33,6,1,76,5,24,21,2
56,4,32,3,1,47,10,27,23,5
94,9,37,6,1,74,8,36,21,1
26,2,28,2,1,39,9,32,22,1
40,4,28,4,1,42,7,29,20,1
90,6,29,4,1,75,13,34,18,2
15,4,22,4,12,9,6,30,24,3
98,8,31,5,1,72,10,30,16,2
52,5,24,3,6,25,7,27,22,2
85,5,37,5,1,99,15,32,22,1
62,4,27,3,2,76,10,26,21,3
23,5,32,5,1,46,6,33,22,3
41,6,30,5,1,9,4,32,17,1
69,4,30,3,1,44,10,33,21,2
12,2,28,1,7,3,5,24,23,4
64,4,32,2,2,18,8,30,22,6
95,7,31,4,1,81,10,28,19,2
94,7,27,5,2,68,11,25,19,3
2,3,33,2,4,11,2,23,23,5
22,2,26,1,2,6,5,26,25,7
83,5,26,3,1,68,9,33,22,4
36,5,31,4,3,31,8,30,20,1
30,5,30,4,4,21,6,25,20,2
34,6,26,6,1,50,7,31,18,1
70,6,34,6,1,76,8,22,19,1
87,5,33,2,2,75,14,31,20,1
55,3,34,4,1,60,8,21,21,4
65,4,35,3,1,78,11,33,24,2
45,4,28,4,1,19,6,27,22,8
77,8,30,7,1,51,8,27,13,1
79,5,27,3,1,58,11,35,23,9
89,6,35,5,1,88,11,24,17,1
14,3,27,2,10,28,5,27,24,5
11,1,30,2,2,21,5,21,23,6
15,3,22,4,3,9,6,21,22,4
33,5,25,6,1,8,4,23,16,1
32,4,25,5,1,61,7,29,19,1
0,1,19,1,3,8,6,31,24,4
97,6,37,5,1,98,13,32,21,1
90,10,29,5,2,53,9,34,19,1
29,5,31,5,1,32,6,29,22,1
59,5,36,3,2,49,7,27,25,3
97,6,31,4,1,97,14,33,22,2
70,4,35,1,1,79,12,37,24,2
81,5,31,3,1,85,13,25,19,1
64,5,29,4,3,89,12,31,21,1
3,3,27,4,5,6,5,27,23,2
9,1,21,4,1,16,7,19,22,2
58,6,33,3,2,68,6,36,24,5
61,8,28,5,2,17,6,35,21,1
7,3,26,3,13,26,7,31,25,3
81,7,33,6,1,74,9,33,20,3
40,6,35,6,1,37,4,28,21,2
64,6,36,6,1,65,6,25,17,1
45,3,25,1,3,6,7,26,21,3
99,8,38,3,1,93,12,42,26,2
77,5,28,2,1,46,11,37,24,7
66,5,26,3,1,19,8,36,22,3
51,6,28,3,7,18,6,25,21,6
44,4,24,4,1,6,7,27,17,2
90,7,35,6,1,91,11,30,19,2
2,1,25,1,6,1,4,20,21,4
85,5,31,5,1,76,11,24,19,1
98,7,32,3,3,86,15,37,21,1
73,4,28,2,1,42,11,31,21,4
50,6,31,4,2,51,7,29,20,1
11,4,32,5,1,46,4,30,21,1
18,5,30,3,3,1,2,32,20,4
4,0,28,4,1,51,8,20,20,1
29,2,26,4,1,12,8,27,24,2
65,6,29,6,1,85,10,31,21,2
92,9,34,6,1,97,11,38,18,1
79,5,35,3,1,87,14,34,24,1
73,8,36,4,1,73,6,33,19,1
23,5,27,7,1,6,4,29,20,2
88,7,26,4,1,23,9,30,20,4
80,10,39,7,1,76,7,34,18,2
36,6,24,5,2,10,6,34,20,1
71,5,25,2,1,53,11,38,22,1
96,6,35,4,1,76,10,28,20,4
46,4,27,2,5,18,9,29,21,3
90,8,29,4,5,52,8,29,20,2
94,10,28,5,1,50,10,35,17,1
27,5,29,4,5,42,6,31,20,1
88,6,26,3,2,33,12,31,21,3
65,7,32,4,2,82,9,35,21,1
24,3,30,3,2,33,7,25,25,1
33,4,25,5,1,16,6,29,24,3
22,2,25,2,4,19,6,21,22,3
92,9,41,3,2,76,10,42,24,1
4,4,25,6,2,17,4,24,22,1
50,4,30,5,1,44,10,26,17,1
87,9,32,4,4,94,14,40,23,1
26,2,33,3,1,31,6,22,23,3
45,6,30,6,2,81,9,34,19,1
22,4,29,6,1,37,6,21,21,1
2,2,21,3,2,10,6,28,21,1
77,6,39,2,2,93,10,35,21,1
1,2,28,4,1,40,7,32,22,2
78,9,31,4,6,82,8,35,20,1
1,0,29,2,4,26,6,21,25,4
53,5,31,5,1,44,9,31,21,1
9,2,32,5,1,79,10,31,24,1
31,5,23,5,2,3,3,26,21,3
51,6,30,6,1,86,9,33,22,1
67,7,28,4,7,56,10,35,22,1
69,8,33,4,2,35,8,37,20,1
93,7,42,4,1,88,12,34,21,1
9,2,27,3,2,5,4,23,23,8
40,5,31,5,1,47,8,27,20,1
92,8,40,3,1,65,8,34,20,3
17,3,28,4,1,25,5,21,20,3
67,6,27,5,2,82,11,29,17,1
95,10,34,6,1,91,11,36,20,2
64,4,29,4,1,66,10,29,19,1
33,5,33,3,4,21,5,30,21,2
45,4,25,3,2,28,9,35,21,1
10,4,31,4,3,39,4,31,23,2
30,5,35,3,4,41,4,27,20,2
43,4,32,4,1,36,8,26,22,4
53,4,26,3,2,31,8,26,20,1
63,4,26,4,1,58,10,28,18,3
70,8,31,7,1,93,11,31,18,1
84,6,35,5,1,94,12,38,22,1
49,3,33,1,2,71,8,29,21,3
56,7,26,4,5,2,4,31,22,9
88,8,29,6,1,79,12,30,13,1
94,10,30,7,1,91,10,32,17,1
96,9,36,7,1,94,11,36,19,1
93,10,31,5,1,52,6,31,20,3
16,3,33,3,2,33,4,32,22,4
76,6,32,5,1,67,10,27,17,1
0,0,21,3,4,7,7,21,20,2
31,5,27,3,5,3,5,33,21,1
4,2,25,3,2,2,5,25,23,6
89,6,35,4,1,94,15,34,23,1
10,4,29,3,3,5,3,34,24,2
49,6,33,5,2,70,9,29,21,1
28,2,28,4,1,29,8,24,23,6
4,1,27,3,1,26,5,27,26,4
44,5,32,6,1,43,7,28,20,1
11,3,20,3,3,2,4,24,22,3
37,2,28,3,1,35,8,29,22,2
28,3,23,5,1,43,8,21,21,2
62,7,26,7,1,67,11,33,20,1
63,5,33,4,1,79,9,24,19,2
64,4,29,4,1,60,12,28,19,2
57,4,31,3,1,50,7,31,22,3
18,5,29,4,3,3,2,28,21,1
25,2,27,3,2,18,7,24,22,2
50,4,33,3,2,64,8,29,21,1
21,4,23,5,2,49,8,29,22,2
80,6,27,4,1,76,14,34,18,1
70,5,32,2,2,88,13,34,21,2
3,2,29,3,2,6,6,23,21,2
26,5,35,5,1,24,4,28,21,3
6,1,29,3,1,7,3,21,19,3
47,5,36,4,1,87,9,31,21,1
24,5,34,6,2,71,6,28,18,1
14,5,31,5,2,24,5,31,20,1
73,4,34,3,1,84,9,30,20,1
2,3,23,3,8,1,5,26,23,4
92,9,28,7,1,74,9,31,17,2
4,2,28,2,2,3,3,27,25,8
73,6,30,3,6,46,8,26,17,2
6,3,27,4,1,4,4,28,21,3
91,9,42,4,2,94,11,38,20,1
58,4,28,5,1,69,10,21,19,2
19,5,30,5,3,49,4,25,22,1
84,6,33,2,2,41,8,30,23,4
46,6,30,5,2,61,8,29,20,1
31,3,24,4,1,24,6,16,19,3
72,7,31,3,3,70,9,37,21,1
66,8,27,6,3,79,11,36,21,2
93,8,31,4,2,75,13,36,20,1
33,5,26,6,1,67,9,36,23,1
72,6,30,3,5,57,8,27,21,4
92,6,30,5,1,97,15,32,19,1
67,5,37,3,1,57,11,31,21,1
15,4,22,5,2,19,5,32,19,1
13,3,33,3,2,36,6,27,21,1
39,4,25,2,2,25,8,36,26,5
56,3,25,4,1,41,11,23,21,2
78,7,33,4,1,93,12,35,20,1
75,7,28,5,2,71,11,34,20,3
92,6,32,2,3,94,12,31,19,1
81,9,27,5,1,71,9,40,18,1
60,4,24,2,2,68,13,32,21,2
54,7,27,5,2,40,6,33,18,1
50,3,25,3,1,15,8,27,22,4
88,7,39,3,1,84,11,41,24,2
55,6,33,6,1,84,9,39,23,1
70,6,30,3,1,60,9,33,22,1
27,5,26,7,1,54,5,27,16,1
91,5,37,3,1,77,12,30,18,1
50,4,29,5,1,50,10,30,22,3
89,7,30,6,1,54,9,33,22,2
14,2,20,1,5,15,6,26,20,3
59,5,25,4,3,34,10,32,21,2
27,2,29,3,1,20,7,28,21,2
8,2,22,5,1,34,7,30,23,1
91,9,30,3,2,73,10,41,20,4
33,3,29,3,2,15,6,23,19,3
4,3,29,4,2,55,6,25,22,1
85,6,32,2,2,58,10,37,21,2
15,2,26,4,1,35,8,31,25,4
20,4,28,3,5,0,2,26,22,12
37,4,25,5,1,75,9,26,17,1
98,8,28,6,1,89,14,33,19,2
52,4,29,3,2,42,7,21,18,2
41,5,25,4,4,75,9,28,18,1
33,5,28,5,1,27,7,32,22,1
70,8,29,4,2,52,6,33,21,3
79,7,27,7,1,95,15,35,20,1
60,5,32,3,2,66,10,36,23,2
82,9,40,5,2,97,9,31,18,1
50,4,30,4,1,71,11,28,23,2
61,4,27,3,1,76,10,31,23,2
87,9,31,6,1,74,10,37,22,1
26,4,31,4,1,22,6,29,21,2
76,5,36,2,2,89,11,28,25,3
75,6,35,6,1,90,13,36,21,1
29,2,32,2,1,74,8,27,24,5
70,7,37,5,2,92,12,33,18,1
29,5,30,4,3,47,6,29,23,1
73,7,30,4,2,35,7,32,21,2
33,6,26,5,1,19,4,32,21,2
23,4,29,6,1,81,8,29,18,1
41,5,35,4,1,87,9,31,22,2
96,9,40,5,1,95,13,40,22,1
82,6,30,4,1,74,9,31,18,2
11,4,21,6,1,4,2,25,20,2
97,7,35,4,1,87,11,38,23,2
64,6,25,4,1,9,6,30,18,5
30,2,23,4,1,65,9,25,22,1
41,4,34,5,1,91,8,29,24,1
15,4,29,4,2,32,6,32,23,3
5,3,28,3,6,8,4,26,25,1
54,6,37,4,1,59,6,28,21,2
50,6,35,6,1,81,8,29,21,1
69,8,29,5,6,66,9,33,21,3
17,5,35,4,2,45,4,35,25,2
63,4,29,4,1,79,9,29,20,1
87,8,30,4,1,81,11,37,22,2
42,3,30,3,2,58,11,29,24,1
53,4,27,5,1,37,9,27,17,2
80,8,27,5,1,73,10,34,19,2
63,5,24,4,1,56,9,31,21,2
49,3,27,4,1,26,8,24,20,2
9,3,30,5,2,17,5,22,22,2
9,3,32,3,2,28,6,32,23,1
37,5,33,4,5,69,6,30,24,1
38,3,28,3,1,19,7,24,19,1
33,4,26,3,3,33,7,31,24,5
18,4,26,3,3,11,5,36,22,2
41,6,33,4,3,24,5,30,22,3
20,2,32,4,1,30,5,19,20,3
96,6,30,4,1,78,12,27,22,2
29,5,27,6,1,8,3,24,16,2
82,6,32,4,1,62,11,33,23,3
65,5,36,2,2,76,11,31,23,4
86,7,31,5,1,89,9,34,23,3
87,7,29,5,1,91,13,36,18,1
43,7,34,4,2,57,7,39,23,3
62,5,37,4,1,86,9,31,20,1
77,9,37,6,1,98,12,36,19,1
86,8,28,4,1,20,6,30,18,4
47,4,30,5,1,21,6,27,23,4
34,4,33,4,2,28,5,24,23,2
57,5,33,4,1,46,8,26,20,3
91,5,38,2,1,85,10,33,23,7
19,4,22,3,23,1,3,20,18,1
97,10,35,5,3,86,13,35,19,1
25,4,31,2,7,44,5,30,24,2
42,5,25,3,7,14,7,27,21,2
12,5,29,4,4,2,1,27,20,1
48,5,33,5,1,37,7,33,23,3
74,6,30,3,3,86,14,36,21,1
89,9,44,4,2,98,11,38,23,1
68,5,29,3,1,56,11,35,21,2
81,7,37,6,1,93,11,31,20,1
50,6,33,4,2,28,5,29,18,1
91,7,31,5,1,73,9,27,20,4
23,4,34,2,4,10,4,27,21,3
46,3,35,3,1,53,7,27,21,2
44,6,33,6,1,70,8,29,19,1
57,7,31,4,5,60,9,34,24,1
23,5,29,4,6,10,4,26,19,1
2,0,26,2,1,11,6,30,27,3
40,3,35,1,4,26,9,29,24,1
78,9,31,4,5,81,8,37,21,1
71,6,37,5,1,88,12,33,23,1
32,3,28,4,2,62,8,29,22,3
54,7,27,3,12,34,8,32,20,2
86,6,39,5,1,83,9,29,22,4
16,2,32,2,4,51,8,29,22,1
68,6,27,6,1,34,7,31,21,2
36,3,23,4,1,28,9,30,22,4
71,5,26,3,1,41,7,29,22,5
25,4,30,4,2,50,5,31,20,3
11,3,33,4,1,21,5,27,24,1
90,6,29,5,1,97,13,28,17,1
12,1,23,1,2,0,5,27,22,7
4,4,32,3,2,0,2,31,23,4
6,1,32,2,3,45,5,23,22,1
40,3,33,3,1,36,7,29,20,1
44,5,30,5,1,88,11,33,20,1
66,4,26,4,2,44,12,29,21,1
8,1,28,3,1,57,9,24,25,2
37,6,35,6,1,45,5,25,19,1
64,6,30,4,2,70,11,33,23,2
24,4,29,4,1,20,5,30,21,1
1,3,26,5,2,29,6,25,22,1
82,9,27,4,6,28,7,31,18,5
18,3,31,2,2,35,4,29,24,5
99,6,35,4,1,98,14,33,20,1
93,11,36,6,1,77,10,39,17,1
45,3,23,3,2,25,8,22,22,4
69,5,37,4,1,93,13,35,24,3
15,2,24,4,2,37,8,21,19,1
81,7,26,3,3,31,10,39,22,3
58,7,38,4,4,40,6,30,21,3
10,4,29,3,7,4,4,30,24,3
14,2,30,4,1,56,8,29,24,1
30,4,25,3,3,5,5,27,24,5
25,5,24,3,8,1,2,23,19,4
96,10,30,6,1,70,9,27,17,3
51,7,38,4,1,52,5,33,21,5
37,5,29,6,1,68,7,26,20,2
36,4,29,5,1,21,5,23,23,3
7,1,28,1,2,21,5,30,23,3
33,5,34,5,1,46,5,27,17,1
90,6,38,4,1,99,14,38,24,1
12,4,30,4,1,42,5,30,21,1
80,6,32,4,1,87,12,28,18,1
49,6,32,6,1,88,9,31,19,1
76,8,34,6,1,92,9,29,20,1
13,5,34,4,3,39,4,32,24,2
77,9,29,7,1,65,8,33,17,1
97,9,35,6,1,86,12,37,18,1
26,6,32,6,1,21,3,30,19,1
84,7,35,5,1,88,10,34,22,2
56,4,25,2,5,43,11,30,25,2
35,3,31,3,1,43,6,25,19,2
20,3,22,3,4,10,6,30,21,1
22,2,25,3,4,5,7,25,23,6
77,5,32,5,1,77,10,31,21,3
90,8,32,5,1,94,14,37,19,1
94,6,30,2,2,57,11,28,20,1
42,3,25,3,1,44,9,31,22,2
27,3,23,5,1,11,7,29,22,2
41,7,33,5,2,44,6,32,21,1
20,2,26,3,1,3,6,29,21,2
28,5,28,5,3,67,8,29,22,1
38,6,25,5,2,11,4,31,23,3
88,8,40,4,2,97,11,32,23,1
50,6,34,3,4,69,9,38,25,3
25,4,31,4,3,15,5,26,20,1
57,8,34,5,3,71,8,35,20,1
42,4,29,4,1,26,8,30,19,1
22,5,28,6,3,58,7,32,22,1
69,6,31,6,1,85,10,25,16,1
41,5,29,4,3,23,7,33,21,1
95,6,36,5,1,82,13,31,19,1
34,4,27,3,5,14,7,32,23,1
66,6,35,3,2,54,10,34,21,2
37,3,34,4,1,59,9,33,22,1
55,6,32,3,3,36,6,33,20,2
72,5,35,3,2,95,13,32,23,1
66,8,26,7,1,77,10,31,17,1
52,6,30,6,1,84,10,35,22,1
88,9,34,3,6,85,12,37,21,1
84,6,35,3,2,80,13,35,21,1
43,6,35,5,1,65,6,40,23,1
11,3,29,3,2,5,3,26,22,5
71,5,37,5,1,79,10,30,21,1
75,5,30,5,1,91,14,33,22,1
29,3,29,4,1,25,7,32,22,2
84,9,39,4,1,74,9,40,23,4
27,5,29,4,5,18,5,23,18,2
22,3,24,5,1,20,6,25,19,1
14,2,28,3,2,24,7,29,23,5
15,4,24,4,5,16,5,22,20,1
36,3,31,2,3,47,9,24,24,4
16,3,31,4,1,53,7,32,21,1
69,7,28,4,4,72,9,33,18,1
75,8,38,4,1,71,7,30,18,2
37,5,25,4,4,21,7,30,22,3
25,3,31,2,2,40,6,27,24,3
7,3,31,4,1,48,7,32,21,1
60,5,33,3,2,90,9,30,20,1
73,4,33,2,1,75,10,33,21,1
51,6,27,5,3,82,11,34,20,1
88,10,29,8,1,82,12,32,20,2
21,4,23,4,5,14,6,25,19,1
2,4,23,5,3,0,2,26,21,2
13,3,26,5,1,54,8,32,22,1
11,4,25,3,5,1,3,30,22,3
50,6,25,7,1,31,6,26,19,5
90,6,28,3,1,35,13,32,20,2
16,4,34,3,3,38,6,35,23,2
31,3,27,5,1,14,7,28,21,3
59,6,36,5,1,67,9,35,18,1
64,6,38,4,1,57,6,28,17,2
98,13,32,4,3,74,11,42,20,2
18,3,22,5,1,4,6,28,23,1
70,6,32,4,1,74,9,34,22,2
3,2,29,5,1,5,4,27,22,2
60,5,30,4,1,65,8,34,20,1
55,3,34,3,1,91,12,33,24,2
9,2,32,3,1,55,6,25,22,1
25,6,28,5,2,8,4,33,22,2
37,6,31,6,2,52,6,25,16,1
13,4,22,6,2,16,5,22,19,3
74,6,35,4,1,76,9,28,21,2
88,8,31,4,1,41,9,35,19,1
89,6,38,5,1,99,12,29,20,1
57,6,33,6,1,90,9,34,23,1
51,6,31,5,1,42,7,34,21,1
86,5,30,3,1,87,13,32,23,1
72,6,38,4,1,84,11,36,23,3
99,6,38,4,1,99,19,33,21,1
47,6,29,3,8,17,7,32,25,2
35,5,30,5,1,46,7,32,21,1
70,6,29,5,1,69,9,31,21,1
32,6,36,4,1,19,3,28,20,3
84,7,31,4,5,94,13,35,20,1
28,4,29,3,5,36,6,29,22,1
54,4,28,3,2,74,11,29,20,2
70,6,36,4,1,34,6,31,20,1
10,3,28,4,1,25,4,27,19,2
90,7,42,2,3,87,12,34,23,1
11,4,32,5,2,55,7,33,23,1
36,6,27,5,1,16,6,38,23,2
32,3,25,4,2,49,8,28,24,2
39,4,36,2,3,63,6,29,21,4
32,6,30,4,4,61,6,34,25,1
45,3,33,3,1,36,8,26,23,6
28,4,24,3,2,5,4,27,20,5
79,6,34,5,1,93,11,28,21,2
5,4,25,7,1,6,4,22,17,1
13,3,30,3,2,24,5,25,20,2
31,3,29,2,1,28,5,28,22,5
55,6,26,4,4,45,9,31,19,1
55,7,32,3,4,70,9,40,21,1
71,7,26,3,2,34,8,38,20,1
86,7,29,6,1,95,14,35,19,1
56,4,34,4,1,86,10,24,20,1
30,4,26,3,5,19,5,25,24,4
11,4,34,3,9,17,6,30,24,2
31,5,30,4,1,14,5,31,21,4
48,7,34,6,1,88,9,36,21,1
61,4,28,2,1,16,8,28,22,7
92,6,33,3,2,76,11,29,21,5
96,9,30,6,1,82,9,34,18,1
