K:10
N:1000
Gap:1.72932607712778
Rho: 
1 0.8 0.45 0.2 -0.3 0.7 0.75 0.5 -0.3 -0.1
0.8 1 0.45 0.5 -0.1 0.55 0.4 0.6 -0.4 -0.2
0.45 0.45 1 0.1 -0.3 0.6 0.3 0.4 0 -0.3
0.2 0.5 0.1 1 -0.5 0.35 0.1 0.1 -0.5 -0.45
-0.3 -0.1 -0.3 -0.5 1 -0.4 -0.3 -0.1 0.2 0.2
0.7 0.55 0.6 0.35 -0.4 1 0.8 0.45 -0.2 -0.45
0.75 0.4 0.3 0.1 -0.3 0.8 1 0.45 -0.1 -0.3
0.5 0.6 0.4 0.1 -0.1 0.45 0.45 1 0.1 -0.2
-0.3 -0.4 0 -0.5 0.2 -0.2 -0.1 0.1 1 0.4
-0.1 -0.2 -0.3 -0.45 0.2 -0.45 -0.3 -0.2 0.4 1
X:
74,5,31,3,1,70,10,33,19,1
28,4,33,5,1,79,6,27,21,2
50,5,25,6,1,22,6,25,21,6
57,6,28,4,1,68,8,32,20,3
3,2,24,2,5,13,5,26,21,1
14,2,26,2,2,10,7,29,24,6
44,4,28,5,1,44,7,21,21,4
5,2,33,2,1,28,5,27,22,2
11,4,22,3,6,0,1,24,20,7
44,3,24,4,1,32,7,24,19,4
9,4,26,3,8,2,2,27,20,4
0,1,26,3,1,4,5,22,23,2
82,6,36,6,1,99,21,35,22,1
14,2,29,4,1,61,6,20,20,1
43,4,35,4,1,63,7,31,22,2
18,4,22,3,13,6,5,27,24,4
5,4,23,3,16,13,5,30,23,5
43,5,26,4,4,53,9,31,23,3
20,3,32,4,1,28,7,29,25,1
29,3,34,3,1,54,7,33,23,1
64,6,36,5,1,52,6,27,21,2
39,3,28,3,1,24,7,23,23,2
37,6,25,4,11,44,9,35,21,1
48,4,29,1,6,71,9,28,23,1
23,2,30,4,1,70,7,20,22,2
32,2,29,2,1,57,7,28,21,1
24,4,32,3,3,76,7,26,20,1
77,8,38,5,1,72,9,33,22,3
35,4,29,3,3,32,5,27,21,4
81,5,31,4,1,89,13,36,20,1
55,4,29,4,1,84,10,26,21,2
76,4,36,2,1,84,14,32,24,2
94,7,30,4,1,78,13,34,18,1
11,2,31,4,1,67,6,25,24,2
8,2,21,5,1,6,5,17,18,1
58,8,25,8,1,80,10,31,19,2
99,8,34,4,1,86,11,35,22,5
33,6,33,3,5,53,5,32,22,2
88,5,37,2,1,93,11,33,24,3
47,5,25,5,1,51,8,31,19,1
52,4,24,2,7,61,10,30,22,3
31,5,31,3,6,64,6,33,21,1
66,7,25,7,1,72,10,33,20,1
27,6,23,7,1,20,5,26,18,1
17,4,26,3,2,20,6,35,25,3
44,5,36,5,1,34,6,32,21,1
25,3,22,4,1,13,7,33,22,2
29,5,31,4,2,18,4,26,19,1
48,6,35,4,1,59,6,34,20,1
49,4,24,4,1,23,8,25,18,1
1,0,30,3,1,14,4,18,19,2
7,1,29,2,1,37,6,27,21,1
30,5,24,4,6,49,6,30,19,1
67,7,29,3,2,44,8,38,23,8
88,5,29,5,1,78,15,28,20,1
56,7,32,7,1,55,7,28,18,1
93,8,42,4,1,92,11,30,17,1
41,6,27,6,3,79,8,30,20,1
57,5,35,6,1,92,10,34,19,1
13,3,28,3,4,2,5,30,23,3
47,6,26,5,2,34,6,26,19,1
37,3,34,2,2,69,8,24,24,6
95,8,35,4,1,69,10,33,21,3
48,6,35,6,1,90,9,32,22,1
92,5,28,5,1,61,11,29,17,2
94,7,32,6,1,99,17,39,23,1
7,4,24,6,1,14,4,29,21,2
60,7,30,6,1,82,8,28,15,1
55,6,27,7,1,33,8,32,20,4
95,10,37,4,2,94,12,40,22,1
74,5,29,3,3,42,10,28,22,1
2,4,24,6,4,41,6,28,22,1
54,8,35,4,2,43,5,34,20,2
44,7,34,5,1,32,5,35,20,1
54,6,32,6,1,89,11,34,18,1
50,6,35,3,2,25,5,39,25,3
43,4,27,4,1,37,7,29,20,4
14,3,22,3,2,12,6,29,21,4
42,6,25,7,1,41,7,25,19,1
98,12,31,7,1,93,11,36,17,1
43,3,28,3,1,41,9,33,24,3
74,5,28,5,1,82,14,31,22,2
36,4,25,4,3,14,8,27,21,1
26,5,33,3,6,24,6,30,23,2
44,3,22,4,1,56,10,22,20,3
20,5,25,5,3,5,5,31,22,1
83,6,30,4,1,89,12,35,18,1
50,7,30,6,1,81,7,31,21,1
99,7,32,5,1,92,11,25,18,1
91,9,40,5,1,93,13,35,20,1
29,5,30,4,5,21,4,27,20,1
26,3,31,2,2,7,5,30,23,2
41,4,31,4,1,83,8,25,20,1
61,8,35,5,1,79,8,38,19,1
31,3,20,2,4,15,6,20,21,5
40,3,30,3,1,29,6,26,20,3
97,12,31,6,1,86,11,40,19,1
82,5,33,5,1,99,15,30,20,1
16,3,24,6,1,13,6,26,22,1
35,2,29,4,1,53,8,23,20,1
0,1,29,4,1,63,7,24,22,1
71,7,33,5,1,88,11,34,22,1
61,7,36,3,2,30,5,30,21,2
95,6,29,3,2,72,11,24,18,1
1,2,30,3,1,20,3,28,22,3
50,4,31,3,1,69,7,30,23,1
7,2,30,1,4,8,6,30,26,4
59,6,29,4,2,57,8,37,19,1
93,9,34,4,2,79,9,33,23,3
10,3,31,5,1,6,2,23,19,2
87,6,27,5,1,87,12,26,21,1
38,4,26,3,3,14,8,30,19,1
72,9,28,6,4,88,9,30,19,2
18,4,34,5,2,46,5,28,19,1
1,2,29,5,1,29,6,29,23,1
58,4,32,4,1,69,9,23,20,2
28,3,27,4,1,12,6,29,24,2
18,4,29,5,2,44,6,26,23,1
3,0,26,1,7,16,6,23,24,3
68,8,27,4,3,16,5,31,21,3
84,6,27,3,3,85,13,35,22,2
5,4,29,5,3,60,6,27,20,1
24,3,30,4,1,56,8,35,23,1
42,4,28,4,2,62,10,31,22,2
0,1,19,4,1,6,6,24,24,3
27,4,30,3,3,61,7,33,23,1
78,9,32,4,3,27,7,35,21,3
84,10,28,7,1,66,9,32,17,2
93,6,39,3,1,98,16,41,25,1
32,4,33,3,1,62,5,32,21,1
24,2,24,3,1,21,6,28,23,6
41,3,29,3,1,47,6,29,22,3
37,3,32,2,2,22,5,27,21,2
14,4,32,4,3,18,3,25,22,1
57,7,37,4,2,53,7,29,21,1
28,2,26,4,1,67,9,28,23,2
30,2,30,1,4,18,8,24,22,1
21,2,22,1,10,6,8,26,25,8
86,7,34,4,1,73,9,30,20,4
61,6,34,3,4,71,10,37,23,1
66,4,26,3,2,74,12,29,20,1
91,9,28,6,1,78,10,34,19,2
8,3,24,3,6,9,3,27,20,2
97,8,38,2,1,52,9,35,20,3
13,4,33,4,1,47,4,29,21,2
12,4,22,3,12,0,2,23,19,4
52,4,35,2,1,48,8,29,24,4
83,7,31,4,1,80,12,39,22,1
76,8,32,3,5,88,11,37,20,1
95,8,37,5,1,86,11,28,20,1
25,2,33,1,3,51,9,31,26,1
30,3,29,5,1,60,10,28,21,2
32,3,28,4,1,28,9,25,20,1
39,6,34,6,1,82,6,33,23,1
30,5,30,5,1,68,6,32,24,2
65,4,31,2,2,86,12,31,20,1
4,1,18,4,1,10,5,26,23,3
74,6,28,6,1,84,11,26,19,2
85,5,34,4,1,91,12,31,23,1
22,5,29,3,15,4,4,29,21,1
59,7,34,5,1,72,8,32,20,1
18,3,30,3,1,8,4,25,23,9
61,6,36,5,1,90,11,40,23,1
95,10,36,4,2,86,10,36,19,1
0,2,25,2,4,5,5,34,25,3
96,7,33,3,1,65,11,37,24,2
14,4,28,6,1,26,4,28,19,1
70,5,37,4,1,97,12,36,21,1
75,5,37,4,1,79,8,28,22,2
32,5,28,5,3,61,9,33,21,1
73,5,31,2,3,46,9,25,21,4
41,3,31,3,1,43,8,29,21,3
21,4,32,3,4,46,5,32,23,2
28,4,30,3,3,19,4,29,20,1
26,4,29,6,1,64,5,27,21,2
60,7,34,6,1,70,8,28,20,2
67,4,36,2,1,66,9,33,21,2
66,5,31,3,1,73,10,36,23,4
61,7,36,3,2,75,8,39,23,1
37,6,33,7,1,92,9,31,20,1
87,7,32,5,1,92,11,30,21,1
15,3,25,4,2,35,6,25,21,1
93,9,34,5,1,95,10,38,19,1
28,4,23,4,1,4,3,25,22,6
22,3,27,3,2,2,4,25,24,5
99,7,29,4,1,73,12,30,22,4
56,6,31,3,4,62,7,34,21,1
31,2,20,2,3,11,8,26,24,4
21,2,28,3,1,51,8,31,21,1
93,10,28,4,10,85,14,42,19,1
43,5,23,5,2,41,9,30,22,2
71,8,36,4,2,39,6,33,23,3
5,2,29,4,1,18,5,24,20,1
58,4,30,4,1,71,12,29,20,1
40,4,30,3,3,23,6,24,21,4
38,5,24,4,6,20,7,34,25,2
70,6,27,6,1,79,9,30,19,2
96,9,37,5,1,87,10,30,21,1
35,6,29,7,1,71,7,35,18,1
96,6,35,3,1,74,12,32,22,4
46,7,30,5,3,24,4,25,18,2
11,4,25,7,1,18,4,21,20,3
99,12,37,4,2,86,10,42,22,1
14,3,32,3,1,26,3,28,21,1
6,2,18,5,1,32,5,21,18,2
4,4,30,5,2,23,4,30,21,1
59,4,32,4,1,88,14,31,20,1
67,8,28,5,2,53,8,40,20,1
17,3,27,4,1,21,5,29,23,1
59,4,30,2,2,17,8,30,22,5
92,10,36,4,2,59,7,31,18,2
35,3,33,2,2,53,8,29,21,1
37,4,28,3,1,20,5,32,19,1
96,9,34,5,1,91,10,37,23,3
40,6,31,4,5,26,6,26,19,3
68,5,30,2,3,37,8,23,22,6
35,3,27,2,2,39,9,31,24,2
98,9,28,5,2,80,12,35,19,1
83,10,38,4,1,54,7,40,23,3
60,4,31,3,2,86,12,30,20,1
40,5,33,5,1,58,6,32,18,1
35,2,31,2,2,58,10,27,21,2
30,3,24,4,1,24,6,25,21,3
38,6,26,5,3,17,5,26,18,1
5,2,28,3,2,12,4,19,22,4
73,5,37,5,1,99,15,34,22,1
27,5,34,6,1,43,7,29,19,1
11,4,31,6,1,57,7,34,24,1
64,8,31,8,1,80,10,37,18,1
25,5,29,4,4,48,7,34,20,1
25,5,25,4,3,2,5,34,21,5
61,8,30,6,1,39,7,35,18,1
29,4,27,3,7,48,8,34,24,1
70,5,34,2,1,56,9,36,24,5
93,9,32,4,1,39,9,39,20,1
81,8,40,4,1,65,8,35,19,2
33,6,31,5,1,31,4,30,18,1
18,2,31,2,3,26,6,24,21,2
90,7,33,3,2,75,11,31,22,2
60,8,36,5,2,44,6,32,22,3
38,3,30,2,1,64,7,31,22,1
69,6,32,4,1,33,9,33,20,1
67,7,27,6,1,34,7,30,18,3
80,8,27,4,1,14,6,29,16,3
73,4,24,4,1,68,13,32,19,2
39,5,30,3,3,13,4,28,18,3
80,7,34,4,2,93,12,35,23,1
38,5,31,2,5,29,5,29,24,4
49,4,32,4,1,53,7,25,20,1
19,2,19,3,1,1,4,22,19,7
92,9,31,4,1,39,7,32,18,2
85,9,27,5,1,70,8,35,19,2
17,3,26,4,1,31,7,31,22,1
23,3,21,3,3,20,9,28,21,4
85,5,35,2,1,65,9,33,25,5
80,9,30,4,7,79,8,29,20,3
24,3,27,3,1,6,5,26,19,2
55,5,30,5,1,66,7,28,22,1
90,7,27,5,1,87,14,38,21,1
68,5,27,4,1,28,7,27,21,3
63,7,30,6,1,52,8,31,17,1
48,6,37,3,5,60,6,28,21,1
12,3,29,3,1,29,5,31,25,5
42,4,25,2,4,12,6,29,20,7
95,8,39,4,1,99,12,35,22,2
24,2,30,4,1,77,10,32,24,1
4,1,17,2,1,0,5,26,22,4
44,3,34,4,1,91,9,27,20,1
50,5,27,5,1,80,10,28,17,1
17,3,23,5,3,38,8,28,24,1
15,2,24,5,1,21,7,27,20,1
17,3,25,4,1,24,5,21,17,1
26,5,34,4,4,67,5,27,21,1
95,6,26,3,2,81,13,31,20,2
9,3,29,5,1,29,6,25,21,2
62,4,33,4,1,65,10,36,25,1
84,7,35,4,1,50,7,32,21,2
44,4,29,3,1,58,8,31,20,2
43,5,28,3,3,27,7,32,21,1
53,6,30,6,1,59,6,25,16,1
97,6,33,4,1,98,21,41,22,1
46,6,27,7,1,76,7,30,17,2
71,7,32,5,2,50,7,25,19,3
76,7,28,4,3,72,8,31,20,3
22,5,33,4,1,32,3,35,23,1
42,3,28,3,2,81,12,30,21,1
43,4,33,3,1,24,6,31,21,1
38,5,24,6,2,28,5,24,16,1
14,3,29,4,2,34,5,28,22,1
30,4,26,5,1,48,6,23,18,1
52,6,32,4,1,63,7,31,24,3
23,5,31,5,2,51,4,28,20,1
96,10,42,4,1,60,7,34,18,1
14,3,27,3,5,34,7,29,21,1
82,9,28,5,2,26,8,37,18,1
94,6,27,4,1,87,14,35,23,2
20,2,28,2,2,63,7,24,19,2
94,9,40,4,1,87,11,38,20,1
88,5,35,3,1,90,11,27,22,2
6,1,17,4,1,3,6,22,22,1
36,3,27,2,2,8,7,25,22,8
73,4,35,2,1,85,13,29,24,2
51,4,31,3,1,33,7,28,20,4
3,3,23,5,1,2,4,26,21,1
68,4,29,1,3,61,9,27,25,5
78,6,28,3,2,63,10,38,21,2
23,5,34,4,1,36,5,38,21,1
4,2,25,2,9,11,7,30,20,2
26,2,28,1,6,15,8,28,20,2
31,6,32,4,4,77,7,33,22,1
40,4,25,6,1,30,7,27,21,5
86,8,31,5,1,90,10,33,19,2
75,9,40,7,1,95,10,33,19,1
55,5,28,4,1,46,7,30,19,2
4,4,32,5,2,25,3,21,19,1
35,5,32,3,2,32,4,30,21,1
86,5,27,2,2,61,12,37,26,4
53,5,35,3,3,71,8,28,21,3
69,5,29,4,1,87,10,32,21,3
64,7,35,3,4,70,7,27,22,3
33,3,34,4,1,87,10,30,22,1
57,4,25,4,1,44,8,26,20,4
26,5,23,5,2,7,5,32,20,3
49,4,24,4,1,31,8,29,19,3
15,2,25,3,2,55,7,23,21,1
4,2,30,4,1,43,6,27,21,1
34,5,32,4,2,47,6,35,24,2
13,4,26,3,2,6,4,30,19,1
68,9,34,7,1,93,8,29,19,1
46,5,26,4,5,33,9,29,19,1
30,5,26,6,1,54,7,32,19,1
75,6,30,6,1,54,7,26,19,4
69,5,31,4,1,58,8,24,17,1
28,5,31,4,4,46,7,37,24,1
34,3,25,2,2,25,7,32,22,2
37,5,30,4,1,45,6,36,24,3
31,2,25,2,1,5,5,24,21,3
51,4,27,2,2,31,9,31,20,1
39,5,27,3,5,11,6,35,23,6
96,7,26,4,1,61,12,36,22,2
34,4,31,5,1,29,6,28,20,1
70,5,30,5,1,97,15,33,20,1
78,4,28,5,1,94,15,32,22,1
99,8,42,3,1,74,9,35,21,2
0,1,27,3,1,5,5,27,23,4
65,4,34,3,1,89,12,34,22,1
59,6,30,4,2,43,6,31,22,2
11,3,30,5,1,19,6,31,21,1
69,4,28,4,1,82,12,34,21,1
46,5,29,5,1,92,13,34,24,1
33,3,34,2,1,71,9,30,22,2
33,2,26,1,3,41,10,35,23,3
44,6,31,4,3,39,7,33,21,2
43,3,27,2,4,11,6,25,22,3
26,2,32,0,4,55,9,30,22,1
69,8,28,6,2,87,9,30,19,1
94,7,29,6,1,91,14,36,18,2
32,2,31,4,1,61,8,24,22,3
4,1,23,3,3,48,8,26,22,1
22,2,26,2,3,16,9,25,21,3
3,4,34,4,3,57,3,31,20,1
56,5,29,5,1,63,9,30,20,1
67,7,34,4,1,54,6,35,20,1
60,6,31,6,1,64,8,28,17,1
6,3,32,4,1,12,3,29,23,1
55,4,28,2,6,43,8,25,21,3
34,5,29,5,2,29,5,23,18,1
23,2,33,4,1,78,10,28,24,1
35,5,31,3,4,43,7,35,20,1
40,5,30,3,5,41,6,25,19,1
23,5,26,4,10,49,6,30,19,1
6,4,24,6,1,19,4,33,22,1
7,4,24,3,11,13,5,27,21,2
2,3,24,3,11,8,6,30,22,1
90,10,42,6,1,96,10,34,18,1
1,1,25,2,2,13,6,25,25,2
83,6,36,4,1,98,15,33,22,1
1,1,23,1,5,0,3,20,25,15
87,9,28,4,9,38,10,33,20,1
34,4,28,5,1,41,7,22,19,1
59,7,33,3,6,69,7,31,18,1
36,5,23,6,1,9,4,22,17,4
11,3,23,2,8,14,5,26,24,5
7,3,31,3,1,6,2,25,22,2
72,9,32,4,3,35,5,35,19,3
6,2,28,2,3,32,6,29,23,1
17,3,27,4,1,13,6,31,23,2
25,3,30,3,1,17,6,30,21,1
95,5,26,4,1,93,18,32,20,2
99,6,40,3,1,97,14,40,23,1
59,7,27,6,1,32,6,25,15,1
80,7,35,3,5,90,12,36,22,1
52,7,33,5,1,28,5,31,18,2
81,7,34,5,1,98,11,30,17,1
45,7,36,5,1,81,6,36,23,1
37,2,24,2,2,13,8,28,21,6
15,3,25,5,1,22,6,32,24,1
83,6,25,4,1,56,11,33,22,1
33,4,32,2,5,43,6,29,22,4
48,4,23,2,2,3,8,32,19,5
4,4,19,6,3,4,3,22,18,1
97,7,39,2,1,77,12,34,23,4
3,3,28,6,1,24,5,32,24,1
58,5,34,4,2,81,10,27,21,1
69,7,28,6,1,82,11,33,20,3
69,7,34,3,4,84,11,40,22,1
43,6,36,5,1,85,7,31,17,1
12,1,24,2,2,8,7,29,23,2
98,6,27,4,1,82,16,36,23,2
20,3,25,5,2,27,8,28,20,1
72,8,27,4,4,40,9,38,21,1
70,5,34,3,1,94,14,37,21,1
77,6,34,4,1,91,10,28,19,1
42,5,34,4,1,60,8,33,22,2
81,9,29,5,1,45,7,38,22,2
49,5,31,3,1,60,9,42,24,1
48,4,29,4,1,83,10,29,21,3
17,3,32,2,4,45,8,33,25,1
76,8,34,6,1,89,9,35,21,2
0,0,29,4,1,29,7,19,22,1
40,3,25,2,1,17,7,30,24,7
18,4,34,4,3,29,5,29,23,1
18,4,29,3,5,10,6,31,25,1
4,2,27,2,6,2,6,29,25,2
15,5,34,7,1,58,4,31,19,1
19,3,30,4,1,35,6,29,21,1
97,8,38,6,1,95,11,31,17,1
46,4,28,3,1,21,9,32,24,2
31,3,29,4,1,64,6,27,22,3
20,3,28,2,3,2,3,26,23,6
77,7,28,6,1,75,9,27,20,2
23,5,24,5,2,3,2,29,20,1
59,8,29,4,4,55,9,38,21,2
90,6,31,3,1,39,8,29,20,2
62,7,33,4,1,38,8,35,24,1
18,5,31,6,1,55,4,29,19,1
8,3,27,3,6,36,6,29,25,2
3,4,26,3,4,0,2,25,19,2
46,6,32,3,3,40,7,41,25,2
82,7,35,4,1,99,12,33,22,1
56,5,28,4,2,56,10,28,18,1
91,11,30,8,1,70,9,30,14,1
80,6,25,5,1,30,8,27,20,4
27,6,29,3,12,28,6,32,22,2
12,3,28,4,2,49,7,28,21,2
46,4,34,4,1,93,11,30,23,2
42,4,29,3,1,59,9,35,22,1
46,7,37,5,1,74,7,39,20,1
5,2,26,3,3,5,3,22,22,3
80,5,35,2,1,46,8,33,22,2
52,5,27,6,1,53,8,26,17,3
29,4,28,4,1,16,5,32,23,1
78,6,26,5,1,85,9,30,16,1
97,8,35,3,2,92,10,36,22,3
91,7,39,5,1,92,13,35,23,1
28,4,24,4,1,15,6,33,20,1
37,6,35,5,2,40,5,28,18,1
32,4,23,5,1,5,5,29,19,1
88,7,31,5,1,87,10,32,21,5
86,5,35,4,1,73,10,29,17,2
46,6,37,3,6,84,8,34,22,1
26,2,30,4,1,39,6,22,24,3
84,6,37,2,1,85,9,33,19,3
85,10,43,4,3,91,11,47,21,1
57,7,29,5,1,26,7,37,21,2
20,1,23,4,1,33,8,25,20,1
70,5,35,4,1,94,11,37,24,2
27,5,25,5,5,47,8,31,23,1
94,6,30,4,1,90,16,33,19,1
14,3,27,5,1,23,5,23,20,1
4,4,25,7,2,15,5,27,21,1
41,3,21,2,3,15,9,25,23,10
71,4,28,3,1,58,12,29,19,1
26,2,32,4,1,44,9,30,20,1
98,7,31,6,1,80,10,29,17,1
76,9,37,5,2,88,9,39,23,1
71,7,30,6,1,88,11,29,17,1
63,6,28,4,5,65,11,31,18,1
89,11,34,8,1,76,8,31,18,1
90,7,36,5,1,97,12,31,21,1
72,5,25,3,6,21,9,26,22,4
38,5,25,6,1,67,9,31,19,1
8,1,25,3,1,16,6,26,23,4
78,5,34,4,1,85,12,36,24,1
41,6,32,4,5,47,7,33,19,1
83,7,33,3,4,85,10,31,21,1
67,7,36,5,1,65,9,33,22,1
31,3,21,4,1,11,8,28,19,3
48,4,30,4,1,39,8,26,22,2
99,6,33,2,2,89,13,35,21,3
20,1,27,4,1,40,8,27,22,3
79,7,31,5,1,49,9,35,20,1
40,4,23,3,3,26,7,30,23,6
30,3,34,3,1,39,7,29,25,2
32,2,31,1,1,27,6,28,24,2
85,7,35,3,1,54,7,33,21,2
95,12,35,4,3,92,10,42,20,1
0,0,26,2,2,7,7,24,21,1
30,4,24,2,3,4,5,35,23,2
62,5,34,5,1,95,10,29,18,1
91,9,34,7,1,93,11,39,20,2
44,3,28,4,1,43,10,28,20,1
26,2,28,4,1,62,8,31,22,4
26,3,30,5,1,41,8,25,24,2
41,3,31,4,1,81,8,27,20,1
47,6,26,6,1,44,8,34,22,1
62,4,29,4,1,96,12,28,22,1
47,5,30,3,1,33,7,32,19,3
17,2,24,2,1,3,5,24,21,4
39,3,28,4,1,51,9,26,23,4
37,6,33,4,4,66,7,32,22,1
79,5,26,3,2,66,12,33,20,2
96,7,29,5,1,95,14,35,20,2
19,3,28,5,1,43,5,31,22,2
78,6,38,6,1,82,10,34,21,1
86,9,30,3,4,44,10,38,20,3
61,5,27,5,1,40,8,22,18,2
90,6,30,4,1,91,11,34,23,2
89,5,26,5,1,85,16,30,18,1
3,3,24,6,2,6,3,19,22,2
29,5,34,5,2,70,5,26,21,1
32,3,27,4,1,73,9,25,23,1
20,4,27,5,1,29,7,35,23,1
31,5,33,5,1,32,6,38,21,1
73,7,29,6,1,81,11,34,18,1
3,3,20,4,2,0,2,22,21,11
78,8,34,5,1,93,10,37,21,2
8,1,24,2,5,3,7,22,21,1
65,7,37,3,2,42,6,32,21,3
39,4,34,2,4,52,9,31,20,1
95,8,28,5,2,83,11,28,16,1
86,6,36,5,1,96,11,32,21,2
20,4,26,4,4,14,6,29,22,1
79,9,32,4,3,38,9,34,23,3
78,7,28,4,1,53,10,35,22,3
57,7,29,3,7,43,7,30,21,4
35,5,26,4,7,45,7,32,19,1
16,3,28,3,5,9,3,23,22,2
20,2,33,2,1,43,7,33,22,1
45,4,28,2,8,68,10,31,22,1
91,8,29,4,3,74,12,34,23,1
17,5,33,5,1,49,7,33,23,1
80,8,39,3,1,91,11,40,19,1
61,8,26,4,6,38,7,31,21,7
9,3,20,4,4,36,5,20,22,4
4,2,29,4,1,24,5,22,21,1
57,4,32,3,1,41,9,28,20,1
54,7,34,6,1,49,7,32,17,1
87,6,30,5,1,97,13,27,20,3
41,3,29,4,1,92,11,23,22,1
4,4,31,4,1,2,2,28,22,1
93,6,26,4,1,91,13,33,23,1
74,5,31,5,1,85,11,27,19,1
86,7,29,3,3,61,11,33,19,1
13,1,29,1,2,33,7,33,27,3
56,5,32,5,1,87,10,36,23,1
7,1,24,2,1,1,5,28,23,4
34,4,32,5,1,72,9,25,18,1
60,5,35,2,1,41,9,35,21,1
36,4,28,3,2,18,5,33,23,3
74,9,38,6,1,97,9,31,20,1
23,4,30,6,1,60,6,29,19,1
74,6,37,5,1,97,10,35,19,1
84,8,28,6,1,78,11,37,20,2
72,4,26,3,1,24,9,25,21,4
9,3,31,3,3,49,7,33,21,1
40,5,31,6,1,24,6,30,22,1
64,6,36,6,1,98,10,32,23,1
5,1,26,4,1,6,4,22,20,1
96,11,37,8,1,84,10,37,18,1
3,2,28,5,1,5,2,21,18,1
20,3,31,2,2,38,5,33,25,2
88,10,27,8,1,88,9,32,20,2
17,4,26,5,1,24,5,34,24,3
47,4,27,4,1,41,9,27,18,1
39,6,24,6,2,37,5,26,18,1
23,2,28,2,3,46,8,27,22,3
26,4,24,5,2,4,4,24,22,7
55,4,36,3,2,80,11,32,23,1
11,4,32,6,1,24,5,30,22,1
8,4,34,3,4,28,4,30,20,1
5,4,30,5,1,12,3,30,19,1
8,2,31,5,1,61,7,25,20,1
95,8,38,4,1,82,9,31,22,6
71,4,26,3,1,59,12,33,23,2
88,11,38,6,1,92,10,32,17,1
41,4,30,4,1,24,6,29,20,5
12,4,23,3,7,2,5,35,23,1
86,8,34,5,1,95,12,34,17,1
42,6,35,3,4,79,7,32,21,2
68,4,35,5,1,99,12,26,17,1
68,8,39,5,1,64,6,33,22,3
15,4,31,4,2,73,7,31,20,1
6,2,29,4,1,29,5,30,22,2
37,4,29,3,2,42,9,32,23,2
11,1,30,1,4,47,8,26,24,2
1,1,29,2,1,23,5,23,22,1
33,4,22,3,12,9,7,30,23,2
62,8,29,5,4,46,9,32,21,1
40,5,27,4,3,53,6,31,23,2
44,6,28,6,2,49,7,31,18,1
66,6,33,4,1,67,6,29,20,3
86,8,32,5,1,88,10,38,22,4
13,1,32,1,1,38,5,25,25,5
26,5,24,6,2,53,7,26,18,1
29,2,22,3,1,14,8,25,23,6
7,1,31,4,1,43,6,30,26,2
26,2,32,3,1,66,7,27,25,3
36,3,26,2,7,15,8,27,26,2
4,3,23,4,2,12,3,25,23,3
55,6,25,5,1,15,6,28,18,1
21,4,23,6,1,3,5,31,22,5
33,4,29,4,1,59,8,30,23,3
51,6,25,3,7,58,8,33,22,1
48,6,32,6,1,92,8,26,16,1
54,7,28,6,4,68,7,27,18,1
27,3,23,3,1,9,7,26,22,3
1,3,31,6,1,41,6,26,23,1
10,3,31,3,2,48,8,29,23,1
11,3,22,5,1,5,5,29,19,1
21,5,31,4,1,39,4,31,22,4
42,5,35,3,2,55,7,27,21,1
70,8,27,3,5,22,7,31,18,2
31,3,22,4,1,17,6,19,17,1
21,5,25,5,3,25,5,26,20,2
76,8,35,7,1,83,9,29,21,1
84,8,28,6,1,60,9,25,16,1
48,4,32,2,3,44,8,26,21,4
58,8,27,4,3,30,6,35,19,3
54,5,25,5,1,58,9,34,22,2
42,6,35,6,1,51,5,27,19,2
45,4,25,2,5,31,10,31,23,5
0,2,22,2,6,8,4,23,24,11
78,4,33,2,1,94,11,30,24,3
99,15,34,8,1,89,11,38,19,1
22,3,25,5,1,76,8,22,17,1
11,3,24,2,5,0,2,23,19,3
17,3,34,4,2,52,5,25,22,2
53,7,37,4,3,49,5,30,19,1
58,7,26,6,1,15,6,32,20,1
91,10,33,8,1,84,10,28,19,1
76,9,37,7,1,95,10,32,16,1
57,8,26,7,1,45,9,35,17,1
94,11,44,5,1,88,10,37,19,1
24,5,23,3,5,10,5,38,24,4
17,4,30,4,2,34,4,27,22,1
10,3,23,5,1,7,3,21,21,4
80,6,32,4,1,87,10,32,22,4
17,2,22,4,1,29,6,19,22,3
43,4,26,3,4,50,8,30,20,2
49,3,26,4,1,47,9,24,19,1
19,3,26,2,11,32,6,25,21,2
31,5,35,6,1,36,6,32,20,1
45,6,27,4,3,46,7,30,20,2
81,9,32,7,1,91,11,43,20,1
77,7,33,6,1,92,12,39,22,1
48,6,33,3,3,65,8,36,22,2
1,2,28,4,1,24,6,32,22,1
40,5,31,3,8,70,8,32,19,1
6,2,27,2,9,24,6,28,25,5
67,4,36,3,1,65,10,26,21,2
25,3,22,5,1,23,7,32,25,4
80,9,33,4,1,58,7,37,22,9
24,3,20,3,1,27,9,34,20,1
46,4,27,3,1,13,8,32,24,3
15,5,28,3,6,1,2,26,20,2
49,5,30,4,1,73,9,29,20,2
9,3,32,3,3,10,4,24,21,1
74,8,27,4,2,14,7,35,18,2
86,6,35,3,1,76,11,35,23,2
87,11,41,5,2,88,10,37,19,1
75,9,34,6,1,79,8,35,20,1
90,8,35,5,1,87,12,32,18,1
1,0,27,2,2,5,6,24,26,5
3,3,29,2,4,4,4,33,26,2
33,3,26,5,1,68,10,32,20,1
60,4,31,2,2,36,9,31,25,3
98,9,39,4,1,88,9,34,22,3
35,6,31,6,2,42,6,26,18,1
88,7,38,4,1,89,13,37,23,2
29,2,24,4,1,37,7,24,18,1
92,12,35,4,2,55,9,39,20,1
90,6,30,2,1,61,9,30,23,9
95,7,30,3,1,57,9,31,19,3
60,8,28,7,2,53,8,26,20,1
64,6,33,3,2,87,9,29,19,1
22,4,24,6,1,46,8,24,17,1
84,7,39,3,2,85,9,36,20,1
81,7,27,3,4,44,9,32,22,8
49,4,28,3,2,62,10,26,22,1
68,5,33,3,2,86,11,29,19,1
98,10,38,4,2,99,11,33,21,3
87,8,34,5,1,95,11,34,21,1
26,5,27,7,1,42,5,29,18,1
85,5,37,5,1,98,14,35,19,1
69,6,35,4,1,71,7,31,20,1
41,4,33,5,1,77,9,37,23,1
46,6,27,6,1,35,7,30,21,3
68,4,27,4,1,94,16,31,20,1
47,6,33,6,1,52,7,27,21,2
44,4,28,3,4,22,7,24,21,1
1,4,22,4,2,9,5,32,21,3
16,4,23,5,1,11,5,32,21,1
19,2,26,2,2,17,8,31,22,2
80,8,36,4,2,85,11,34,22,1
80,8,29,6,1,57,8,31,19,3
6,4,24,5,2,24,6,34,19,1
16,3,29,5,2,57,8,26,20,1
75,6,34,5,1,87,12,34,17,1
64,7,27,5,1,50,9,36,19,1
10,2,32,3,1,68,8,33,25,1
1,1,23,4,1,40,8,32,25,1
20,3,33,3,1,21,4,26,22,1
40,4,32,4,1,53,7,30,23,2
6,2,24,5,1,46,8,32,22,1
77,5,34,4,1,72,10,30,19,1
59,4,29,4,1,77,12,28,22,1
28,5,27,5,1,13,4,28,17,2
4,3,29,5,1,12,5,32,20,1
50,6,31,3,5,32,6,26,20,1
82,9,34,6,1,90,11,41,20,1
99,7,34,3,1,95,12,40,23,2
25,4,30,4,1,69,7,32,20,1
70,5,26,3,1,32,9,26,23,3
4,4,22,4,4,1,3,33,21,1
69,7,28,6,1,62,7,24,13,1
79,5,26,5,1,46,9,25,21,3
81,8,31,5,1,70,10,36,20,2
9,4,32,5,1,42,3,34,24,1
41,6,32,4,1,9,5,34,20,2
79,7,39,5,1,85,10,33,23,2
68,8,30,4,3,54,8,39,18,2
76,6,26,5,1,61,11,37,20,3
27,3,24,5,1,19,7,25,23,3
36,4,34,2,3,32,8,29,21,1
52,7,25,6,4,44,10,31,16,1
43,6,27,5,2,22,5,25,17,2
84,8,30,4,1,84,10,36,22,3
78,9,33,6,1,69,8,30,20,2
5,3,23,3,8,0,4,27,23,5
50,6,29,4,1,22,4,31,20,1
18,4,33,2,6,52,7,31,21,1
72,5,32,4,1,60,8,25,20,1
60,6,31,6,1,77,9,25,19,2
64,4,34,5,1,83,11,25,21,1
4,0,31,3,1,52,8,25,25,3
94,7,41,3,1,80,10,34,21,1
69,7,35,4,1,65,8,34,20,1
3,1,31,3,1,19,6,25,21,1
16,4,26,5,4,24,4,21,20,3
68,5,35,5,1,89,11,27,19,1
24,2,34,1,1,25,5,29,25,7
41,3,24,5,1,67,11,33,22,2
81,9,32,6,1,92,10,35,19,1
54,5,37,3,3,81,10,36,21,1
72,6,32,5,1,85,11,36,21,2
53,6,35,4,1,79,7,31,19,2
92,9,38,6,1,77,10,38,17,1
74,5,36,2,1,89,10,35,26,3
22,2,24,3,2,12,8,29,22,2
96,6,32,2,2,66,12,30,20,1
5,2,28,1,5,5,4,23,23,4
38,3,25,4,1,75,13,30,20,1
12,5,31,5,1,8,3,31,19,1
16,3,21,3,3,10,6,29,21,1
28,4,33,2,4,54,6,35,21,1
22,2,22,2,6,9,8,25,25,4
8,1,29,4,1,29,6,28,25,1
93,6,32,5,1,99,13,27,19,1
60,4,26,2,2,14,7,30,19,3
27,5,29,6,2,42,6,28,20,1
55,5,35,4,2,85,8,25,19,2
24,4,24,6,1,46,5,28,17,1
8,2,31,3,2,37,5,13,20,2
95,5,26,3,1,78,11,29,22,8
87,9,38,6,1,84,8,30,21,3
59,8,27,9,1,90,9,28,18,1
4,1,28,2,1,13,6,30,23,2
78,7,34,4,1,65,9,34,19,1
48,6,30,4,1,53,8,40,22,1
1,2,19,4,1,1,3,24,20,4
59,5,26,2,6,41,9,30,21,3
71,5,30,5,1,80,12,32,23,1
76,9,34,6,1,75,8,38,19,1
80,8,36,7,1,97,10,35,17,1
92,6,29,5,1,96,14,27,16,1
84,8,30,4,5,54,9,27,18,2
4,4,25,6,4,23,6,31,20,1
1,0,25,1,2,9,5,29,25,6
40,4,25,2,4,45,8,30,21,2
16,3,25,4,1,9,5,28,22,3
15,2,30,4,1,18,4,24,21,2
46,4,31,5,1,39,8,25,18,1
41,6,35,3,3,44,5,28,21,2
54,5,24,4,1,22,9,31,18,2
72,7,30,6,1,77,10,25,17,1
86,5,30,4,1,92,13,34,19,1
91,9,33,6,1,68,9,33,22,1
61,7,34,5,1,79,9,34,22,2
55,3,35,3,1,85,11,27,24,1
72,5,26,4,1,77,11,27,17,1
22,2,27,3,1,15,6,25,23,3
44,5,33,3,2,72,7,29,22,4
53,6,25,7,1,47,7,30,17,2
24,4,25,6,1,22,5,22,15,1
58,6,28,4,3,84,10,31,20,2
1,3,26,3,4,5,4,31,21,3
49,4,34,4,1,59,7,25,18,1
73,4,32,3,2,64,10,25,20,1
33,3,22,3,1,3,5,22,21,5
31,2,31,3,1,11,5,26,20,1
14,5,27,4,4,24,5,31,20,2
75,5,32,2,2,83,13,40,25,4
5,1,23,2,5,18,8,27,25,2
66,6,34,5,1,83,9,35,20,1
85,9,29,4,1,25,7,32,20,7
56,8,36,4,3,73,7,38,23,2
76,7,29,4,3,71,11,37,20,1
35,6,35,4,2,63,6,37,21,1
57,8,26,7,2,33,6,23,18,2
6,4,28,6,2,52,7,32,20,1
6,1,24,4,1,12,5,25,24,6
90,6,34,3,1,84,9,34,24,3
76,7,26,7,1,74,9,27,17,1
41,4,30,3,2,12,7,31,21,2
16,1,31,1,3,13,5,18,24,7
66,6,25,3,1,6,6,29,18,2
47,5,30,4,1,37,6,26,19,2
5,1,25,2,2,3,6,29,26,4
92,5,35,4,1,82,11,33,19,1
34,2,31,2,2,72,9,29,26,2
5,4,30,4,1,5,2,28,20,1
3,3,24,5,3,29,6,31,21,1
85,7,40,4,1,99,10,33,21,1
35,4,24,3,5,18,9,30,22,3
75,5,34,4,1,91,14,34,24,2
96,8,30,5,1,90,11,35,18,2
31,2,33,4,1,81,11,29,22,1
83,10,28,5,4,73,8,29,17,2
54,6,36,3,1,58,7,39,20,1
38,3,33,4,1,80,9,29,19,1
71,8,31,5,2,73,10,32,20,2
35,6,27,4,5,30,5,29,22,5
21,2,31,2,1,17,6,25,23,3
97,11,34,4,4,85,11,37,21,2
77,5,26,3,1,16,8,28,21,2
43,5,27,3,4,30,8,31,20,3
81,6,27,5,1,91,13,31,19,1
99,6,33,4,1,91,11,27,20,1
92,12,39,6,1,99,12,39,19,1
87,6,26,3,1,71,11,34,22,6
21,3,31,4,1,14,6,27,20,1
78,5,31,2,2,76,12,31,19,1
17,4,26,6,1,17,5,17,18,1
97,6,27,4,1,73,10,29,22,5
59,6,36,5,1,93,10,31,24,1
47,5,35,2,2,22,5,30,22,4
24,5,25,4,7,8,4,26,19,3
1,0,31,1,3,60,6,25,24,1
49,4,29,6,1,52,9,32,19,1
55,8,33,4,6,81,9,35,18,1
14,2,33,3,2,66,6,22,20,1
0,2,18,4,4,7,6,24,23,4
44,4,29,3,3,20,5,24,22,2
2,2,26,2,5,3,6,26,21,1
83,6,33,5,1,84,13,30,21,1
7,3,28,5,1,18,5,25,23,1
31,6,31,3,10,53,7,38,24,1
70,4,29,4,1,65,10,25,17,1
32,3,27,3,2,35,6,24,22,6
93,7,33,4,1,81,12,35,18,1
57,4,31,4,1,83,11,25,22,1
71,9,29,4,7,79,9,35,18,1
25,4,26,3,6,13,5,29,22,4
73,5,28,5,1,44,10,33,22,2
81,7,35,5,1,97,13,32,18,1
8,2,31,3,2,47,8,33,23,1
47,4,34,4,1,76,10,36,21,1
58,6,28,3,3,7,5,30,22,8
7,3,31,2,5,26,3,28,20,2
48,4,28,2,1,8,7,33,21,4
18,2,31,1,3,17,7,33,26,10
92,10,39,7,1,86,11,34,20,1
29,3,26,5,1,53,8,23,21,2
23,4,26,3,6,11,7,33,22,2
61,7,27,5,1,56,8,36,21,2
78,8,35,4,1,62,8,36,20,1
58,6,35,3,4,79,8,28,21,2
87,7,29,3,3,73,9,32,19,2
15,5,23,4,11,1,3,24,17,2
47,6,32,5,1,36,5,26,21,3
83,6,35,5,1,93,14,37,19,1
96,9,30,6,1,79,10,25,19,2
73,6,27,3,3,71,11,36,19,1
46,4,23,3,3,63,12,33,24,4
83,5,27,4,1,90,16,27,22,3
0,3,33,4,1,23,5,33,20,1
64,5,30,5,1,80,10,30,20,1
31,3,32,2,1,47,8,38,23,1
37,3,27,2,2,34,10,29,24,3
29,5,32,3,8,29,7,31,25,1
89,6,36,3,1,96,13,39,22,1
50,4,28,3,2,43,7,27,24,5
81,5,27,4,1,34,11,33,19,3
52,5,32,5,1,30,6,27,18,2
28,3,27,2,2,7,5,29,24,18
50,5,26,6,1,78,9,27,19,1
78,7,27,6,1,64,9,25,16,1
63,5,31,2,3,45,8,30,23,6
53,5,34,4,1,51,8,30,22,1
0,4,26,4,11,17,5,29,24,1
62,4,28,5,1,53,11,30,19,1
18,3,20,3,2,1,3,24,24,4
47,5,31,5,1,64,9,37,23,2
48,3,30,3,1,85,12,33,25,1
22,5,29,5,1,5,4,31,23,2
38,5,33,5,1,39,8,30,20,1
61,8,31,4,9,56,8,35,23,1
50,4,30,4,1,80,8,24,19,2
97,11,35,6,1,78,7,33,20,3
63,5,34,3,4,57,11,32,22,1
32,4,26,5,1,17,7,26,23,2
87,6,38,5,1,96,10,26,19,1
89,6,29,4,1,68,10,29,18,2
44,3,28,3,1,45,10,30,20,2
94,9,40,4,1,83,9,35,20,1
21,3,24,3,1,2,5,26,23,2
75,5,24,2,2,13,7,27,24,12
44,7,30,4,3,39,6,37,19,1
10,1,29,3,1,48,7,24,21,1
59,6,32,3,1,24,5,32,19,2
63,5,37,2,3,91,10,34,24,1
19,3,21,5,1,1,3,24,19,2
45,4,28,5,1,65,11,29,21,1
85,8,36,6,1,89,9,27,19,1
55,4,27,5,1,67,10,28,21,1
3,1,20,2,2,0,3,26,23,5
3,4,30,3,8,16,3,32,26,3
14,2,23,3,3,3,5,17,22,4
63,9,35,4,2,50,5,35,24,2
53,5,36,5,1,59,6,26,17,1
21,1,20,1,11,8,7,23,24,9
63,7,34,4,1,88,10,37,21,1
59,5,26,6,1,63,9,25,19,1
22,5,30,4,4,44,6,28,18,1
45,5,34,5,1,84,11,32,24,1
39,4,31,3,2,67,8,28,19,1
50,6,36,4,1,52,5,29,19,3
71,8,33,3,4,45,9,37,19,1
4,4,27,3,6,2,4,30,20,3
1,1,29,1,2,7,5,30,26,7
59,4,29,2,2,57,11,34,22,3
23,5,27,4,7,46,7,34,23,2
97,10,38,4,3,82,11,35,23,1
58,8,29,4,4,58,7,36,18,2
20,3,24,2,8,6,6,25,20,3
44,7,28,4,4,47,8,42,21,1
51,3,33,2,1,64,10,33,26,2
75,5,36,2,1,85,10,42,24,1
67,8,26,6,1,24,6,30,15,3
69,6,29,4,1,46,9,37,22,2
16,2,18,5,1,27,8,32,22,1
54,4,33,4,1,88,10,25,22,3
92,5,26,4,1,39,12,34,22,6
28,5,34,5,3,37,7,31,22,1
13,2,22,3,1,1,3,21,21,4
36,4,28,3,2,9,4,27,19,2
12,4,23,5,1,32,4,26,20,4
25,4,30,4,2,56,6,30,21,1
7,3,33,3,2,39,4,33,25,4
81,7,30,4,2,85,11,32,22,4
75,10,34,8,1,96,9,33,19,1
67,5,29,4,1,75,10,25,22,4
38,4,29,5,1,46,7,29,23,2
66,6,30,3,2,48,6,31,19,3
76,5,29,5,1,90,12,29,19,1
65,4,32,3,1,58,11,32,23,1
69,4,32,5,1,82,11,23,22,1
42,4,30,2,1,7,5,30,22,2
76,6,29,6,1,55,10,32,21,3
19,5,29,4,4,23,4,30,23,4
63,4,33,1,1,59,10,37,25,2
49,4,34,5,1,94,10,26,22,2
29,3,28,5,1,28,7,26,20,1
44,4,34,3,2,58,10,29,23,1
20,3,26,3,2,48,7,28,19,1
15,3,29,3,3,20,5,27,24,5
41,6,33,4,2,44,4,31,18,1
52,4,27,2,4,55,10,27,24,2
12,4,28,4,2,12,3,29,21,3
68,5,26,2,6,72,10,28,22,5
64,6,32,3,1,71,9,39,20,2
42,5,29,4,1,48,7,33,22,4
0,2,28,3,1,15,5,28,22,3
19,2,30,1,6,57,8,31,22,1
74,5,28,2,2,15,8,32,22,12
70,8,34,5,1,77,9,37,19,1
12,4,22,3,5,0,4,30,20,2
88,7,38,4,1,98,11,35,22,1
16,3,33,3,1,13,6,33,24,1
