K:10
N:500
Gap:2.51182871444447
Rho: 
1 0.8 0.45 0.2 -0.3 0.7 0.75 0.5 -0.3 -0.1
0.8 1 0.45 0.5 -0.1 0.55 0.4 0.6 -0.4 -0.2
0.45 0.45 1 0.1 -0.3 0.6 0.3 0.4 0 -0.3
0.2 0.5 0.1 1 -0.5 0.35 0.1 0.1 -0.5 -0.45
-0.3 -0.1 -0.3 -0.5 1 -0.4 -0.3 -0.1 0.2 0.2
0.7 0.55 0.6 0.35 -0.4 1 0.8 0.45 -0.2 -0.45
0.75 0.4 0.3 0.1 -0.3 0.8 1 0.45 -0.1 -0.3
0.5 0.6 0.4 0.1 -0.1 0.45 0.45 1 0.1 -0.2
-0.3 -0.4 0 -0.5 0.2 -0.2 -0.1 0.1 1 0.4
-0.1 -0.2 -0.3 -0.45 0.2 -0.45 -0.3 -0.2 0.4 1
X:
74,5,34,4,1,58,7.12665773793165,0.544129828757318,0.79738032608293,4.72128522712476
28,4,27,4,4,26,4.96899929417577,0.0964114872040227,0.42815810488537,5.04888887779033
50,5,36,4,1,85,8.61190778869737,0.316804292601276,0.28918314143084,1.29722530526207
57,4,36,3,1,74,5.49396059597205,0.224283733860332,0.234938537236303,4.32687334753327
3,0,27,3,1,16,4.17861993917276,0.0112578209955245,0.383009983459488,5.33537113980853
14,3,25,4,4,12,0.483622194109859,0.0302697568920441,0.0796383926644921,3.80167160495538
44,6,26,7,1,15,4.4610256749239,0.24508835094862,0.0414554222952574,3.86784240227913
5,3,29,3,3,8,0.271048904360379,0.212663060730332,0.859677150379866,7.32363510792495
11,4,29,6,3,17,1.82634232219162,0.0813406476518139,0.377920261351392,1.97113977597637
44,5,33,5,1,34,3.33385960773868,0.251944635965644,0.500214077997953,3.48760197919439
9,4,31,3,2,13,-1.49725777440866,0.27272814498275,0.792513641994447,10.1785471523315
0,1,25,4,1,24,2.35664132254549,0.0696645816788077,0.941691547399387,11.3752053049778
82,7,32,4,1,84,9.64214583921125,0.428229329620904,0.430283481953666,5.04121685616939
14,4,24,6,1,10,0.372169139156087,0.139325412572362,0.507539363112301,3.86180155313511
43,3,29,4,1,40,4.65133653338169,0.0549879017053172,0.882605429505929,8.6919828151043
18,4,35,4,1,14,1.71872081653991,0.574863999692858,0.379387054592371,2.97293394545737
5,3,30,4,1,53,0.801119781680508,0.0823514233343303,0.250173832289875,3.1936085781371
43,7,25,6,2,33,4.91699007827907,0.247248306627128,0.619804044021294,4.39442097737635
20,2,31,2,1,10,2.67183868078454,0.116434553638101,0.66503516654484,3.38764892915135
29,2,30,4,1,80,7.47523630836818,0.201597457508299,0.673666864866391,2.02950754892749
64,6,36,6,1,95,9.0971577758349,0.491754904368377,0.249540998600423,2.67145334256747
39,5,32,4,1,24,4.0024302843865,0.348786139423366,0.574166873702779,6.19384400116777
37,2,25,3,1,60,7.52979837015496,0.121973106728167,0.369115754729137,3.64585063538934
48,4,35,3,1,59,4.4102509640087,0.0335606115404516,0.299001394072548,6.0394391162721
23,3,22,5,1,48,4.44752781475651,0.132993432111107,0.451349439332262,2.57635722267587
32,3,32,3,1,45,3.47877817816543,0.152944661560468,0.963865517172962,8.85111904135339
24,2,22,2,2,23,5.58698138503907,0.303526435502547,0.965064843185246,8.31671437054928
77,7,35,4,1,91,9.37664632285891,1.04836225969003,0.972442959668115,2.72112189438408
35,4,28,3,2,4,-1.21463381391789,0.0616506789810956,0.247627622913569,7.37341301213381
81,4,34,3,1,65,6.1452882103229,0.028794460115023,0.632584956707433,12.2051801056593
55,7,30,3,3,13,3.90904332610522,0.537710747709665,0.252113483380526,4.51047313285652
76,9,33,4,2,60,2.85487397829315,0.423494882394976,0.284514896338806,4.82166360482185
94,8,39,3,2,97,11.2347335777988,1.19646030158553,0.528905184008181,4.30944151991846
11,2,24,4,1,11,0.4320527417377,0.0437362194482411,0.651309418026358,10.3714284991385
8,4,27,5,4,16,1.91588573391497,0.0526196751743555,0.584981298074126,3.20778454956916
58,3,31,2,1,19,4.11804074279752,0.0624637511791661,0.320962320780382,5.2650012158803
99,7,37,5,1,94,12.1560786306151,0.331490124332461,0.178368178429082,1.20463552159111
33,4,34,5,1,57,3.7430781082248,0.0573877485003322,0.0906701933126897,2.17979440704615
88,6,34,5,1,74,7.92593120363356,0.144553474732675,0.637474811635911,7.1268593888995
47,3,29,4,1,40,6.7694213482364,0.262921023870561,0.475256123114377,2.9721175980037
52,3,32,3,1,63,7.74678146964142,0.0900158502627164,0.741915677906945,6.00737457643558
31,5,27,5,2,11,0.703576152280412,0.12789833440911,0.0315436848904938,3.56612422052326
66,4,32,3,1,71,8.42510041027399,0.301680338558483,0.851114048156887,8.62021215455296
27,2,23,4,1,9,5.77334542408562,0.0386141088362598,0.571106587070972,3.74540436021597
17,5,25,6,1,26,0.235201918793899,0.208947476454753,0.135407416149974,2.13931712644153
44,3,30,3,1,57,7.131626764651,0.209321653692725,0.454741119407117,4.39171944880963
25,4,25,5,3,42,4.47637269514203,0.0570048817899078,0.0477302097715437,3.65261218355014
29,4,30,4,3,52,4.83153302167398,0.154845844954252,0.890023815445602,3.79712069612839
48,5,26,5,1,85,6.29162006427087,0.0792909832671285,0.714734639041126,4.79085612288798
49,5,30,6,1,57,4.86482405935774,0.139630865189247,0.134578993311152,4.63831199844686
1,1,21,2,4,11,3.95975237247003,0.0701501108705997,0.626291246386245,4.52800902810097
7,3,25,4,4,32,4.96233375592735,0.081754915532656,0.38530310895294,4.06077873723703
30,3,28,3,2,12,4.64241109109872,0.0987744085723534,0.916329114465043,6.54580326744859
67,4,34,5,1,84,8.4793413794509,0.336470572733063,0.238049472449347,1.77113486284565
88,5,38,3,1,91,10.043013582644,0.342795217864889,0.51593504101038,3.76312097804449
56,4,27,4,1,49,6.33550630431006,0.0327676263081307,0.0310988130513579,4.17806471866018
93,12,32,8,1,68,6.37589135174847,0.619730810137624,0.0542224533855915,5.62747870718761
41,5,29,4,5,41,5.63590926682697,0.368903033231024,0.178327024914324,3.78466892509844
57,3,24,4,1,61,8.65125858772385,0.240896140214729,0.140292404685169,4.2652660805737
13,3,26,4,2,18,1.24674240784185,0.209201679338772,0.325131910387427,2.55055601463362
47,4,27,5,1,47,7.19001272621449,0.113914901274256,0.275131947826594,5.51399733708897
37,4,26,3,8,20,3.76320735327737,0.0979559635743499,0.808464632369578,11.8580218297577
95,6,36,5,1,88,8.80792323751417,0.0477248278912157,0.468096962431446,4.5837078935314
48,6,25,5,1,43,4.82636726718128,0.513952657559371,0.204029018059373,5.49399179918992
92,8,44,3,1,99,11.0730377228412,1.65309530233953,0.578289258060977,3.02118666155669
94,5,35,4,1,99,13.5861179694042,0.31365222087011,0.430185209261253,2.26379878022264
7,1,27,4,1,57,3.17914762622539,0.0346434317762032,0.475710126571357,3.59228740616184
60,6,39,4,1,83,5.52127016751047,0.403887530767775,0.718942206352949,2.69939357308697
55,4,26,5,1,80,9.03401744499573,0.143622799310833,0.251503403065726,2.6323643179354
95,8,27,5,1,43,4.78718084878397,0.10648515180219,0.147260445635766,7.21200874292761
74,7,27,4,3,38,5.87757696582869,0.0600563662592322,0.0780549354385585,5.70649026017137
2,1,27,1,9,1,2.67620553277322,0.0414269008906558,0.6187273634132,5.7462121408721
54,5,28,5,1,67,6.49436698240927,0.416146637850857,0.624946668278426,3.53654898922215
44,4,26,3,1,53,4.68370460883584,0.164736091159284,0.842512391507626,8.81609989395573
54,7,37,6,1,79,5.69709650120337,0.170402990886942,0.0390370222739875,1.1580874891729
50,4,31,2,4,76,5.17754343659653,0.104206131538376,0.335317941149697,4.48427654606089
43,3,34,4,1,91,7.63525464400396,0.0117196821295796,0.484738251427189,3.29829944034246
14,2,20,2,12,6,3.51786666729141,0.0821761930128559,0.561090055387467,3.54323551905383
42,5,29,6,1,56,5.58067522245155,0.266282428743991,0.402129875263199,2.94510853017222
98,12,40,4,1,71,4.00273147995673,0.358560033020838,0.0272889093030244,7.09856765143766
43,4,34,4,1,82,8.11666358083655,0.196480085829946,0.742170095210895,2.52687511406872
74,6,32,2,2,39,5.20914104780187,0.314584885480556,0.482753982767463,4.68074203763244
36,3,31,3,1,83,8.97406621518179,0.379343494751906,0.908516607480124,3.36157341562602
26,3,27,5,1,20,3.17665286315826,0.0324634769402621,0.0217464833986014,3.43180064572987
44,5,28,4,3,29,2.64321582539845,0.0503220557002351,0.351623874856159,5.42727039756003
20,2,29,4,1,35,4.98899280107915,0.0371819728752598,0.735798623412848,4.87331204259914
83,9,31,4,1,18,3.90644645857717,0.784608868840051,0.323141325963661,4.43627229149985
50,5,29,6,1,64,6.80046410283229,0.422730399736216,0.727855669334531,5.51782404187214
99,7,34,3,2,81,7.7430914242282,0.371198665329671,0.691827134927735,5.81901156253938
91,8,35,6,1,93,6.83068727946103,0.429608228648961,0.0490381680428982,2.43934653445582
29,5,34,4,3,43,4.10264355694855,0.510712095980948,0.763177415821701,4.5284587075955
26,3,24,5,1,46,4.60922491107964,0.0420277701508477,0.385001193964854,4.63603261167501
41,6,30,4,1,63,5.03576482304503,0.892532979256787,0.965841890312731,4.53302077993991
61,6,30,5,1,84,6.09162991706435,0.569644762637252,0.309088916983455,3.2843720841522
31,4,28,3,5,41,5.29741487890961,0.126924860524014,0.196330928243697,3.79603501319521
40,6,30,5,2,47,3.3234788439469,0.0564997416222468,0.395228809677064,3.24080139380506
97,7,40,5,1,92,8.06986972443164,0.147949428181164,0.42201322875917,3.76461289588352
82,8,29,4,6,84,8.56848424544265,0.49287063020975,0.402409839909524,3.25943855090342
16,4,26,5,2,6,-0.421667353136191,0.0918207697012106,0.593054008437321,5.54038223520124
35,6,24,5,4,9,2.92398911568716,0.271922949225384,0.757358729606494,5.14937162124285
0,2,31,4,1,29,3.25812133300883,0.08023265545305,0.520864731399342,2.4035720037354
71,7,28,7,1,64,6.48105874015014,0.0936612788354978,0.0578084231819957,3.10428557213334
61,4,34,4,1,87,7.21491044357534,0.168887796811759,0.289803128456697,5.0457303494914
95,6,33,4,1,89,9.87766326437692,0.322805865191597,0.734643195522949,4.57769978689187
1,3,20,6,1,2,-3.36737036372408,0.0110205141325155,0.0448690473567694,5.58957614732296
50,6,29,5,3,26,4.29105124432119,0.11587789680934,0.703731677960604,4.49732975741402
7,4,28,5,3,16,1.23717852019684,0.0581542003847091,0.533600894967094,7.09325258330845
59,7,28,3,3,50,4.36518433482072,0.681469028318459,0.106349961832166,5.79940354550444
93,8,34,3,6,70,6.95367077094465,0.247346728436551,0.141936949687079,2.17213477016058
10,1,26,4,1,46,5.71217306404454,0.18116260691427,0.602951172739267,4.23189969128688
87,7,36,4,1,64,6.97491000021905,0.268070673093873,0.108525861054659,4.01486771494009
38,6,29,6,1,59,2.23341895660268,0.243052375958043,0.402144950581715,2.77733973732676
72,7,36,5,1,42,3.82197368627421,0.309956433473829,0.256303006317466,7.90119369471239
18,5,31,4,2,29,-1.25085622900699,0.34835366856069,0.541993606137112,3.74194219413747
1,2,25,3,6,28,2.73013442101743,0.0180905169108883,0.957057213876396,6.44085428706135
58,5,28,3,4,29,4.84209647454389,0.0414580416399986,0.762609032914042,8.00057527759922
28,3,28,3,6,53,5.69197488936527,0.267504570296708,0.292000207817182,4.0694595050652
18,2,21,2,2,0,0.379065150345369,0.0468137032585219,0.229823688976467,8.5554600682813
3,3,33,3,2,24,2.62841685385574,0.226023982966992,0.951209178660065,7.57262014543146
68,4,32,3,1,53,5.68038491090409,0.206109043314322,0.215557076269761,3.49896926944941
84,5,28,2,1,30,7.53915274531356,0.479291017146266,0.262950778240338,8.98618409531971
5,4,22,6,1,2,0.622189556495927,0.0366657712541421,0.264792966190726,3.67655390148902
24,5,31,4,1,47,3.77364859252787,1.00242057204583,0.628463023109362,2.50814362117002
42,6,35,5,1,23,3.393667686232,0.501081212868399,0.848560396349058,4.68559188467601
0,2,21,5,1,4,-1.29731226513848,0.00351422629319131,0.318193953018636,3.62820294574175
27,4,34,5,1,42,1.56600459903869,0.0105854572029784,0.0445063873194158,2.56426306119509
78,5,34,4,1,71,6.72052197156348,0.033918745117262,0.298048308584839,7.58987442881158
84,9,34,4,4,95,8.91368226155365,0.57585737245732,0.121905230451375,1.93986570053563
93,15,37,5,1,62,5.88359762106585,0.7468292787251,0.305220336420462,4.4856355072646
32,5,34,3,3,6,1.20488070672206,0.459045503733164,0.531963213579729,8.06412370584351
24,1,28,1,1,3,3.12007801359282,0.073821698082611,0.569625423057005,8.08357707727827
41,4,26,2,7,34,5.25332018626048,0.1957738075766,0.779453967465088,4.9385387003685
37,4,31,3,1,16,1.87110256514017,0.202113411316596,0.758249702630565,7.30695066185971
14,2,23,3,3,5,2.51855002329384,0.014602547744289,0.908385558519512,8.30679164065536
57,7,25,4,2,2,2.85625370186665,0.570144355306432,0.742612165631726,6.40278437804496
28,5,27,3,6,7,1.59135886490798,0.109722510795109,0.839815114391968,9.60168174882143
30,5,32,5,1,68,2.09800576223662,0.0986868339043113,0.715180479222909,6.70279608238231
21,3,26,3,5,25,4.13872574922682,0.0816160493995994,0.700908527243882,6.38699110986729
86,7,28,5,1,32,5.12046377798829,0.172878682613373,0.103491715388373,4.99953336212321
61,5,29,2,5,59,6.13570466758819,0.22029739570685,0.531218057032675,3.69067380176737
66,5,25,3,3,41,5.53413374500392,0.192193148531234,0.159632857190445,7.83211765362976
91,6,30,4,1,92,9.43873440079513,0.202225077886808,0.122313400963321,3.84504682810468
8,2,28,2,5,13,4.18277947905994,0.123576504178345,0.733288634102792,5.38201049950722
97,9,28,4,3,69,8.39649380940639,0.754714933848261,0.0537536439951509,3.89685280084803
13,1,31,3,1,37,2.09271005363827,0.104500935762189,0.654122449690476,5.13811928210988
12,3,22,5,2,13,3.40522865626354,0.102821130654775,0.838281048694625,4.26758669513176
52,4,34,5,1,76,4.85056644689057,0.0760137444594875,0.183643845608458,2.41074252806001
83,10,38,4,2,82,5.4984953633647,1.9446998782232,0.56766577064991,4.19809518376148
76,5,26,4,2,52,9.1182538636001,0.118130897521041,0.369093808578327,5.92740969003431
95,7,32,4,1,52,7.84279049600315,0.393639110007739,0.384485096670687,5.62171505991861
25,2,23,1,3,0,2.6592208506241,0.131148136337288,0.944620883557945,10.1778773250606
30,2,32,4,1,83,5.56717768884563,0.0779880478512496,0.72054592333734,4.17616947862767
32,3,30,4,1,61,4.81573263343704,0.02083106145447,0.108029909431934,4.41104592952038
39,4,31,4,1,44,5.7340753682532,0.174137588623494,0.813644246198237,7.77280789046376
30,4,29,4,1,43,1.32964476758871,0.276323583665046,0.657415570924059,4.10754435238203
65,8,29,8,1,54,4.56381539288289,0.0665855488041416,0.101759048411623,2.4725288426113
4,1,27,1,4,25,2.39275295551601,0.0162560080253492,0.964652145514265,6.92257579516073
74,6,31,5,1,91,8.53499195812604,0.106560563006871,0.0352228693664074,3.32337996895989
85,10,37,7,1,85,5.80315860970028,0.168469487805851,0.015698526520282,1.46425005714591
22,5,23,6,1,21,1.24764339737234,0.211303677166554,0.30005423980765,6.42674164676286
59,5,37,3,7,72,5.44661921191008,0.161558635998517,0.783712481148541,4.89382569008099
18,2,30,4,1,8,-0.51413945277549,0.0151552404450348,0.235890254378319,5.24404967927197
61,8,31,7,1,91,8.01218212669365,0.609658120759185,0.625427434919402,1.97430599985478
95,6,31,3,1,85,8.49641174043965,0.166654477710836,0.143767469096929,7.17353706082261
0,1,20,4,2,13,2.46059569110457,0.000204898892725562,0.715913533233106,9.6355328604683
96,7,30,3,2,92,9.83593896279131,0.353029712547964,0.796452498063445,9.1041000979955
14,4,25,4,10,23,4.02286722328375,0.153405845281668,0.360339136095718,3.94295207899669
70,5,34,2,1,71,8.42381191332732,0.926124093965561,0.991146777989343,5.58962882725727
75,7,40,6,1,97,7.79530251780024,0.151743969065137,0.113091329112649,1.3330444392844
32,5,34,6,1,38,3.82519958494279,0.546822456145817,0.769494962645695,2.59593222395802
73,4,29,5,1,97,15.0796681247223,0.424705114660269,0.25981024093926,1.67588179485788
41,5,36,3,2,67,5.68312305719141,0.924070887943936,0.810256551718339,4.14270035045062
21,5,33,3,11,39,0.123451383362735,0.155300499638543,0.765821883222088,3.8431099777501
28,4,24,3,10,17,2.18090557813433,0.120071665616706,0.628698305459693,7.0334362434046
26,2,22,1,3,6,4.68655170421848,0.31152127519131,0.996131784515455,11.2943970460522
60,5,32,5,1,96,8.1752654128964,0.0437044324353337,0.115534165408462,2.69145127894548
67,4,35,3,2,68,7.32740890090035,0.0803699600510299,0.480155554367229,3.69024163780108
66,5,26,2,3,53,7.72762979667369,0.421759479658163,0.365800124360248,8.97397135055698
61,4,30,2,3,55,6.70104253563102,0.104865900124423,0.804560382850468,6.74469088314984
37,6,25,6,1,25,4.33306168323534,0.682153914557928,0.171716223936528,2.01872303440792
87,7,27,4,1,39,4.31256467303721,0.226219660359177,0.449993476038799,9.00010574680952
15,4,22,6,1,4,-1.75657947102231,0.0199087061919272,0.174489302095026,5.98865694622887
93,6,27,5,1,73,7.30595121793983,0.144663160783239,0.0445905465167016,4.77306923256012
28,2,28,1,5,64,7.77757075883904,0.155560745042749,0.900581437861547,4.13056849277839
22,1,25,2,5,11,4.68632392146818,0.0202549106907099,0.334800262469798,6.65941747423451
99,7,43,5,1,99,8.82022678474227,0.260247033303968,0.764488258166239,3.82211621077423
56,6,37,6,1,91,6.95193404413019,0.651987118149334,0.660660656401888,3.10492364958059
31,2,27,2,2,14,3.74481265382762,0.0918643329059705,0.643438227009028,11.3576141473486
21,2,30,4,1,44,1.97670603768767,0.0179249761858955,0.141318571288139,5.73888972040788
93,11,42,5,1,95,5.96862041715226,0.271364254167977,0.0254584862850606,1.87334826679422
43,4,31,4,1,68,5.6758306298676,0.0967862773686647,0.33524837042205,2.63901585017009
71,7,30,3,3,64,6.55444139520208,0.592686526911491,0.969800649210811,6.48696438484613
5,3,20,3,7,3,0.518352226748437,0.122373221092857,0.642439312068745,5.48975493840583
58,4,31,2,6,74,7.8971601354935,0.246474272328171,0.975151966093108,6.99408219594562
40,6,33,6,1,44,2.54752862208305,0.341931497900489,0.365784274647012,2.9026134144439
38,5,29,5,1,43,3.68863274732994,0.23011713355754,0.65313684544526,10.0053470202876
70,7,39,6,1,98,6.64319360068506,0.1508631616598,0.0903733833692968,2.91992286757455
96,10,28,6,1,54,7.24020940887337,0.796456152531219,0.0155192154925317,3.73933999997772
35,3,33,4,1,53,4.15135541362657,0.163723537931219,0.395430406555533,2.67926023093707
96,8,28,5,1,65,6.99213661020413,0.343508837035599,0.0180662446655333,3.47884886799347
46,5,32,4,1,22,1.85954887037648,0.166019729338586,0.0819903982337564,6.86127754879953
11,4,23,5,4,0,-2.63969013692936,0.0387043838854879,0.675941824214533,7.8330677521586
99,11,35,6,1,85,7.94126871988672,0.769462810126587,0.0452103933785111,2.71836008809251
14,2,31,4,1,39,4.42405766455571,0.0791778213674022,0.187116137007251,2.58428991225147
6,1,23,4,1,46,4.70547170524074,0.0170808862894773,0.772063612937927,4.13997090616822
4,1,31,4,1,20,2.5490502616843,0.0163154329781418,0.661978766787797,4.34154875954566
59,4,32,2,5,85,9.0877594818228,0.37894769523055,0.603651508688927,2.5953457507441
67,4,37,4,1,84,6.76630132279434,0.0601526912068948,0.398521301336586,2.27336056505173
17,1,18,4,1,29,4.45126460672007,0.000708402367308736,0.637254983652383,7.89132044530914
59,5,26,4,2,66,7.91798597520249,0.127883784589358,0.08163130027242,2.47591354305106
92,9,37,3,1,57,5.6096961360263,0.816291579934669,0.377790635451674,6.00269270525219
35,3,23,4,1,3,3.37625268131257,0.119703674921766,0.769058275735006,14.2440223063224
37,4,23,3,2,27,4.30610247269429,0.343808931055221,0.86919362610206,7.03753943619377
96,11,37,6,1,90,7.54787194759795,1.66507374811779,0.806667363271117,4.27107537869271
40,5,23,4,1,30,4.53789848264358,0.6029604836052,0.244019345147535,3.63660347390862
68,9,29,5,3,61,3.5451656259857,0.310724064930084,0.220375785371289,2.64220669902685
35,2,30,2,2,58,6.52478986555543,0.0982023957030199,0.981456455541775,10.1431915200905
98,11,30,5,2,91,9.39793162109283,0.922669131415915,0.527759025106207,3.81331621495957
83,8,31,4,1,81,7.96704275956057,3.20555757619163,0.932755584362894,4.56115584879002
60,6,34,3,2,82,7.56420520564514,1.37272514069552,0.996107443701476,4.86853389074859
40,5,28,3,3,4,2.32991403151435,0.486521493622518,0.374720321269706,8.65643650580221
35,3,31,3,1,60,5.01031115288277,0.221888032088742,0.725748033728451,6.28171660418546
30,5,29,4,3,14,-0.1213261903325,0.222760832159522,0.324493379564956,3.54679585620253
38,4,34,5,1,89,6.7515680366911,0.0520799179794267,0.399912755703554,3.99251491851891
5,2,20,6,2,45,4.45892934700571,0.0462708849227056,0.847841569455341,3.12313379012109
73,7,35,4,2,92,10.3661813023637,1.21473196900016,0.422015407588333,1.19887207874952
27,4,22,6,1,33,5.09599881377966,0.356194089145815,0.112840743036941,4.53046696467485
11,2,33,4,1,15,2.94996001899684,0.104287009569816,0.642036933451891,2.56625009649277
64,4,29,2,1,20,5.10211593671113,0.1298730293056,0.0941638494841754,7.46574102879666
25,2,28,4,1,53,3.45407851040076,0.12350165734256,0.85791883431375,4.16239537267962
25,4,33,4,2,18,3.10424428821831,0.386549349853253,0.833727387478575,3.00901459039639
61,8,28,4,5,20,2.50492603386865,0.175965653239469,0.0447021028958261,3.74982717895341
29,5,23,6,1,42,4.26784382992178,0.519681636223054,0.737000789027661,4.9167041722304
70,5,33,4,1,81,6.65173198509102,0.0245792062314794,0.253924776101485,2.50126415582962
93,8,34,3,1,46,4.22945179994645,0.452729962279505,0.897036501439288,9.37800609577367
81,9,31,4,10,46,3.88355400632678,0.0894532901002094,0.0434470120817423,3.845004112926
33,4,29,6,1,32,3.6072880812598,0.0105250893393531,0.01886116550304,3.18287636930222
18,4,22,5,3,7,2.80487455290537,0.0742668529828897,0.108757406938821,3.86090357568448
90,6,31,3,1,81,8.26842236850501,0.872412543472342,0.591412431094795,4.60499938233382
60,8,39,4,1,55,3.7755049618052,0.548220923604602,0.216040565865114,2.58200998372909
38,4,25,3,1,5,2.69987525138839,0.170658071292564,0.409536737482995,11.2640532027964
69,4,26,4,1,15,5.82185328218035,0.0890270961681381,0.345627995440736,12.031113199414
67,5,35,4,1,99,11.7306439010723,0.470894775332368,0.23000843077898,2.56685392998221
80,9,31,9,1,62,4.12275936566332,0.104926626197994,0.117649719119072,6.05541626570437
73,9,30,6,1,82,4.23705353593349,0.515814385355866,0.456260428531095,4.65155020355132
39,6,34,6,1,83,3.93528384157099,0.0567307512974367,0.421321683796123,4.98847103820917
80,6,27,3,4,36,7.78942323253967,0.339385941148478,0.309944529784843,8.09830959782128
38,3,23,4,1,29,7.43487755343569,0.227213707375832,0.813316504703835,3.54606110847291
49,3,30,2,1,60,7.17003971695341,0.219958076243031,0.715185830602422,5.66824345422047
19,3,28,5,1,53,3.09286783416367,0.00230938851312736,0.297005998902023,3.16732293077176
92,10,28,7,1,58,4.97019831871056,0.125383507926017,0.160297537455335,10.8445094460431
85,9,32,4,1,33,3.11195404955498,0.182813910989764,0.0331402383744717,6.09548504282996
17,4,29,4,2,48,2.11264515255626,0.156721648527309,0.89954879693687,6.16172413395306
23,2,30,3,1,21,0.764046978698937,0.0363362468779087,0.288589051691815,4.61948747788074
85,7,30,4,3,81,10.4463973638088,0.417456860633051,0.765821972163394,3.81434463843118
80,8,29,6,1,63,8.24638721443122,0.288164446352723,0.125396173913032,3.63833942534386
24,4,29,3,8,24,4.32809004585621,0.167150804307312,0.428900632308796,1.69801908373538
55,5,29,4,1,31,4.25160952421827,0.116055456486084,0.21747146663256,4.73111506544222
90,7,36,3,1,84,5.60267243042093,0.49508665174008,0.231702160555869,6.12052053363874
68,8,29,5,3,76,5.56610668971985,0.328761000408533,0.504465197678655,8.8819898677878
63,8,34,4,6,89,7.8416581704852,0.958229561749488,0.906727454159409,4.28232226773819
48,3,31,4,1,88,9.55860411881419,0.426746559308326,0.43836641125381,2.7602966698249
12,1,18,2,3,6,3.66021456487477,0.0753445060690865,0.480491202324629,8.27020484991104
42,4,34,2,5,47,5.86769753154891,0.286738333980295,0.96706317528151,5.78290291365161
95,6,33,4,1,94,8.24885188381561,0.257199501613756,0.183374106651172,5.77925536594086
24,2,24,2,3,7,2.1331680542271,0.0529547380283475,0.932748353341594,10.9816387945508
4,1,23,2,3,1,1.48432087192235,0.0444080282468349,0.964871187927201,16.8291660897026
44,4,28,5,1,78,6.82472583629238,0.0867215705802664,0.511298853205517,2.99990925166051
50,6,35,5,1,79,6.9271610925351,0.448852712733156,0.474508220329881,4.40326750889514
17,4,27,5,1,9,2.60829767197121,0.18381253768571,0.42189994151704,3.35508675048249
15,2,30,2,2,27,4.62302145214903,0.0835838125785813,0.289608621969819,4.11762621008257
17,3,28,4,4,51,2.64312607199127,0.0624257760355249,0.841153002111241,4.29276590579362
26,5,27,4,2,11,0.584128564614259,0.415792431374934,0.19832769734785,2.94731046684586
95,9,39,4,1,61,5.30090693524882,0.699548078903315,0.704584517516196,8.21093917248133
9,1,26,1,2,1,-0.399263139067278,0.0203576154891923,0.870931448880583,21.7956753090401
62,6,35,4,1,88,8.41264972653587,1.22083464910938,0.854101681848988,2.64054189246788
84,8,32,5,1,56,5.41169065779899,0.326240696235302,0.699569535674527,5.0348707801545
44,4,35,5,1,53,5.01262443565081,0.118872535237768,0.865833275718614,4.36226593690339
43,4,25,4,1,18,5.47379132333756,0.410180465199976,0.39770891983062,3.98799870113136
53,6,29,6,1,62,6.79857179491368,0.170495035476051,0.27835566457361,3.01963101335158
97,6,29,3,1,82,8.44891145024962,0.303601811862293,0.93079377966933,7.20899943373065
46,7,28,8,1,51,5.46165640549419,0.0808862308040261,0.00450812978670001,2.32770198187795
71,6,28,6,1,59,6.45022824333481,0.0337350865897507,0.00201249262318015,2.36355487408242
76,8,41,4,2,99,8.65051073193998,0.486962647011958,0.607971624005586,2.7877305295253
22,5,30,5,3,29,-0.0882818535487582,0.0587897119712654,0.482093090657145,4.0172494416881
42,6,35,5,1,71,2.2146488684169,0.202130821345516,0.674617474433035,6.00463338947547
43,7,29,5,3,18,1.874339485569,0.0487455163505723,0.00837695715017617,3.4688773166811
38,4,22,5,1,16,4.64504827936564,0.122422898886725,0.60317884455435,4.95429863610382
14,3,30,4,2,68,6.49215190818169,0.291280302441421,0.933588535059243,2.80466765531178
30,3,26,4,1,35,4.05537095462022,0.0757383549353108,0.565596931613982,9.72563423727174
52,6,35,4,1,66,5.23858299488651,0.521200629589556,0.86022975249216,7.26809834887067
23,5,31,5,1,53,1.14425666829797,0.293287595956329,0.399676030967385,2.16063012771481
96,10,32,5,1,94,9.31950139085671,0.994972133490831,0.03570271958597,2.69423908006239
14,3,24,4,4,9,4.03623755225254,0.0820027887821198,0.898976064985618,4.42134648823109
82,7,29,5,2,59,6.66528034501013,0.0900998962310221,0.355007572332397,6.25356398259612
94,7,40,3,1,72,7.50749025673721,0.361723042175742,0.645045801997185,5.90191002825194
20,4,27,5,1,14,-0.17323815616992,0.0619013856630772,0.074524367460981,4.2844248021633
94,8,28,3,5,49,6.9883860464737,0.306409951521757,0.142545620212331,3.50228021133604
88,8,42,3,2,95,7.40963118571774,0.782732354435039,0.856361553072929,5.92671597361845
6,2,29,4,1,45,2.70484012997034,0.0612256382496033,0.108297801343724,3.14018436355637
36,3,25,2,3,14,3.62507205716971,0.0523351564055862,0.857407379196957,9.27679214890739
73,5,35,2,2,92,10.2058261927921,0.26547825661369,0.973756061168388,5.37794768964977
51,5,24,5,1,78,7.13344218329702,0.071744337095879,0.543802029220387,5.0654913326238
3,1,30,1,7,11,3.83156480060658,0.233398800891576,0.991554043022916,3.79322298106727
68,5,31,4,1,85,10.6353916638774,0.227287132049653,0.640859817620367,3.54052532653247
78,9,31,6,1,81,7.40503396273421,0.599926844673389,0.376942776609212,3.36597265143104
23,2,30,2,1,6,-1.21743191857551,0.023562710499391,0.552213718416169,15.3084489777554
4,2,27,5,1,58,4.23626879365103,0.0675890791462734,0.601001864532009,3.48682762774537
26,5,27,4,12,58,3.51844470287214,0.244605954352498,0.401897311676294,4.6207238870734
31,3,33,4,1,82,6.06085485927824,0.0664639972383156,0.629598633851856,1.89594335168356
40,5,35,6,1,92,5.61401739809471,0.123001063824631,0.103773609967902,1.77948691175179
86,5,39,1,1,56,6.64512056343622,0.410957288907325,0.704034764319658,8.10806817375216
75,6,27,4,1,80,9.01415645241828,0.470429059562689,0.10596373071894,3.68493081856945
55,5,30,6,1,53,4.27936503381598,0.0805438880079073,0.159958970732987,4.16512062246019
4,2,20,2,3,0,-1.99397739383673,0.0128657886525616,0.646738504990935,22.2461675142367
35,5,24,3,3,1,-2.15107888766244,0.0336085831513628,0.111532707232982,16.0137971483492
86,8,27,5,2,86,10.5965534364747,0.793928489047003,0.140054794959724,2.50350296508739
53,3,29,2,1,72,6.03012497915578,0.0636708264937624,0.780204374343157,10.647432148244
69,4,26,2,1,13,4.50407875859591,0.120639454689808,0.360813841456547,5.92058182456774
64,5,28,3,1,22,5.74709506285675,0.181690338522869,0.154265270102769,4.97509198158144
33,2,26,2,1,12,3.66595150059188,0.0200041804928333,0.46676130220294,11.3425363920622
57,4,27,3,6,43,7.91496715883188,0.218229845621365,0.757782752159983,3.60736247646104
26,3,25,1,4,14,2.60526450941494,0.129202284091707,0.96776983840391,9.81544222166248
49,5,34,2,1,49,4.53388688865215,0.732374431523395,0.986544609535486,8.24492164008089
15,4,34,3,4,17,0.803350705341741,0.200317157421935,0.909909286070615,4.73588729506653
4,4,21,4,16,7,2.5371056898804,0.380980392431325,0.80582467187196,6.29339252751236
34,4,23,4,1,26,4.92843775740137,0.115752909276779,0.336487316759303,5.70553504273204
13,3,25,3,5,29,4.54873173249294,0.350593238678953,0.990949767176062,5.90596222997231
68,6,35,3,3,84,6.92406944839644,0.349310636499381,0.883375939680263,7.79731101807361
46,6,35,5,1,84,3.73000195085493,0.174916316159451,0.605488882400095,5.30933177155934
30,5,29,5,4,60,3.40788639590651,0.119445989956148,0.500904080225155,3.00060428829993
75,6,26,4,2,71,10.8923239182893,0.437427913283414,0.16151219420135,1.87120755716832
69,6,32,5,1,85,6.04093457086942,0.217518980705695,0.0915935407392681,1.64178784511465
28,3,26,5,1,23,2.04983174748738,0.0420360929429666,0.754455406451598,6.78070459962948
34,2,32,4,1,24,4.24043757829464,0.0544426420237869,0.485563330352306,4.55660429888647
37,6,32,4,4,70,4.64236027514399,0.677771149637336,0.755970504134893,6.45339954533305
31,5,30,4,1,30,2.96804776250267,0.618294756362373,0.780804864829406,4.19403610814356
51,5,26,6,1,67,7.06692143471313,0.489344347424753,0.474356448976323,6.30374325620271
39,3,28,3,1,51,7.41358232667153,0.235560819503168,0.959788131527603,8.88744892207631
96,7,27,4,1,65,8.39778172066075,0.315151806444603,0.643309156876057,8.67985873789452
34,3,34,4,1,84,4.99115468719162,0.141673701233231,0.292251334991306,2.25244400875583
70,6,34,4,1,86,6.15427173681055,0.137089989497326,0.525285601848736,8.99578130425944
78,5,28,3,1,64,6.31939197775887,0.163815765525214,0.921482019592077,8.76652206825267
99,6,32,3,1,80,10.6863593811095,0.572688992569381,0.359628285514191,2.99729416438841
0,2,25,3,2,10,1.06252199573836,0.209544648391343,0.996123197721317,6.1459191212904
65,7,33,6,1,78,4.3145729217159,0.098391227889806,0.285108925774693,6.97273180515413
59,5,31,3,1,21,5.24878526378125,0.537090446302825,0.965145258465782,5.51555036063245
11,2,19,4,1,54,5.98606542416929,0.0386238857153755,0.685876242816448,4.76162673755265
69,8,30,5,1,29,2.72817140949955,0.304295572684943,0.36074537737295,5.1236017631702
46,3,35,4,1,85,6.00303084315043,0.0561227230355144,0.49775811471045,5.52047269185227
33,3,27,3,1,5,2.58665643814053,0.0826904372560778,0.333467111457139,4.62967967934833
33,2,28,2,3,23,2.92471150993551,0.0304121463559568,0.502230458427221,8.13555842440884
44,5,31,4,1,58,5.93051542264483,0.130045380395553,0.349346342030913,4.65367427255726
43,3,24,5,1,78,8.78478061432444,0.0754706761145033,0.542728375410661,3.06398466558177
26,4,29,5,2,44,2.73398113064687,0.0244632205625753,0.3710432338994,2.29029337940239
69,5,33,2,1,47,6.41139555509767,0.391239191384471,0.799819389590994,10.4826415435128
94,11,31,4,2,41,3.2250002763934,0.293775176618922,0.0067119225859642,5.50789126568607
32,3,26,4,1,13,3.81634752900953,0.0518493924755603,0.812083119759336,4.49620544163945
4,1,29,3,1,12,3.7927533831625,0.0292784235207364,0.987120475620031,5.12093717891425
22,2,27,1,2,2,-0.213201386030643,0.0553954219212756,0.84198400657624,8.53248219878405
3,2,23,5,1,21,2.49809696009865,0.0253368121854924,0.654545838711783,3.96014000149187
56,6,27,4,2,30,3.47371849001589,0.125932910409617,0.225209432654083,6.04188232908578
67,4,25,2,4,58,8.45691806234334,0.0840180347440764,0.588554502464831,4.29997411190728
60,4,26,4,1,81,10.9876101614345,0.281753010338846,0.8493224196136,6.97057831393658
6,2,33,2,4,56,2.6872047011539,0.0333319829078391,0.957571094622836,4.51303360401287
55,5,30,5,1,37,6.09393596615941,0.350324575005085,0.332597966305912,2.44682496197352
34,5,23,6,1,41,3.48690400400665,0.125894144992344,0.373017431935295,4.54862643948174
23,2,28,3,2,34,3.13328914951121,0.0210089477359371,0.684921600623056,5.65887552442511
35,4,35,4,1,85,4.47316736325653,0.152790309279226,0.285387064097449,2.88409543474325
40,4,31,4,1,72,4.13874038265231,0.249640034501183,0.865157653810456,8.54881261618444
23,2,32,4,1,57,4.88937510043424,0.0057914967770567,0.744731645332649,4.06548577818977
6,0,25,3,1,18,5.42368417472955,0.0529024073621258,0.671165167354047,2.83314915739109
7,4,29,4,4,9,-0.103325017874447,0.124309920938686,0.141119960928336,3.03432741395556
2,1,29,3,1,9,3.00828157028028,0.040252483333461,0.822344324318692,5.90439475953842
90,6,37,4,1,83,9.24883252231093,0.254466215603727,0.243299992755055,1.80885364036129
1,0,17,2,3,4,3.08232466441976,0.00687998929060996,0.256012088619173,7.69453401468635
83,8,32,7,1,87,6.4141044521279,0.316286338249895,0.00630330899730325,2.80671796851147
1,2,17,2,6,0,-0.120862320661643,0.146526360418648,0.916751622688025,10.3131125171906
87,6,35,5,1,98,11.2964380132134,0.433371339437968,0.112940102582797,2.54958907528681
34,2,31,3,1,26,6.11550778017784,0.19350422022167,0.570698993513361,2.30936288001728
59,5,26,2,2,13,4.96727955667256,0.317025210697877,0.680021580308676,16.1459577951211
36,2,33,4,1,79,6.3504689660861,0.111563983024098,0.746464957715943,4.78876547793352
11,4,33,4,1,14,-2.54297087392657,0.0370723984669894,0.121862871106714,4.98354630449023
7,4,31,4,2,23,1.42097529251708,0.381502226981605,0.656242771307006,2.06341347381457
72,7,29,4,3,57,5.75475552801412,0.208080589319164,0.313624136382714,5.46290957102777
6,4,24,5,1,3,1.31460402771647,0.205815580961376,0.17969001387246,4.96927844373854
17,2,21,4,1,18,4.61556091259762,0.154265748686157,0.57728782761842,4.19860370116668
25,2,27,3,2,67,6.50827947241514,0.0710812206308957,0.857517798664048,4.37145716291348
95,8,34,6,1,99,9.71514130263468,0.230937675616424,0.069371635094285,1.24569195371656
99,9,31,3,2,68,6.82453299105013,0.393536178374148,0.620584309566766,6.52119088139025
59,4,24,3,2,73,7.73411502088901,0.0989001673879102,0.200481050182134,5.74203121063964
80,5,26,3,1,66,6.65472927861413,0.14588776580058,0.0555995600298047,8.65181591926961
52,5,27,3,8,49,5.67343014499931,0.189809774503785,0.825709079857916,5.11909802100442
81,8,29,3,2,28,4.77661864291373,0.765183148782016,0.536345177330077,9.47008922795816
45,6,27,5,6,75,6.76446186112748,0.339674680017608,0.0899750937242061,2.63460851586334
37,5,31,4,2,52,6.36046699054258,0.126367310411297,0.126172906951979,3.53962681026585
15,3,24,6,2,15,2.90178604433564,0.0143713492863799,0.024696204578504,3.8739357103193
83,5,38,2,1,88,10.6361013212131,0.210951050034466,0.28589161625132,3.37330808246654
33,3,24,2,4,7,4.36780054908115,0.111599252209999,0.847763548139483,9.75088976801121
48,3,32,3,1,59,5.35933709798695,0.0577950329752639,0.821132539771497,3.64830793729882
4,4,28,6,1,41,-0.375706208335934,0.0484298725137562,0.608616889687255,3.14224196896541
97,10,29,7,1,65,5.02580445642312,0.258309370108326,0.346760546322912,6.74916713152714
3,2,27,3,1,12,0.471938421981801,0.0557696447940543,0.360132797155529,4.96335122407815
58,7,25,6,1,38,4.84675626842567,0.143044513766654,0.105347103439271,3.65068883515677
69,6,39,3,1,90,7.40861834324433,0.403904690316444,0.926640601130202,7.65660167446705
69,4,36,4,1,92,11.3909119054137,0.376284807462766,0.353666985873133,2.19112378232922
43,5,27,3,1,16,3.93084448301138,0.486604876329607,0.628438458312303,6.54965257209297
12,3,28,2,2,3,-1.5354248212102,0.096430707606487,0.396171202417463,10.2731907560949
98,7,40,6,1,91,8.99358246254377,0.401670170701251,0.413898235652596,5.77591299856947
20,4,35,3,6,21,1.7123063662032,0.179076756047739,0.891262221615762,5.53213797408584
72,5,31,2,4,39,4.92337476844484,0.0195652243366957,0.286426934879273,10.4510900580618
70,4,30,3,1,90,8.33517758624378,0.090982156173279,0.953252164879814,5.0027440017297
77,7,36,5,1,56,5.5032355276713,0.494760248323387,0.248476712731645,5.37735433630769
42,3,33,3,1,80,5.06503494436221,0.103714312775992,0.110081483842805,3.72250224382004
81,5,28,3,2,84,11.7223357204049,0.625215130565441,0.978232940891758,4.93122585423577
49,7,37,6,1,81,3.02978413529327,0.198351433629234,0.625750415259972,5.85942870231443
48,5,24,3,4,11,3.36713759382518,0.0952148241922259,0.139933207305148,10.3405679143621
17,4,24,4,2,8,0.397972393048487,0.192407463524886,0.430094502167776,4.36237778201705
76,7,34,6,1,91,9.86273986450246,0.300800500427115,0.145057083340362,2.07908159109361
0,1,30,2,1,1,0.561988416153653,0.154188410029747,0.953940434614196,5.73530289654365
40,6,32,3,8,74,5.18203516010661,0.706569772171688,0.835748977260664,2.59632912304344
18,1,29,4,1,70,6.89306020521895,0.0343705899859724,0.628960864618421,4.29954185931777
18,4,27,6,2,43,5.35993309001416,0.0842486993642524,0.749278814531863,4.60909397520315
4,4,33,6,1,61,1.47575750993372,0.171026482712477,0.324271322228014,2.08527784003395
15,3,30,2,1,5,-0.365148013643914,0.155300696846098,0.798492139670998,8.4209842971274
19,2,25,5,1,27,4.73576213453057,0.00555598717433854,0.763371509499848,5.49590709262111
97,6,27,3,1,93,11.4896263080117,0.231384497991165,0.0706863927189261,2.57361135040387
46,5,26,3,2,66,5.70601547077215,0.230724744466554,0.773204716155306,6.45194387463124
31,3,26,4,1,25,3.72879088762202,0.0291784553555772,0.0731217483989894,6.27396000993845
20,3,32,4,1,82,4.36505152067139,0.0565029678400606,0.363549144007266,4.17731624896187
77,4,27,4,1,87,10.3299421324881,0.249797373766753,0.179232268128544,1.99844940767968
23,4,30,4,2,32,4.16397400527822,0.118007093435153,0.375705410260707,2.90650132181638
59,6,32,4,1,77,5.95208073184178,0.730325923487052,0.605344431474805,3.21514375667236
90,8,34,5,1,85,7.19171186526873,0.413163839352733,0.551662661368027,4.34959678654026
62,4,31,4,1,65,7.96443088023226,0.116058966494165,0.691709431353956,9.60484072899131
18,3,32,3,2,12,0.688980911099646,0.0127240393845859,0.344270747620612,4.50187800594875
8,4,25,4,2,2,-2.23762228155867,0.175189069231092,0.529144933680072,5.45529207025714
3,0,26,4,1,18,5.33775767479682,0.0367479820810159,0.354349977103993,2.55035839837086
46,4,26,3,3,28,5.74706892163462,0.139750098111108,0.751341103808954,6.18507600380516
82,9,29,6,1,46,5.30159547228126,0.713639633688045,0.769506639335304,4.75287430919762
56,6,31,4,1,63,3.84835338212884,0.167909766198136,0.111574518727139,5.46942457823859
91,9,29,5,1,56,7.12243191119478,0.408440576379603,0.50161670288071,7.56118457222687
80,9,27,7,2,90,9.48998475415321,0.545935901316128,0.10545935598202,1.59519665205085
27,5,24,5,5,7,0.760819472679374,0.0397098227404058,0.0631386344321072,2.93903002823928
12,3,24,5,1,2,-1.99127732863831,0.0306510484078899,0.750528434989974,5.66023062894563
46,7,24,8,1,68,4.9545723798557,0.204164983228523,0.021165985846892,3.10396826427858
42,4,25,4,1,41,5.31400706405451,0.0770707974443212,0.4469738334883,7.82242048574488
46,6,28,6,1,85,7.32838034153968,0.468485038706517,0.381768353050575,1.48931229413421
5,2,26,3,2,10,2.29323215051656,0.146109239547513,0.830561114475131,6.3550785276805
80,4,34,4,1,88,7.99626734144819,0.0362646283930007,0.130733648780733,4.64143859097275
52,4,24,5,1,68,8.07654767655345,0.0376994527177885,0.0452445419505239,3.21978878284553
29,3,27,2,6,62,7.82025051205069,0.381185164654112,0.930385740939528,3.34667386072029
78,8,31,4,4,83,8.90299093755132,0.667598409081036,0.44345393916592,4.78115619178767
97,10,32,4,2,27,3.58211606588938,0.432513415873655,0.784883680287749,9.89260915824414
91,7,32,5,1,90,7.95352139355702,0.880870946108817,0.198670186568052,3.1410943863331
28,3,24,3,3,24,5.56572676538619,0.280842444507905,0.42124361009337,4.57184844755585
37,5,26,6,1,13,2.67814821636643,0.133496815338731,0.540855997707695,5.13826548051495
32,5,30,4,1,58,4.06804558786755,0.414234603905046,0.606604027794674,2.99485596189178
88,5,31,2,1,77,7.25520286908527,0.290786825569373,0.803304729051888,14.295680641273
86,5,38,3,1,96,11.0514292723524,0.325823568030003,0.875380113255233,2.870755011431
46,7,31,5,2,80,5.92371536951354,0.831121579739135,0.329620376927778,2.0138139024704
26,4,32,4,1,42,3.19900392508838,0.508204658960408,0.955575821455568,6.379821654046
84,10,31,6,2,87,6.58099647188862,0.306900627667758,0.0401878952980042,2.25228659092764
85,5,33,2,1,85,8.04758349252891,0.394570748766369,0.571019278140739,6.67316007059933
57,3,30,2,1,41,4.81615429767501,0.0960653434740379,0.966939307516441,13.7584831662687
20,3,32,4,1,37,1.89943177234518,0.00216194265522063,0.852019146783277,4.4941274479071
70,4,29,2,1,69,8.23945282250281,0.85440754886241,0.84113832633011,7.39341246338035
27,3,33,2,4,39,3.35410147796156,0.119920203695074,0.783675381680951,5.88580287800293
94,7,30,2,7,89,10.1018278121969,0.32139129260436,0.510120501508936,5.37084465033931
14,1,26,1,5,7,4.40626643105382,0.0199094176059589,0.669674823526293,5.93211098070046
4,2,31,5,1,28,2.11795367793437,0.110566785672135,0.633419137215242,2.940147045393
41,5,34,5,1,66,6.17124846707206,0.1252657197183,0.50836048508063,2.01776138546433
71,8,28,4,5,71,6.18859176318074,0.455880204194641,0.403248275863007,5.82855238147292
26,5,34,4,4,50,1.07110638692978,0.307665572025555,0.325763056753203,4.96549331099066
98,11,27,6,1,61,5.2604452336622,0.299652805308554,0.000541054410859942,4.34967618221872
76,9,40,8,1,96,5.33773980999591,0.237113558394804,0.203504118369892,1.89903808569732
71,4,30,5,1,94,8.34387303135134,0.108861534507014,0.0111829545348883,2.68253261624544
63,6,31,5,1,44,4.63853527890641,0.265496956406835,0.584580281050876,7.50314967749364
89,6,36,3,1,88,7.46197332887089,0.594895355837578,0.809594599530101,8.69019798188671
90,8,29,5,1,55,6.52575935276115,0.177356122356658,0.086850869236514,6.90256267051639
72,6,27,4,1,41,7.56415905380545,0.277442122333425,0.609441316919401,6.00960273296655
38,3,26,2,1,13,4.18333992966637,0.179430248510272,0.847388175316155,9.28017573254494
8,4,26,4,3,3,0.682340517348564,0.427762111627913,0.279867500299588,3.96887232395616
78,5,30,6,1,92,9.38270281291653,0.0418123246636242,0.0574439042247832,2.20133250991955
41,6,33,7,1,60,3.51650239319056,0.130288137355819,0.680636693257838,3.33346666750765
83,8,31,6,1,82,8.31892436626508,0.193389102573249,0.360555477207527,3.37619463396424
67,7,28,3,7,39,5.59199208220528,0.179480448160623,0.089099548291415,5.31029132621632
31,5,29,6,1,19,0.367567930275097,0.0367700153728947,0.295670107472688,5.69322239528564
48,3,33,2,1,67,5.77133943691292,0.202171644651073,0.449329760624096,2.79323887136311
99,7,36,5,1,99,9.45623293000956,0.244164978609163,0.639274211833254,5.65622371775738
20,5,30,5,1,44,1.12301036109113,0.291983862464062,0.720285553717986,6.64995398436341
79,9,37,8,1,96,7.06320788829981,0.490328408291048,0.157686724793166,1.68671125245037
40,4,34,4,2,87,5.42690166856679,0.0872907807352021,0.701946408720687,5.88313103592264
30,3,26,3,3,43,6.76483764343534,0.210586698252243,0.421685489593074,5.41649412688493
32,3,22,3,2,27,7.0870743173106,0.193908120280292,0.80539005366154,6.48868459368408
85,5,26,3,1,67,7.12844072448139,0.384712486972517,0.287032115040347,4.47663207936397
95,9,34,4,2,95,8.06903426677917,0.313996552712026,0.514326775213704,3.3162865686353
0,3,29,5,1,24,0.165666667291831,0.168210396077484,0.815207561012357,5.11088367390841
30,5,24,5,2,15,3.37059896644206,0.393417855238026,0.65494945878163,4.7239059618317
62,5,32,2,2,17,4.43069785549861,0.301802800492126,0.711043886607513,4.22473668614948
