K:10
N:1000
Gap:1.80094512458013
Rho: 
1 0.8 0.45 0.2 -0.3 0.7 0.75 0.5 -0.3 -0.1
0.8 1 0.45 0.5 -0.1 0.55 0.4 0.6 -0.4 -0.2
0.45 0.45 1 0.1 -0.3 0.6 0.3 0.4 0 -0.3
0.2 0.5 0.1 1 -0.5 0.35 0.1 0.1 -0.5 -0.45
-0.3 -0.1 -0.3 -0.5 1 -0.4 -0.3 -0.1 0.2 0.2
0.7 0.55 0.6 0.35 -0.4 1 0.8 0.45 -0.2 -0.45
0.75 0.4 0.3 0.1 -0.3 0.8 1 0.45 -0.1 -0.3
0.5 0.6 0.4 0.1 -0.1 0.45 0.45 1 0.1 -0.2
-0.3 -0.4 0 -0.5 0.2 -0.2 -0.1 0.1 1 0.4
-0.1 -0.2 -0.3 -0.45 0.2 -0.45 -0.3 -0.2 0.4 1
X:
91,10,28,7,1,65,7,33,3.72424702533985,0.603938607001835
93,8,39,4,1,65,10,36,4.19365101715202,0.041888544918038
28,3,27,2,8,5,6,24,4.35313479104675,0.471612917703992
83,7,35,3,1,46,9,36,3.92249056238484,0.303217345372516
64,6,31,3,6,64,10,34,3.7760275715969,0.171377165592276
51,4,36,4,1,46,9,33,3.80098868387178,0.184045370890501
73,7,34,4,1,62,7,34,7.05412474515604,1.36888724232191
13,3,33,3,2,18,4,27,6.8490618747004,0.471527386772174
65,5,28,5,1,47,9,28,2.57720122827039,0.189267446575942
70,4,37,4,1,82,9,26,2.03265662163422,0.187406826791907
45,5,24,3,4,2,7,32,6.33181295926786,0.692766040066415
71,5,36,3,1,71,9,34,8.44834615942278,1.0924017926909
93,9,42,3,2,95,13,47,5.66630611705103,0.0397665918436839
25,4,24,3,11,18,5,27,7.95784219702336,0.987989285442621
46,3,36,1,1,57,10,36,7.94921247386226,0.0447398712858558
94,9,27,6,1,58,10,30,-2.32328660822044,0.113168201898213
97,6,37,2,1,45,8,32,6.75038956447473,0.559968697148969
11,2,32,3,1,33,7,29,9.99088336306333,0.323627400434318
47,4,34,4,1,78,8,31,2.01301234280012,0.102981112333344
56,5,33,2,4,28,8,31,7.38402559863279,0.170221041189507
90,7,35,6,1,97,13,38,2.07530368457245,0.0139570886561736
13,4,33,4,1,63,7,34,8.51200451082914,0.0697223738534376
98,7,38,4,1,99,15,36,1.20665539843396,0.0321425432366247
94,7,29,3,1,38,10,31,-0.206841632372926,0.322696171923283
8,1,25,2,1,19,7,30,12.5779245516529,0.623676249558626
51,6,35,6,1,87,11,34,3.58873167661871,0.00378731559709289
39,5,30,5,1,46,5,24,2.42277329026002,0.212822590333512
90,9,33,6,1,91,12,31,3.65771222059481,0.0228648219271127
44,3,32,2,1,81,9,27,4.52002526611516,0.112020138301887
83,7,31,3,5,65,12,38,9.83960823104791,0.130064174416475
73,4,26,3,1,71,10,31,2.82630955467548,0.0869545976165682
81,5,30,3,1,80,10,31,8.07940977750199,0.213583371232419
38,4,28,4,2,45,7,21,5.4639850449088,0.203288264710091
68,5,32,4,1,50,10,37,8.79393456204071,0.181539643374539
0,2,33,1,7,18,4,23,9.74493679536593,0.665945699872607
83,7,35,6,1,69,9,34,1.84784636967808,0.173521937226654
0,1,27,3,3,3,5,24,10.9405806441086,0.314968994153302
20,3,30,5,1,61,7,23,1.40252462231836,0.0278660885524005
90,5,33,3,1,85,17,31,5.97090309780354,0.199422318148251
61,8,26,4,3,4,4,30,5.71410732970234,1.23846517169947
37,4,23,4,1,18,5,30,4.40424097743967,0.280187057320702
43,7,28,3,11,49,6,34,4.89652533292113,0.0855518422322348
3,2,33,1,2,4,4,30,11.2202142102611,0.869875026139093
97,6,38,3,1,77,11,32,4.26970062980282,0.517733570632941
43,4,33,3,1,55,9,35,8.46706038163388,0.194320386221069
95,5,31,3,1,61,12,34,7.12518099737107,0.466576819752759
88,7,26,4,1,50,10,31,5.96887962268845,0.824828659378528
63,5,28,4,1,67,11,27,5.06970924988213,0.0435159724438563
97,6,36,3,1,98,18,36,5.69246767644518,0.21240413431534
61,7,28,6,2,53,8,25,-1.52390995873732,0.0118014929614898
33,3,29,5,1,64,11,31,5.12474732496407,0.00256878770812546
34,5,32,3,9,22,7,30,3.53660428062285,0.0861082413466647
39,4,25,2,7,4,6,26,3.43244640834235,0.293651648786593
78,8,40,6,1,77,9,35,1.29080327453681,0.0716960554709658
3,4,25,6,2,24,4,21,3.14653716070439,0.0848427984165028
74,5,35,4,1,97,11,29,6.03012335264274,0.127571684657596
67,7,32,6,1,86,8,31,0.917108264821095,0.00258781132288277
17,5,24,5,5,7,3,26,7.29184232576091,0.578642558208363
26,3,22,2,8,26,6,26,4.4444075515037,0.607400728323254
51,7,30,5,1,31,7,37,3.38391291023568,0.0596435681154231
67,6,31,4,3,81,8,30,3.08433518417664,0.0383732869522646
98,11,43,6,1,82,10,35,4.23067101706979,0.0414496617158875
75,7,29,6,1,88,13,40,6.86305814656988,0.0594108981313184
56,5,26,2,2,26,7,35,8.9202858981891,1.70179038811336
84,5,27,4,1,88,14,29,1.10631285012297,0.111007399274968
18,5,22,4,3,1,3,31,5.50359722870623,0.296840590647164
27,2,34,4,1,82,9,22,3.30594405016916,0.0114182213298355
82,5,31,5,1,61,10,28,4.93311091876252,0.819082818883372
69,6,35,3,1,75,10,36,4.63597028932493,0.104831409874947
24,2,31,2,1,23,6,24,9.93039848723785,0.649595934400493
4,2,21,4,1,11,3,27,3.15847120302112,0.0738798854872584
14,4,29,5,1,5,2,23,5.09961670670211,0.320438256011087
21,2,26,4,1,19,8,24,9.41456128252421,0.269668114361096
47,5,33,4,1,62,6,32,3.7851867888017,0.168142730370164
19,4,23,4,5,9,5,24,1.32543712283339,0.183418360295448
71,5,27,4,1,42,11,27,8.73619828179257,0.287270162011239
0,3,25,4,4,1,2,20,8.49110316887924,0.537017713748741
37,4,32,2,4,61,10,37,13.8790578385788,0.172635865281336
51,4,32,4,1,66,8,26,3.25096019098915,0.0130725915018198
0,4,28,6,1,7,4,23,5.25099356784973,0.413972571471191
58,7,37,4,1,38,6,33,5.92437597241417,0.189457273518035
15,4,31,3,3,23,5,36,5.70925371707996,0.0383190178545192
35,5,33,6,1,70,7,29,3.2308788917345,0.0716910639312118
64,8,37,6,1,75,7,27,0.694870098226728,0.0185442535729001
77,4,36,2,1,62,11,33,5.8716113188532,0.0549159506335855
56,7,25,6,2,61,8,24,3.2802150794755,0.148627698072232
23,6,25,3,8,26,5,33,3.23307628502735,0.282794220336018
8,1,27,4,1,24,8,24,11.1951281462657,0.187460711681026
8,3,32,5,1,43,6,28,6.61517555369429,0.0336909214811294
30,3,23,3,2,10,6,21,3.98961527488373,0.858991567003441
66,5,30,3,2,40,9,25,6.54333153645927,0.46059360227185
0,4,23,4,2,0,1,25,2.55788655786305,0.27615759683654
20,3,20,4,3,18,9,26,6.11430581977215,0.178112681944597
93,10,33,4,3,48,8,32,5.26693000760284,0.883915664109975
92,5,30,3,1,39,11,32,7.41560433850093,0.484258267541832
73,4,24,4,1,43,13,27,6.23268457592038,0.299834321940991
33,2,31,2,1,56,7,29,9.8178502937214,0.314866831515658
51,6,32,4,3,28,8,34,4.64045926966035,0.113481960259378
74,7,36,5,2,86,9,29,1.45537474126753,0.0182475009244856
61,8,27,7,1,24,6,29,3.3049960973903,0.567476506469176
62,6,36,6,1,98,11,37,4.0200907125848,0.00289008836261928
21,5,22,5,7,8,6,28,-0.114428992718525,0.0451982803208467
21,3,23,5,1,34,7,22,5.35588090910804,0.108130232896656
38,5,24,5,1,7,5,29,6.8593230050012,0.620807484226459
94,10,27,6,1,28,6,30,-2.47234354182171,0.156216144678183
96,8,33,3,4,60,12,32,1.17857041505572,0.116247822064906
73,5,25,2,1,15,9,32,4.1038214712492,0.41487813645736
73,5,30,3,1,63,11,30,1.51500387346051,0.13310820876627
53,7,26,5,1,22,5,29,4.55400755034993,1.43222757888857
0,4,34,3,13,42,5,33,9.84435925815764,0.0620811179359572
60,4,25,5,1,47,9,24,4.14310309134432,0.352914596421129
83,8,30,4,2,80,9,34,4.46761987787051,0.133461063727736
75,7,28,4,1,48,8,28,4.39538775344998,0.19522993521646
45,4,28,4,1,43,8,25,4.5176942616603,0.0748104923404753
53,6,33,3,6,33,5,26,6.61691345698147,0.193552278603844
53,5,30,3,4,23,8,29,7.26760041676913,0.982539353374034
0,1,25,3,1,5,5,23,3.85615658945171,0.139426721958444
35,3,32,3,1,65,8,33,7.48090830261019,0.182507425768974
61,4,35,1,4,82,10,30,7.23710557715942,0.14011609822046
82,9,36,6,1,99,11,34,5.84755768331796,0.0132581968791783
35,3,27,2,1,41,7,29,3.89821097211394,0.303432100724802
41,5,27,5,1,34,8,31,4.37687739290016,0.0579356409143656
57,6,36,5,1,89,9,30,6.46265811326396,0.36258322275106
58,5,30,4,1,84,12,33,3.8034131440754,0.0680776041028852
71,8,28,5,2,76,11,40,3.16916535734981,0.037647296761124
39,6,32,5,1,46,5,30,6.86611620403297,0.143864515470341
91,8,39,6,1,99,16,35,3.50309295445615,0.0680024267639965
96,11,28,4,5,27,7,31,1.11151295469997,0.507162369766688
23,5,33,4,1,19,5,30,4.58303786998435,0.218386206340582
72,8,31,5,2,80,9,39,6.71645576633797,0.44296894034133
90,6,29,2,1,77,10,33,5.7289206077027,0.776966636958432
60,7,30,4,1,46,6,30,0.250772759590536,0.18780398647182
63,6,28,5,1,61,10,33,2.20031535127221,0.0527907782234251
93,8,31,4,2,76,13,35,3.70265509742422,0.141286921454594
85,7,37,2,3,71,10,30,2.72127351033254,0.167549012810923
57,5,35,3,2,58,11,31,5.42882504930525,0.115624318132177
82,6,27,5,1,88,13,37,2.64037280428707,0.0251215774333104
11,3,34,6,1,31,5,29,2.18941435180547,0.0814260942861438
76,8,29,7,1,83,10,35,2.69494499546663,0.183426022931059
62,5,27,3,2,38,8,32,7.36485053990992,0.232913064061406
14,2,33,2,1,45,7,35,7.08384621470752,0.0417302066593041
8,4,24,6,1,16,5,29,5.76952305527779,0.0763179123168811
46,6,37,4,2,34,4,28,4.9035839797777,0.0832163505453929
77,6,30,5,1,90,13,36,5.95300497574199,0.0313955161689782
73,5,34,2,1,46,10,34,10.1357898587738,0.314018952184099
81,8,40,5,1,95,10,38,1.81521047242778,0.00136024062521756
17,5,34,3,3,27,4,32,7.90486399441433,0.670517071584398
94,14,28,8,1,54,7,32,-0.552634662290428,0.0503758715931326
29,3,25,4,1,44,9,32,4.34082284306468,0.171221041935496
14,2,22,2,2,9,7,33,12.8509100583871,1.17596006852793
71,5,34,3,1,94,11,33,4.87488034188189,0.0383866883792177
32,5,32,4,2,75,9,34,6.33177471193557,0.0512635379564017
77,5,37,1,2,79,13,37,8.96421006177577,0.124381468631327
39,5,35,3,1,44,5,35,8.15979564939147,0.830434508579683
67,8,37,5,1,93,9,32,2.68265812881419,0.0344135629711673
77,6,29,5,1,78,12,30,5.20325790232325,0.394832777769721
18,2,26,3,2,18,7,21,6.48831145410379,0.115368987084366
2,0,26,3,1,12,6,23,3.30864994963176,0.132774010766298
13,4,20,6,1,31,6,33,7.65521456265725,0.179946042586792
68,4,27,4,1,43,11,26,6.90794644733786,0.162390962592326
93,5,37,3,1,69,10,32,4.28183152696176,0.196733285895291
55,7,27,6,1,48,8,36,-0.44720036597265,0.0536324295608671
60,5,37,3,2,93,9,28,3.51448021639866,0.129940349026583
19,4,24,6,1,44,6,28,0.231888419573357,0.0843328426126391
53,3,31,4,1,54,10,23,4.44100445582612,0.239495691134337
17,3,34,2,1,20,5,30,6.89024023607352,0.261304060059203
45,4,35,3,1,75,10,32,10.9545769993836,0.203529724772483
31,3,33,4,1,60,8,29,6.78110339898767,0.035607112847069
11,1,29,3,1,24,7,26,9.70568200734925,0.566568423496717
18,3,31,4,1,5,4,29,3.18457106077621,0.345881030651483
72,4,29,2,2,62,10,30,5.61841574846596,0.178900522035159
41,6,28,5,1,47,9,34,3.61422412658122,0.014464104315266
41,5,29,2,4,7,4,25,6.7560330492038,0.735758594764025
48,4,27,3,1,33,8,29,3.00590928936641,0.262784143666479
42,5,35,3,2,23,4,28,4.62175790824507,0.288710074488747
13,3,31,5,1,20,7,26,7.99977016917971,0.166329067433253
82,5,37,1,3,88,15,37,5.66292508710907,0.00846810677089422
59,6,37,3,3,56,8,27,4.49496757886001,0.176820855111557
79,7,26,4,1,21,7,28,2.81483414116596,0.761970486449909
76,8,35,5,1,62,9,36,4.52202453816628,0.310341574939641
91,9,33,5,1,86,10,38,3.21297324848838,0.0313498957629658
86,7,39,3,1,81,9,37,6.13575166492318,0.0701977822463959
31,5,27,6,1,13,4,26,0.331575321834111,0.107485688873567
25,4,24,4,2,3,6,28,5.93100601318275,0.898080640855099
74,7,26,6,2,87,11,31,-1.27398482066462,0.0296173262528354
74,5,33,2,1,46,10,38,6.6518429124368,0.0773611733920217
91,6,29,4,1,64,10,31,5.47882631641142,1.11479321581529
79,6,38,2,1,80,10,28,6.08801341848424,0.253836544804973
13,2,21,4,1,56,9,26,3.04703260690767,0.00282140006100143
28,5,30,4,3,23,4,30,7.35060989629048,0.232828323103873
19,2,29,4,1,21,7,28,5.78280172842496,0.247120707518163
78,9,37,5,3,76,9,33,5.00977450164282,0.254064028373662
12,2,21,3,3,24,6,19,3.06606702053888,0.18072519613311
12,3,25,2,11,13,6,29,8.89401784133042,0.245249379415739
7,4,30,3,1,0,3,30,8.82899502098276,0.544261311615044
5,2,27,4,1,29,7,30,8.22553867788985,0.306170865650031
53,7,30,5,2,21,5,25,-0.733143025896211,0.267081483256745
11,2,28,1,3,0,2,21,4.08342255433267,0.730794176417303
74,8,35,6,1,83,9,36,4.65295009877891,0.208808848391029
73,8,42,6,1,58,6,31,4.84083071537065,0.352234851375903
88,8,37,6,1,97,13,35,-0.277499519315986,0.000743894255720079
51,6,25,4,3,12,7,30,3.19267742900303,0.241729842775422
85,7,33,4,3,91,10,29,3.02177406697768,0.0548238862554928
44,4,34,5,1,83,8,25,1.53700512012899,0.025732459500432
15,5,34,6,2,58,5,27,2.48387561739179,0.00062603410333395
44,5,37,5,1,52,8,32,7.03022924332789,0.346390521143305
96,8,31,6,1,81,12,27,1.58257234978695,0.0279717407190813
48,5,29,6,1,83,12,37,4.5029416127385,0.0187653410248458
25,5,23,4,3,2,3,29,5.94233700916468,0.659993324779655
25,5,32,6,1,67,8,29,4.33302650662114,0.026431458680886
54,3,25,1,2,10,9,31,6.23487732724613,0.51957541562379
64,4,33,1,2,68,12,35,4.25166679133928,0.153463614638895
33,4,32,5,1,24,7,28,9.14959123089367,0.186604390577268
6,2,30,3,1,2,3,26,8.77715012301243,0.430015021448439
45,4,26,4,1,50,10,36,8.04424281649691,0.288028764295134
83,5,30,1,1,76,11,34,8.79207640672427,1.24106253639542
57,5,28,3,1,56,8,34,8.5096533758951,0.338825845149088
35,4,28,3,2,72,9,28,6.09656990035401,0.196030484269115
54,7,26,5,1,23,7,31,0.0386141125248685,0.0712052350064546
89,8,37,3,4,88,10,33,5.9371556980494,0.147625366225839
48,6,37,4,2,92,8,28,3.12844951103157,0.0667557282140478
17,2,33,3,1,48,5,27,6.39579617439747,0.532221083963448
54,6,26,6,1,72,9,33,4.82201970146714,0.501227189765728
96,11,35,7,1,84,11,35,3.96154334208764,0.0233681352992548
31,2,27,2,1,22,8,27,3.19207960299274,0.278813392844725
82,8,33,5,1,90,11,38,1.44344631908746,0.0126725175398683
30,3,22,5,1,23,7,20,2.51446310017472,0.528361170254279
18,2,21,3,1,4,6,22,9.28303142722054,0.652159882212216
4,3,29,5,1,34,7,26,7.38458067750284,0.193167052145079
24,2,21,2,1,2,6,29,6.07188369684369,0.513928844572461
35,3,35,5,1,70,7,27,6.66090333679417,0.336188202247697
15,1,20,2,2,11,6,23,9.67690275230282,0.436183179707682
30,3,28,4,1,32,5,23,5.91303010590741,0.560487430976862
1,1,15,4,1,11,6,30,9.01483034683519,0.391825932014125
99,7,40,2,1,88,12,36,6.79617795770318,0.469248110873109
80,9,31,5,2,58,7,32,5.3807914401516,0.281259981672022
8,3,29,3,6,18,5,28,5.5605007031284,0.0538353213341907
86,10,38,6,1,96,12,39,-0.096570767956548,0.00102644052822143
55,4,26,2,1,49,10,36,3.29091650234726,0.23513449098796
42,3,31,4,1,59,9,34,5.04564492259059,0.0276334796799347
6,1,22,3,2,2,7,22,5.02117034720257,0.274965379143807
56,7,25,6,1,34,7,29,5.58487812032167,0.284528675801825
7,2,28,3,1,34,5,29,6.2101662103047,0.142093865084462
21,2,30,4,1,70,10,26,4.89927384298734,0.119075730419849
54,8,27,6,2,76,10,38,3.37341424140551,0.0377303816944014
48,3,29,4,1,61,11,30,8.63657973940633,0.196938416278708
15,3,33,5,1,15,4,24,1.99245446964756,0.0794269180623814
14,5,34,3,2,6,3,35,10.7202774839753,0.833644878077221
49,4,25,4,2,75,10,27,4.3441588409522,0.18372504877739
94,5,36,1,1,53,11,34,10.0322662531065,0.514881241579956
33,5,33,6,1,35,8,29,5.17023084418532,0.0771524790907279
18,5,26,5,3,2,2,23,5.24584679068347,0.393816198666996
26,6,35,5,1,24,3,24,6.06422928991824,0.163247956312262
53,5,27,5,1,24,7,28,0.393594259790444,0.448082376250482
2,2,32,2,2,5,3,21,5.20042353934474,0.0643128051888198
79,4,29,4,1,69,11,22,-2.11484025861369,0.0769470165250823
11,3,30,6,1,44,5,20,2.73272304436251,0.135001409100369
53,7,27,5,5,49,7,26,0.955402886518116,0.0597922953311354
57,6,35,5,2,88,9,28,3.71724002758587,0.19013645048176
61,7,26,7,1,60,8,25,1.3872711142594,0.444436397848135
71,4,33,4,1,94,16,34,9.05875688493435,0.261032609533195
12,3,33,3,1,37,6,31,5.06102549310669,0.0785436857258901
31,4,29,4,3,70,9,27,8.61059053150516,0.199990291630186
94,8,30,3,5,73,11,32,1.07437660347404,0.166316306218505
50,4,35,4,1,71,9,26,2.15099092293958,0.0142481740331277
13,2,26,4,1,36,7,17,5.83895884470369,0.429514721014953
86,5,25,4,1,73,14,29,4.59423880763237,0.224361582415852
20,5,27,4,3,8,3,27,6.77332278122152,0.247973254405636
92,9,27,5,2,65,11,38,6.7092597082061,0.409242242758808
88,7,29,5,1,58,11,33,1.54687956562529,0.101075854036026
13,5,28,7,1,25,5,31,3.7316990754504,0.0926910342326733
78,5,38,4,1,86,11,28,6.90516029043507,0.27657913885814
45,6,35,6,1,56,6,33,8.5275257244117,0.206087270973924
13,2,28,5,1,76,8,23,3.24286269657901,0.0208164340816573
88,9,31,4,4,78,9,37,4.7692801093802,0.37715785296396
33,4,28,4,2,19,5,21,8.17853098519478,0.459142134969539
31,5,32,3,2,28,6,43,12.0582200870911,0.260010792164806
40,3,26,3,1,5,5,22,4.7001048548754,0.912412406358511
47,4,34,4,1,56,9,33,3.02475200923751,0.0412710474338382
36,5,33,6,1,36,8,29,0.742088717618898,0.0413863273498868
46,4,26,4,1,53,10,35,3.2028221942469,0.0283605031430076
4,2,32,4,1,64,8,31,13.3835299201596,0.13005111028906
18,4,30,6,1,51,6,28,3.9098399099696,0.0338398879393935
98,6,29,2,3,61,11,24,6.15370809946248,0.526872085433055
32,6,34,3,2,15,3,31,7.03232199542018,0.735262848394823
17,3,33,4,2,34,5,21,6.02753609285045,0.0955252120038494
48,4,31,3,2,57,7,29,6.21095249575288,0.215489509870386
1,3,31,3,3,3,4,34,13.6201143175857,0.309947386976278
33,5,28,5,1,48,6,30,-0.361169321890722,0.0898368355119601
2,1,25,4,1,5,6,22,2.58989931055516,0.0513354206376789
86,7,36,6,1,96,11,35,4.36384208570131,0.114934097859077
73,6,36,3,1,81,10,37,8.89577403434053,0.493405000592886
31,4,34,4,1,58,8,30,4.47017157033124,0.0898219235241413
38,4,33,4,2,80,9,30,9.09108965145976,0.191361420896023
33,6,30,3,4,26,6,39,4.64703210289914,0.0540392402326688
8,4,24,4,14,19,6,30,1.90953766248818,0.0719545562150758
75,8,34,4,4,83,10,34,7.94914306361479,0.37058482642979
60,5,27,5,1,71,10,26,2.26034194074879,0.308525201388377
14,1,29,3,1,49,6,19,4.06391839784897,0.165640811552294
3,4,32,3,13,3,1,21,5.05570182193392,0.672068173499936
48,5,30,5,1,46,8,25,-0.00860889182146352,0.135540783987381
44,6,29,5,5,21,8,31,7.96589903236243,0.293006583339277
6,1,29,3,2,57,9,26,5.73927000428638,0.0350902333758202
32,2,34,2,1,62,9,34,5.53377477634608,0.0658449766970722
87,5,30,2,1,40,9,32,9.4866968621435,0.87726176292041
93,8,31,3,4,93,16,41,6.0064233428191,0.0358128984225914
39,4,32,2,2,7,4,28,7.85738107222915,0.374991862082338
15,2,24,3,1,12,7,30,4.96867362902791,0.0640498778084293
31,3,20,1,4,0,4,24,10.4803917722498,1.15966340613769
30,4,27,4,1,10,4,26,5.30085513413502,0.491596579065031
10,4,33,5,1,52,6,29,8.11366116604378,0.192742748641151
97,9,28,4,1,20,9,37,3.38613793661469,0.473691092317408
49,6,28,3,2,22,6,33,5.64360240364839,0.614688534723753
9,1,28,1,3,30,9,29,7.27377983164916,0.362235263969103
21,3,22,3,1,6,5,28,3.90001718646951,0.490127139238125
93,11,38,6,1,82,9,37,4.46000849047152,0.0314607152249664
29,5,28,6,2,59,7,24,-0.0308403196215252,0.0145882852375507
65,8,34,6,1,74,8,31,-0.0372735815166934,0.0344211537632698
90,10,30,6,1,60,8,27,-4.00704844972435,0.0252801136812195
99,6,37,5,1,95,13,30,-0.485381830928643,0.0884048747830093
43,6,25,4,6,30,6,30,3.1704876177555,0.297133391945365
39,6,26,5,6,37,6,26,-0.698786855126308,0.147887992789038
14,1,27,3,1,12,6,26,6.16498254103269,0.255065423658791
27,5,28,5,3,64,7,30,7.57328563464036,0.0546699671540409
56,4,26,2,1,36,8,26,2.51902189652393,0.542682067482753
93,10,40,5,1,87,10,42,0.727606287857053,0.0872953263797328
35,4,34,3,3,30,8,29,8.85322979084849,0.218150681365856
84,6,33,2,2,81,10,30,10.1457704180238,0.473050265086299
72,8,34,5,1,86,9,36,3.60015209703618,0.355879425054342
75,7,31,6,1,86,12,40,5.11881277604061,0.0741509106010199
92,8,33,7,1,96,11,28,1.01239620127683,0.27402774709158
0,0,27,0,1,2,5,28,8.58616908302422,0.753066323619891
16,5,27,6,1,14,5,33,3.95115736583518,0.0335675348160448
39,5,27,3,10,9,7,27,2.42251542791924,0.311586332529083
67,8,37,5,1,85,9,41,4.15331886356956,0.0453375617507845
48,3,35,4,1,81,9,30,10.0164748311854,0.185267841200087
53,5,29,3,1,23,9,31,5.5950676423496,0.315722067131403
31,6,36,6,1,57,5,34,8.09438437172883,0.214910623715689
81,8,28,6,2,46,10,34,0.0812378098809878,0.00230427205546014
29,6,35,6,1,47,4,28,4.46328547165834,0.0641902398783714
40,3,21,4,1,39,9,27,3.2943756724722,0.572059913972551
9,2,29,5,1,49,7,27,9.09969440132845,0.0713688635695224
79,7,41,3,3,93,12,36,7.70258789788636,0.0484146857634187
35,3,34,2,1,26,7,26,4.55166793035666,0.0937922826269642
4,3,27,5,1,24,5,30,7.07200914677236,0.264904630176311
4,4,20,6,1,9,3,28,5.45276109838865,0.197074719228524
95,6,31,4,1,94,13,31,1.55270909604932,0.13916903664358
37,3,30,2,3,30,9,31,5.80317493286857,0.261547075806859
80,6,29,3,2,39,9,31,4.05436785735554,0.237888341991904
91,9,31,7,1,71,9,32,-2.12931892535159,0.253362806045319
44,4,28,5,1,74,8,25,4.20079575037944,0.129486903198995
57,6,30,6,1,63,10,34,5.30133613212791,0.0945712057873607
7,1,23,0,3,0,5,27,7.18127217216316,0.539635285430066
16,5,33,6,1,41,6,32,4.54731365322074,0.00241274631116539
73,6,33,3,3,62,8,30,8.028867503974,0.235097935645583
47,4,23,3,1,21,9,28,9.47789326096708,0.353479035467951
68,4,24,1,2,44,11,40,10.2784231325105,0.391047225312746
95,7,38,3,1,84,11,32,7.00368393590179,0.243806775183159
49,4,30,2,3,17,6,24,6.63795513337624,0.851151779252005
47,6,27,3,3,1,4,30,6.23948498525406,1.02512130648235
56,6,28,5,2,43,7,23,-0.124219316469613,0.0224853242980316
65,4,30,3,1,34,9,30,5.36965741493317,0.581098329264064
27,6,25,4,8,4,4,28,7.7506016910672,0.91570326729936
97,9,33,5,1,87,12,39,-0.512843735705848,0.0760738819952618
64,7,32,4,3,79,10,38,5.88684947488031,0.0957979543600231
58,7,39,4,3,67,6,30,3.48173851654762,0.0390916575136475
61,5,26,3,1,9,7,28,7.25336246239547,0.691600528048509
92,6,32,2,3,50,11,29,5.32119614923159,0.292994254491034
39,5,28,4,1,60,6,30,3.31721156978199,0.0293414954794571
28,4,25,3,2,2,4,25,7.7768897893768,0.701144007923913
9,2,23,3,4,31,7,22,3.16490641396291,0.058296253439039
32,3,25,4,2,36,8,22,5.81779160544679,0.419072229394174
75,5,35,2,1,68,9,34,5.40223944837873,0.265003786877471
10,3,28,2,7,46,9,32,7.29364008984401,0.0264669496199285
71,5,33,1,1,23,9,35,5.94396416143178,0.284329356382343
96,6,41,2,1,81,9,30,5.84754281733151,0.409093551348796
20,2,34,2,2,58,7,28,6.41768025614708,0.0191862544743344
10,1,30,3,1,66,9,26,8.04405920040962,0.266638595134693
5,3,23,4,3,0,2,23,5.26555945965317,0.33299598818526
82,7,36,5,1,94,12,33,4.54579472890427,0.0578269589459524
58,4,32,3,1,57,8,23,0.374106817531435,0.0877823467599228
47,5,31,6,1,75,9,29,3.6777959017513,0.105610190748946
36,4,35,5,1,53,9,25,0.349132003243342,0.0129677893128246
28,4,30,3,3,53,7,31,9.97484246675095,0.223133970507163
59,5,36,2,1,79,9,32,9.47474317684335,0.0841294102137908
81,7,29,5,1,38,7,29,5.3516886934898,0.921352782699853
9,4,22,6,2,13,4,22,1.40734264195757,0.124705846214979
96,10,39,7,1,99,13,42,6.59150439931719,0.0254254370229319
16,2,23,1,4,1,5,26,6.93848399236079,0.607042267421419
8,2,30,2,1,27,4,27,7.91207485034563,0.282965239825401
86,9,31,7,1,58,8,35,3.88670260855306,0.0856049645226449
52,3,36,4,1,91,13,28,9.24390645145579,0.0543035386363044
65,4,23,1,1,15,9,35,6.63293409581928,0.68937862149083
22,2,30,1,1,19,6,32,5.63513013730801,0.287717899064276
72,8,27,7,1,53,7,31,1.33621800930015,0.320933860716152
49,4,34,4,1,60,9,25,4.43480736739894,0.148088207817636
96,7,31,5,1,78,10,24,-1.83243630137514,0.0463832842825184
90,7,36,6,1,81,9,33,4.30801973747239,0.0724730545189232
55,7,34,3,3,60,6,32,6.32261590682256,0.144909172784537
7,4,30,6,1,55,7,27,2.71402979784007,0.000844998277073465
2,3,31,2,7,35,5,32,7.26946506971207,0.132453263573288
51,3,25,1,2,5,8,29,8.08384722475507,0.463876491458566
63,7,35,5,1,65,7,27,0.707657726479644,0.0577720200445389
41,7,30,6,2,65,6,26,4.80528509783279,0.0729305072454736
87,9,35,5,1,93,11,42,4.90649001541767,0.0700101333204657
10,4,30,4,4,48,5,31,2.20230649232868,0.0410177626139496
98,10,30,3,6,85,12,38,5.44493476810171,0.20845425550388
26,5,30,6,2,31,5,23,1.16649194081658,0.133127056527883
8,1,31,2,2,13,4,18,5.05867213857257,0.105195232084952
38,4,33,3,1,14,4,25,6.70448824855955,1.19194845569538
12,4,34,4,1,3,2,29,8.39582838545619,0.203725979652929
58,7,37,4,2,69,8,38,10.1412298738202,0.163265507319011
24,4,22,3,3,1,5,32,10.01774681989,1.35390002137648
72,5,28,2,2,27,8,26,3.95094048359704,0.625226160945529
14,3,31,3,2,11,4,26,8.07681649976171,0.268767981081012
15,5,35,3,4,39,4,33,9.07953803004773,0.101778167649172
25,5,36,6,1,36,5,34,5.99414370612861,0.153338160947897
77,6,30,4,1,88,12,34,7.07774307450844,0.432226297424591
42,4,25,5,1,56,8,33,6.43785491018132,0.221353275537767
6,2,27,2,4,15,5,23,9.91976745924153,1.07503682089256
11,3,28,4,3,31,5,25,4.92251081259432,0.122298626927659
48,6,35,5,1,41,5,26,4.89551833424326,0.112068613641895
97,9,33,3,4,75,11,34,2.75767430064296,0.0510269303340465
81,7,37,6,1,93,11,30,4.58955114637452,0.252716683214522
54,5,25,5,1,49,9,26,4.11920372252151,0.506378048544234
7,2,30,3,1,45,6,25,3.90892752518348,0.206458813965994
46,5,24,3,10,9,7,27,4.24357714740711,0.157528381794691
33,5,33,3,7,55,8,37,10.7012995955855,0.0761760505847633
68,8,32,5,2,91,10,35,4.42502594536272,0.0262334219878539
51,7,33,4,2,54,7,37,3.73051702079964,0.0595592364760358
51,5,28,4,2,60,8,26,3.02320060928091,0.231913732723428
54,5,37,4,1,84,8,26,7.13681622118451,0.220964469337914
44,4,36,4,1,78,10,29,7.81275598461814,0.236805114184906
8,1,30,4,1,44,6,15,4.55486127395602,0.266396609822962
93,11,38,8,1,92,9,37,0.70128276454977,0.00940864848889132
1,2,24,4,1,3,3,23,3.78805446629325,0.0658982350723818
41,3,23,3,2,9,6,21,4.92570440336866,1.37483873630042
22,5,28,4,5,29,6,33,8.31521335581554,0.072978918091394
9,3,27,5,2,41,6,24,2.68656349493205,0.0230370750739402
48,4,32,3,1,61,7,30,7.4593616678519,0.236296389008614
65,6,34,6,1,93,9,28,7.66360367477969,0.066422576433979
92,8,30,5,1,56,9,31,0.483471276549841,0.152835862245411
36,4,31,2,2,30,5,30,8.2851697741567,0.579358742049276
85,6,27,5,1,94,17,32,5.0062155499693,0.0781613795552403
30,6,29,6,2,42,7,26,4.90548004585816,0.200842343027446
46,4,30,4,1,35,8,26,2.49609000238035,0.262425639423284
14,2,34,2,2,25,5,21,4.65776516615186,0.0283227548186301
80,4,33,3,1,95,17,33,7.10917123032364,0.364065482804474
66,6,27,6,1,86,10,29,-0.551581127708555,0.0177768713328987
6,4,29,5,1,42,5,33,8.23041117766077,0.290188247560266
43,3,24,5,1,53,12,22,2.39251088682114,0.178183219385076
39,6,24,6,2,19,6,26,3.81561803309716,0.0927281473996118
69,8,32,5,2,53,9,34,1.81669642342442,0.00757649471722155
65,5,31,3,3,85,12,35,7.25946358270885,0.126541338511743
40,6,31,4,5,20,7,36,4.38803221237775,0.0767833366990089
30,4,28,5,1,26,4,22,-2.3489558851868,0.207543923043388
25,2,19,3,2,34,7,22,1.52009066163713,0.39747311498732
67,5,34,3,1,68,8,29,5.94090029996049,0.334581475694406
89,6,31,3,2,39,8,26,4.27191374757245,0.582426687205368
84,6,29,4,1,88,13,33,1.47299139182406,0.095380887738429
39,3,25,4,1,59,11,29,1.90434228874909,0.1168270658236
7,4,25,4,9,2,3,24,2.56292341585369,0.275695981680158
82,10,38,4,7,60,7,29,4.28182958356297,0.453952723627395
7,4,29,4,2,7,3,29,6.11164956350973,0.698406012686801
11,4,35,5,1,9,3,29,3.70900678979491,0.100362716475502
63,4,26,1,2,54,12,40,12.2543116756744,0.410480353960252
32,3,29,3,3,52,9,25,3.58457008084714,0.111201339957854
18,3,26,5,1,16,5,20,3.82613072998051,0.0457638732800013
39,6,31,5,3,79,7,27,4.07071240244249,0.139448475791141
86,7,33,3,2,79,11,33,5.62530321568875,0.127039737184532
34,5,24,6,1,16,4,25,1.41041735963331,0.175558857376429
0,1,33,1,2,34,6,31,11.2307270848961,0.548411625871593
91,8,31,3,1,31,7,29,6.32982734203953,0.900104829523355
95,11,36,4,2,91,9,36,0.408359309320812,0.299335015927184
49,5,31,4,2,50,7,23,2.82362746167298,0.100659600228668
46,5,35,3,2,76,7,29,7.67346039409018,0.192056099640879
59,5,27,5,1,49,8,25,2.6808517714636,0.392827381659989
90,5,37,2,1,88,11,33,10.1991520071463,0.218369514438066
17,4,32,5,1,36,7,33,8.44181975959819,0.31862856283665
78,6,40,5,1,89,10,31,1.39204418782538,0.113848551758565
23,3,25,4,1,15,5,22,4.66168934231557,0.407762056433569
57,6,25,4,3,62,10,35,3.91671505004782,0.085556712442986
84,9,36,5,1,59,8,34,5.83601521945716,0.162437021150254
13,2,30,2,1,18,7,32,11.8519680794705,0.297236848844889
89,9,31,5,2,87,10,30,-0.412290182494092,0.183921544336456
45,3,29,4,1,82,12,28,6.97806532350513,0.0590983846632568
89,6,37,5,1,86,13,27,4.4672387566647,0.068857712787576
24,4,35,5,1,72,9,30,5.44814701874388,0.0464407857170654
8,2,30,3,1,49,5,23,5.293326597169,0.07729252288118
4,1,26,3,2,50,9,29,11.336417935644,0.154401493491605
97,6,33,3,1,92,14,39,9.75675335651461,0.543736324148411
48,5,30,3,6,75,10,33,7.93554201923181,0.423206395074276
84,6,33,5,1,96,14,31,7.29601105722401,0.0507816646890535
41,3,26,3,1,35,7,29,6.92647357622025,0.327999561316076
48,6,29,3,2,47,6,35,6.46650200790097,0.731073891636252
18,2,30,4,1,35,8,26,5.31567387684916,0.148436507326551
75,4,27,5,1,77,10,27,1.14801991118397,0.178528520500961
30,4,28,5,1,34,7,32,5.23265547044207,0.0856663095701795
16,3,18,5,1,12,7,24,2.51632396445862,0.512154305332756
3,3,28,4,2,13,4,29,5.43980686226092,0.28795249153741
13,2,25,4,2,16,8,24,8.36072455517301,0.612877823006988
17,5,36,5,1,28,4,33,2.76235704272637,0.0524842798477039
51,4,29,2,4,55,9,29,10.087681394979,0.43319539469841
81,7,36,4,2,62,11,32,6.55740162939516,0.134481285931543
11,1,22,3,2,41,10,25,3.48404048728644,0.0611380460904911
89,10,38,6,1,80,9,35,-0.500164026428187,0.00861250785768254
57,7,31,6,1,46,6,25,5.23272766506715,0.405029447871071
14,3,32,5,1,15,3,21,6.02833852533344,0.343785224471915
90,7,37,4,1,69,8,31,4.19279199910973,0.208838860260996
25,5,26,5,3,42,8,29,2.57488387965807,0.00321462407894222
15,5,24,5,3,0,3,28,2.18201502191536,0.562401407832438
76,7,37,5,1,95,10,36,8.73203721493168,0.124744867091067
23,3,30,5,1,61,9,25,5.76782596935292,0.135144079453312
30,6,36,5,2,31,6,32,5.15015912219826,0.0789333229186013
51,6,28,4,2,19,5,33,5.67769193278949,0.761106124105764
33,3,26,2,4,7,7,27,7.04724370405216,0.395343325288684
15,2,29,3,1,22,7,23,8.43245472254377,0.354246234280802
26,5,31,3,4,14,5,34,3.18610522005526,0.256375867397267
35,3,29,3,1,65,11,31,9.72484788175347,0.293964175354685
57,5,31,2,1,66,9,33,7.18596774525926,0.626745780432755
80,6,30,5,1,85,10,29,-1.43094678944626,0.07433304032784
93,10,39,7,1,99,10,33,0.967815115362537,0.110342290950939
83,7,39,5,1,99,16,39,5.35753451711627,0.0168529943330213
12,1,27,3,2,53,9,25,9.46355602182931,0.29955217706852
64,4,30,5,1,53,8,20,3.24064473406392,0.481533290797329
69,7,26,6,1,42,8,30,-1.16368812373379,0.103937854734988
3,4,30,3,5,6,3,31,2.91700711567697,0.372757003546646
92,9,42,6,1,98,13,41,2.62699344827647,0.0131058423238191
47,3,33,1,4,37,9,26,4.91084839300871,0.0538197224618391
26,2,30,2,1,12,5,26,8.23154476325173,0.412504629210985
85,7,30,5,2,64,9,23,-0.151941702380668,0.267724547302586
22,2,33,2,1,49,6,32,12.5262674109186,0.414395482411959
79,7,36,5,1,94,10,29,3.52537396928568,0.133131428039633
64,5,28,3,4,31,9,26,1.39015677112649,0.0996238008374348
42,5,30,3,1,23,6,35,4.47938445614627,0.109439640888013
9,1,30,4,1,8,5,24,3.12003776740778,0.0515073029091582
0,2,18,4,4,21,7,24,3.79081340853195,0.0415382977807894
53,7,33,4,5,65,9,37,7.81351472983199,0.123324873973615
52,4,26,3,1,20,8,33,5.50845266621877,0.76517046797545
21,2,25,1,11,14,6,22,8.49521336025369,0.296577659192237
71,5,32,4,1,83,13,33,4.46859619941683,0.120031191659492
96,11,30,8,1,90,12,41,2.56858267631411,0.153992536128499
51,6,29,5,3,67,9,30,5.62168287911154,0.207568876900452
17,2,22,4,1,42,8,27,2.96188401796345,0.324699043052945
56,4,32,2,2,77,12,36,9.86690205339434,0.428146610015488
75,8,38,5,1,75,6,30,1.52556414271065,0.279900801895962
66,8,31,6,1,62,9,30,1.40897514207786,0.0063432278111577
22,3,27,2,3,0,3,25,6.67553522414879,0.28382137044214
34,5,30,3,10,53,8,35,3.94085694781656,0.110800646031951
31,3,28,4,1,43,7,27,5.48584916611933,0.22843972708911
90,7,26,5,1,73,12,40,5.00892326205853,0.125926774926484
19,2,19,2,6,18,6,21,9.31110912047399,0.550789670662932
68,9,41,6,1,88,8,41,6.93757664855885,0.0482626281801978
13,4,22,7,1,26,4,25,5.11307598496409,0.354902113766825
10,3,25,3,5,6,5,28,4.19499730834027,0.062806872301735
9,1,20,0,7,7,7,26,4.47382049837946,0.254845717911351
91,6,35,4,1,98,13,34,6.19533658303886,0.0569492472693408
27,2,30,3,1,52,8,24,2.72560136137937,0.0896062524989247
88,6,37,6,1,99,11,33,2.78651286921444,0.0128596957074478
77,6,37,4,1,80,9,24,5.24427937345578,0.634519100623363
79,6,28,3,2,45,8,25,3.58079352921136,0.131730252760462
20,2,27,1,1,2,5,27,9.56106959922978,0.707419663913445
4,4,32,4,3,21,5,27,5.20125397558137,0.0223624691134319
3,3,34,5,1,37,3,27,8.22923727515765,0.0534864233298757
28,4,35,2,2,24,4,32,6.34849497114728,0.151834790827706
34,3,27,2,3,15,5,26,8.49813392704661,0.48141717489571
73,7,37,3,3,93,10,37,10.5549884263344,0.143982242327183
25,4,29,6,1,50,7,26,5.18973414192987,0.114897285109694
51,7,29,4,4,29,5,26,0.192910466239464,0.0985044481838353
75,6,26,6,1,57,8,25,-1.6688529351085,0.121465707266663
63,7,26,4,1,34,7,33,3.54524576863495,0.566830254594022
20,4,32,3,2,12,5,32,4.05906067789901,0.158592914752289
99,8,31,4,1,80,11,35,1.46189412675937,0.214777797217223
0,2,30,4,1,39,7,30,10.4947954098822,0.143027660669759
20,4,34,3,7,61,6,32,7.82587610087383,0.193279115369928
63,8,27,5,3,65,10,39,6.14903911498974,0.466899455038315
1,2,25,4,1,24,5,24,5.96275889484761,0.0907623999519274
2,1,15,5,1,14,8,20,4.64998790864199,0.100743022863753
60,6,37,4,1,65,9,25,5.01269193440748,0.29091609850407
57,6,37,5,1,57,8,27,1.680971033238,0.086949227610603
24,4,27,5,1,12,6,32,6.45727408318051,0.0854652989655733
91,7,29,3,1,46,9,34,8.94163889172374,0.716531866225754
67,5,24,3,4,27,8,26,4.09104911525997,0.164131248253398
64,8,31,4,4,43,5,31,2.22925279642694,0.091967344051227
20,2,30,4,1,35,5,23,5.61219462132676,0.0639795626047999
48,5,35,2,3,46,9,33,3.63390238315691,0.107160521438345
98,6,39,2,1,84,13,31,7.38695562710997,0.181997244915554
99,11,31,8,1,84,12,34,-2.04032109904611,0.0017054008387025
45,3,25,3,1,44,11,32,11.0767878862971,0.209491591201826
71,8,32,7,1,93,12,33,2.25658094974682,0.00446847643739202
31,2,28,4,1,31,9,27,5.40872447922521,0.083521204080308
83,6,27,3,3,79,15,37,3.10723137901697,0.23643198305622
43,6,30,4,2,57,8,36,7.36132303740477,0.58354030384228
99,7,30,5,1,92,12,30,2.13375860287641,0.432279783189003
80,4,34,4,1,84,10,24,1.69957254282821,0.321815517254847
48,5,24,3,1,12,8,35,8.76268808715096,0.491061267887658
53,5,36,2,1,61,9,40,6.93030210140025,0.0979830332038279
34,4,36,3,2,53,7,31,4.07269994244598,0.207864804881367
5,4,34,3,5,12,2,25,6.49781195131476,0.104563114931807
45,5,35,5,1,48,7,27,3.61215061922898,0.359649343210616
49,6,26,6,1,58,10,32,1.6508041241709,0.117021064041182
28,3,22,3,2,7,5,21,-0.140423907115716,0.432666597401208
77,7,33,4,1,74,9,25,1.62928133333398,0.0762021876623598
30,4,24,4,1,20,6,27,2.93401552429027,0.202756312279548
51,5,28,5,1,31,6,28,7.53801898047831,0.427041404859579
47,3,33,4,1,90,13,32,5.82860172989034,0.00309649528935552
76,5,35,3,1,83,12,32,4.2701818113259,0.167966182227246
16,2,27,3,2,23,6,20,2.05431380898733,0.181868544769216
44,3,25,4,1,51,9,30,5.06897100804967,0.186838936515826
52,7,32,7,1,67,8,30,0.425082283749375,0.00926139438174214
47,7,36,6,1,50,7,32,5.88801658451777,0.150192825472914
52,4,32,4,1,34,7,25,6.13089120224554,0.34297998038933
68,4,32,3,1,62,11,35,7.93316344953364,0.0453246326651424
35,6,34,4,4,34,5,29,6.36125376714228,0.70841382222485
83,7,42,3,1,84,10,35,2.83896583249616,0.0660888558131285
92,9,34,4,2,77,9,30,5.08977227059124,0.294997773355547
10,2,31,5,1,24,7,27,7.56095634340524,0.269254325458513
20,5,35,7,1,60,7,33,8.51153154196307,0.0290688682403265
48,6,28,5,1,20,6,28,5.20307254894042,0.544184923606151
32,4,25,6,1,22,8,28,6.97160853708728,0.21982294483685
47,5,33,5,1,75,9,28,6.26775874883961,0.059291173964661
58,6,29,3,4,52,9,31,1.13034772825005,0.285204527190629
22,4,25,2,5,19,4,30,3.83392031138524,0.292818308846561
73,6,25,3,1,32,9,33,2.79271031444151,0.132073347573169
15,1,20,2,2,13,6,27,11.1625530263211,0.588687185253925
69,6,32,4,1,86,9,30,7.06502544030899,0.159846121096052
26,4,24,4,2,14,4,28,1.31400811378932,0.229682729989513
42,3,24,3,1,56,10,29,3.92499868672587,0.398860969559705
72,7,34,6,1,57,6,29,-0.575818083399402,0.086953220074065
47,3,31,3,2,87,11,26,2.22119448981584,0.0833959122142778
33,4,26,2,3,4,4,24,8.71496355666364,1.13379094463991
24,5,30,3,3,0,3,30,4.64864510615943,0.356089279500252
21,4,23,5,1,27,7,33,4.89651641361605,0.160012379288673
24,3,34,3,1,28,6,33,6.32967824572036,0.0313351608347148
56,6,31,4,1,26,6,27,-0.0822102958284452,0.23262088520741
71,8,29,4,7,34,9,31,-1.22795183157979,0.136111030122265
10,3,28,3,2,6,5,33,8.99462077016423,0.619673160338932
51,4,31,2,1,47,6,30,3.36191560071884,0.535797863705753
85,6,31,2,2,87,11,32,5.24599265479167,0.445525141411877
71,6,30,3,4,75,9,28,4.48012957583183,0.150265984004363
31,5,30,6,1,52,7,25,1.07280010194056,0.0203860436969095
11,5,28,7,1,24,4,26,1.55089364804416,0.0243403108324856
57,8,32,7,1,42,4,27,2.04659311960631,0.110883161272987
83,10,38,5,1,94,10,43,2.41188384758709,0.0957033420775148
52,5,25,6,1,47,7,22,2.541971516559,0.188779218810353
69,5,32,2,3,85,13,34,5.64440071167325,0.166663750773296
49,6,38,3,3,44,6,35,3.92453607070505,0.0426366307074204
35,5,27,6,1,83,9,29,1.99313598270763,0.0448462517898506
96,10,38,4,3,87,12,45,7.17257773780184,0.314436637320298
92,7,29,5,1,95,14,28,4.02990690810622,0.0520760115547731
20,3,27,3,6,27,8,27,10.2231525716509,0.200088277215812
95,7,33,5,1,92,13,38,4.20441600229901,0.063117686775513
87,6,35,3,1,84,14,34,8.40244782932296,0.290353816859716
69,7,32,4,2,38,6,32,3.39035049480264,0.232645835716951
51,5,32,5,1,70,10,24,4.46844639350105,0.104694910231046
48,7,27,4,4,42,6,37,0.876691298547869,0.183276360260329
20,4,32,3,2,19,7,31,6.2464121127598,0.115175604471005
10,3,22,4,2,30,7,30,7.51052418876671,0.223213051668111
47,6,29,6,2,68,7,27,4.59395303074427,0.288950990176502
31,6,28,7,1,43,8,29,0.966842454119687,0.0040660718209051
77,9,29,5,2,68,7,36,2.53694122414729,0.16539865010418
90,6,38,3,2,96,13,30,5.85514909500311,0.193459307531568
33,6,30,5,1,24,4,31,3.56297253969796,0.546281217888062
82,6,29,4,1,38,9,29,0.794376521288074,0.355606396819735
22,5,29,5,1,8,4,27,1.10152103525526,0.0995207786327228
76,6,26,5,1,82,11,29,2.82254200936928,0.0432144208539394
56,4,37,4,1,46,8,29,2.69217938345344,0.0349682449582095
42,6,25,5,5,60,8,30,5.45678755105601,0.0774166116691694
83,7,27,4,3,52,12,32,5.55861208751512,0.0922646904364228
28,6,26,6,1,37,5,32,1.34910146125564,0.0758958258147841
47,3,26,4,1,53,10,27,7.34689523991344,0.284185166925865
78,7,29,6,1,55,9,27,4.13846424112476,0.36014429759985
8,3,31,5,1,51,5,29,5.19776040315282,0.0748880234314129
39,6,29,3,6,53,6,31,2.56573002393708,0.145738982828334
9,1,28,1,3,11,7,24,7.71673350445993,0.0494099551578984
13,4,24,3,5,7,5,36,6.54662453810212,0.134388265199959
22,5,27,7,1,35,7,31,4.64505351799153,0.00456967826984917
27,4,34,3,1,25,7,36,13.8409646463354,0.199279985845763
29,4,30,6,1,65,6,30,7.62470031850637,0.077987689175643
37,3,25,3,1,28,8,30,4.93261444084769,0.0604468492659631
49,5,33,2,6,70,8,28,8.321720644796,1.02000103280285
87,8,30,6,1,72,9,29,4.06188057328841,0.109221271472052
74,8,38,7,1,87,10,39,3.13292063719586,0.00159476662520319
95,9,34,5,1,97,13,39,0.862815201658102,0.0163338259279107
33,3,29,2,1,9,7,31,8.16179286750961,1.11094572109388
82,8,28,5,1,56,7,35,3.74705691280693,0.685675623329514
13,2,25,3,5,13,8,26,8.57914972487257,0.729970056521607
12,3,20,4,1,17,7,35,6.71613494436192,0.159939174889587
72,8,42,7,1,72,8,35,-1.51533666464297,0.026370504677344
54,7,30,5,1,49,8,36,6.59801545979783,0.244414661767635
60,6,33,3,1,53,8,32,9.41847265872445,0.461971919962621
12,3,29,4,2,41,5,29,7.03380022327277,0.153761147288606
87,6,25,3,1,81,14,37,4.28819937785846,0.194507685013789
84,10,29,5,1,48,8,37,-1.64860946669201,0.209797966516319
4,1,18,3,2,33,8,23,6.07165549139137,0.274243591808456
70,8,30,5,4,46,8,29,2.85858325574516,0.351581012809134
53,3,22,3,1,28,8,26,8.21866994736816,0.454291706883764
94,8,32,6,1,59,11,37,4.74460266700302,0.0875390192959458
91,6,37,3,1,96,14,38,4.99406831867315,0.00894414237700403
45,3,23,1,5,52,9,26,5.59738698586435,0.307426786971021
76,9,35,5,1,90,11,41,3.15674693414063,0.0696861228207126
50,5,36,5,1,84,9,35,2.1938518330205,0.0379633588017896
20,2,25,4,1,37,8,24,9.17957914912339,0.272042710280589
71,6,32,4,1,80,13,34,5.05309354985768,0.0150046310442444
76,4,35,2,1,81,11,38,10.2720736418505,0.383723763727999
70,5,27,5,1,45,10,32,3.49876991323289,0.0953192887827754
19,3,27,4,2,14,6,22,1.57515683676559,0.176639423371939
29,4,21,4,7,41,7,28,7.27927878703834,0.173484661480551
32,2,32,2,2,65,10,30,11.4385929359713,0.170149166602641
57,7,32,3,4,40,6,34,5.57706828775194,0.450179848333305
88,7,35,5,1,98,12,33,2.80586596208463,0.00190760591067374
87,5,29,5,1,58,10,27,1.77395078992711,0.137336478219368
38,4,25,5,1,15,7,25,5.31136137824404,0.690081115314895
73,8,30,4,3,40,8,38,2.793342038641,0.0351080760803487
79,6,28,5,1,92,12,30,1.33087258065994,0.163041426683776
72,7,29,5,2,44,7,24,0.647148843885047,0.102959516923875
38,3,26,5,1,51,7,24,4.05107497185501,0.210300762428644
29,5,26,5,3,19,5,21,-0.555783221302076,0.168161961599253
5,2,28,1,4,18,4,24,7.44311434458302,0.382242381148096
67,7,31,6,1,80,9,34,-1.75946685175969,0.0631185553502291
19,5,27,6,1,59,8,36,3.12900290714595,0.00738941004965454
62,6,39,6,1,92,9,28,4.80980007718714,0.100987229631739
13,4,32,3,3,6,1,29,5.61803372819441,0.117167203996737
37,3,23,4,1,48,10,34,5.75560616266376,0.11935818369966
31,3,31,4,1,20,7,26,4.18111513310274,0.273490299195008
81,10,43,7,1,90,9,36,-1.27656214638166,0.0100129074417055
36,3,26,3,2,47,7,26,7.76922867913019,0.72567099514873
43,3,22,2,2,16,9,30,8.26687921425217,1.0804383130114
43,7,27,5,1,32,6,36,-0.636651915281686,0.198503001016752
60,6,26,5,1,30,9,31,3.01754206481833,0.15705377375707
40,5,33,4,2,49,7,26,7.32609182606803,0.154590603313409
95,5,39,3,1,83,16,34,8.42114783563484,0.406303139398724
97,7,36,6,1,99,14,35,2.41400005465324,0.0115538092795759
91,5,30,3,1,97,15,28,4.92253936839798,0.241252217198464
8,1,29,1,3,6,4,17,10.3559604284113,1.1181938702354
47,6,30,5,2,81,8,30,6.61044420214603,0.10751531762071
33,4,23,4,3,33,8,29,7.30073904612364,0.609506184241758
67,4,27,4,1,50,9,28,1.77813626915159,0.258293262672353
63,4,36,2,1,44,7,25,6.37997639117385,0.200494417677376
85,5,30,2,1,32,8,31,6.30785261186124,0.663460735665792
94,8,31,6,1,92,10,29,-1.80803173778736,0.00460951843797039
57,5,36,4,1,58,10,31,9.38458253745214,0.148141160025261
53,6,25,6,1,52,9,34,4.91859863062885,0.626196738766664
94,10,39,5,2,83,11,35,6.85526345515702,0.1889088882494
89,5,27,2,1,27,9,28,1.42258435774731,0.398787259568876
41,5,24,3,4,8,7,36,9.82660449163575,0.371690493056035
5,3,23,5,1,8,5,25,1.8741625453333,0.110768681624904
77,4,29,4,1,74,13,26,5.3915515088705,0.0409246600465849
92,7,35,4,1,87,11,39,2.46492957161846,0.0279697398162946
37,6,32,5,3,66,6,26,5.89800690006832,0.194411049353632
24,2,34,1,2,51,8,31,6.91076697418867,0.284327197725418
8,2,34,4,1,39,7,32,7.93469918328328,0.0799354598810214
39,6,29,3,5,28,6,34,3.97174395779361,0.0818276019999757
18,3,31,3,2,60,8,33,7.23715379343548,0.0636372322915122
13,4,20,3,4,9,4,29,7.47270595811471,0.709601020994472
25,2,24,2,2,14,7,29,7.75235442751325,0.625118695633644
55,5,30,4,2,73,10,28,2.03403571454945,0.00291109007552633
14,3,21,2,2,0,4,30,5.67366134528313,0.284515894473273
96,8,37,6,1,85,9,32,1.30686660318994,0.0986553630791605
94,6,28,2,3,83,17,33,2.40237836702696,0.195582912293005
99,7,27,5,1,83,13,33,1.02837157650451,0.0191354878069388
70,6,32,3,3,72,9,32,3.89079447805652,0.467578208052969
14,2,33,5,1,62,8,23,4.89995011226927,0.0585587785869002
0,4,29,4,8,41,4,28,8.77443347362351,0.21386800938167
68,8,34,4,2,40,8,33,-0.417246370360814,0.182885246443778
68,7,26,6,1,64,10,33,2.63190778459656,0.252851847903588
91,6,38,2,1,41,7,31,8.28550912327247,1.04713862103628
40,4,34,4,1,75,9,35,4.89029250951274,0.017760356888175
42,3,26,3,1,46,8,28,7.95708829701566,1.69263600874553
53,6,30,4,1,46,7,33,7.32597164617571,0.909713198843986
41,4,34,3,1,59,6,29,4.02657438074305,0.232536504267457
9,3,27,5,1,33,5,23,7.80083189440855,0.19860257160731
38,3,33,2,1,67,11,35,7.84981531586191,0.0210471217287704
19,4,29,5,1,17,5,24,3.71282169395722,0.0502621687084864
72,7,36,3,3,75,9,39,7.05306089328653,0.111418015664166
1,2,17,3,3,0,3,29,6.75706913295479,0.258071032459716
91,7,33,5,1,64,9,29,0.489048293408882,0.0330462490674108
90,7,27,3,2,18,9,31,6.33471773881432,1.1702539519708
75,7,29,6,1,66,10,36,5.56689962469335,0.253619854049425
95,8,39,3,1,93,13,39,6.4898453226305,0.290320293134152
62,8,34,5,2,59,7,32,3.56612075620178,0.0773531275335699
65,6,25,6,1,44,7,24,-3.8002657848611,0.164660926093347
38,2,27,2,1,51,9,28,6.11836974689682,0.0916561211925
6,2,30,3,1,4,5,25,8.07743998798598,0.664802817130619
69,7,34,5,2,89,10,31,4.20821426711575,0.0363868286367506
12,3,30,4,1,19,6,31,4.85356667959262,0.0102035468521026
29,4,30,4,1,27,8,32,6.62471882233206,0.0401363718961727
63,7,32,6,1,72,10,32,2.1048769105382,0.0341923520042736
39,5,29,5,1,48,6,33,6.28109667902054,0.102594753727317
7,3,31,2,3,9,3,29,6.8283357202847,0.233325061843473
86,10,45,6,1,96,10,35,1.96804762844615,0.0366275007836521
38,7,29,4,6,37,5,33,6.67721886845723,0.529957276846783
67,8,33,4,6,54,9,34,5.82569640804326,0.283160025941882
2,0,17,1,3,0,4,23,12.7980548450349,0.936228313896448
59,6,33,2,2,48,7,34,6.6732544372599,0.401093538058627
27,4,24,3,5,12,6,26,5.81078481823566,0.454461067893958
39,4,29,4,1,56,8,33,6.8850847374053,0.50459083446995
14,1,31,1,1,15,5,28,5.76641591686369,0.411947763038284
82,5,26,2,5,47,10,27,9.12598319123178,0.574754738683039
14,2,24,4,1,40,9,25,1.59949343255271,0.0598356717964634
90,8,35,4,1,88,11,33,3.23484033417771,0.114041961845942
89,9,34,7,1,89,9,31,3.35575566298592,0.301047408709976
19,5,25,5,2,2,3,30,8.89348751577903,0.331659126084972
53,7,28,4,3,62,7,31,5.77117715611273,0.315658107156608
52,4,32,4,1,66,9,27,2.9898597354807,0.381575363079086
16,4,27,6,1,61,8,30,4.45024884500357,0.0151797470171005
51,4,34,4,1,75,8,26,6.67682878195815,0.464992554831762
22,4,28,5,2,20,6,23,0.120301903539628,0.059773723827675
28,3,24,5,1,27,9,27,5.38073938830344,0.38454561352492
50,3,35,3,1,83,9,25,7.32227788527712,0.0331967432284728
15,3,32,5,1,76,6,26,4.14652862595555,0.00377332658622418
92,7,32,5,1,84,12,34,-0.212054810025194,0.0541007736335555
49,5,28,4,1,43,9,32,5.96916342223292,0.530196505950782
61,5,25,3,1,49,10,39,9.23003191032975,1.06090183270382
74,8,36,5,1,54,9,35,7.27961029044598,0.133325935574248
61,8,26,6,2,42,6,26,-1.6330653088233,0.0353436127770692
93,7,29,2,1,50,9,33,4.7757257286266,0.545422024527723
8,2,31,3,1,27,5,27,4.53613710629865,0.336273649464104
2,3,30,5,1,55,5,23,8.2984713698672,0.103444224638137
54,5,28,3,2,48,8,31,6.79825072421041,1.05439913570782
24,4,35,5,1,39,4,20,6.13342618449379,0.10862868395634
64,6,32,5,1,65,10,35,3.3773980630038,0.111756958259467
37,3,26,2,1,13,8,28,9.74103793098095,0.499792425872243
4,2,33,3,1,15,6,27,6.76127038272331,0.258977108725052
4,3,19,2,17,12,6,26,4.83779351419686,0.318070191181007
96,9,34,3,2,85,10,36,1.0804440818424,0.123574331053533
22,5,26,5,1,29,4,33,5.28511573258701,0.172213038778864
1,1,27,0,3,4,3,25,10.2114047785617,0.824778305324626
21,5,28,6,1,39,5,29,4.69707480392605,0.241562504394228
5,2,30,4,1,30,5,22,6.24602304664925,0.367821554453633
23,4,31,3,2,47,5,30,3.39665307838646,0.0587235623970628
40,4,22,5,1,79,11,27,6.43695623126295,0.114436675900276
1,2,20,5,1,14,5,21,2.08437744803911,0.0101835823152214
36,4,35,4,1,82,10,31,6.37896675967142,0.0195877863685277
58,5,32,4,2,58,9,24,5.75552342080098,0.450578925178802
60,7,27,3,7,24,8,33,4.01176514674742,0.0552564628887922
26,5,24,5,1,12,5,36,3.90222803984351,0.0585616094973922
67,4,32,2,2,76,13,30,8.59013002293814,0.432691794059358
93,9,36,6,1,87,10,30,1.29029126138593,0.159791156416759
0,2,22,2,4,3,4,27,7.15629908986692,0.292926707061681
78,8,36,6,1,99,13,40,2.49220187343009,0.031322787865065
80,5,30,1,2,59,10,33,8.63281754159516,0.346350840515199
7,1,25,2,4,2,7,25,11.9274893642785,0.535555019113689
56,4,29,2,1,51,11,32,6.80975229038113,0.347144326002697
53,5,30,4,1,31,7,30,8.01616088125633,0.2587085616525
13,2,22,4,1,35,8,31,9.85078613892032,0.241879108118567
27,2,29,2,1,16,5,24,3.71360297770435,0.445844457929438
35,4,27,6,1,30,6,19,-1.8390321599634,0.0665251376340166
81,9,29,6,1,83,11,37,0.909785072625843,0.040037108994315
17,5,23,6,1,4,3,23,-0.446858262019365,0.0993035825667903
52,7,28,5,1,70,7,32,1.85191760959475,0.0192054636859901
76,5,33,3,1,88,11,31,5.5470707697364,0.444459445287889
28,2,22,4,1,29,8,24,0.339527370177354,0.264986593964252
43,5,27,6,1,38,7,29,0.963915447822468,0.0549421128816903
66,6,34,6,1,71,8,24,4.89974204302886,0.243736168359149
3,2,19,5,1,16,7,30,9.04234772102489,0.156422085361555
56,6,34,5,1,70,10,29,2.070061202293,0.0849995809840038
93,10,36,6,1,99,12,35,2.48590638703329,0.0358470645733178
43,5,24,6,1,38,8,28,3.60287210368518,0.09506826242432
93,5,36,3,1,96,11,33,7.76320172283859,0.368507209205474
97,8,30,5,1,69,11,29,-0.553637280391817,0.0643828814896154
67,4,27,3,1,50,9,31,1.85051577705851,0.323838534643084
29,3,29,5,1,78,10,27,1.87691220018669,0.1147762730252
20,2,33,4,1,38,7,25,4.84442947128803,0.176378566539454
31,3,33,3,1,46,9,28,8.1487779985789,0.0962495795683935
85,7,41,4,1,84,9,28,6.68096073804602,0.28096635176357
6,4,31,5,3,17,3,20,2.41558611484259,0.177709246509451
18,4,35,4,1,36,5,34,4.82793214591757,0.0360198069849963
48,6,25,4,9,25,6,25,1.49484225799325,0.0691600380427505
33,5,24,6,1,30,5,26,1.32248218379531,0.479677807053036
81,9,31,5,3,94,12,37,7.28559008502815,0.0544488365994766
87,7,32,3,3,55,10,29,-0.523632838559808,0.21062009577403
1,2,27,3,2,23,5,27,9.37209776442029,0.208081289416853
82,8,28,4,3,54,8,36,4.91697552315908,0.383578529560423
40,5,27,4,2,11,4,24,4.13154647459194,0.74106364693017
67,6,28,4,2,79,10,31,2.17047165237598,0.287265451148826
11,3,26,3,3,2,3,23,7.23308647702979,0.306902086584571
47,3,34,3,1,94,12,28,10.1130741787692,0.151711740880273
92,11,34,7,1,77,9,35,4.49791389513395,0.0680444230092689
57,6,37,4,1,60,9,40,4.90539222760166,0.0292310771319416
91,6,36,5,1,97,14,31,5.59832226937882,0.244915707200346
75,8,29,5,1,23,7,32,4.07160552061016,0.224474292005155
63,8,31,6,1,50,6,24,4.1925876464102,0.198184118828479
79,8,27,5,1,38,7,33,-0.0692595766083617,0.0808890347834677
92,10,36,5,1,94,11,40,1.94094441464343,0.132873511983658
16,4,22,5,2,16,5,23,2.93658911355601,0.0663120232056826
19,4,34,5,1,41,7,31,7.36776186852931,0.00393706583417952
9,4,35,3,2,20,3,28,5.52339289625081,0.14169946743641
82,8,30,5,2,84,10,32,2.99003999935008,0.0399356149323319
80,5,38,2,1,85,11,29,8.46126802347699,0.278246539933226
27,6,29,7,1,40,4,27,4.04961824707338,0.0888613989344271
44,6,25,5,5,32,6,28,4.54826589629213,0.0894100418081507
62,4,31,1,1,30,9,35,13.5579548242249,0.796176092210741
37,5,23,4,4,27,7,29,5.12713366104772,0.0972690323833376
38,4,25,3,1,15,5,28,5.15951688560156,0.405351935035076
91,8,35,6,1,86,11,30,4.60168110309828,0.0426494847051799
39,4,31,2,2,59,10,35,6.41899087673833,0.00942111244331186
7,2,22,2,7,13,6,31,6.70197767873144,0.447718783345384
70,7,25,4,5,23,10,31,3.1221957732491,0.0277708646524432
69,7,39,5,1,99,11,31,4.47371787597327,0.200173717214468
9,1,28,4,1,20,6,22,5.13495183900757,0.0614247320918366
3,2,29,3,4,43,6,24,7.61031421970094,0.180566018203947
40,4,28,4,2,38,7,23,0.513601930120736,0.135820815223269
1,3,33,3,1,3,3,30,8.87714068652323,0.252359617490995
56,4,37,3,1,89,10,34,7.03234173976016,0.0524152966681868
94,10,36,6,1,81,9,31,1.83261276943897,0.135852293111384
34,5,23,6,1,19,7,26,4.04965902982962,0.345770858450535
24,5,36,6,1,78,5,25,1.94179002048018,0.101989637711085
54,5,26,3,6,43,9,28,3.86050821760252,0.263714645280245
11,3,30,3,2,9,3,22,3.91042742352261,0.399956713800983
37,5,26,3,4,3,5,26,5.78004542137251,1.27033466961723
32,5,30,6,1,21,5,23,1.43470746897455,0.161579430568963
94,9,33,4,1,45,7,31,4.9088544639288,0.798286140808959
91,6,34,4,1,84,16,31,4.44136926325188,0.015115431160666
76,7,32,7,1,75,11,33,2.19465531583934,0.100980188324392
75,5,33,3,1,81,11,35,11.0367897607786,0.245741844865236
99,8,43,4,1,94,13,39,7.23662111908435,0.0466787326907482
58,4,30,4,1,73,12,34,3.97434888495611,0.00271902640815824
21,2,24,5,1,52,9,29,2.88365568333066,0.016590257640928
13,5,34,4,1,6,3,34,6.80591494474011,0.288994364429939
79,7,39,3,1,83,11,38,6.28849820872271,0.0197923701489344
98,7,32,3,3,82,12,31,2.9158050097455,0.440162162741131
98,10,34,3,2,71,8,35,2.65031897920171,0.414479405906395
12,3,28,5,1,53,7,27,7.51739225893482,0.124625023920089
61,8,38,5,1,71,6,32,3.32606396560789,0.15903667814564
85,10,28,7,1,84,10,42,5.46642997180585,0.0649468321353197
13,2,24,3,2,18,6,20,1.37368867920898,0.152726883767173
36,4,23,3,5,37,7,24,2.31603516167639,0.338246637944806
15,4,24,3,6,1,4,30,4.05492463110379,0.462506399934596
44,4,32,4,1,84,11,33,6.66585124422428,0.138954635476694
48,7,28,7,1,88,8,27,-0.874556152425273,0.0207329293480143
95,12,36,4,2,53,7,35,-0.0956182372714443,0.201501619991589
90,8,33,4,1,66,9,36,2.97303473999754,0.158206401043572
94,7,28,3,1,35,8,29,1.62726286396131,0.278396253463554
77,9,31,7,1,51,9,34,4.87955536349089,0.13148815499153
9,4,24,4,16,1,4,24,2.28385929851387,0.422542309833175
1,1,21,4,1,10,6,19,6.83099877732313,0.169086936744861
33,6,28,7,1,63,7,27,1.9115709355807,0.0699181212955752
24,2,33,1,2,47,5,28,11.0233905044909,0.466570123348223
79,5,27,2,6,62,13,30,8.11089399090046,0.656743656346732
49,5,29,5,1,66,9,30,7.2733769404254,0.164736310951412
51,4,36,2,1,67,9,36,7.97787312893796,0.332212388970631
7,2,18,3,3,14,8,28,5.26297190492379,0.0219642971754949
34,3,34,4,1,69,10,29,8.6171924645347,0.109362908522598
75,6,26,5,1,77,11,28,-0.0526367573349997,0.235449052870947
38,6,34,5,1,40,6,32,3.01465079419554,0.0513645535102114
0,1,24,3,2,16,6,28,6.90746518739363,0.15682644455228
71,5,29,4,1,67,11,30,4.61074721463632,0.0257174620627866
55,7,26,4,2,14,4,30,-0.480462391897678,0.241136557412076
7,2,25,2,11,17,7,29,6.42907246110351,0.275231193797006
34,4,29,4,1,32,5,27,3.37657234669474,0.29659505233981
41,4,28,3,1,37,8,31,8.57903242956281,0.315263445711437
31,4,31,4,2,76,10,33,10.6760657120492,0.109521962353028
73,7,26,6,1,67,10,37,1.33809779052497,0.0375379417091608
38,4,26,3,4,47,8,28,5.01601078111552,0.145994589664042
61,7,39,3,1,66,6,35,5.54531576846426,0.624953920862677
62,6,25,5,1,86,13,30,5.83658588969005,0.124670802149922
80,8,35,5,1,90,9,35,7.01962962618149,0.132592531270348
65,7,30,6,1,64,8,32,4.26776916039399,0.0765637012664229
67,4,24,2,4,69,14,37,6.84629356984173,0.0454400117939829
41,5,35,3,2,80,9,32,9.8141124917013,0.249939351797777
66,4,35,2,2,92,13,33,8.43043468084018,0.277161254537034
2,2,18,3,5,13,5,20,5.50347894464417,0.357735147213048
81,8,30,4,3,34,9,35,3.63704819230551,0.192271853786635
7,4,23,4,4,0,3,33,9.56413140467594,0.391383095157749
90,7,41,4,1,97,16,41,10.4083042448367,0.0485274555093906
7,3,29,5,1,45,7,31,9.01116928862513,0.12001684110146
19,3,31,3,3,52,6,26,9.38242462191139,0.262792462705377
77,7,34,3,4,80,9,35,5.44739953079606,0.151070001185872
20,5,28,3,3,1,4,33,5.26507421857105,0.308611803910437
40,4,27,4,1,39,10,29,6.36166817415851,0.132263696053997
44,6,25,6,1,35,8,30,0.52313362662707,0.0451718060066923
60,7,31,5,2,46,7,27,5.22232017234314,0.170326773193665
57,7,33,7,1,55,7,30,5.33777783124222,0.143513628514484
5,2,24,5,1,44,6,24,6.81911709085951,0.0458787635434419
18,3,24,3,4,25,7,29,8.3013881072385,0.81882671102498
29,3,26,5,1,58,6,28,6.23196144188295,0.100046634441242
37,2,28,3,1,60,10,25,4.0709484708876,0.015135113382712
71,4,30,4,1,66,12,31,5.32443697349443,0.211228266115043
12,3,27,4,3,8,5,28,4.08903792874809,0.0112331013660878
42,3,35,3,1,88,9,26,4.91670051612634,0.168330989545211
3,2,25,2,11,22,7,28,9.25784759779419,0.397001677859586
45,3,35,4,1,52,6,26,9.21921538277244,0.301241697965863
79,9,35,4,4,66,7,30,2.91896369267897,0.456256595419204
47,4,34,3,1,75,10,31,4.81009553092918,0.0150173575384542
23,4,32,4,2,30,6,26,0.91953418020881,0.0391691408585757
88,6,27,4,1,60,11,27,5.84180390651741,0.271353427310216
12,2,29,4,1,14,4,22,4.94298546736379,0.168046910664998
26,3,22,2,6,8,6,20,2.89164295956056,0.484323931836939
88,9,28,4,5,47,9,31,6.21018213008642,0.619470639588469
75,7,35,4,1,28,7,34,4.38644080321132,0.6517283511033
9,5,33,4,2,20,4,35,5.73633765120263,0.0146169071085751
81,10,36,5,4,75,9,34,0.646488657805264,0.00927229135972588
85,7,33,4,1,74,8,33,6.35784114975599,0.591883945809557
11,3,25,4,2,48,7,24,4.69392404081612,0.310895597318861
13,4,33,4,2,67,6,28,7.23958300960437,0.275298133249137
54,6,32,6,1,43,8,32,8.32398526342546,0.106791642001669
5,1,27,3,1,18,5,17,7.08462756952105,0.352213158326472
49,5,27,6,1,60,10,31,1.86541698737671,0.00893085554707795
0,0,27,1,1,1,5,29,9.13619798746489,0.511001799234605
