K:10
N:500
Gap:1.99701113089124
Rho: 
1 0.8 0.45 0.2 -0.3 0.7 0.75 0.5 -0.3 -0.1
0.8 1 0.45 0.5 -0.1 0.55 0.4 0.6 -0.4 -0.2
0.45 0.45 1 0.1 -0.3 0.6 0.3 0.4 0 -0.3
0.2 0.5 0.1 1 -0.5 0.35 0.1 0.1 -0.5 -0.45
-0.3 -0.1 -0.3 -0.5 1 -0.4 -0.3 -0.1 0.2 0.2
0.7 0.55 0.6 0.35 -0.4 1 0.8 0.45 -0.2 -0.45
0.75 0.4 0.3 0.1 -0.3 0.8 1 0.45 -0.1 -0.3
0.5 0.6 0.4 0.1 -0.1 0.45 0.45 1 0.1 -0.2
-0.3 -0.4 0 -0.5 0.2 -0.2 -0.1 0.1 1 0.4
-0.1 -0.2 -0.3 -0.45 0.2 -0.45 -0.3 -0.2 0.4 1
X:
63,6,34,6,1,93,5.33791229158957,0.330065595674071,0.505222417181358,2.44467666463945
31,3,32,3,1,35,3.93178819242257,0.0234840305056423,0.410503012128174,5.15625521627792
24,3,32,3,1,39,3.73788035831059,0.0458366217790172,0.277878824388608,3.43268020855316
37,3,29,4,1,49,4.87998171769049,0.0558584163663909,0.897027803119272,4.36411826521034
35,3,24,1,2,15,3.11944314019434,0.119695977159271,0.476023632101715,11.7493562790799
29,3,32,4,1,44,5.9625054842432,0.0590720943873748,0.870317054446787,3.2063578948011
22,3,30,3,6,19,2.5555141105789,0.0177300865396574,0.729962394339964,8.33332181686306
55,6,28,3,5,14,2.01831944244976,0.0441335847135633,0.565051852259785,12.5535658335878
18,2,32,4,1,77,4.53058844001164,0.0347220038529485,0.618084302637726,3.3354974882292
0,1,24,1,6,6,2.3753999762312,0.0347845487438449,0.830166742904112,5.81533782585788
36,3,27,1,9,43,6.83159901798436,0.211953814506323,0.993727626511827,10.4157250758859
88,8,27,3,9,32,7.38126249192883,0.340753217450085,0.279624531278387,3.47639937082448
30,5,31,5,1,62,1.96308374455041,0.199697060732845,0.80185750965029,4.3632904795562
45,5,29,3,3,36,2.15999125217423,0.441294896395362,0.467427417170256,5.91789647332693
43,4,33,3,4,38,5.84098002428087,0.112288748146966,0.618057433515787,2.99844042423551
41,4,24,2,4,3,1.12836424169667,0.0796668719778355,0.335331453941762,10.5626686447915
96,6,33,3,1,79,8.88660054771358,0.329385880370367,0.829073502449319,10.1131459612463
14,4,35,5,1,17,-0.45895201918497,0.0430687053193079,0.821504967985675,7.35711860116165
40,3,35,2,1,42,5.61501986966898,0.516694919185197,0.902798724826425,7.60340389710919
23,4,27,4,4,33,3.03876601225501,0.143670327728614,0.82604813342914,8.27215460418871
12,2,25,3,4,43,4.63941708760686,0.047677205008758,0.96934820828028,5.67475012304439
31,4,23,5,1,41,6.35154312373715,0.283128497180271,0.294289644341916,1.32549859383503
58,4,32,4,1,48,6.75785691669371,0.140116064809263,0.841282365843654,5.98739165300066
66,4,31,5,1,71,9.64328095438652,0.0363002449739724,0.321042347466573,3.53405646239092
89,6,26,3,3,85,12.005374707619,0.984685340378076,0.941597358323634,5.0418967278213
6,3,28,3,3,29,3.68610004833034,0.617731019357377,0.992746191332117,4.84338452044398
94,6,28,4,1,91,11.2930061241888,0.855539521160436,0.771420964505523,3.19866988515066
74,9,32,4,5,37,5.86344712729449,0.89619015664199,0.655305224005133,4.92415093476403
65,5,33,3,1,58,6.55190312962864,0.477647291941053,0.331155673135072,4.18251041295282
21,3,34,2,3,44,2.11471230369312,0.276213326841224,0.881837309803814,4.9715804066402
39,4,24,4,1,20,3.77520813210276,0.163003465626389,0.370857063448057,7.77051116816921
32,5,34,4,3,74,4.19718069177594,0.0398374834263556,0.299909974914044,3.8367384629575
48,3,36,3,1,89,6.61179672429955,0.0177477871035508,0.207908528391272,2.68822416290761
84,9,30,5,2,72,6.96194771183209,0.485177832634604,0.22089571133256,7.05047769211135
44,7,26,3,6,3,0.0165442681473769,0.407949701115466,0.345688821282238,5.68264152551271
50,4,34,2,1,51,5.56702002990797,0.206445931679311,0.961863439762965,9.98719409191595
99,6,32,4,1,86,11.8935437508362,0.823596205520344,0.522822734666988,2.75590808178624
30,5,31,5,2,62,3.63227540582098,0.302150320251215,0.829861992504448,7.83029891303184
4,3,27,4,7,40,2.62960654875842,0.072812877362594,0.9342855096329,4.29421820890233
33,5,30,5,1,77,4.30853840956081,0.091755818692036,0.695950059453025,4.32630533933877
12,2,27,3,2,25,2.55049333472103,0.146338157355785,0.545480504631996,2.18954860699149
71,5,37,5,1,82,7.03925310555194,0.254104488984424,0.669943265849724,4.80111718771299
59,4,36,3,1,83,6.59397063473124,0.113032538443804,0.715208811452612,4.15446049432831
54,4,32,2,2,25,3.52074639604548,0.0547521578465614,0.345294330501929,7.86892594584502
42,2,31,3,1,31,6.13257917169666,0.10185150085557,0.448785439133644,2.64375105221277
57,6,30,6,1,67,6.40411162080465,0.444478869417167,0.842590092681348,3.04279549529919
33,4,31,2,3,26,4.20388579096732,0.237990924845192,0.956301999744028,9.84974616068496
87,9,28,4,6,51,7.65262513048354,1.0273822149668,0.262251738226041,2.17212915585406
33,3,30,4,1,39,3.49925504917042,0.00481162668598706,0.45798160484992,3.11518203491814
42,5,28,5,1,76,7.35275821104106,0.457585472592568,0.142871497897431,3.44354053717018
48,4,33,5,1,95,6.85099885127069,0.048767612199299,0.886919307755306,2.89971388040719
63,7,33,4,4,38,3.80829334403078,0.382196566534644,0.289152288110927,5.15023524489511
19,5,24,5,1,19,-0.0315572189592093,0.233203809882974,0.283996193902567,9.00423955039682
53,5,31,4,2,49,4.99790537668187,0.0125340667513677,0.568816178943962,6.50038612737372
56,3,23,2,1,14,6.49325443104573,0.318545464415777,0.722653814358637,6.41812378439794
45,4,28,5,1,50,4.4143442126302,0.126874595764093,0.0152574735693634,4.61555912816441
92,6,30,4,2,83,9.95012159427059,0.490405797006047,0.495894673047587,2.70154546128692
12,2,30,4,1,27,1.81233192712169,0.00116830080301269,0.730047146091238,5.28618974824223
57,6,29,5,1,51,5.70734768329045,0.634530942942644,0.6432818940375,7.23720284460014
26,4,26,6,1,31,4.20159612113106,0.0258140884106979,0.365772809134796,6.31040808131693
56,7,26,3,13,22,3.19506135152235,0.0739504332887009,0.0989669903647155,5.15479823524509
75,6,32,4,1,62,5.70773869065101,0.171009608078748,0.580130180576816,5.22796516128025
23,4,35,3,1,35,2.12098714025329,0.711761951017794,0.944478618446738,5.52505640859749
1,3,28,3,3,17,2.32064379435307,0.318893232174037,0.626545409206301,2.450637455924
17,3,23,5,3,32,4.55098364676509,0.0536977689035838,0.312897618394345,2.68973102183383
20,4,27,5,2,49,4.2973029317576,0.126996129285544,0.762571286642924,3.1298707027651
61,7,36,7,1,70,3.41092848887876,0.392443904166526,0.0665152862202376,1.84254863628789
95,6,34,2,1,80,8.25465090812152,0.143916554865427,0.414861315861344,3.63738450400135
22,2,28,1,1,16,4.52867530534082,0.193370505225587,0.735694409580901,4.50083008592807
66,4,28,3,1,26,5.06439944649416,0.0791599880636025,0.256439780583605,5.89386101932947
66,7,39,3,1,51,1.23251617285859,0.564186807442846,0.944788557477295,7.93643549059826
77,7,36,5,1,86,7.55994016447725,0.440437322637737,0.104034313699231,3.19044348270452
99,8,40,3,1,47,3.72036161124222,0.41834169667404,0.402356806676835,6.12489945586015
93,5,33,5,1,99,13.3703398791867,0.57678152012282,0.767817893065512,3.81920350057609
9,2,20,3,1,3,2.73717549698315,0.0925718564540148,0.528343614656478,3.8596865855588
93,6,37,5,1,90,9.0032014679299,0.0597653283039108,0.283463074825704,1.93370601796552
96,6,31,3,1,77,9.01611934123423,0.092360013183787,0.0511778017971665,4.11417940323092
98,8,36,6,1,99,8.2749212751058,0.108748620375991,0.180769735947251,1.66537482107056
59,5,33,5,1,92,8.11167685967655,0.464180416872209,0.18992598936893,2.13010472490897
15,2,23,4,1,15,2.76230474746759,0.000918103498406708,0.137631970224902,5.35683986926133
22,2,30,2,1,44,5.45577719447846,0.223416198034513,0.989050487289205,9.3623106758155
38,5,35,4,1,82,4.65969242362733,0.521879695790047,0.338897453388199,1.72628880969025
6,4,31,3,4,0,-2.19524630728593,0.215591257660392,0.784355849260464,4.37174657355671
72,8,41,3,6,56,3.47015137961944,0.129558912012726,0.236873071175069,4.78141003225816
58,5,29,5,1,30,5.13483898393543,0.160347136086784,0.160407706396654,2.00229909872216
35,6,35,4,2,45,2.06089875020072,0.684068475352758,0.965949499979615,6.28033331907095
68,4,31,2,2,78,9.50895982783299,0.620295986035997,0.866100640501827,4.30997652990647
41,5,30,4,1,30,1.92833918724754,0.2944999942451,0.697221786016598,5.93656395068183
76,4,37,4,1,99,14.5904093437679,0.367789158110923,0.877473773900419,4.29139269600564
42,3,24,4,1,46,5.44425141837803,0.0128319839714095,0.517786598065868,8.53378275725857
56,3,24,2,1,13,4.54367500318805,0.145133139682002,0.676500440109521,6.21635120508602
74,6,34,5,1,96,7.12792360178129,0.291922542954537,0.368535078363493,3.0256245821718
88,8,37,7,1,98,9.38940774811755,0.34372814115018,0.203084173379466,2.66428864420002
80,6,26,5,1,79,7.49919332918367,0.272642164713445,0.628680517664179,5.68437869933963
36,4,26,4,1,49,6.95608895119472,0.366848194019353,0.191016759956256,3.13908823577676
43,4,24,4,1,19,5.02805552952782,0.190458616696972,0.581206830451265,4.95949246350908
87,9,32,4,3,70,4.61069547083878,0.150012219906785,0.549375453032553,9.34898483520585
88,7,38,2,3,86,6.13103960250876,0.217114561630005,0.578257508808747,7.29655155954301
91,9,29,6,1,49,4.96301018769798,0.0748090881163187,0.00656653381884098,3.44336259473846
82,5,29,5,1,93,11.8651424844038,0.333309947735372,0.24046522541903,3.84364354755116
86,6,30,3,1,69,6.88416070338875,0.0478329968173057,0.0410691904835403,4.22233167098466
9,1,26,0,3,0,1.01335756216761,0.0866822666721418,0.746991171035916,4.50732061211727
58,7,33,6,1,96,6.4219233291965,0.227221275083652,0.0340850029606372,2.3262819457851
27,5,32,3,10,32,4.49670722397694,0.372155240496218,0.979077367344871,3.8841099164104
54,6,27,6,1,47,4.70140632883606,0.0278636520659344,0.293016412528232,4.83454625518122
17,4,28,4,2,47,3.13854475464796,0.229525983323085,0.694605054799467,7.11058386306096
6,3,21,2,6,7,2.16293893249856,0.423129505456841,0.901760997250676,11.6679608582974
89,6,33,3,1,94,10.7439808324288,0.826115123885584,0.312752227997407,2.19139484117756
52,5,30,5,1,21,4.35628533930495,0.259463211783331,0.469752649310976,4.95305708580759
93,8,38,3,1,60,4.49055065445531,0.449358345230957,0.366020278539509,5.2050612577635
98,6,44,5,1,97,8.98530070746554,0.213515078769734,0.191269364673644,3.71309994256467
62,4,27,1,5,76,9.70316615645845,0.172293397248723,0.615127714117989,4.65140303858796
47,4,33,3,2,40,5.16569220038825,0.0778340859105811,0.938333984697238,4.96945747306075
58,6,33,6,1,69,3.54783366574623,0.0713515464449301,0.0160918952897191,2.76315338290914
90,6,33,4,1,97,8.40647397176655,0.122455924516544,0.585413343273103,4.11276482930918
0,3,24,3,9,22,3.16490464125557,0.475462824550873,0.991022734437138,3.97946999743947
64,6,25,3,2,24,5.51250199237217,0.476731013951308,0.180358656682074,5.04145098308135
73,5,25,4,1,58,7.24388039164389,0.353946042619809,0.561959626618773,9.90219943898521
20,4,23,5,5,44,3.25262587016491,0.117972030653618,0.617610382847488,4.70665007365245
76,7,33,6,1,98,8.90604103666323,0.331081141241568,0.270783649059013,1.17510191417866
47,4,34,2,3,70,8.23632050813971,0.275719122950661,0.720372897107154,3.40876189090061
74,6,29,5,2,67,8.03373291245897,0.0977762410184368,0.603459534235299,4.431099722257
1,0,23,1,3,6,3.31700100865639,0.0572912242827588,0.915345669258386,11.0812381642754
76,5,26,4,1,37,5.69888307050919,0.00748614175245166,0.126694152131677,6.028944791204
97,12,46,4,3,99,9.71259434201087,1.48121144986692,0.761322997277603,3.82610002593425
71,7,27,4,1,13,2.08581294443136,0.0683293085312471,0.288072656141594,9.1231174367817
48,6,32,4,9,73,4.68563749598513,0.361225731649852,0.653687961399555,5.40616960469034
58,6,33,6,1,95,7.65262063500516,0.267607406469736,0.225165492622182,2.63653657967153
38,5,28,3,4,12,1.45597315445008,0.0548829401377589,0.590880520176142,12.0075899925994
87,7,29,6,1,89,10.1655372494258,0.93964992970565,0.269383320817724,2.91521980242433
62,6,30,5,1,71,4.62353028636804,0.0441891291782492,0.52717507421039,5.72440577460237
25,2,32,4,1,29,1.97359772577085,0.0012343742095146,0.87050134409219,6.76567949861569
16,4,25,5,1,18,0.400303484992437,0.175981688768345,0.114131330978125,2.78051757381515
39,4,30,5,1,59,5.97217810757141,0.0484239847928528,0.853219366632402,4.51860621009649
30,6,24,6,2,4,0.968604599793639,0.0788385421037674,0.446079862071201,4.97123441103005
21,3,21,4,1,4,0.959757394973069,0.0369964424753562,0.3845930097159,10.9676952545042
16,3,30,5,1,59,4.57903562060689,0.101604865049012,0.710490924306214,1.20427980099503
26,2,28,3,2,45,3.7623989335715,0.0273444172926247,0.954151426441967,7.73801916338918
5,3,31,4,2,37,1.79344105406702,0.278220339900556,0.659506163327023,1.49471525627332
65,6,29,4,1,28,4.35941861548807,0.0926929749548435,0.500385549385101,8.53251249418066
64,5,33,1,3,65,5.28765906990303,0.1549033181509,0.447646917076781,4.89080730713416
78,10,39,5,1,87,3.97242024180393,0.50471079207719,0.379214469343424,5.60855644095484
84,10,36,5,1,73,6.20381198648634,0.742039842489076,0.260201656725258,2.43552680565211
55,4,35,3,1,37,2.46070848174893,0.0944963373476639,0.837107622763142,7.74739759705978
88,8,33,3,3,52,6.28989093716081,0.295006264714785,0.723906955681741,8.97395940898769
18,2,26,2,3,13,5.2997846615341,0.0804377845488489,0.780533401528373,4.00005344537637
85,10,31,4,2,48,4.00222641922433,0.510256498099721,0.29410548065789,6.07545373080747
75,5,30,4,1,74,7.23899662158396,0.227568450054619,0.254561756970361,1.75763642561963
56,6,32,3,6,83,6.88924407578906,0.431169319411224,0.752797985915095,3.46670690015405
45,6,31,4,2,77,5.77649666964582,0.479700128526843,0.560643271077424,4.33928554647482
87,10,45,7,1,85,6.82389561584714,0.826705655041051,0.214565696660429,3.19378364163844
16,2,32,3,1,48,4.08258011671091,0.141636824817397,0.333299936028197,2.81872808461867
85,10,35,4,1,51,6.04482192170102,1.24958526249069,0.138824715744704,3.40820235686165
60,8,36,6,3,75,3.52721721815042,0.0662843368700288,0.0815251660533249,1.37812629300464
24,5,25,4,7,6,2.2858000619976,0.0842689063865776,0.289779027923942,6.75561792711916
71,4,33,3,1,58,6.98002779740574,0.1942266287976,0.933060974581167,7.85503592611996
9,3,31,3,3,14,-0.872041517289922,0.0427856197572297,0.626576733542606,3.39259686110617
32,5,32,6,1,34,3.07187177818977,0.35520251279459,0.376560303382576,3.83133189175325
3,2,31,3,1,10,1.99381965751792,0.304080671154636,0.90392468450591,3.64709532107908
39,4,31,4,1,59,6.32610923362477,0.201576866897497,0.901421295246109,2.1414816280912
75,5,32,3,1,75,5.39844299599022,0.177518997610671,0.348478298867121,7.2060822085962
31,3,32,3,2,59,5.18384458686435,0.212117885461751,0.694976703729481,2.32589219297184
2,1,22,1,5,2,1.49336999798584,0.150552882696502,0.998197702690959,10.0201393394349
4,2,29,2,8,5,0.0486244669435134,0.0049330453710094,0.957137780962512,5.22512442638765
16,3,30,4,2,32,2.25358810174293,0.0113296825438738,0.776597403688356,4.20226022655568
99,7,31,3,5,89,10.7970329218695,0.530655830601388,0.440303651150316,7.27629173244558
73,5,34,5,1,71,7.99410178072382,0.321711070592257,0.332402008585632,2.64344478590592
95,9,37,5,1,80,4.9932370179595,0.346463385027576,0.0919501504395157,6.80758110769697
35,5,33,4,1,22,1.48735052332458,0.170044640777633,0.721476553240791,9.63064726823291
6,2,17,5,1,4,0.989811702391973,0.000869863648876658,0.140083470148966,4.81719140040642
99,7,33,5,1,68,6.48023656867606,0.146974305427136,0.575390840880573,5.25325884033431
30,5,30,4,2,24,1.06224844583142,0.0355320876872331,0.0850674249231815,3.54661418892019
63,7,37,5,1,74,3.72785791447051,0.137791246408597,0.734117656480521,4.3564239589803
98,10,31,7,1,88,7.32842530398481,0.10176664008759,0.112480271141976,2.21456627112446
10,1,25,1,3,24,4.0776078679819,0.0547989785602363,0.524040108779445,5.39043729448602
67,5,28,4,1,77,6.69838774665958,0.0606072755763307,0.0214865759480745,3.55191227016615
59,7,27,4,2,33,3.78005272375668,0.602052486935789,0.721251531504095,15.3641945535428
52,3,30,2,3,47,5.28248507363944,0.0154491113498807,0.346628518775105,3.60338273590155
8,3,32,3,4,47,4.29852580890695,0.55442750248557,0.865582904079929,1.78242733423145
6,4,22,7,1,5,-2.11929168841696,0.0577835362602371,0.309689560206607,3.93652902777155
81,9,28,4,8,69,8.85313694977301,0.556984597381471,0.381692792056128,4.22364703936442
13,4,29,4,4,13,0.76306957827056,0.0370142826577649,0.19460856821388,3.31028502166411
24,5,33,5,1,44,0.559363848308932,0.115424720510165,0.195028006797656,2.54475397941886
23,3,24,4,1,17,1.09478536030506,0.00648991938214749,0.523381951963529,11.2279310306533
5,3,32,2,7,5,-0.247647524445941,0.0784659114286976,0.429669277975336,4.30895898304998
76,9,31,6,1,58,4.60591403111842,0.128594562760554,0.139614862622693,2.30709779685394
63,6,37,2,3,73,4.79480917573639,0.418920974226153,0.635879703098908,3.28230285087811
68,6,30,5,1,46,4.76547585470005,0.298719983071762,0.521927610039711,8.94052261164281
75,9,35,7,1,99,6.90035849749528,0.283422525961626,0.248020481783897,2.79958479776252
0,2,33,3,2,12,1.2148203789281,0.183748049620732,0.985599376726896,3.97584057316547
87,6,34,5,1,84,7.90956250635672,0.0204031901666895,0.0283344234339893,2.7279037315147
73,7,37,4,1,81,3.7131921430327,0.559738758454257,0.164455219637603,3.12870225699084
65,7,37,6,1,66,4.02274345618873,0.0626175224315375,0.286186263430864,3.2213399162652
4,1,26,0,9,11,4.47950935836574,0.069891595787322,0.997915985994041,7.83235124200332
17,5,32,6,1,67,1.25336087527691,0.0180362794781104,0.0732003003358841,3.54367909988677
53,3,30,2,1,26,5.3903626560878,0.151620477307164,0.953558100620285,8.62371172365233
98,7,33,5,1,97,8.19084662729882,0.363686552250242,0.387973093194887,2.66723823195419
8,1,31,4,1,26,3.69746141727253,0.0262021729722619,0.421582958428189,4.34065947374852
24,5,27,6,2,64,3.99537390431498,0.0227170760044828,0.0744945576880127,1.9485040487639
11,4,31,6,1,27,1.09149852210826,0.0123862170148641,0.436508943093941,4.13938505691944
3,4,23,6,1,22,0.327382857439094,0.0587346305837855,0.190351889934391,5.576704742337
32,3,21,5,1,20,6.15503584199836,0.0382471720806311,0.308927739970386,2.47285770587667
85,5,36,4,1,87,9.80153807032796,0.329345120106566,0.677488582441583,2.27610803979401
41,4,28,6,1,76,6.80190586469105,0.115218391617289,0.0796604696661234,2.55623421018281
87,8,34,5,1,88,7.62699877773808,0.150417962344363,0.574712631991133,3.64925358603527
18,3,31,4,1,51,1.47614334152743,0.043476278601802,0.225443849340081,3.06716471169289
78,7,27,6,1,75,9.32122446011975,0.595636222014362,0.281719167716801,4.12775432321155
11,5,27,7,1,53,2.36431035369692,0.143877345753274,0.231701525161043,3.25498357447529
26,4,31,4,1,55,4.27109730171356,0.7785520851192,0.882804367691278,1.97988168099621
34,6,29,7,1,76,6.36919247995313,0.286901172007176,0.149407742079347,1.45426694249693
57,5,29,5,1,71,6.25783739052686,0.489719342419362,0.771185527555645,5.42106511098289
4,4,23,3,6,0,-3.04305624248335,0.0517211258411407,0.892154127592221,16.5810279060017
18,2,21,4,1,34,6.11514535695993,0.141477761764969,0.728348939213902,4.09938843454444
98,11,30,4,3,78,6.88467430303671,1.32360331287705,0.221063157776371,6.17036939520396
44,3,33,1,1,22,5.43590574311507,0.398825307821339,0.934920219006017,6.07499973087666
43,3,35,4,1,95,6.14603950795917,0.0400021231528062,0.565057825762779,4.30350104247809
59,5,37,3,1,94,9.26863377208397,0.660781864511007,0.933827918721363,2.13830033905059
91,9,29,3,2,35,4.02733579372773,0.60442416599595,0.0758237564004958,4.71796151108815
23,5,30,6,1,19,0.615143370008926,0.324026747685789,0.401682499563321,7.14787366670605
7,1,27,4,1,44,6.13591344660656,0.0361113569317206,0.712238444015384,2.76867263270374
77,5,25,3,1,73,9.00965935234728,0.480227749308056,0.0553828177507967,4.62064786619328
83,6,29,3,5,82,11.6911838406605,0.73903703228196,0.676128477556631,3.41773007456357
46,7,37,4,2,25,2.64090160597471,0.611588789584273,0.735256281448528,3.55885314826639
99,7,37,4,1,91,9.05029372938626,0.509068398249751,0.378211801638827,3.40500147240739
95,12,33,6,1,74,7.9521071340546,1.19350877118515,0.461824144469574,3.88158899668804
25,5,32,5,1,22,0.199869878518356,0.0231658491636252,0.412573496345431,4.62746295158465
65,8,30,4,8,77,7.05474738398791,1.12317882937597,0.214545431546867,2.0707580365825
27,4,25,5,2,22,4.67726156349343,0.290800020553845,0.284328054869547,1.87911314438092
8,2,26,1,8,21,3.90936617491186,0.0530311830807477,0.927001460688189,8.68600381801603
1,3,24,3,7,0,-2.34524995434314,0.0665348112815991,0.378990476252511,3.90418915429484
52,4,32,2,2,55,3.59468529141536,0.130114366766065,0.710324269486591,10.0268346247212
1,0,23,3,1,41,5.16835614212158,0.0565264467149973,0.816125586628914,5.87160133163945
61,6,25,4,1,27,5.36003933221047,0.404085529947138,0.0977405714802444,5.7945988835342
62,7,39,4,3,76,4.79927915108922,0.422275308498597,0.895871056243777,3.65151350304447
80,9,31,6,1,93,7.62199376034697,0.749751707496953,0.0267809275537729,1.84302442215328
92,7,35,3,3,88,7.94798949659879,0.537473029891187,0.70360111980699,3.43731822983654
48,5,33,3,2,83,7.07933560647466,0.397759662454432,0.632301090285182,4.95169576090021
54,4,28,4,1,85,7.73687984045848,0.0268218921264634,0.15679679135792,4.71399907103833
55,5,27,4,1,80,6.11973282961861,0.0470727146979345,0.0509610651060939,3.43949042983674
94,9,32,7,1,80,6.1835766163948,0.279532199249345,0.0370323846582323,5.7713243808423
53,5,27,6,1,37,3.69513017271582,0.116264116679039,0.244233778910711,3.65109405920079
99,8,29,6,1,97,9.12433826452862,0.0992063238518313,0.472385929198936,5.53293463539975
78,6,42,5,1,88,8.46506473532429,0.2006876598113,0.603613869054243,2.40621727000505
8,5,27,5,7,17,0.662222024690909,0.06357769090175,0.640227705938742,4.42151207461217
5,1,27,3,1,15,2.60178420735003,0.00119064508491347,0.423350861761719,3.94888933581494
77,4,36,2,1,86,7.87283562561476,0.0706279559325913,0.573257436975837,6.98118234434554
53,4,24,3,1,9,2.45939824869109,0.100667300634086,0.375320519320667,4.98529744264338
67,5,34,3,1,81,5.10322591083128,0.394978501347309,0.883491600165144,5.62703299734191
26,4,34,4,1,8,-0.197165834203833,0.231559442345727,0.353433382930234,3.13134342740185
28,2,24,4,1,17,2.89778232910745,0.00283500231055074,0.549794328864664,5.17062616811572
53,4,36,3,1,93,10.0802663531926,0.241270058777857,0.779111177427694,3.61351237430582
54,6,31,6,1,67,4.21165484671786,0.159610183211043,0.348390746163204,3.9600407503027
56,5,36,5,1,84,5.66415885048738,0.161918558413163,0.185808706795797,2.68686893838824
77,7,32,3,1,45,3.26095210524141,0.195769411734048,0.612035862868652,16.5114786039354
14,2,22,2,1,2,2.57920730853742,0.0729740440146998,0.483987817540765,8.18244519543731
15,4,31,6,1,75,2.07225576463703,0.0864779489347711,0.718371734721586,2.58374942916721
35,3,34,2,4,70,5.89448519923735,0.0784089805092663,0.674136188579723,3.05615978966136
3,2,26,4,1,5,1.17974221675535,0.0304840854369104,0.6664779484272,7.64518342302061
49,5,30,3,1,15,3.07161978656462,0.449025368709416,0.878367063822225,9.15617476702483
37,4,35,3,1,48,4.39762680611317,0.0553273849654943,0.920586100546643,4.57188488010451
72,6,31,4,1,67,5.86608036018462,0.144837209722027,0.147928667487577,4.49175062298918
56,7,27,4,10,31,4.18956424839888,0.242749718705866,0.673898492008448,10.0069081136572
68,8,39,7,1,98,8.81129081011971,0.969742556515724,0.127061084378511,1.03250690285475
25,5,31,5,1,70,5.80046120831902,0.660280063251191,0.446208970621228,2.13926692988101
4,0,16,2,1,0,-0.333402288487022,0.0176287444628495,0.939462353242561,10.6157294585049
33,2,32,2,2,57,4.73313221958682,0.0490308720071254,0.648385058855638,2.5465210807894
82,7,38,4,1,78,4.79714812949712,0.153672504704446,0.241151004564017,2.02723649815759
53,5,31,3,4,21,1.64707526962535,0.0713720475323498,0.541105048265308,5.64787502693342
69,8,28,5,1,10,4.13176507130784,0.824290724429202,0.187769352924079,3.00728798626814
64,6,27,5,1,35,4.64510097803174,0.137330692843534,0.532050715060905,8.78585065736026
66,5,30,4,1,70,6.41335815671976,0.00613993374544789,0.00553290639072657,4.1851116873519
15,2,23,4,1,40,4.47440267855305,0.000838555744849145,0.461323784664273,4.12557988483482
40,6,27,4,4,31,4.08532663978937,0.297249404919437,0.122744224965572,5.1305171843834
24,5,32,4,3,63,2.97226168004919,0.0862875229213387,0.751005691476166,7.47239215127373
13,4,35,3,2,30,-0.143113333867181,0.618229565644795,0.635785881429911,4.27713206952084
11,3,33,2,3,19,2.54692991398757,0.341723207606676,0.998101868433878,4.26289717365037
78,5,30,2,1,83,11.2920551503472,0.639314705464649,0.482582122320309,2.85562833740366
57,3,31,3,1,86,8.27394802854595,0.138008221401833,0.622311968589202,3.98788360410953
23,5,28,3,7,15,2.01489435281364,0.353639936609238,0.723816277226433,7.97404721542796
91,6,32,5,1,98,8.73137666867899,0.299466441840607,0.388056495692581,2.39707797951309
57,7,31,6,1,83,6.02318349023294,0.671244333001012,0.408634452149272,2.04346311274293
3,2,23,2,4,0,-1.74860929963862,0.155790980090387,0.975306259701028,11.8976936490263
66,8,37,4,3,87,6.15188017415503,0.60430388289147,0.754087045788765,4.42439597164917
20,5,27,6,1,16,-1.51286957261724,0.0485979642253369,0.33111622557044,5.75027092685932
48,5,33,4,2,56,3.93668606851802,0.0310006152139977,0.347682697698474,5.86740176775481
77,4,31,2,1,68,7.50898943092312,0.45596054473654,0.433360402006656,6.81363399670953
67,8,35,4,1,24,3.25004030102379,0.99945103511551,0.59520795289427,5.67940194266718
85,6,30,5,1,97,8.96703434320845,0.0946251208745997,0.403913410846144,6.15446832034442
89,6,31,4,1,50,5.36612997403729,0.0303314030170441,0.179312634048983,9.75731690134758
8,3,29,4,2,9,0.593692276600092,0.307311865956265,0.746595008764416,3.77486341408334
9,3,30,4,5,23,2.39584340972703,0.0407633107388392,0.861483841668814,4.06600078807041
57,6,25,6,3,38,7.04696819288426,0.270981225640255,0.613159008556977,3.61666400311445
18,3,24,4,1,46,4.04346141728508,0.0875677061267197,0.743118144571781,8.58715895457875
24,2,27,3,1,20,4.6956724430368,0.117657856317237,0.799165911739692,4.49250246651087
45,5,30,6,1,22,3.49413591925341,0.225677501865405,0.333411843748763,3.03224595320039
57,6,28,6,1,78,6.03471157861001,0.152110115846446,0.779359188862145,4.22461863832295
46,4,36,5,1,80,7.5641673484981,0.116314343758859,0.671872493578121,3.6526933709761
19,2,28,1,2,17,1.49391548311658,0.0240239648062988,0.842612774576992,10.7096169627341
3,3,24,3,6,7,0.341833940884798,0.174459768670123,0.848025832790881,6.38528518253375
34,5,30,5,2,62,2.2138276264557,0.132552330731414,0.255355143221095,1.95007825299481
76,6,27,6,1,65,5.7960741157112,0.0335332620581536,0.0334841446019709,6.665703874313
8,3,27,5,1,9,0.192195258389543,0.00998683051688867,0.835536446888,5.23060109811602
51,4,30,3,2,77,6.25742954594862,0.271690807993266,0.831164261093363,4.82278336814384
52,4,28,5,1,83,9.90028758302447,0.10738871328067,0.438551182858646,3.61655706032105
61,6,35,3,2,57,4.10036856698158,0.378715051782733,0.354535939404741,3.18143523713
70,5,30,5,1,58,6.33985433332129,0.01843270775126,0.542110068025067,3.95328042791112
89,6,31,3,1,37,7.99529096416655,0.543238373907441,0.825548658613116,7.16375808827635
54,5,30,4,1,69,6.18116420225392,0.111930103506893,0.383356482954696,2.33182591751913
36,3,28,2,7,65,6.15049781919321,0.151345421676524,0.580463912105188,6.16251543825186
27,3,30,3,3,58,3.48262393002585,0.0154391711850933,0.818052255781367,7.70943181311726
0,1,30,2,2,18,2.35907556658588,0.0383801487041637,0.96792258345522,4.0489985083496
51,7,39,5,1,80,4.28120886321499,1.09337129903244,0.952963975723833,3.718748704085
81,9,30,6,1,88,8.9798794056738,0.760961847485348,0.0311961022671312,2.20772477849758
8,2,31,4,1,29,4.27154329027867,0.00923161674290895,0.600051695713773,3.13349740324225
2,2,26,3,9,13,0.982298155981175,0.00897843768630846,0.831557902274653,5.92365073879187
75,6,31,4,1,68,6.70254553130422,0.502000711837268,0.102799135958776,4.40118836553791
94,8,32,4,1,56,6.48327685064966,0.128922928241082,0.268416237086058,7.26965001522394
62,4,31,3,1,68,5.16477280081683,0.181751047127866,0.925129915587604,7.43603029061128
33,3,31,3,1,71,5.82858125823515,0.0294707083289206,0.294004478724673,3.1852803716628
11,2,32,1,5,31,4.00265416501145,0.327464808932248,0.988992636790499,5.27888003422807
82,9,33,7,1,94,7.85899830646369,0.216352992562689,0.276608413551003,3.39559410964514
87,6,29,3,1,81,10.0740867653041,1.06164294940637,0.586777983698994,6.22131077378169
64,7,35,6,1,98,8.2669621978087,0.24386516282216,0.54851912194863,2.48711512097796
65,7,37,4,2,97,7.6993538923438,0.500524464973664,0.363145834533498,3.93090154336425
98,6,30,2,1,81,7.51026455826178,0.584769157195622,0.904128747293726,11.5130570408713
49,5,27,5,1,38,6.67842697086363,0.109390170267338,0.144730246160179,4.2794765313691
80,9,34,5,1,45,3.38623047446704,0.200753946545276,0.221792348194867,5.90874789520972
68,4,34,1,1,64,6.20076687351348,0.255149439432401,0.52401065081358,4.70898389807488
93,10,29,8,1,88,8.93373657636874,0.364573989413628,0.148619469255209,3.01080582092953
8,3,23,5,1,27,3.24641881658573,0.400864034714759,0.953638960840181,5.80500012302688
74,4,32,1,2,50,7.84367672680956,0.377044870031482,0.911496963351965,6.7414269479854
16,2,26,3,2,19,3.16266506048928,0.0296601670561358,0.699842882342637,4.47141161885908
11,3,33,3,3,52,4.8684373970299,0.160696441074833,0.660182834137231,3.06393241818874
76,8,29,4,4,60,4.30610414565494,0.185565701908174,0.454650024184957,8.22863396978651
29,5,26,6,1,31,1.71540578671305,0.0261590736918151,0.0699094678275287,4.31369951104739
3,1,28,4,1,10,0.756634870486492,0.00489696755539626,0.144383839797229,3.28974262363968
18,2,31,4,1,61,4.57478926665319,0.0185817300023755,0.729348685126752,6.12282628507613
54,5,36,2,1,58,5.37287881715051,0.746636817365599,0.699775767279789,4.75007099833441
14,2,25,1,1,5,2.75688073066912,0.137990765622817,0.716446375939995,7.93716154880157
95,11,33,7,1,98,9.08695816639425,0.920386706892044,0.575024063233286,2.3127345344155
12,4,22,6,1,39,1.12116473943452,0.0376842647846547,0.359138996805996,6.70419628110404
61,8,35,4,5,55,3.27783144506067,0.255886738410893,0.436802892480046,5.96738213611302
62,5,37,5,1,97,7.00183335171571,0.0396079713273021,0.163151535671204,2.12849959476274
75,5,35,5,1,94,7.20244678637285,0.232126888110045,0.376567889703438,4.01225869413996
54,7,32,5,1,71,4.64379424576715,1.21468089187617,0.550805528182536,1.73397100467044
35,5,30,4,1,50,1.97738110210357,0.185419174352786,0.346306687686592,3.34081624484381
73,7,29,5,3,77,7.91904956571197,0.254197359540242,0.161816835636273,2.3144735015859
13,1,20,1,4,11,2.43982613704425,0.0117291588712599,0.388765695272014,5.94882633375611
18,4,22,4,2,2,1.67487175636425,0.164627821184695,0.32003810396418,3.08361563380267
78,6,31,3,1,46,7.25266428073,1.11838955891536,0.715918980073184,4.51086394457807
3,3,27,3,2,1,-0.78877037894453,0.0464240072760731,0.441519785905257,7.03164958913185
20,2,25,2,7,7,4.46067350777269,0.0233879642607992,0.503812150796875,2.92906352098889
25,3,27,2,2,5,0.451674626617232,0.0458792695675832,0.89952064701356,12.6090123790854
0,2,32,3,1,17,-0.182889459221791,0.0651614124171949,0.848505516536534,5.11640674130274
95,7,29,4,2,87,11.0839478587082,0.844112870913006,0.346671427134424,2.10219942636583
33,6,24,7,2,76,4.29665351049774,0.0738034155219793,0.534137501846999,4.12852244475762
96,11,36,4,3,91,7.28851878217847,0.537569922006545,0.131332257995382,2.57721613696202
8,5,33,5,4,71,3.35693122607666,0.188284600448106,0.841225043404847,3.89992037731159
2,0,31,3,1,13,-0.646340463374044,0.00391715799923986,0.852760261390358,8.88634711172811
25,5,25,7,1,14,0.170235832863486,0.0365608572634631,0.630404407856986,7.11578011481304
94,5,32,4,1,67,9.78720856716988,0.339615014138374,0.749531711917371,6.47664108134675
20,3,21,2,5,1,2.605200187785,0.14942225755658,0.656723698368296,5.26020038219231
30,3,31,2,1,8,3.69447568145847,0.281675870752636,0.646252609556541,8.05045113645336
56,3,24,3,1,31,6.0790318431632,0.0358408651590228,0.889652816578746,9.3320554574932
79,9,29,7,1,81,7.69972135283278,0.698103096294117,0.51953478786163,3.3487027196506
68,9,28,8,1,47,4.06902878294968,0.311527859409082,0.195067606633529,6.27329074094809
2,4,34,5,1,55,2.74600335779398,0.739565094890905,0.541595570044592,1.4337383116801
93,10,29,6,1,59,4.05956016720065,0.163081547361799,0.00179652334190905,4.99311886667018
80,8,41,5,1,70,6.19674666230124,0.187368998293507,0.488237033132464,6.6946275764302
30,3,35,4,1,47,3.12890112725971,0.0291560382139574,0.641883255913854,3.75808744488372
70,8,27,6,1,53,3.9786801566162,0.0501102640992031,0.0115825310349464,5.13173298606972
62,7,28,5,2,63,7.20998874168788,0.504355276913798,0.279344792477787,1.76210002817809
52,6,37,4,1,37,2.20398086378677,0.109164866269566,0.735129108885303,8.72672033379313
39,4,35,5,1,38,3.89434904303753,0.0649864015867934,0.561635120306164,4.00861573946162
46,6,37,5,1,61,5.42319781891489,0.319521618996489,0.807710405439138,4.64958415656557
71,7,34,4,1,81,6.98412305052902,1.22937276626105,0.677261274773628,4.25922250726088
18,5,31,4,2,36,1.89873578825101,0.498017429818815,0.623053251998499,4.33804736665931
95,7,37,3,2,98,8.42101146764991,0.175203171781007,0.869963420554996,5.81217915784099
24,2,32,4,1,87,8.10018103424125,0.119231562595814,0.747574085369706,2.51243870362678
41,4,30,3,1,66,4.17481822822308,0.0561081289779395,0.353933986509219,7.35151628075701
82,8,30,3,2,43,5.77139322186607,1.04518524271654,0.560279976343736,10.4414344156216
28,2,25,5,1,36,4.20413620736402,0.010797103631035,0.755731235956773,6.17936557132654
26,4,28,5,3,74,7.20582937290999,0.408600334057069,0.847188046434894,3.83379101961207
26,5,25,6,1,22,1.86027326457016,0.443733089410946,0.740799664054066,7.29348149387317
91,9,31,4,6,57,7.30581439873875,0.357167498187578,0.129603322595358,2.0519798105506
31,4,35,2,1,59,2.49797168906484,0.559436005043024,0.697340667713434,5.01101605891749
76,6,26,4,2,26,4.81496732131005,0.161588115151972,0.148206611629575,4.318863838587
40,5,35,4,1,59,1.79689963007241,0.131249880534597,0.8740513054654,5.25285653448135
38,6,31,4,3,33,3.1325518190241,0.621582989895675,0.91564248339273,5.06906985348343
83,9,29,8,1,90,6.31014040090848,0.516298398354507,0.0196588467806578,2.53347780007025
8,2,25,5,1,5,2.2075318760073,0.0450771634932607,0.885850628605112,6.7688468887121
60,6,28,6,1,64,4.02846131635348,0.183601313320257,0.238724494120106,3.11480133850615
6,4,29,3,10,26,2.27009012312917,0.465811031849539,0.584759188583121,1.61132765490102
62,6,28,3,8,66,7.74550844194094,0.749124710147167,0.134417933644727,3.81337803933787
36,5,35,3,2,42,1.70858341672346,0.251635902632899,0.261467780917883,5.01405933238181
48,5,35,3,1,50,3.82906150778032,0.665344464381985,0.613703146576881,3.76276532402728
9,3,30,4,1,39,3.62265362289873,0.268010792760321,0.990274140611291,3.71427909054577
92,10,41,4,2,90,7.01164597597989,0.862874254542303,0.421970141353086,4.53807010004601
51,3,33,4,1,61,4.58019884034205,0.0162399797421951,0.133848163764924,2.45294514397095
42,5,24,3,10,15,3.14807151498573,0.0631681705126539,0.488315569702536,3.76554504364533
68,7,33,3,1,29,2.68661315054737,0.726316861766291,0.27433364582248,3.75130162209057
16,3,30,3,4,65,3.98822044614749,0.0770768893416971,0.960365047678351,5.07792275042952
17,4,31,6,1,71,4.85165606701955,0.250075855663017,0.574075604788959,2.69841060476486
11,3,24,4,1,8,0.207182360293853,0.0132235715864226,0.636097678216174,6.89863767415549
44,6,34,5,3,41,1.72414356930344,0.108484801254235,0.821377499960363,3.67950835549481
42,3,23,2,3,37,8.03286077930563,0.192313707957356,0.743086102185771,6.16453685862332
46,4,30,4,2,32,4.01761991858149,0.0225975781213492,0.292055280180648,2.28799947898435
76,7,33,6,1,95,9.02042735283571,0.504304152892387,0.0306768617592752,2.65335194942274
37,5,28,5,1,75,7.45509992134554,0.317270830961618,0.419985679676756,2.15501270538841
39,5,31,4,3,29,2.35581304712177,0.0477238381920122,0.415164253441617,4.40490011179061
85,7,36,6,1,99,9.50616557728814,0.6165775921812,0.347821238916367,1.49746084888743
62,4,26,3,3,62,10.5349393867416,0.171502051060088,0.397424555849284,2.84817324835657
83,6,37,1,3,64,8.38495923117776,0.205797228801894,0.474990813527256,5.27127079612997
53,7,38,5,2,86,3.86351839321151,0.212694435239463,0.707697693724185,4.0356665119618
30,4,36,5,1,65,2.48547755149516,0.26402453155443,0.553508908720687,1.73389700817458
19,5,26,4,6,12,-0.520953967105222,0.134577936376445,0.632718855049461,7.31277533192585
80,5,29,2,5,68,8.8415432186504,0.134244952816516,0.622746630571783,8.99817958587512
12,2,21,3,3,19,4.0424878219981,0.00549062261507435,0.588909088866785,9.78920085139285
59,4,29,4,1,81,6.52375983230577,0.132113648927771,0.847782066557556,4.62732495708287
57,5,30,4,1,25,3.71177347319539,0.0487056906264896,0.140427947742864,3.38687048020068
29,3,31,3,1,68,5.9690175909016,0.343425568415526,0.260122107341886,3.30359081876253
81,8,31,5,2,73,8.90022798370524,0.218498191172228,0.28482352453284,4.04704749441431
71,6,39,3,1,77,7.00924218158348,0.935754345211774,0.747108773561195,6.67798400410037
7,1,29,1,2,12,0.0305851881550838,0.0529924790953623,0.979813425103202,8.54952024059514
24,5,30,4,6,26,0.925484410346658,0.0517324833199382,0.810635007219389,6.20379977627372
38,5,28,5,1,45,3.60638061516991,0.082891215919517,0.637001123512164,6.06241630360875
9,1,23,1,9,12,5.29193436198763,0.0839677781332284,0.974863717798144,5.99235074558743
78,10,36,5,3,85,6.35747160615161,0.449627952810632,0.369631411274895,2.98833803179276
14,2,31,1,6,17,1.6013313352369,0.00492643041070551,0.936624399386346,5.88877130121469
46,7,35,6,1,49,1.85557889053998,0.0876502493629232,0.260919663356617,1.94118352727645
65,6,28,5,1,32,5.45733534480259,0.29354034270041,0.0610705181024969,5.53283352691787
94,6,29,5,1,92,8.3476988492838,0.333866410179737,0.561802011681721,7.20538801901387
21,2,29,4,1,75,6.68478779234015,0.0139482511440292,0.705572545761243,3.34781005903883
76,8,32,6,1,58,4.34367167249848,0.405663650461888,0.155074870679528,3.26828765158989
6,2,28,4,1,26,4.25259558725369,0.154602499795146,0.661509675672278,3.5059280196818
8,2,19,4,1,28,4.4453040031982,0.0973061366239563,0.829230667324737,4.98315471871726
15,2,22,2,3,4,2.58694162242851,0.0613230395829305,0.512504235142842,3.94790079027541
91,7,40,5,1,86,9.45817423948293,0.413301865083581,0.495514220790938,1.94225768675215
29,3,24,3,1,3,0.382703681959415,0.0256010970159683,0.918665766716003,9.72594623220488
97,8,38,5,1,98,12.7270621663751,0.888420355919391,0.800390417454764,1.17532058847586
32,4,26,4,1,52,5.89079697488025,0.160158139653504,0.87684271694161,5.84452441712044
62,5,33,3,1,45,7.28433381076646,0.358503519348718,0.388100718613714,2.39794855885249
55,5,30,3,3,63,5.03005620349968,0.322831601825285,0.457958563929424,2.29306157719117
43,3,26,3,2,38,6.29960647205967,0.0892219736963264,0.92732825060375,5.42955455470844
22,4,26,5,2,63,5.13086394378851,0.179310012598264,0.331407804042101,3.29006194397558
19,5,34,5,2,86,3.3754197394098,0.0912384494562043,0.134310647612438,1.09001720772177
48,4,30,3,1,19,2.4791853849265,0.139355677412823,0.748662561411038,6.39738403096854
70,5,25,5,1,33,7.10378227088355,0.172184220165946,0.808993915561587,7.15466510317894
34,4,31,5,1,32,1.82370279900541,0.00613432970061761,0.275423422222957,4.92956576845718
34,3,22,2,5,12,3.83161008132519,0.21105470204607,0.836205835686997,5.97996369536067
5,4,22,4,5,2,-0.819050968421157,0.0594623427605256,0.517469963990152,3.94358164650159
31,4,33,3,2,31,4.36585289841344,0.0269921995932236,0.184801936615258,3.76184493450488
49,5,29,3,7,70,4.74867958261729,0.112930609844625,0.719130947021767,4.39973109867726
93,10,29,5,1,82,6.10561658248485,0.7718482490842,0.080974122742191,3.50535208678796
35,2,34,2,1,33,4.37797736820347,0.178951099126794,0.83975162380375,7.64394267289236
56,5,33,5,1,60,3.94473634500384,0.00546629342716187,0.0138257080689073,3.04663116312744
7,2,16,5,1,21,4.89008179593657,0.115923659177497,0.938921057386324,5.05873034282245
32,4,27,2,3,3,0.204824986361675,0.0524818609130386,0.914823934435844,15.6246416026787
20,3,27,3,3,9,1.83453316379326,0.0491818532813856,0.819529053987935,5.66444091796083
46,3,32,4,1,83,8.69645266999514,0.417898123131549,0.982955547515303,4.12214906308423
70,5,33,3,1,72,5.91166083905322,0.0228782078484073,0.455694619566202,8.19295979030526
60,6,30,5,2,91,9.00108354086055,0.324363115000281,0.894346175715327,3.55537775957927
39,6,31,7,1,89,5.91557672519191,0.140843751840293,0.0335275670513511,1.62238922770375
65,8,27,7,1,44,6.02272042688565,0.128241606173106,0.0193524919450283,2.7769740145593
69,5,33,5,1,95,10.9561428574566,0.181425148467579,0.0601541234645993,1.30656295948112
33,3,30,4,1,91,9.51309759267872,0.138098150142469,0.712172016035765,3.08229382327335
90,11,34,4,1,70,5.43782147463084,1.36732250118727,0.297383447410539,6.09106957736098
33,4,31,4,2,24,1.0035534795451,0.0182436406612396,0.0622607313562185,4.53446561444817
6,3,33,3,5,25,1.21867749507192,0.0883947646943852,0.557966903783381,5.03197253889115
7,4,30,6,2,27,1.11450480332026,0.0662679121596739,0.653244936605915,3.30839093459845
78,7,37,4,1,76,6.69147187237543,0.988965900124569,0.351450835587457,2.18037881373809
7,4,25,5,2,8,0.308936669740955,0.202225541219789,0.805992756271735,3.7496671965759
41,3,25,3,1,74,6.51474559068861,0.0219883871031925,0.257414007093757,5.14129215085685
83,7,35,3,2,95,8.5790684541007,0.513433669207102,0.532901678234339,4.0102333453799
18,2,28,2,2,5,2.82956218143494,0.346903863991083,0.911774181528017,5.07119613017721
72,9,30,4,10,30,4.35909081991295,0.370776165721423,0.413979225326329,6.43986800800499
44,5,28,6,1,41,3.1378805524151,0.0433143060654402,0.0439613426569849,2.35610405897605
48,4,34,2,2,71,6.21823673807345,0.225444369960693,0.484073757426813,2.66984182667495
37,5,28,4,1,61,3.86628630888749,0.377361061961806,0.917042683344334,5.21945035290811
13,2,22,1,2,1,0.975580343989591,0.0391002604737878,0.890857101185247,10.2448455820545
14,4,29,5,1,5,-0.540961118110817,0.203106739176484,0.579776735045016,3.96490348444538
56,7,30,5,1,19,0.258472005595356,0.125687762745656,0.325169616611674,10.035707599292
6,3,26,5,1,7,1.01280870999504,0.138249030903795,0.934996546711773,5.46891880534576
32,2,33,2,1,44,5.81081761560818,0.38906407447294,0.763808501651511,1.96226348724284
92,8,34,4,1,67,7.30432310106386,0.759245611116344,0.144814564147964,3.53940900124569
10,4,34,3,3,33,2.93858777753413,0.522723451972666,0.541025769198313,3.13200313544985
93,8,37,4,2,95,10.6529365181714,0.71621607867479,0.0980896467808634,2.80784319667623
37,3,22,3,5,60,9.28201048939247,0.165737422009855,0.31649132585153,3.1954034194119
92,6,33,4,1,84,8.35873127826313,0.410374856296825,0.304274516180158,2.11725178090189
41,4,27,4,1,44,4.18000815954978,0.0329619706837613,0.131812013452873,7.02798092023811
63,5,31,4,1,62,8.53348642234899,0.198983163096684,0.775694154202938,3.77327834974138
5,2,33,5,1,82,3.42323245199824,0.0295194138282241,0.927593796513975,3.51454597758714
17,4,31,4,3,40,1.60366559461453,0.238705689729716,0.572333004092798,5.82966217194442
86,5,25,5,1,65,7.66891923292582,0.0680516195716336,0.021021437831223,4.36832371109291
10,1,27,2,2,31,4.23043767048252,0.0199744535192599,0.850451739970595,5.69912347429251
1,2,18,4,2,5,1.70256606149412,0.0592849897375051,0.0857502596918494,3.96502404751347
47,6,31,4,2,36,2.06366839528419,0.558463054211968,0.291970139136538,4.49812402828259
26,5,26,3,10,20,1.24399263970608,0.0946689230622724,0.559881207766011,9.86144600620323
22,4,29,6,1,64,5.44855305823147,0.384178502929813,0.374144859379157,2.31294327760337
30,3,31,2,2,34,4.51183169795015,0.586396007042069,0.924129648599774,3.76042086664635
