K:10
N:500
Gap:2.22742953720866
Rho: 
1 0.8 0.45 0.2 -0.3 0.7 0.75 0.5 -0.3 -0.1
0.8 1 0.45 0.5 -0.1 0.55 0.4 0.6 -0.4 -0.2
0.45 0.45 1 0.1 -0.3 0.6 0.3 0.4 0 -0.3
0.2 0.5 0.1 1 -0.5 0.35 0.1 0.1 -0.5 -0.45
-0.3 -0.1 -0.3 -0.5 1 -0.4 -0.3 -0.1 0.2 0.2
0.7 0.55 0.6 0.35 -0.4 1 0.8 0.45 -0.2 -0.45
0.75 0.4 0.3 0.1 -0.3 0.8 1 0.45 -0.1 -0.3
0.5 0.6 0.4 0.1 -0.1 0.45 0.45 1 0.1 -0.2
-0.3 -0.4 0 -0.5 0.2 -0.2 -0.1 0.1 1 0.4
-0.1 -0.2 -0.3 -0.45 0.2 -0.45 -0.3 -0.2 0.4 1
X:
74,5,34,4,-0.0882818535487582,0.219958076243031,0.754455406451598,8.65181591926961,51.2155612129958,9.17211358363625
28,4,27,4,8.44891145024962,0.0918643329059705,0.480491202324629,3.54679585620253,36.0772737642005,11.678989792701
50,5,36,4,5.69709650120337,0.489344347424753,0.883375939680263,6.00269270525219,31.4823313265417,-29.3978646724689
57,4,36,3,-0.51413945277549,0.342795217864889,0.565596931613982,5.04888887779033,29.8087389349828,6.55084651244687
3,0,27,3,3.45407851040076,0.0581542003847091,0.359628285514191,1.68671125245037,35.1440479602878,12.562622973009
14,3,25,4,8.39778172066075,0.0414580416399986,0.0555995600298047,2.25244400875583,22.8881301181708,3.31704513713677
44,6,26,7,1.12301036109113,0.0565029678400606,0.396171202417463,5.37794768964977,20.0465764205544,4.33772852318193
5,3,29,3,7.79530251780024,0.0335606115404516,0.0448690473567694,4.98354630449023,56.9230364236231,21.6869888342368
11,4,29,6,7.77757075883904,0.0619013856630772,0.108757406938821,3.3162865686353,35.052493931511,-18.2520318833746
44,5,33,5,4.03623755225254,0.118007093435153,0.251503403065726,5.46942457823859,37.96814125079,-0.0506145966076179
9,4,31,3,5.87757696582869,0.0462708849227056,0.0180662446655333,5.62171505991861,51.0708977980753,33.7435206767056
0,1,25,4,2.70484012997034,0.0867215705802664,0.140054794959724,3.06398466558177,64.1089006550441,38.3701739297959
82,7,32,4,5.10211593671113,0.455880204194641,0.953940434614196,7.39341246338035,36.2171850685467,11.5591660309056
14,4,24,6,2.04983174748738,0.0371819728752598,0.0452445419505239,4.19860370116668,38.5204444656056,4.17219363808841
43,3,29,4,-2.23762228155867,0.126924860524014,0.42189994151704,2.79323887136311,57.9268816390355,27.3153693363768
18,4,35,4,5.63590926682697,0.0549879017053172,0.108525861054659,8.85111904135339,35.0775220085713,-4.60728963996504
5,3,30,4,4.36780054908115,0.189809774503785,0.08163130027242,3.36157341562602,30.3140411749756,-2.52793282528689
43,7,25,6,6.11550778017784,0.116055456486084,0.468096962431446,5.41649412688493,42.6754396524803,7.06766684122483
20,2,31,2,5.12046377798829,0.0367700153728947,0.174489302095026,3.81434463843118,45.351400892319,-0.503621867818898
29,2,30,4,3.74481265382762,0.381502226981605,0.783675381680951,4.77306923256012,45.8361724312802,-16.4867359004866
64,6,36,6,0.764046978698937,0.816291579934669,0.921482019592077,8.09830959782128,30.2223708612483,-6.47367969515823
39,5,32,4,5.68038491090409,0.0835838125785813,0.333467111457139,6.29339252751236,41.5555157753459,18.1447844210864
37,2,25,3,4.26784382992178,0.235560819503168,0.784883680287749,3.89685280084803,34.8898790978383,1.80435803785339
48,4,35,3,5.74706892163462,0.224283733860332,0.383009983459488,2.36355487408242,31.8345541073238,17.6456681341527
23,3,22,5,4.53388688865215,0.168469487805851,0.38530310895294,4.17806471866018,36.5975851697769,-8.63439709617344
32,3,32,3,2.90178604433564,0.155300499638543,0.279867500299588,4.34967618221872,65.9251336347529,27.6634264938765
24,2,22,2,6.7515680366911,0.0820027887821198,0.584580281050876,5.79940354550444,66.8462082160933,26.1342672705416
77,7,35,4,5.29741487890961,0.625215130565441,0.932748353341594,13.7584831662687,71.9922349004151,-5.70716731459519
35,4,28,3,6.13570466758819,0.0199094176059589,0.024696204578504,2.99485596189178,30.0129943757789,21.7119405795014
81,4,34,3,1.31460402771647,0.27272814498275,0.646738504990935,2.19112378232922,43.3147013925406,39.9507730522807
55,7,30,3,7.40861834324433,0.0487455163505723,0.325131910387427,8.62021215455296,30.3733934620915,7.97983195460231
76,9,33,4,6.58099647188862,0.231384497991165,0.198670186568052,7.26809834887067,31.1416123170947,9.96522536453669
94,8,39,3,6.99213661020413,0.994972133490831,0.981456455541775,14.2440223063224,39.998961472443,6.47567718078059
11,2,24,4,2.96804776250267,0.040252483333461,0.0537536439951509,2.63460851586334,44.2870160652552,35.0949531827912
8,4,27,5,8.90299093755132,0.0601526912068948,0.112940102582797,2.72112189438408,41.7327084391789,-2.51484561729022
58,3,31,2,2.69987525138839,0.071744337095879,0.346760546322912,3.00060428829993,32.2647110976355,12.4752941784207
99,7,37,5,2.73013442101743,0.793928489047003,0.996107443701476,6.09548504282996,28.1058963717422,-31.2670864143441
33,4,34,5,1.59135886490798,0.209321653692725,0.297005998902023,2.91992286757455,23.6283282664877,-15.1990415341783
88,6,34,5,-0.365148013643914,0.339674680017608,0.822344324318692,4.28232226773819,43.6044125955128,21.2867255044635
47,3,29,4,1.71872081653991,0.126367310411297,0.715913533233106,5.51399733708897,37.3681410640205,-4.66314235360524
52,3,32,3,3.08232466441976,0.257199501613756,0.80582467187196,3.48760197919439,48.0620226372818,17.3367259456757
31,5,27,5,6.00303084315043,0.0386141088362598,0.074524367460981,4.13997090616822,19.4077840282252,0.953966785100451
66,4,32,3,3.93528384157099,0.313996552712026,0.86022975249216,5.77925536594086,55.6397035689619,26.8952736919646
27,2,23,4,4.40626643105382,0.033918745117262,0.625427434919402,2.56426306119509,41.5457129810799,2.73722237475391
17,5,25,6,4.25160952421827,0.0952148241922259,0.0447021028958261,4.93122585423577,27.1099242105371,-15.3851700645653
44,3,30,3,0.703576152280412,0.210586698252243,0.757358729606494,4.95429863610382,36.5995091507491,7.00583971022497
25,4,25,5,7.53915274531356,0.139630865189247,0.398521301336586,2.90650132181638,21.3603678505572,1.9400174408077
29,4,30,4,7.7430914242282,0.179076756047739,0.449329760624096,4.39171944880963,58.8067340857798,3.13912324697777
48,5,26,5,5.7340753682532,0.459045503733164,0.654545838711783,3.21978878284553,47.0758084116825,9.81994173369523
49,5,30,6,1.07110638692978,0.208080589319164,0.456260428531095,4.22473668614948,27.1052976976103,9.01242581499877
1,1,21,2,8.23945282250281,0.0386238857153755,0.332597966305912,3.10396826427858,43.1591002881494,8.02740379681986
7,3,25,4,8.24885188381561,0.113914901274256,0.475710126571357,3.33346666750765,35.3007550730522,5.09173935067843
30,3,28,3,6.48105874015014,0.0420360929429666,0.421321683796123,3.64585063538934,62.502366224303,19.4768661634357
67,4,34,5,-2.63969013692936,0.452729962279505,0.86919362610206,6.12052053363874,29.9373519700767,-21.0032062250692
88,5,38,3,4.4102509640087,0.681469028318459,0.963865517172962,6.19384400116777,39.4123816726942,2.84850653536061
56,4,27,4,3.393667686232,0.168887796811759,0.656242771307006,2.30936288001728,19.3737022184278,5.56556563066777
93,12,32,8,-0.375706208335934,0.301802800492126,0.661978766787797,9.27679214890739,21.4576609103716,14.7303234521672
41,5,29,4,9.0971577758349,0.129202284091707,0.601001864532009,6.45194387463124,28.1058574026221,2.95723936133043
57,3,24,4,3.47371849001589,0.24508835094862,0.891262221615762,5.31029132621632,27.1585380883904,5.92262853300923
13,3,26,4,7.24020940887337,0.0710812206308957,0.0941638494841754,4.9385387003685,32.7699139923176,-10.0601247412708
47,4,27,5,3.13328914951121,0.167150804307312,0.762609032914042,3.79322298106727,31.011774469048,14.2040631597032
37,4,26,3,11.2347335777988,0.0753445060690865,0.299001394072548,3.60736247646104,52.2513013472006,38.6611297127675
95,6,36,5,0.688980911099646,0.544129828757318,0.898976064985618,2.67145334256747,36.7797055942266,8.58267891904081
48,6,25,5,2.92398911568716,0.147949428181164,0.4469738334883,8.31671437054928,28.9867008160902,13.379187322646
92,8,44,3,5.70601547077215,1.65309530233953,0.978232940891758,16.1459577951211,41.5884318636167,-4.10354280332223
94,5,35,4,1.42097529251708,1.37272514069552,0.996123197721317,5.92058182456774,36.2168156393082,-13.9765137782899
7,1,27,4,2.60526450941494,0.210951050034466,0.244019345147535,2.4725288426113,37.4761169582855,1.34380584812294
60,6,39,4,5.09599881377966,0.422730399736216,0.570698993513361,6.92257579516073,47.5300028311539,-6.07378867315653
55,4,26,5,2.6592208506241,0.380980392431325,0.916329114465043,4.27107537869271,30.3271286904042,-7.66484193999004
95,8,27,5,5.6096961360263,0.146526360418648,0.430283481953666,3.73933999997772,27.4686306696393,21.4903350750965
74,7,27,4,7.91798597520249,0.122373221092857,0.628463023109362,2.94731046684586,22.6890049243118,15.4687045230903
2,1,27,1,11.2964380132134,0.0105250893393531,0.178327024914324,2.58200998372909,42.5599111228075,15.7367609488605
54,5,28,5,4.12275936566332,0.293775176618922,0.675941824214533,7.1268593888995,42.7848613306308,0.266634998243322
44,4,26,3,4.9545723798557,0.182813910989764,0.42201322875917,4.4856355072646,54.8347564924081,27.5257792779633
54,7,37,6,4.10264355694855,0.368903033231024,0.606604027794674,4.5284587075955,19.7325416006308,-34.7121752020604
50,4,31,2,8.49641174043965,0.348786139423366,0.50836048508063,3.67655390148902,33.1406946300861,7.26246227666331
43,3,34,4,2.29323215051656,0.619730810137624,0.799819389590994,1.69801908373538,37.7047010092076,-1.67787833059429
14,2,20,2,13.5861179694042,0.0244632205625753,0.285387064097449,3.35508675048249,41.3914478439417,0.550715831259788
42,5,29,6,1.14425666829797,0.206109043314322,0.578289258060977,5.52047269185227,35.5976879963561,-4.72723164259058
98,12,40,4,5.80315860970028,0.32139129260436,0.334800262469798,6.42674164676286,19.3494393724029,21.2810083334653
43,4,34,4,4.45126460672007,0.403904690316444,0.847388175316155,4.73588729506653,48.2374312157047,-10.2881123046294
74,6,32,2,6.7694213482364,0.1252657197183,0.511298853205517,5.92740969003431,37.6408814550826,9.08850659154254
36,3,31,3,3.48690400400665,0.423494882394976,0.908385558519512,6.52119088139025,61.9784102591325,-0.955432127302842
26,3,27,5,2.67814821636643,0.0742668529828897,0.243299992755055,2.29029337940239,17.6767009474487,-0.464834997368824
44,5,28,4,7.72762979667369,0.104926626197994,0.16151219420135,2.69145127894548,33.8067318094314,13.0833738990527
20,2,29,4,4.61556091259762,0.119703674921766,0.482753982767463,2.55035839837086,47.9627160191199,10.3060902014008
83,9,31,4,4.86482405935774,0.0624637511791661,0.324493379564956,10.3405679143621,32.4508125289997,7.18467912902318
50,5,29,6,0.801119781680508,0.266282428743991,0.720285553717986,7.21200874292761,47.6998576095236,14.3887652593542
99,7,34,3,6.04093457086942,0.391239191384471,0.80539005366154,6.45339954533305,46.4239905033867,16.1446971359428
91,8,35,6,-1.21743191857551,0.769462810126587,0.727855669334531,7.46574102879666,21.3795537031895,-11.610840899662
29,5,34,4,7.63525464400396,0.143622799310833,0.345627995440736,8.30679164065536,49.1893010774863,8.12204879596621
26,3,24,5,4.54873173249294,0.156721648527309,0.402409839909524,2.59593222395802,35.2416835411954,8.95910627612532
41,6,30,4,5.69197488936527,0.254466215603727,0.500904080225155,11.2943970460522,68.6087783454672,8.22637654522778
61,6,30,5,2.60829767197121,0.437427913283414,0.642439312068745,8.6919828151043,32.1071716649899,-2.0467257270374
31,4,28,3,8.91368226155365,0.12789833440911,0.527759025106207,4.11762621008257,28.6154092536179,3.04914871912161
40,6,30,5,7.12665773793165,0.166654477710836,0.250173832289875,2.870755011431,35.3370654827497,-2.26564889920046
97,7,40,5,0.372169139156087,0.682153914557928,0.84198400657624,4.30944151991846,36.0687281068001,2.95403084593729
82,8,29,4,9.64214583921125,0.448852712733156,0.882605429505929,8.10806817375216,35.6051300149605,-2.19222833261009
16,4,26,5,6.03012497915578,0.0245792062314794,0.0272889093030244,3.53654898922215,41.9520364821806,14.4585442732742
35,6,24,5,8.42381191332732,0.0346434317762032,0.204029018059373,5.58962882725727,49.090852547141,12.3659781242723
0,2,31,4,4.99115468719162,0.0989001673879102,0.249540998600423,3.24080139380506,39.4275507775166,-12.3168164965446
71,7,28,7,3.02978413529327,0.262921023870561,0.673666864866391,3.54052532653247,21.7378567961534,-3.50527015422307
61,4,34,4,0.803350705341741,0.510712095980948,0.763371509499848,4.52800902810097,31.5713953135478,11.667547736315
95,6,33,4,0.165666667291831,0.570144355306432,0.959788131527603,6.00960273296655,47.8958679019538,8.57734678738809
1,3,20,6,2.85487397829315,0.0127240393845859,0.000541054410859942,1.67588179485788,20.9403146351353,14.4750871444506
50,6,29,5,7.95352139355702,0.090982156173279,0.369115754729137,3.79712069612839,46.6187750645382,7.60095530073476
7,4,28,5,8.07654767655345,0.0573877485003322,0.0915935407392681,2.940147045393,40.2532816116272,21.0156525966908
59,7,28,3,7.32740890090035,0.171026482712477,0.377920261351392,9.60484072899131,25.4639810577368,16.0558230152184
93,8,34,3,9.48998475415321,0.310724064930084,0.741915677906945,5.42727039756003,27.3524184329627,-15.3361089309461
10,1,26,4,1.91588573391497,0.163815765525214,0.608616889687255,4.62967967934833,41.9918678518394,5.91743610547355
87,7,36,4,3.3234788439469,0.267504570296708,0.742170095210895,5.54038223520124,25.9467707920127,4.88751514622592
38,6,29,6,5.42368417472955,0.227287132049653,0.134578993311152,5.33537113980853,35.6012296095845,-5.56792256423077
72,7,36,5,1.87110256514017,0.139325412572362,0.313624136382714,5.90191002825194,30.6801820541567,24.4926790555124
18,5,31,4,6.89306020521895,0.102821130654775,0.021165985846892,6.28171660418546,40.5042480942127,2.73702426104789
1,2,25,3,10.3661813023637,0.0982023957030199,0.187116137007251,1.97430599985478,65.3463895749502,18.9809963500011
58,5,28,3,8.53499195812604,0.104287009569816,0.449993476038799,2.58428991225147,49.1613098172473,24.5096131780471
28,3,28,3,10.1018278121969,0.19350422022167,0.605488882400095,5.53213797408584,31.572380000412,5.15138815703131
18,2,21,2,6.4141044521279,0.00216194265522063,0.0477302097715437,2.64220669902685,29.5990533977749,26.8474246585846
3,3,33,3,6.83068727946103,0.0842486993642524,0.159958970732987,5.0654913326238,64.3568619931895,22.776588540731
68,4,32,3,-0.103325017874447,0.192193148531234,0.603651508688927,4.89382569008099,29.0480693093821,0.184461810709498
84,5,28,2,4.15135541362657,0.110566785672135,0.792513641994447,7.8330677521586,30.9534298406347,28.8221718408056
5,4,22,6,5.68312305719141,0.0143713492863799,0.069371635094285,2.50350296508739,30.9927319389101,2.06382008716624
24,5,31,4,4.24043757829464,0.166019729338586,0.30005423980765,12.2051801056593,43.1916052081094,-10.2968376038267
42,6,35,5,3.40522865626354,0.0813406476518139,0.25981024093926,8.24492164008089,55.4568743453438,9.17112174600565
0,2,21,5,2.23341895660268,0.0180905169108883,0.01886116550304,1.29722530526207,32.200559968978,1.48511005922391
27,4,34,5,4.64504827936564,0.141673701233231,0.106349961832166,1.64178784511465,20.3755397907357,-10.057967043256
78,5,34,4,3.73000195085493,0.314584885480556,0.704584517516196,2.43934653445582,31.711676213962,22.95588980507
84,9,34,4,8.31892436626508,0.85440754886241,0.906727454159409,8.8819898677878,26.7492627864217,-18.7267352067774
93,15,37,5,4.16397400527822,0.249640034501183,0.628698305459693,10.1431915200905,32.0108848787473,7.32753766302661
32,5,34,3,7.52979837015496,0.0253368121854924,0.0906701933126897,7.77280789046376,40.2148907370411,24.5880099048277
24,1,28,1,5.46165640549419,0.0163154329781418,0.235890254378319,3.12313379012109,41.5155752607399,24.6155440784026
41,4,26,2,10.6863593811095,0.118130897521041,0.520864731399342,4.73111506544222,50.5864849441006,10.7129254749177
37,4,31,3,4.84209647454389,0.0600563662592322,0.111532707232982,4.78115619178767,49.1238548019292,21.570279221462
14,2,23,3,7.94126871988672,0.0210089477359371,0.142545620212331,1.87120755716832,61.0566363302085,26.1178859281354
57,7,25,4,6.97491000021905,0.0112578209955245,0.200481050182134,8.76652206825267,48.3420477948862,18.9626230056016
28,5,27,3,9.55860411881419,0.0302697568920441,0.108029909431934,3.74982717895341,54.0472770651977,30.4160245842267
30,5,32,5,4.0024302843865,0.303526435502547,0.121862871106714,3.63833942534386,47.1318549273629,20.1493747342762
21,3,26,3,9.03401744499573,0.0900998962310221,0.351623874856159,3.32337996895989,46.5089246527063,18.8364990588196
86,7,28,5,2.64321582539845,0.11587789680934,0.507539363112301,4.55660429888647,24.3384424036675,11.36876046978
61,5,29,2,9.39793162109283,0.227213707375832,0.645045801997185,5.0348707801545,40.1363554537045,2.39043030454323
66,5,25,3,7.41358232667153,0.132993432111107,0.571019278140739,4.65367427255726,27.7744924610587,24.3281759053214
91,6,30,4,4.92337476844484,0.730325923487052,0.941691547399387,4.82166360482185,26.7631457688678,4.12864637459478
8,2,28,2,9.24883252231093,0.0503220557002351,0.360132797155529,3.99251491851891,47.7218193475584,12.8857150212848
97,9,28,4,7.74678146964142,0.309956433473829,0.857407379196957,10.1778773250606,21.4566474064869,4.54557502760259
13,1,31,3,2.54752862208305,0.120639454689808,0.117649719119072,3.69024163780108,44.5917016580309,12.169884704995
12,3,22,5,6.76446186112748,0.0520799179794267,0.262950778240338,3.65068883515677,53.8275460818462,5.94572355225774
52,4,34,5,-3.36737036372408,0.34835366856069,0.454741119407117,3.18287636930222,28.5416683745624,-11.947408286271
83,10,38,4,6.64319360068506,0.410180465199976,0.56766577064991,21.7956753090401,41.4912444038007,5.74969698579722
76,5,26,4,6.33550630431006,0.179430248510272,0.926640601130202,3.8431099777501,34.8861124922826,16.8742321341869
95,7,32,4,3.47877817816543,0.177356122356658,0.813316504703835,6.78070459962948,35.174042116122,14.7080067537552
25,2,23,1,7.40963118571774,0.00230938851312736,0.171716223936528,4.17731624896187,64.3177547134717,33.7395318701693
30,2,32,4,3.17665286315826,0.421759479658163,0.57728782761842,3.20778454956916,47.6868813283672,5.41518203406414
32,3,30,4,3.95975237247003,0.243052375958043,0.43836641125381,2.07908159109361,25.5620982908648,7.0891450631326
39,4,31,4,3.58211606588938,0.151743969065137,0.609441316919401,4.56115584879002,53.0538109122347,23.6249604825685
30,4,29,4,4.22945179994645,0.144553474732675,0.103773609967902,5.62747870718761,45.1142091855018,5.16815316401648
65,8,29,8,4.47316736325653,0.196480085829946,0.402144950581715,3.02118666155669,24.1790011309116,-11.3512016364123
4,1,27,1,8.45691806234334,0.0894532901002094,0.140292404685169,1.89594335168356,66.1791528566954,20.8080464513801
74,6,31,5,3.10424428821831,0.651987118149334,0.875380113255233,3.74194219413747,19.5131306172865,-1.28951085063795
85,10,37,7,3.90904332610522,0.486604876329607,0.625750415259972,4.51303360401287,16.5533489577111,-24.1315695491467
22,5,23,6,4.36518433482072,0.08023265545305,0.101759048411623,4.97509198158144,31.9955189048476,18.9749844447908
59,5,37,3,10.6353916638774,0.326240696235302,0.551662661368027,4.43627229149985,50.9184994846317,10.3523448403354
18,2,30,4,0.518352226748437,0.0337350865897507,0.0254584862850606,1.87334826679422,29.8901863997348,12.4400830114638
61,8,31,7,4.85056644689057,0.667598409081036,0.839815114391968,9.00010574680952,42.8638266252481,-18.1809213967969
95,6,31,3,5.01031115288277,0.486962647011958,0.870931448880583,4.49620544163945,27.4132282881078,21.3526817883642
0,1,20,4,6.52575935276115,0.0484298725137562,0.141119960928336,1.1580874891729,47.3703086547844,30.9702840422351
96,7,30,3,7.12844072448139,0.706569772171688,0.957057213876396,6.38699110986729,51.1836759569697,29.1235246605961
14,4,25,4,11.4896263080117,0.0816160493995994,0.33524837042205,4.36226593690339,34.2251327098474,4.5456316191993
70,5,34,2,5.47379132333756,0.316286338249895,0.859677150379866,11.3752053049778,76.7833988397804,14.5013411346104
75,7,40,6,3.68863274732994,1.00242057204583,0.809594599530101,4.34154875954566,26.3144242616243,-27.2689582985972
32,5,34,6,3.82519958494279,0.122422898886725,0.318193953018636,8.67985873789452,49.8843084907872,-7.8225268214338
73,4,29,5,0.483622194109859,0.958229561749488,0.996131784515455,7.30695066185971,30.7452004042293,-22.096113648621
41,5,36,3,7.131626764651,0.291983862464062,0.605344431474805,11.3576141473486,52.5812375179593,5.3364244498767
21,5,33,3,11.7306439010723,0.12350165734256,0.0445063873194158,4.39442097737635,49.2850793172962,3.88738566313399
28,4,24,3,11.3909119054137,0.0616506789810956,0.126172906951979,3.86784240227913,43.2385067639536,20.9608796873627
26,2,22,1,7.8971601354935,0.028794460115023,0.42815810488537,5.90596222997231,90.3629276000246,37.4512519862058
60,5,32,5,3.72879088762202,0.926124093965561,0.847763548139483,2.6323643179354,26.4013840210178,-6.19968257275527
67,4,35,3,6.92406944839644,0.303601811862293,0.769058275735006,3.25943855090342,37.578052392648,2.26873680321181
66,5,26,2,7.84279049600315,0.192407463524886,0.803304729051888,7.20899943373065,34.8595307544834,28.1174232042454
61,4,30,2,7.30595121793983,0.201597457508299,0.704034764319658,3.69067380176737,51.7514410757323,20.2194639316649
37,6,25,6,5.33775767479682,0.0890270961681381,0.376942776609212,9.6355328604683,28.0626010141386,-16.9059770238411
87,7,27,4,3.12007801359282,0.124309920938686,0.373017431935295,5.11088367390841,36.5733198882925,29.0904370717982
15,4,22,6,2.49809696009865,0.0195652243366957,0.0155192154925317,2.0138139024704,28.1003228948679,17.155435893965
93,6,27,5,-1.5354248212102,0.331490124332461,0.765821972163394,4.2844248021633,20.4339495130414,9.57152813655169
28,2,28,1,9.01415645241828,0.260247033303968,0.806667363271117,4.41104592952038,60.4801999341246,5.33357422851963
22,1,25,2,8.97406621518179,0.0397098227404058,0.422015407588333,2.02950754892749,33.0096295907803,20.1106158466526
99,7,43,5,-0.120862320661643,3.20555757619163,0.89954879693687,5.50789126568607,49.2751738995869,3.72979180133243
56,6,37,6,-1.29731226513848,0.677771149637336,0.737000789027661,9.37800609577367,45.2140234717364,-3.43293652128435
31,2,27,2,6.76483764343534,0.0557696447940543,0.298048308584839,3.53962681026585,44.2264203184442,38.0174168518802
21,2,30,4,1.48432087192235,0.153405845281668,0.113091329112649,1.97113977597637,27.3422891379173,15.5523528695139
93,11,42,5,5.02580445642312,0.872412543472342,0.633419137215242,5.58957614732296,18.7057456484327,-19.7736509222392
43,4,31,4,5.58067522245155,0.301680338558483,0.60317884455435,3.59228740616184,33.0873315226969,-7.06645223157762
71,7,30,3,7.56415905380545,0.265496956406835,0.685876242816448,8.88744892207631,70.526946864822,19.3293469640431
5,3,20,3,10.4463973638088,0.0162560080253492,0.0574439042247832,3.94295207899669,43.7576992698952,13.3222533681799
58,4,31,2,10.2058261927921,0.339385941148478,0.813644246198237,5.38201049950722,72.1929247473249,20.9472530586006
40,6,33,6,3.19900392508838,0.152790309279226,0.145057083340362,6.18507600380516,34.4516866593995,-4.99876404782022
38,5,29,5,1.97670603768767,0.143044513766654,0.292000207817182,5.1236017631702,44.4336775012782,33.5576435956838
70,7,39,6,0.397972393048487,1.19646030158553,0.691827134927735,4.32687334753327,23.5244426316757,-4.95775313876566
96,10,28,6,1.24764339737234,0.1957738075766,0.764488258166239,10.4510900580618,16.3502626612732,2.54770885169357
35,3,33,4,0.622189556495927,0.193908120280292,0.354349977103993,4.47663207936397,35.3374017350658,-6.43137882209963
96,8,28,5,3.33385960773868,0.268070673093873,0.744731645332649,6.25356398259612,16.6060807326326,-0.306647923864933
46,5,32,4,4.17861993917276,0.0803699600510299,0.110081483842805,4.4941274479071,23.1590893702586,20.5127723493768
11,4,23,5,8.61190778869737,0.00351422629319131,0.00201249262318015,2.56685392998221,46.0942488417633,24.3476891404895
99,11,35,6,0.561988416153653,0.491754904368377,0.825709079857916,10.2731907560949,21.0279719790266,-5.84315806611001
14,2,31,4,5.2604452336622,0.125894144992344,0.384485096670687,3.21514375667236,28.5730490384877,-8.47717315970736
6,1,23,4,4.05537095462022,0.155560745042749,0.428900632308796,1.93986570053563,50.0091103318294,5.3347866980756
4,1,31,4,0.682340517348564,0.0760137444594875,0.147260445635766,1.89903808569732,45.3045695022766,6.56950313196051
59,4,32,2,9.45623293000956,0.479291017146266,0.916751622688025,6.48868459368408,42.1996337488478,-7.85484083440968
67,4,37,4,2.73398113064687,0.426746559308326,0.715185830602422,2.9721175980037,35.4361163571239,-13.7809796904441
17,1,18,4,4.56381539288289,0.103714312775992,0.395228809677064,1.19887207874952,43.5940251156318,24.4372416859804
59,5,26,4,6.80046410283229,0.280842444507905,0.821132539771497,4.13056849277839,23.1245536218825,-11.0880606082862
92,9,37,3,5.56717768884563,0.209544648391343,0.591412431094795,10.4826415435128,35.0469836925552,17.268023882405
35,3,23,4,4.83153302167398,0.0179249761858955,0.256303006317466,3.86090357568448,49.6017620430409,40.2496279812628
37,4,23,3,6.41139555509767,0.096430707606487,0.3710432338994,6.27396000993845,57.4145300879211,20.9882717618244
96,11,37,6,1.32964476758871,0.57585737245732,0.796452498063445,16.8291660897026,52.1717533299031,6.06647134730732
40,5,23,4,5.77133943691292,0.109722510795109,0.401897311676294,8.99578130425944,30.0074642188789,1.61329384923419
68,9,29,5,7.50749025673721,0.244605954352498,0.286426934879273,5.90439475953842,29.3059410182271,-6.52633253329912
35,2,30,2,6.95193404413019,0.221888032088742,0.680636693257838,3.62820294574175,72.6259567172141,33.7080713887826
98,11,30,5,6.36046699054258,0.609658120759185,0.933588535059243,11.3425363920622,39.5854481838861,3.50302615806741
83,8,31,4,4.97019831871056,0.384712486972517,0.835748977260664,22.2461675142367,63.8493316631197,8.39573889181596
60,6,34,3,5.95208073184178,0.415792431374934,0.798492139670998,16.0137971483492,80.1826387176712,10.0382853878947
40,5,28,3,7.99626734144819,0.0199087061919272,0.139933207305148,7.89132044530914,34.9899454301561,26.9830012831556
35,3,31,3,4.11804074279752,0.230724744466554,0.485563330352306,5.04121685616939,47.6918486662925,18.5162189919072
30,5,29,4,7.46197332887089,0.0553954219212756,0.0390370222739875,5.0457303494914,32.711000027041,0.83178860738966
38,4,34,5,2.46059569110457,0.569644762637252,0.711043886607513,2.69939357308697,35.5120335032705,4.83846287006782
5,2,20,6,6.09162991706435,0.154265748686157,0.395430406555533,2.64054189246788,55.333148303134,-3.39515704701554
73,7,35,4,7.06320788829981,0.713639633688045,0.965145258465782,14.295680641273,36.0737474147505,-34.5144305840466
27,4,22,6,1.82634232219162,0.116058966494165,0.502230458427221,6.40278437804496,26.2883540305066,8.18686598078858
11,2,33,4,1.56600459903869,0.0570048817899078,0.216040565865114,3.68493081856945,43.7452992693477,-10.0013166430129
64,4,29,2,5.42690166856679,0.0754706761145033,0.504465197678655,4.16239537267962,24.0126488267805,22.4022854328941
25,2,28,4,1.874339485569,0.18381253768571,0.275131947826594,3.98799870113136,56.8013182632173,5.37402307433887
25,4,33,4,5.93051542264483,0.0675890791462734,0.231702160555869,6.67316007059933,53.5686945655076,-4.21595256301645
61,8,28,4,9.43873440079513,0.0757383549353108,0.141936949687079,4.5837078935314,20.666451032087,2.78339527412332
29,5,23,6,5.18203516010661,0.137089989497326,0.365800124360248,8.53248219878405,47.9814946241181,10.4204606180267
70,5,33,4,2.72817140949955,0.386549349853253,0.700908527243882,2.17213477016058,30.3895495261729,-10.8330014080976
93,8,34,3,4.44752781475651,0.155300696846098,0.360555477207527,7.65660167446705,59.3185104648873,29.6757345622432
81,9,31,4,11.7223357204049,0.163723537931219,0.324271322228014,3.48682762774537,20.1655334011255,3.90971680906865
33,4,29,6,4.4610256749239,0.115752909276779,0.288589051691815,1.59519665205085,17.5382538581301,-2.53258709106346
18,4,22,5,7.8416581704852,0.0324634769402621,0.19832769734785,3.14018436355637,26.0493333684547,4.13569111232922
90,6,31,3,2.35664132254549,0.401670170701251,0.851114048156887,10.9816387945508,41.900026935569,8.65189282303207
60,8,39,4,4.81615429767501,0.200317157421935,0.305220336420462,8.69019798188671,29.1000740705133,-8.60541496629652
38,4,25,3,5.71217306404454,0.0202549106907099,0.17969001387246,4.53302077993991,35.77600734427,36.9077475834415
69,4,26,4,-0.1213261903325,0.0567307512974367,0.626291246386245,3.47884886799347,33.6976001750453,39.8426990498037
67,5,35,4,3.11195404955498,1.22083464910938,0.991554043022916,7.83211765362976,29.6655137008774,-9.45167650219754
80,9,31,9,1.7123063662032,0.247248306627128,0.349346342030913,3.72250224382004,26.4389840301138,17.7221750717189
73,9,30,6,3.00828157028028,0.414234603905046,0.360813841456547,8.4209842971274,36.6687822672686,9.05884349662564
39,6,34,6,5.03576482304503,0.424705114660269,0.329620376927778,2.9026134144439,35.8992266630096,11.3566896478987
80,6,27,3,8.80792323751417,0.119920203695074,0.808464632369578,6.1459191212904,32.1687671713008,25.1976522868249
38,3,23,4,5.49396059597205,0.10648515180219,0.780204374343157,5.11909802100442,52.742529538699,0.563390648369801
49,3,30,2,4.82636726718128,0.233398800891576,0.758249702630565,5.0027440017297,47.2338596835189,15.0455612115092
19,3,28,5,4.88937510043424,0.179480448160623,0.23000843077898,1.24569195371656,31.6918943032796,-2.54319902565378
92,10,28,7,3.37059896644206,0.211303677166554,0.482093090657145,4.06077873723703,28.0119807972335,36.0252396597747
85,9,32,4,5.31400706405451,0.116434553638101,0.234938537236303,4.63831199844686,19.4420701893892,17.8251133171085
17,4,29,4,7.12243191119478,0.168210396077484,0.121905230451375,4.42134648823109,60.1002178047517,17.8932642218189
23,2,30,3,0.584128564614259,0.0770707974443212,0.0796383926644921,2.50126415582962,31.4817551368517,8.82796001322585
85,7,30,4,7.43487755343569,0.393417855238026,0.965841890312731,7.17353706082261,49.3404720349186,3.71574749100603
80,8,29,6,4.13872574922682,0.251944635965644,0.848560396349058,5.69322239528564,26.9002503638679,1.70255787894713
24,4,29,3,11.0730377228412,0.0840180347440764,0.375705410260707,4.49732975741402,36.1550184069915,-21.4312698322834
55,5,29,4,4.96899929417577,0.111563983024098,0.365784274647012,3.80167160495538,29.1981914289325,9.31228128708493
90,7,36,3,5.20914104780187,0.429608228648961,0.588554502464831,8.21093917248133,29.7216219072197,17.8340899596431
68,8,29,5,7.47523630836818,0.343808931055221,0.574166873702779,6.05541626570437,38.45548357494,27.8953249055226
63,8,34,4,9.71514130263468,0.572688992569381,0.812083119759336,11.8580218297577,60.7984746508664,6.10926773330435
48,3,31,4,-1.25085622900699,0.537710747709665,0.953252164879814,7.32363510792495,36.2403223543869,-5.68406532980974
12,1,18,2,8.01218212669365,0.0291784553555772,0.289608621969819,3.1410943863331,37.5996434656185,26.05593978283
42,4,34,2,8.99358246254377,0.167909766198136,0.628438458312303,5.66824345422047,70.1163512961723,15.9461237694782
95,6,33,4,1.06252199573836,0.796456152531219,0.8493224196136,5.49399179918992,28.4791547449129,15.8924828833577
24,2,24,2,7.96704275956057,0.0327676263081307,0.125396173913032,2.77733973732676,63.6582617168932,36.3476117351261
4,1,23,2,7.92593120363356,0.0105854572029784,0.10596373071894,2.63901585017009,66.2932100233387,46.370310797053
44,4,28,5,4.60922491107964,0.356194089145815,0.725748033728451,3.43180064572987,39.0569121580527,-4.29019915019204
50,6,35,5,2.5371056898804,0.361723042175742,0.735798623412848,7.58987442881158,37.264758593454,7.08098643754236
17,4,27,5,4.78718084878397,0.0366657712541421,0.159632857190445,4.64143859097275,36.0196233495873,-1.05225049651341
15,2,30,2,6.49215190818169,0.0964114872040227,0.409536737482995,3.37330808246654,31.5191193458433,5.17738887373397
17,3,28,4,8.1752654128964,0.175189069231092,0.160297537455335,2.99990925166051,54.384360781838,6.15870726850729
26,5,27,4,7.06692143471313,0.0376994527177885,0.0631386344321072,7.09856765143766,28.7046530561037,-4.67251360962599
95,9,39,4,3.51844470287214,0.240896140214729,0.528905184008181,9.72563423727174,46.8599020306596,25.6365844755905
9,1,26,1,6.52478986555543,0.00555598717433854,0.0310988130513579,2.06341347381457,57.6028143759948,47.7935332629746
62,6,35,4,3.83156480060658,0.537090446302825,0.85791883431375,15.3084489777554,55.6548213434796,-6.85407614638827
84,8,32,5,2.92471150993551,0.202171644651073,0.541993606137112,6.04188232908578,46.4988193931524,11.5422786767853
44,4,35,5,-2.54297087392657,0.181690338522869,0.49775811471045,3.845004112926,57.3409052653423,6.8040624498006
43,4,25,4,2.58665643814053,0.0701501108705997,0.561090055387467,6.99408219594562,35.3505143423075,4.78079623573715
53,6,29,6,5.61401739809471,0.247346728436551,0.718942206352949,4.53046696467485,31.0451420318561,-4.15510160267668
97,6,29,3,5.35933709798695,0.413163839352733,0.865157653810456,5.81901156253938,63.6172830542584,21.429863848953
46,7,28,8,5.33773980999591,0.174916316159451,0.552213718416169,3.29829944034246,14.3406122519589,-13.0691166341558
71,6,28,6,3.51650239319056,0.23011713355754,0.671165167354047,2.41074252806001,13.7916294633007,-12.7708159641204
76,8,41,4,5.96862041715226,1.66507374811779,0.890023815445602,8.00057527759922,42.3391966783295,-5.53397027241284
22,5,30,5,7.96443088023226,0.104500935762189,0.0434470120817423,2.94510853017222,37.6015991614365,5.05886671287606
42,6,35,5,3.51786666729141,0.315151806444603,0.130733648780733,4.78876547793352,45.8935997340514,17.2957844603432
43,7,29,5,7.25520286908527,0.0664639972383156,0.111574518727139,2.68253261624544,15.7779866824514,-0.421265167580117
38,4,22,5,2.5490502616843,0.0577950329752639,0.421685489593074,3.96014000149187,42.0693511867388,10.7545160342328
14,3,30,4,6.17124846707206,0.306900627667758,0.674617474433035,5.70649026017137,63.9411363043592,-5.35243692548235
30,3,26,4,4.3145729217159,0.119445989956148,0.336487316759303,3.16732293077176,41.4471993509759,31.9227341443268
52,6,35,4,5.60267243042093,0.286738333980295,0.514326775213704,8.54881261618444,56.9569427728415,21.5461839598863
23,5,31,5,4.53789848264358,0.193389102573249,0.0903733833692968,5.73888972040788,35.4473068914853,-15.3821520258849
96,10,32,5,5.30159547228126,0.782732354435039,0.93079377966933,12.031113199414,19.6883962521731,-6.15956898270734
14,3,24,4,8.24638721443122,0.0362646283930007,0.335317941149697,3.34667386072029,59.959894435947,7.12123307918127
82,7,29,5,6.55444139520208,0.226023982966992,0.703731677960604,3.49896926944941,34.1008526591947,18.1892739910638
94,7,40,3,4.64241109109872,0.328761000408533,0.783712481148541,6.44085428706135,44.2492171308861,16.5309729464941
20,4,27,5,5.44661921191008,0.0529024073621258,0.03570271958597,2.99729416438841,22.6754881844153,6.15622956468411
94,8,28,3,9.37664632285891,0.170495035476051,0.742612165631726,5.85942870231443,27.3524997699481,0.233091125625395
88,8,42,3,6.37589135174847,0.831121579739135,0.773204716155306,10.3131125171906,55.8189761689733,16.7766295773423
6,2,29,4,1.89943177234518,0.154845844954252,0.183374106651172,2.97293394545737,25.6062114212557,-3.34462430471057
36,3,25,2,8.04758349252891,0.0544426420237869,0.28918314143084,2.71836008809251,55.9110810531552,29.5662212437995
73,5,35,2,6.82453299105013,0.732374431523395,0.964871187927201,5.51555036063245,72.1606168311323,12.7811930177026
51,5,24,5,5.4984953633647,0.358560033020838,0.757782752159983,3.10492364958059,40.9201687922938,11.6823300132857
3,1,30,1,10.6361013212131,0.0387043838854879,0.320962320780382,5.24404967927197,77.7034132387934,3.00344853958136
68,5,31,4,4.70547170524074,0.494760248323387,0.96706317528151,5.12093717891425,43.6568222384011,0.494883636917033
78,9,31,6,3.7430781082248,0.393639110007739,0.769506639335304,8.98618409531971,35.0358881734766,-0.938140129757855
23,2,30,2,4.84675626842567,0.023562710499391,0.0217464833986014,2.13931712644153,41.3670380436003,40.5214311053803
4,2,27,5,2.67620553277322,0.217518980705695,0.36074537737295,3.03432741395556,41.9800066002549,-0.0606327445611221
26,5,27,4,12.1560786306151,0.212663060730332,0.28589161625132,5.37735433630769,35.5317576416601,8.88342481309425
31,3,33,4,3.88355400632678,0.403887530767775,0.642036933451891,3.01963101335158,43.2739266401691,-19.4534699647799
40,5,35,6,2.09800576223662,0.754714933848261,0.593054008437321,3.96887232395616,24.5119748487547,-20.9636379237754
86,5,39,1,2.64312607199127,0.205815580961376,0.699569535674527,7.0334362434046,46.8473125515311,25.2875105952228
75,6,27,4,4.31256467303721,0.379343494751906,0.909909286070615,7.82242048574488,25.3169910479726,2.25003736045835
55,5,30,6,-0.399263139067278,0.18116260691427,0.369093808578327,3.2843720841522,27.778692306623,5.38630142420823
4,2,20,2,7.82025051205069,0.000204898892725562,0.00837695715017617,1.77948691175179,44.2827996819671,49.4262044452703
35,5,24,3,7.91496715883188,0.0057914967770567,0.0067119225859642,2.4035720037354,26.1851393745641,43.7608605150888
86,8,27,5,6.66528034501013,0.501081212868399,0.966939307516441,10.3714284991385,27.1154147686015,-10.7775096376764
53,3,29,2,5.17754343659653,0.325823568030003,0.639274211833254,3.00901459039639,50.8119966588456,36.0091076250655
69,4,26,2,4.63853527890641,0.0477248278912157,0.399676030967385,3.8739357103193,34.3726017378975,16.7307814225691
64,5,28,3,5.77334542408562,0.0805438880079073,0.619804044021294,4.63603261167501,27.6641660878713,11.0718452996522
33,2,26,2,5.35993309001416,0.0437362194482411,0.289803128456697,2.01872303440792,36.7425411552934,37.9658413355288
57,4,27,3,9.87766326437692,0.146109239547513,0.815207561012357,4.99953336212321,49.1056804904633,1.4088119439795
26,3,25,1,8.4793413794509,0.0529547380283475,0.157686724793166,4.14270035045062,70.5191288820532,33.2373275250925
49,5,34,2,5.53413374500392,0.170402990886942,0.399912755703554,10.0053470202876,73.4878087587918,26.0007314997797
15,4,34,3,8.56848424544265,0.0624257760355249,0.0819903982337564,4.76162673755265,62.281923975622,9.40135571639244
4,4,21,4,15.0796681247223,0.0306510484078899,0.143767469096929,6.54580326744859,52.1369445331791,18.5228283336441
34,4,23,4,5.67343014499931,0.0936612788354978,0.474508220329881,3.79603501319521,33.2543021820278,15.3963764498183
13,3,25,3,9.0877594818228,0.104206131538376,0.402129875263199,6.379821654046,74.2795749484504,16.6409238600601
68,6,35,3,7.56420520564514,0.428229329620904,0.734643195522949,6.30374325620271,58.6314044386975,23.9493030602046
46,6,35,5,2.51855002329384,0.433371339437968,0.295670107472688,4.57184844755585,42.2088449866475,12.47549418603
30,5,29,5,8.42510041027399,0.237113558394804,0.264792966190726,3.84504682810468,38.0375727295048,-4.24581933786339
75,6,26,4,6.70104253563102,0.316804292601276,0.972442959668115,7.57262014543146,28.0179071564301,-20.6688090789874
69,6,32,5,2.67183868078454,0.49287063020975,0.640859817620367,4.98847103820917,23.8861460932545,-22.5075135950087
28,3,26,5,0.367567930275097,0.081754915532656,0.115534165408462,2.59632912304344,48.7420531168679,20.3833482464644
34,2,32,4,-1.99397739383673,0.0823514233343303,0.363549144007266,2.7877305295253,37.7070646371589,8.36185425781472
37,6,32,4,8.26842236850501,0.31152127519131,0.42124361009337,9.60168174882143,48.836822576895,19.1548092523257
31,5,30,4,5.30090693524882,0.106560563006871,0.21747146663256,9.1041000979955,50.8587660629731,5.57335109310114
51,5,26,6,0.271048904360379,0.290786825569373,0.749278814531863,8.06412370584351,37.0878742839062,18.655405711929
39,3,28,3,4.68655170421848,0.174137588623494,0.779453967465088,5.2650012158803,65.7815914946728,28.0310787651079
96,7,27,4,2.80487455290537,0.271922949225384,0.857517798664048,5.93211098070046,43.9349950618048,27.1925011421436
34,3,34,4,-0.421667353136191,0.432513415873655,0.484738251427189,4.2652660805737,31.6712069443269,-14.1439861851013
70,6,34,4,3.40788639590651,0.49508665174008,0.651309418026358,4.19809518376148,39.4682900494501,28.923334933454
78,5,28,3,4.36505152067139,0.26547825661369,0.65494945878163,4.48427654606089,63.0675930688466,27.3528780305364
99,6,32,3,4.62302145214903,0.381185164654112,0.969800649210811,8.81609989395573,34.1589386125668,-4.40799465375473
0,2,25,3,7.0870743173106,0.0367479820810159,0.086850869236514,4.96335122407815,89.9698468195053,17.8777678089639
65,7,33,6,1.47575750993372,0.350593238678953,0.374720321269706,3.63660347390862,31.1766710201708,20.8428994405764
59,5,31,3,4.23626879365103,0.0792909832671285,0.51593504101038,8.5554600682813,68.5987566486631,14.2091658897922
11,2,19,4,5.52127016751047,0.198351433629234,0.637254983652383,2.56625009649277,46.3587803872047,9.47428051465899
69,8,30,5,4.45892934700571,0.104865900124423,0.183643845608458,5.82855238147292,34.2703295585239,12.0472426973293
46,3,35,4,-1.75657947102231,0.470894775332368,0.637474811635911,2.83314915739109,37.8677241069847,14.4360068631951
33,3,27,3,5.23858299488651,0.02083106145447,0.154265270102769,3.36597265143104,32.9932754059873,8.93683793796348
33,2,28,2,7.40503396273421,0.0808862308040261,0.215557076269761,2.26379878022264,38.4078637837126,25.4807455866189
44,5,31,4,3.7755049618052,0.22029739570685,0.629598633851856,4.16512062246019,33.7432811049228,9.06292924755283
43,3,24,5,2.11264515255626,0.353029712547964,0.897036501439288,3.14224196896541,40.8732965083107,-3.81683207213649
26,4,29,5,6.3504689660861,0.154188410029747,0.196330928243697,2.16063012771481,34.9254399476644,-13.5440051765366
69,5,33,2,4.73576213453057,0.164736091159284,0.66503516654484,6.70279608238231,51.4607502977753,35.6061262699841
94,11,31,4,6.65472927861413,0.127883784589358,0.248476712731645,5.74203121063964,15.4726705498466,13.9219800949777
32,3,26,4,4.92843775740137,0.0523351564055862,0.309944529784843,2.69423908006239,52.7381796932528,7.55217116897244
4,1,29,3,4.42405766455571,0.0418123246636242,0.309088916983455,2.25228659092764,74.2676035659717,12.0227805173132
22,2,27,1,6.9271610925351,0.0110205141325155,0.0352228693664074,2.80466765531178,54.7985745753244,26.7005173512922
3,2,23,5,4.98899280107915,0.0791778213674022,0.141318571288139,2.17979440704615,44.6596610554828,4.6101728510554
56,6,27,4,7.17003971695341,0.108861534507014,0.27835566457361,4.0694595050652,29.4742936031659,17.6793218852049
67,4,25,2,8.78478061432444,0.218229845621365,0.865833275718614,3.37619463396424,41.836534001704,6.41399881097551
60,4,26,4,4.32809004585621,0.394570748766369,0.973756061168388,5.66023062894563,55.6102309836314,20.8177858787336
6,2,33,2,8.65125858772385,0.202225077886808,0.179232268128544,2.32770198187795,65.5046712876559,7.99894032013193
55,5,30,5,4.64236027514399,0.121973106728167,0.643309156876057,6.3550785276805,32.8978339250546,-11.5597724670391
34,5,23,6,3.2250002763934,0.130288137355819,0.284514896338806,4.06548577818977,34.9838942021478,8.24229168828781
23,2,28,3,6.64512056343622,0.118872535237768,0.238049472449347,2.08527784003395,46.3385469704471,14.9288838557404
35,4,35,4,4.68632392146818,0.490328408291048,0.39770891983062,4.34959678654026,31.2017446196133,-5.21897077804948
40,4,31,4,3.5451656259857,0.322805865191597,0.353666985873133,5.45529207025714,57.2399345973051,26.7650295246479
23,2,32,4,2.32991403151435,0.209201679338772,0.46676130220294,1.46425005714591,48.3522728447685,5.12062920352865
6,0,25,3,3.84835338212884,0.0696645816788077,0.542728375410661,2.7602966698249,45.7776635244891,-5.30426941432485
7,4,29,4,8.41264972653587,0.0363362468779087,0.0414554222952574,4.01486771494009,27.1724516488207,-3.81843586059569
2,1,29,3,5.01262443565081,0.0343705899859724,0.220375785371289,2.57635722267587,53.2163044960027,16.5896984311185
90,6,37,4,0.4320527417377,0.416146637850857,0.930385740939528,5.48975493840583,30.001807877343,-20.8355947052128
1,0,17,2,7.78942323253967,0.0200041804928333,0.229823688976467,1.48931229413421,30.5705085251857,23.4885823755308
83,8,32,7,-0.213201386030643,0.515814385355866,0.669674823526293,5.98865694622887,14.7189534682186,-5.33386896855115
1,2,17,2,9.83593896279131,0.000708402367308736,0.0401878952980042,4.29997411190728,62.8386505201608,34.0412632050025
87,6,35,5,-0.17323815616992,1.04836225969003,0.986544609535486,7.56118457222687,26.3108384014349,-10.245376672713
34,2,31,3,3.90644645857717,0.0918207697012106,0.643438227009028,4.72128522712476,41.5338673499126,-13.2333808878222
59,5,26,2,6.09393596615941,0.0444080282468349,0.480155554367229,6.00463338947547,46.2504567104391,43.7909409181494
36,2,33,4,1.23717852019684,0.371198665329671,0.657415570924059,3.76461289588352,48.3525633946737,9.75994309957633
11,4,33,4,5.56572676538619,0.0526196751743555,0.00450812978670001,2.54958907528681,26.4415428961355,11.1230637960689
7,4,31,4,6.31939197775887,0.0821761930128559,0.105347103439271,6.64995398436341,45.0185409821229,-15.9306301702074
72,7,29,4,7.32838034153968,0.208947476454753,0.620584309566766,4.9167041722304,32.1743248695902,13.0971908643962
6,4,24,5,4.33306168323534,0.0151552404450348,0.103491715388373,4.87331204259914,28.4590253345127,10.9053742520622
17,2,21,4,2.62841685385574,0.0636708264937624,0.403248275863007,4.37145716291348,41.5626825696296,5.78958508094571
25,2,27,3,6.50827947241514,0.291280302441421,0.680021580308676,3.10428557213334,55.9457823292784,6.87762961261569
95,8,34,6,2.11795367793437,1.21473196900016,0.955575821455568,5.13826548051495,21.9410382270216,-29.7055990241863
99,9,31,3,6.95367077094465,0.300800500427115,0.72054592333734,6.74916713152714,42.7067572432338,19.4419041416365
59,4,24,3,6.18859176318074,0.336470572733063,0.804560382850468,3.64830793729882,28.8626073630323,15.5877178533999
80,5,26,3,5.25332018626048,0.288164446352723,0.701946408720687,4.29276590579362,21.5660281364132,26.9484040168994
52,5,27,3,11.0514292723524,0.170658071292564,0.602951172739267,4.65155020355132,53.2548607745505,11.890160401998
81,8,29,3,6.65173198509102,0.0987744085723534,0.430185209261253,10.1785471523315,40.2711752417035,30.0497118332021
45,6,27,5,9.86273986450246,0.343508837035599,0.714734639041126,6.16172413395306,23.5133311800433,-7.39222501454823
37,5,31,4,6.1452882103229,0.175965653239469,0.660660656401888,4.10754435238203,26.9605496978783,0.433517882001281
15,3,24,6,5.98606542416929,0.0561227230355144,0.203504118369892,1.80885364036129,18.1536802943857,4.50918432823143
83,5,38,2,4.96727955667256,0.546822456145817,0.96776983840391,4.96927844373854,31.2231195092195,-0.909026550567818
33,3,24,2,8.39649380940639,0.0304121463559568,0.379387054592371,3.78466892509844,55.222625669965,32.1937941031151
48,3,32,3,3.25812133300883,0.226219660359177,0.536345177330077,2.93903002823928,53.1803418225007,1.83661944355607
4,4,28,6,3.6072880812598,0.131148136337288,0.0315436848904938,2.67926023093707,42.3996349686344,-2.75534750004427
97,10,29,7,0.235201918793899,0.271364254167977,0.500214077997953,5.49590709262111,33.7002504861054,20.2295186189964
3,2,27,3,4.68370460883584,0.0437044324353337,0.0542224533855915,2.80671796851147,34.2209350897089,10.7957628568675
58,7,25,6,4.18277947905994,0.123001063824631,0.451349439332262,4.26758669513176,24.5250415307737,1.91458243821575
69,6,39,3,4.43069785549861,0.599926844673389,0.772063612937927,6.97057831393658,63.4374900591549,22.9811488578222
69,4,36,4,2.09271005363827,0.699548078903315,0.987120475620031,6.48696438484613,33.8572035790095,-14.7844362390113
43,5,27,3,5.56610668971985,0.0587897119712654,0.325763056753203,7.90119369471239,43.1752080246911,19.8827206863342
12,3,28,2,6.79857179491368,0.0170808862894773,0.015698526520282,3.56612422052326,35.3488314501657,33.8193868057451
98,7,40,6,-2.15107888766244,0.6029604836052,0.908516607480124,6.90256267051639,35.815218194845,15.8084364711944
20,4,35,3,10.043013582644,0.0779880478512496,0.108297801343724,4.60909397520315,58.9850643940881,14.4411930574352
72,5,31,2,8.34387303135134,0.125932910409617,0.474356448976323,1.99844940767968,31.4360379506557,35.5214018750318
70,4,30,3,4.50407875859591,0.594895355837578,0.854101681848988,3.50228021133604,64.7816731458528,11.488834149922
77,7,36,5,1.20488070672206,0.204164983228523,0.569625423057005,8.13555842440884,30.1384811968496,12.6652623162762
42,3,33,3,4.02286722328375,0.376284807462766,0.50161670288071,3.65261218355014,26.1787477686979,2.48053182015754
81,5,28,3,6.9883860464737,0.427762111627913,0.991146777989343,9.28017573254494,72.5563336268544,10.6349291111863
49,7,37,6,2.18090557813433,0.393536178374148,0.225209432654083,4.75287430919762,42.9727234508938,16.2975786455477
48,5,24,3,8.11666358083655,0.0414269008906558,0.253924776101485,3.54323551905383,27.1127456245994,34.4733592427311
17,4,24,4,5.82185328218035,0.0336085831513628,0.0490381680428982,4.68074203763244,36.1599386937419,6.8396777647734
76,7,34,6,3.77364859252787,0.618294756362373,0.957571094622836,5.77591299856947,27.4610319037605,-15.8803797460143
0,1,30,2,4.23705353593349,0.00687998929060996,0.0578084231819957,4.36237778201705,64.8003436297471,15.4992025499852
40,6,32,3,10.9876101614345,0.341931497900489,0.510120501508936,9.75088976801121,53.7200847680454,-7.78429871108954
18,1,29,4,4.00273147995673,0.31365222087011,0.733288634102792,2.44682496197352,43.2522171561393,6.26407339787763
18,4,27,6,5.88359762106585,0.14588776580058,0.540855997707695,3.38764892915135,48.4936855677916,8.78512351425244
4,4,33,6,3.82197368627421,0.246474272328171,0.10545935598202,4.54862643948174,32.5906790448966,-15.5809883428132
15,3,30,2,5.6758306298676,0.0203576154891923,0.0331402383744717,4.40326750889514,51.3051717006763,26.4725602228111
19,2,25,5,4.47637269514203,0.0960653434740379,0.430094502167776,1.3330444392844,49.2489272527116,13.8482893283367
97,6,27,3,5.74709506285675,0.765183148782016,0.990949767176062,5.14937162124285,22.2080972583526,-9.31281347923826
46,5,26,3,7.19001272621449,0.281753010338846,0.607971624005586,5.13811928210988,50.3881668039126,19.0321393953036
31,3,26,4,4.77661864291373,0.0900158502627164,0.292251334991306,2.20133250991955,22.2997007889197,18.3271216022825
20,3,32,4,3.76320735327737,0.410957288907325,0.377790635451674,2.88409543474325,34.3755192410406,5.51430908455145
77,4,27,4,2.94996001899684,0.513952657559371,0.965064843185246,5.46290957102777,28.1838680952706,-17.6812174473733
23,4,30,4,7.21491044357534,0.111599252209999,0.355007572332397,3.82211621077423,34.9915356902039,-4.98091232127676
59,6,32,4,4.65133653338169,0.350324575005085,0.632584956707433,9.89260915824414,42.2010030522296,-2.48225356615141
90,8,34,5,3.36713759382518,0.468485038706517,0.763177415821701,7.03753943619377,41.1896792792459,6.66115566454562
62,4,31,4,2.39275295551601,0.276323583665046,0.833727387478575,3.81331621495957,46.3899651674368,30.5330969647567
18,3,32,3,6.29162006427087,0.0420277701508477,0.0731217483989894,1.77113486284565,33.5900602162032,7.66784779684787
8,4,25,4,6.72052197156348,0.0117196821295796,0.00630330899730325,4.57769978689187,40.0263219212123,13.0867378466254
3,0,26,4,3.81634752900953,0.0665855488041416,0.533600894967094,2.50814362117002,33.9037617913134,-10.1871113069879
46,4,26,3,7.73411502088901,0.0986868339043113,0.6187273634132,4.23189969128688,48.7420468541837,18.0566669756941
82,9,29,6,3.7927533831625,0.161558635998517,0.529144933680072,9.81544222166248,49.8980814628274,9.46888618346326
56,6,31,4,5.24878526378125,0.258309370108326,0.323141325963661,4.50187800594875,26.287092334821,13.1353192019004
91,9,29,5,5.06503494436221,0.202130821345516,0.751341103808954,6.97273180515413,38.4058414884797,22.6505740167114
80,9,27,7,6.06085485927824,0.574863999692858,0.951209178660065,8.65643650580221,24.8492884001473,-22.7326130757443
27,5,24,5,9.31950139085671,0.0333319829078391,0.0780549354385585,2.57361135040387,21.7644596156788,-4.88008912220229
12,3,24,5,3.35410147796156,0.0128657886525616,0.0111829545348883,2.27336056505173,48.7103649592112,15.003640422528
46,7,24,8,2.85625370186665,0.306409951521757,0.475256123114377,4.86853389074859,17.6044830014471,-3.76748584520304
42,4,25,4,3.09286783416367,0.1298730293056,0.531218057032675,3.1936085781371,36.3352388816556,23.950431679086
46,6,28,6,5.5032355276713,0.486521493622518,0.769494962645695,7.79731101807361,35.0998506049775,-22.9626323783074
5,2,26,3,6.76630132279434,0.0370723984669894,0.135407416149974,4.29954185931777,53.375063725418,18.6629303782677
80,4,34,4,-1.49725777440866,0.521200629589556,0.838281048694625,2.47591354305106,27.0944347853923,9.02052098548792
52,4,24,5,3.62507205716971,0.304295572684943,0.842512391507626,2.55055601463362,21.1979135641454,-2.26838840764025
29,3,27,2,10.3299421324881,0.249797373766753,0.810256551718339,6.54965257209297,63.5913645709602,-1.10910876661026
78,8,31,4,8.33517758624378,0.417456860633051,0.900581437861547,9.47008922795816,36.3181983802421,9.64139841431778
97,10,32,4,6.45022824333481,0.0979559635743499,0.287032115040347,7.50314967749364,50.9241978988766,33.3585492692099
91,7,32,5,0.760819472679374,0.592686526911491,0.830561114475131,11.2640532027964,28.7201961891471,-3.23040479613091
28,3,24,3,8.06986972443164,0.0826904372560778,0.571106587070972,5.65887552442511,35.8599217894858,8.43004293846097
37,5,26,6,1.24674240784185,0.0518493924755603,0.178368178429082,4.19403610814356,40.4817134327092,12.2579291528162
32,5,30,4,5.41169065779899,0.222760832159522,0.344270747620612,7.09325258330845,42.3340134672206,-4.53569711869661
88,5,31,2,4.96233375592735,0.349310636499381,0.765821883222088,5.70553504273204,51.7197780008509,40.3520292402942
86,5,38,3,4.27936503381598,0.892532979256787,0.975151966093108,6.0394391162721,57.7648611482655,-5.23707057128725
46,7,31,5,5.86769753154891,0.37894769523055,0.628960864618421,10.647432148244,32.8887141125129,-17.2909872250506
26,4,32,4,2.1331680542271,0.139750098111108,0.247627622913569,8.27020484991104,65.3453857876095,18.7633459582294
84,10,31,6,7.13344218329702,0.519681636223054,0.691709431353956,5.88313103592264,19.7430913932236,-14.7430645106894
85,5,33,2,4.13874038265231,0.470429059562689,0.84113832633011,6.86127754879953,41.5368339563874,20.1221256010745
57,3,30,2,5.59199208220528,0.130045380395553,0.44345393916592,3.54606110847291,68.8719474649936,40.217017444379
20,3,32,4,4.91699007827907,0.120071665616706,0.112840743036941,1.20463552159111,55.6471076744452,7.35461649279369
70,4,29,2,4.30610247269429,0.307665572025555,0.847841569455341,10.8445094460431,54.0668875782748,22.2077632421157
27,3,33,2,8.65051073193998,0.123576504178345,0.252113483380526,3.86180155313511,50.880367331533,16.5261786936463
94,7,30,2,10.5965534364747,0.548220923604602,0.964652145514265,6.00737457643558,38.7182317522721,12.6111983004568
14,1,26,1,9.38270281291653,0.0292784235207364,0.381768353050575,2.01776138546433,45.6064912467975,17.1126296457131
4,2,31,5,0.123451383362735,0.098391227889806,0.122313400963321,3.76312097804449,43.5532093317033,-4.77455503496284
41,5,34,5,3.66021456487477,0.277442122333425,0.65313684544526,4.0172494416881,38.5606508305417,-17.0257141664992
71,8,28,4,9.1182538636001,0.317025210697877,0.654122449690476,7.69453401468635,35.67791253616,16.2783721482339
26,5,34,4,8.82022678474227,0.172878682613373,0.089099548291415,5.88580287800293,32.8345736367109,10.8963340181585
98,11,27,6,3.66595150059188,0.244164978609163,0.525285601848736,5.7462121408721,10.2540401763527,6.78158486527102
76,9,40,8,0.471938421981801,0.924070887943936,0.531963213579729,5.30933177155934,28.9818983853745,-18.8473823407926
71,4,30,5,-1.99127732863831,0.784608868840051,0.856361553072929,3.74540436021597,16.2876134294461,-6.36992376160137
63,6,31,5,1.85954887037648,0.1508631616598,0.413898235652596,5.51782404187214,41.6123654159824,22.631516043772
89,6,36,3,4.18333992966637,0.545935901316128,0.780804864829406,8.97397135055698,52.3188620187075,27.3110312601528
90,8,29,5,5.75475552801412,0.202113411316596,0.684921600623056,4.60499938233382,23.3077134950526,20.6734472921826
72,6,27,4,5.58698138503907,0.133496815338731,0.79738032608293,5.65622371775738,42.5561365268742,17.4655207654893
38,3,26,2,4.81573263343704,0.0468137032585219,0.360339136095718,4.61948747788074,55.2051727804107,29.6258458084492
8,4,26,4,8.06903426677917,0.014602547744289,0.0706863927189261,7.37341301213381,31.132295944196,4.64698848323567
78,5,30,6,2.2146488684169,0.7468292787251,0.932755584362894,2.5953457507441,21.6278277108944,-14.7682448747745
41,6,33,7,2.6872047011539,0.230937675616424,0.285108925774693,4.17616947862767,46.3225119728289,-1.27027771252163
83,8,31,6,3.37625268131257,0.408440576379603,0.852019146783277,4.68559188467601,34.2618971810365,-0.725390736025316
67,7,28,3,10.8923239182893,0.125383507926017,0.584981298074126,4.6207238870734,23.4762310008202,12.4833478486982
31,5,29,6,4.06804558786755,0.073821698082611,0.0452103933785111,2.52687511406872,31.6787304192983,15.2959101357356
48,3,33,2,4.29105124432119,0.299652805308554,0.624946668278426,4.79085612288798,36.3815084476942,-5.47750290185629
99,7,36,5,-1.21463381391789,1.9446998782232,0.944620883557945,5.37084465033931,43.6223846407668,14.8971095205561
20,5,30,5,3.93084448301138,0.152944661560468,0.0899750937242061,5.73530289654365,47.6643123254072,19.9907147353579
79,9,37,8,0.379065150345369,0.922669131415915,0.746464957715943,8.08357707727827,27.7377149523733,-21.5399715275925
40,4,34,4,5.92371536951354,0.508204658960408,0.543802029220387,3.4688773166811,46.5617087162669,16.4895763106527
30,3,26,3,7.54787194759795,0.144663160783239,0.715180479222909,4.96549331099066,35.9955052392607,12.8898924883146
32,3,22,3,7.19171186526873,0.0967862773686647,0.750528434989974,4.7239059618317,52.0972200504138,19.3472648069825
85,5,26,3,2.50492603386865,0.293287595956329,0.755970504134893,6.65941747423451,31.462763304446,7.23857231925713
95,9,34,4,6.49436698240927,0.880870946108817,0.841153002111241,5.92671597361845,39.3567137874799,-1.39820318649568
0,3,29,5,3.17914762622539,0.0872907807352021,0.0445905465167016,4.51047313285652,53.0636310823453,11.7505247529698
30,5,24,5,6.82472583629238,0.0564997416222468,0.256012088619173,6.74469088314984,44.9475753855568,9.26530118637672
62,5,32,2,6.15427173681055,0.0612256382496033,0.385001193964854,5.78290291365161,46.9557073114621,5.89308419085328
