K:10
N:1000
Gap:1.36256801688896
Rho: 
1 0.8 0.45 0.2 -0.3 0.7 0.75 0.5 -0.3 -0.1
0.8 1 0.45 0.5 -0.1 0.55 0.4 0.6 -0.4 -0.2
0.45 0.45 1 0.1 -0.3 0.6 0.3 0.4 0 -0.3
0.2 0.5 0.1 1 -0.5 0.35 0.1 0.1 -0.5 -0.45
-0.3 -0.1 -0.3 -0.5 1 -0.4 -0.3 -0.1 0.2 0.2
0.7 0.55 0.6 0.35 -0.4 1 0.8 0.45 -0.2 -0.45
0.75 0.4 0.3 0.1 -0.3 0.8 1 0.45 -0.1 -0.3
0.5 0.6 0.4 0.1 -0.1 0.45 0.45 1 0.1 -0.2
-0.3 -0.4 0 -0.5 0.2 -0.2 -0.1 0.1 1 0.4
-0.1 -0.2 -0.3 -0.45 0.2 -0.45 -0.3 -0.2 0.4 1
X:
48,5,32,4,3,52,9,29,6.34882875012806,0.117132471408695
91,7,31,6,1,96,14,33,2.16901407334151,0.00174449015890444
5,4,29,5,1,30,5,29,5.01009668981686,0.128310652915388
70,5,33,6,1,78,11,29,4.60557064900492,0.123400246840902
31,4,26,3,2,26,8,36,10.712074813772,0.29045167354748
54,4,25,5,1,39,9,23,3.02383092495756,0.120172530296259
67,6,33,5,1,69,9,29,5.82316120687438,0.439088415799147
50,6,29,4,2,65,7,29,3.68958840335916,0.188748867240477
18,4,28,5,2,63,9,32,4.56813468251679,0.00489995726634796
87,5,31,5,1,88,14,34,8.31527405240542,0.0942975812358782
39,6,24,5,2,21,5,28,5.60228618351313,0.534140661049764
15,5,26,5,2,1,3,29,5.15499290483002,0.265895536158907
65,4,31,4,1,70,13,29,8.93215148316828,0.0902277528821882
26,5,33,5,2,35,7,27,6.28719640609364,0.050143395550549
47,4,27,2,3,19,9,32,4.85067828399462,0.067669336861003
66,7,30,4,2,30,6,27,-1.20340463354758,0.260084275378588
24,2,30,2,1,19,6,29,11.7503266917126,0.652426797861073
21,5,25,3,8,3,5,31,3.41427474610761,0.24771108290993
2,2,23,3,4,6,5,24,9.2801928486035,0.624044490480954
11,5,32,6,1,11,3,30,4.14071780009728,0.179472722335461
96,6,32,3,2,90,14,30,10.6807113798075,0.198432775669473
87,6,30,3,2,41,9,25,4.96163610355347,0.801394481169892
16,2,28,3,2,12,8,28,5.71141020293566,0.0160661336267367
1,3,31,4,1,4,3,32,7.36419070426142,0.0508222753414884
36,4,22,5,1,48,7,23,3.4075804232845,0.542477170365273
15,1,31,2,1,5,6,30,12.5572462121403,0.228066702364805
86,10,36,6,1,92,11,49,5.01449190074675,0.0279269342628767
57,4,23,5,1,39,9,20,1.72977338142617,0.488715694730586
71,7,37,6,1,98,11,38,8.5677278353815,0.0916200777282938
41,3,30,3,1,61,9,25,9.18514884217641,0.29090417222001
98,9,27,7,1,58,8,29,-0.94676507588605,0.0956985840982873
15,3,28,2,5,18,5,27,6.89962107888416,0.0956176115432754
92,6,26,2,3,72,13,33,3.22380316654869,0.0686417249962687
3,1,31,2,3,29,6,25,11.8516643664643,0.453511014559722
4,4,30,4,2,3,2,30,4.73322783308097,0.045811458196279
67,8,26,5,5,35,8,29,2.66600410625255,0.119770869263448
58,5,32,4,1,61,7,22,-0.0399031402201526,0.246257635987106
40,3,34,1,2,54,9,28,11.4366898150974,0.610039267191821
23,6,33,7,1,61,6,29,2.66742724245793,0.00496056512929499
21,2,22,1,5,1,7,27,6.00715102150073,0.706883677561534
43,3,31,2,3,73,8,26,5.93095653747504,0.193095471848061
94,7,29,3,3,77,12,34,3.29538196634716,0.127080372096364
76,6,36,4,1,72,10,28,3.91385085696964,0.14096723718103
10,0,26,2,1,7,6,26,5.68680766576063,0.175836777839783
35,4,23,4,1,22,6,26,2.75138847808289,0.440605329328632
10,4,29,4,2,30,3,29,7.63267119869752,0.439526906681663
49,5,28,5,1,24,9,29,4.52100800622251,0.107454309007153
4,1,23,4,1,2,3,18,3.39521968010259,0.250088416029441
71,5,24,2,5,46,9,26,7.84673592809836,0.435412189902222
13,3,34,2,2,13,4,31,10.652117242591,0.226384717727754
38,3,30,3,1,58,9,29,6.26866327260287,0.189514844429214
71,5,26,3,2,72,11,31,4.18761685843699,0.33907428033531
8,2,25,4,1,22,6,25,2.65200121484634,0.0370822352860984
84,7,33,4,1,97,14,36,8.64818135308628,0.155379629926756
46,6,36,4,1,42,6,34,5.65819471551363,0.0988617723342031
37,3,24,4,2,57,9,24,2.88845902758284,0.0353701119175566
24,6,35,4,2,7,3,34,5.3123249549307,0.306723925485915
57,5,36,3,3,58,7,25,4.88301095264032,0.185064201699086
21,4,23,6,2,28,8,25,2.46364288723468,0.0632481202483177
64,4,30,4,1,73,11,28,3.03269583563349,0.0155140680027889
95,6,29,5,1,93,14,35,-0.214112116655879,0.113183187870505
55,6,26,3,9,61,9,32,6.33239304188584,0.424094481838352
67,5,38,4,1,84,13,31,1.3017790916145,0.021933685255108
54,5,34,5,1,43,7,28,6.79385310625054,0.465195796897119
45,7,26,6,1,43,8,33,-0.571130543862747,0.0391339409029724
39,5,36,3,5,51,7,35,11.6052133949311,0.22614244509276
95,10,29,6,1,91,14,41,4.65502292776818,0.138936782022938
66,4,26,5,1,93,13,26,1.82093170193113,0.134117912292471
12,3,33,4,1,68,7,33,9.20979785280017,0.0396041877102107
60,5,32,2,2,19,6,26,5.27676906715472,0.817242961334896
48,4,24,2,3,36,7,28,9.81742884885963,1.00595134631136
59,6,31,4,2,63,7,34,7.71129809032666,0.461635289227074
86,9,30,7,1,93,13,32,-0.632045929060682,0.0142556715290993
90,6,37,4,1,87,10,29,3.60885490978431,0.48058556015009
93,8,28,4,1,31,10,35,4.21760210817721,0.110236868145876
5,3,26,3,4,27,6,32,7.31107628870048,0.0946183239575475
81,6,29,2,2,28,10,34,10.4977003751266,0.517726379891342
8,4,22,3,8,14,6,35,10.554323385534,0.175124215650114
62,4,23,5,1,44,7,24,2.72974222627796,0.31854503856853
33,5,32,4,2,55,8,33,5.34149359328732,0.024627001141198
97,10,32,4,3,65,8,32,0.0586458731464425,0.137409732793458
91,8,31,6,1,69,11,30,5.26952415812036,0.207298660007907
33,4,27,5,1,74,9,26,2.65380567740537,0.00596640515141189
70,8,27,4,7,39,8,33,5.50225260990282,0.785880129742336
18,4,26,3,8,9,6,26,7.83347108893803,0.39863487202223
15,5,24,5,3,27,4,25,5.02211430601787,0.709411212732798
70,4,30,3,1,82,11,29,5.68098292814252,0.412388410398221
24,2,22,4,2,14,8,20,2.97809078713489,0.117172689293511
20,2,28,4,1,50,7,30,6.16846361850409,0.02842823183164
22,2,28,4,1,37,9,26,3.57623545791818,0.0789611069284726
70,7,31,5,2,78,11,32,4.22224159540938,0.208978357155727
62,5,29,3,2,27,9,35,5.00290352610613,0.0662524393898755
65,6,25,4,3,58,9,31,-0.301769229033024,0.262130410632792
37,3,30,4,1,61,9,29,9.48850888555593,0.436153648865825
40,5,35,4,1,67,6,34,2.61831149258141,0.153051685425453
2,3,33,2,9,4,3,23,4.14254983469466,0.130280566782652
30,3,27,3,1,18,6,25,5.50105582335351,0.23984313289516
9,5,31,4,2,4,3,35,10.5302690847142,0.518698295091695
51,7,34,4,3,44,6,31,7.17181366338247,0.123610580805689
15,5,25,5,2,5,5,28,5.37688527693384,0.639343597429031
61,4,35,2,2,38,10,32,10.1023401679976,0.356242568151867
61,4,32,3,1,70,9,31,3.40210383139884,0.316718338046897
65,8,29,7,1,25,5,28,-1.29856957810938,0.128460537490153
53,4,30,4,1,27,7,25,3.20644870282118,0.0821644004900008
43,5,36,3,2,42,7,31,4.53045788943024,0.268060092105272
14,4,29,6,1,24,6,30,3.43719612087061,0.016430375748314
59,7,26,6,1,29,7,28,1.5773457156914,0.0439596821580616
89,8,34,4,3,59,9,30,6.30754600600892,0.110899520572275
10,5,23,6,1,12,4,30,6.14511224913485,0.221206546983424
47,3,27,3,1,16,8,27,8.06688371712345,0.512890966588116
1,3,22,4,1,0,4,29,7.51951521102057,0.143299840856344
48,5,24,5,1,23,7,31,1.26720809914005,0.0373925931053236
30,5,24,4,6,16,6,28,3.15028082865363,0.230808065346023
39,4,25,3,3,4,5,24,3.30846142133648,0.153370979358442
50,3,29,3,1,20,9,29,2.51641484746836,0.29586343326487
99,10,45,6,1,94,10,29,-1.3832906802587,0.0999979669213912
15,3,33,3,2,6,4,27,5.66174433568372,0.0728804901009426
58,6,26,4,4,33,8,25,-0.771254481852907,0.104962533456273
85,6,25,5,1,74,14,28,-2.12345525119524,0.0607813852191498
38,4,33,3,1,52,9,28,3.31921679786135,0.0455273713450879
44,5,35,5,1,78,6,29,1.22509649504703,0.103247764054686
10,3,24,3,2,18,6,33,12.6424073427568,0.367682727514936
51,7,31,5,1,16,6,33,1.6218674504601,0.0128818481462076
13,4,23,3,8,20,7,33,10.2689239441392,0.45541470076651
47,3,24,5,1,19,7,24,4.65788437468143,0.498156751950687
97,8,30,5,1,69,8,31,1.73842697662123,0.322945515381846
70,4,35,4,1,84,13,32,7.71784794074271,0.407801005872539
34,4,28,5,1,41,8,27,6.09061280744634,0.163641577586532
78,6,29,3,1,20,7,29,2.63767350115759,0.142208377248608
5,1,29,3,1,34,6,24,11.3170853025021,0.189348452015522
11,1,29,4,1,16,7,19,2.01536208000701,0.0290490498300642
22,5,22,4,3,0,2,29,8.70366663315301,0.79110686598432
9,3,26,4,2,18,5,20,1.86926587402957,0.00668310944456607
29,4,33,4,1,50,7,31,7.26279427039491,0.430280923822379
57,4,29,2,1,37,8,31,7.90000524229558,0.13269496592693
34,3,25,4,1,16,9,29,7.39084164341585,0.0393397405277938
14,3,28,3,5,31,5,21,2.04545912819003,0.0880991775856328
68,7,27,4,2,23,7,35,2.83807611680193,0.0936736697331071
72,6,27,3,5,74,12,33,2.46134842972756,0.173713848217133
6,4,21,5,3,20,6,30,4.41537912908192,0.0432548238895833
82,6,31,3,4,54,10,28,3.61137889401608,0.280110705400559
27,4,28,5,1,12,5,27,0.455381506274031,0.0969115073094144
72,5,30,4,1,79,13,30,3.09344492674332,0.131287498632446
79,5,28,3,1,65,10,32,0.968659582177801,0.428770426639772
60,6,27,7,1,83,11,29,-3.56160310410957,0.0113569381393955
78,6,25,3,2,47,10,31,0.561120661592212,0.219872442529279
38,6,36,3,4,25,5,34,2.09870411110579,0.0995242778444663
88,7,28,6,1,90,14,32,3.59033402152943,0.309448620293963
57,4,28,3,2,51,11,29,3.04884582469,0.0801359337056056
98,12,28,7,1,90,13,36,-2.21638084988814,0.039969694102183
95,8,29,5,1,95,15,40,7.36028566374121,0.167440825141966
99,6,38,4,1,99,13,29,6.098471022156,0.366850986590093
55,6,36,4,1,46,6,30,2.42477333724226,0.185232654203403
88,7,34,4,2,81,10,29,5.57089765665207,0.550018636012608
10,3,21,3,2,1,5,33,5.40156735619987,0.426608091237926
96,10,31,6,1,80,9,37,-0.305056258620501,0.0263198065866279
55,7,32,6,1,65,6,32,5.39737532439747,0.188179248617469
41,4,33,2,5,45,7,25,4.47139324363336,0.227118561732325
77,5,34,4,1,96,14,33,2.9856342075229,0.0494516707258299
26,3,32,4,1,46,6,24,3.44097523439892,0.0365326553591301
46,4,32,6,1,48,6,25,4.37376394765112,0.165070036775433
78,5,27,2,4,49,11,26,0.579213602943264,0.113437877542393
25,5,23,5,5,32,6,28,2.02209329693529,0.19312616692737
0,3,32,3,5,22,4,27,11.5197396422349,0.318551584136415
13,2,28,1,3,2,5,27,5.71424492904893,0.289536308719519
95,7,28,3,3,64,13,33,2.5831651210805,0.370197161338151
2,2,32,2,1,13,3,26,3.64492026076084,0.25087201896936
82,9,35,5,3,97,11,37,2.39953990266821,0.0341240844757112
77,7,31,4,1,59,9,34,5.24921859710379,0.56863772353732
41,4,32,2,3,42,8,29,9.23503814019373,0.411753687986589
86,6,38,3,1,87,10,30,7.46432433126941,0.254526689638126
84,7,29,6,1,97,17,36,4.95862503450432,0.01143161021173
94,9,33,3,5,86,12,39,5.98697516499458,0.0774560413556173
68,4,32,4,1,91,14,27,2.98547866372623,0.0213744500936492
71,7,41,4,1,64,10,33,2.16852840194012,0.00447028770577163
90,7,32,6,1,97,16,33,2.50063230092693,0.0221158725919613
5,1,27,4,1,56,9,30,5.1773837745914,0.0866999216515043
28,2,21,1,11,13,7,22,7.90413546695031,0.812312191310239
24,2,23,4,1,55,11,26,5.39348294634104,0.262108536426652
50,5,34,4,1,88,11,31,6.32671045088323,0.00675592210609466
89,10,29,8,1,85,8,34,-1.16595066233645,0.0822374406197603
38,5,32,4,2,61,8,35,4.24052753169628,0.0289778222614345
95,11,32,5,1,85,8,35,3.6340583583933,0.149848747299984
98,7,37,4,1,99,18,36,5.15418224060341,0.03549473953899
55,5,36,3,1,42,8,32,9.11871972630786,0.615751389848226
1,3,28,5,2,36,5,27,3.06813940518135,0.00283820426557213
70,7,33,3,2,61,9,33,2.84499314912379,0.175442503289062
30,4,22,4,2,9,7,29,9.37922730132334,0.157079242402688
26,5,24,5,2,44,6,29,8.66331476212944,0.161865544272587
65,5,27,4,1,80,11,30,7.85670210955113,0.375767737878922
35,5,34,4,2,55,5,30,4.99352936780397,0.0368227893295346
26,3,21,5,1,12,6,18,-0.279787282642369,0.17764570795812
38,6,28,4,6,13,7,30,0.25884241491893,0.0872403472894803
81,9,35,4,2,45,8,36,7.84591898276118,0.38903908378759
97,10,27,6,1,72,8,34,4.13256474834278,0.255419248704541
74,8,36,5,1,98,10,32,-0.970162040328039,0.00995868619065732
46,5,32,6,1,58,8,27,1.84020209085141,0.0807833895087242
54,6,24,4,2,44,6,32,1.19942664996906,0.416310119421637
99,6,28,3,1,77,13,35,5.17362080551285,0.261511930486861
7,3,27,3,5,25,7,32,6.21046578682196,0.0307530499994755
19,2,31,3,1,38,8,33,11.8297835684093,0.298730990838933
57,6,31,3,3,60,8,35,2.96701995774924,0.119949965388514
50,5,32,2,3,44,8,34,7.00628706472177,0.165809849975631
53,6,30,6,1,32,6,31,4.77256457160155,0.115610528970137
0,2,21,5,1,7,3,20,5.01494680181075,0.889314185571277
59,4,34,3,1,67,9,35,5.21449345215414,0.0784860490821302
80,8,29,4,1,78,9,37,4.56420271692467,0.0679156385594979
28,3,33,4,1,80,11,29,8.1557266012027,0.200774331100959
91,7,39,4,1,90,12,30,4.91537841198258,0.153725900221616
1,3,22,5,4,1,5,24,8.66892832203371,0.170309788663872
80,9,37,7,1,87,7,35,3.83587829184924,0.0947650148300454
66,7,27,5,2,77,8,31,5.85825070511772,0.412747645729637
59,5,27,4,1,49,9,28,7.13170378590961,0.453955629353827
47,3,31,4,1,77,9,20,4.89709198738671,0.231037341280583
49,4,27,3,2,57,10,35,8.88386430834745,0.0680073837283999
84,6,31,4,1,78,12,28,4.0692984515656,0.248429533549327
40,4,29,3,1,12,5,24,3.413053951939,0.592197206305498
90,5,28,2,1,32,9,27,7.55766439173883,0.973109272868367
72,5,27,3,1,49,11,36,9.68064190448979,0.906910312490415
91,9,34,7,1,98,14,48,2.17392906023799,0.00153703091915528
84,8,33,4,1,55,10,39,3.0024613458984,0.101136949262582
90,5,32,4,1,79,15,29,2.90870285983791,0.0522615204099566
14,1,17,1,5,0,4,15,4.34157270700144,1.16380966914104
82,8,37,4,2,62,10,34,2.16391922492884,0.0151184574933723
55,5,27,4,1,69,9,30,2.20757669565759,0.156105509961349
13,1,28,3,1,18,6,27,7.13530918010375,0.139192276983522
86,6,34,5,1,88,13,32,5.915529757534,0.0153067277278751
24,4,23,4,2,23,5,26,1.47676410691682,0.224922953810637
98,12,34,4,4,84,9,31,1.753883648093,0.354170137064016
38,5,26,5,3,38,8,30,0.938035441887553,0.0394881846150383
62,8,28,4,7,46,7,29,-0.258263126687659,0.182439316492741
37,5,29,6,1,30,6,33,5.28396088469889,0.0717507514380877
20,2,19,5,1,38,9,24,7.19844553217041,0.189271094260495
45,4,23,4,2,15,9,25,1.02410167050709,0.127687545493245
96,10,45,4,1,70,9,46,5.00025628831001,0.0287852896846575
71,7,38,3,1,85,7,36,4.8653351651162,0.29915577591278
5,0,30,3,1,47,7,27,6.98856895962948,0.0356091376161203
86,6,34,4,1,83,14,32,3.90826221341586,0.0248848871560767
20,4,22,4,2,25,5,28,3.80496031665433,0.104189735837281
86,6,35,5,1,75,9,29,1.08265331835677,0.0352672949666157
31,4,29,2,4,6,6,32,11.7694375660595,0.783506695139122
97,10,28,6,1,54,7,31,-0.634664323001503,0.15294328421397
25,3,32,2,6,23,5,23,9.40939895919098,0.454930840970433
9,3,28,3,2,3,3,22,11.534669862319,0.58934805560934
51,3,33,4,1,77,12,33,10.2853886080113,0.0890076884783734
22,2,28,3,1,51,7,22,8.62111698320205,0.444255734307176
85,7,33,3,1,67,7,35,6.91346836664545,0.501795738448805
11,3,28,3,4,23,6,23,2.94215453830139,0.197440508564753
76,6,27,3,3,25,9,30,4.72624360446609,0.104058810363504
12,1,29,4,1,63,8,20,10.2808629178013,0.206948590177284
32,3,29,2,2,33,10,28,7.35835731720947,0.146953812800348
21,2,31,1,3,38,5,25,7.42248234618633,0.313358190924603
20,3,24,4,1,40,7,27,8.25865633567323,0.251177980786863
2,4,27,6,2,62,7,29,3.5174138740317,0.0147304764250293
59,8,38,6,1,51,7,33,-0.373078251936347,0.0817876472515622
71,4,31,2,1,58,11,29,4.79737902740171,0.306899740583006
66,6,30,4,4,72,10,31,4.40202198873673,0.129804256488569
99,8,39,5,1,99,16,34,2.58031368818181,0.0101094791898504
46,7,29,5,4,54,8,33,5.41267716321696,0.145156031474471
87,11,35,8,1,93,11,35,-0.547802749294738,0.00229483668226749
67,4,34,1,1,41,7,29,11.0102714637968,0.631473924787251
11,3,28,4,2,44,7,28,7.0762987951103,0.0719454430509359
71,6,38,3,1,84,11,35,5.3625023869857,0.0351225500155131
76,6,34,5,1,96,13,37,3.47637379285227,0.0210441416442229
95,7,36,3,1,61,9,32,3.15796473276008,0.566265468661408
75,6,34,3,2,73,10,30,6.87659354884687,0.117162020062096
70,6,27,3,1,28,9,35,5.62769719184366,0.234229036829177
94,10,33,5,1,50,10,36,-0.770432018283374,0.0410497775301337
58,4,28,1,6,17,9,25,4.72533553109476,0.375627876496925
36,6,34,5,2,69,7,35,2.83823086275361,0.0430813927669078
66,9,32,5,2,46,6,29,0.709162497817275,0.0299953701905906
98,11,34,4,5,81,10,35,6.58750065399766,0.289589522628787
84,6,30,5,1,96,11,28,1.48961772122161,0.09790044437082
8,4,32,4,4,22,3,27,7.71472154641332,0.548453798037036
97,10,41,4,2,98,11,38,2.3428168152592,0.0203223575372249
69,6,29,4,1,46,8,30,3.61681174093266,0.31060337111235
28,4,34,3,1,32,6,31,6.71015694436757,0.455093828008926
44,3,21,3,1,44,9,27,8.33047697691037,1.08191530915521
87,7,29,4,1,54,11,42,6.57678897229863,0.10767330462113
35,3,29,3,1,83,12,30,4.79821557183415,0.0149918139371191
70,6,35,4,1,58,8,27,6.1389213379718,0.323619923543859
18,4,29,6,1,13,3,26,2.91335777549033,0.0947182809468359
3,2,32,2,2,34,4,29,7.18143755455963,0.0434709788097476
95,10,31,6,1,64,10,39,6.19942376681423,0.384663761106736
18,5,26,6,3,43,7,33,5.45344405762201,0.0292082645464689
75,8,27,5,1,58,10,36,4.06641644655916,0.237051109074357
92,6,37,2,1,63,11,34,9.11782615089373,0.14386402699165
40,3,30,4,1,18,8,30,6.22041523047369,0.263800730219784
37,4,30,3,2,28,8,33,8.75407381196385,0.32281800614551
3,4,29,3,27,4,2,25,3.36069727922585,0.0552285426529124
91,9,27,6,1,94,14,39,1.21290234569549,0.0022015082898757
7,3,32,5,1,33,6,30,9.6961988961857,0.0487816663226113
18,4,33,5,1,16,3,24,3.08109092916059,0.131004058742157
37,4,23,2,3,1,4,27,3.45486084926825,0.323552715115923
12,2,20,3,1,5,5,24,5.97347148126983,0.661399974921876
15,1,21,1,3,7,8,29,11.5496140685288,0.992966116819173
47,6,32,5,1,39,6,30,0.910422241372206,0.0805694424780086
73,9,28,7,1,77,11,31,2.39353625724841,0.011329070199281
23,3,20,3,5,10,5,22,0.16962071131258,0.120734810130671
72,5,37,5,1,99,11,31,5.58683245745961,0.0368883962510154
75,7,32,4,2,74,8,33,3.77507969237783,0.485159582437432
93,6,33,5,1,95,12,25,-0.954911340595889,0.0790990509558469
70,6,24,5,1,26,10,30,7.03117003347345,0.217133414688262
61,8,37,7,1,85,7,30,4.08324074217038,0.0455370791023597
21,4,27,4,4,32,6,29,6.40217813315979,0.0456174183636904
88,7,32,5,1,86,12,31,4.49716119957463,0.145128014613874
88,8,26,6,1,86,13,34,3.66345090484885,0.239164266606443
72,4,25,2,2,28,9,28,5.43344438535576,0.322223741550672
5,2,18,3,2,1,4,19,4.4182523163679,0.35271475787968
55,7,30,6,1,38,5,27,3.29851452507974,0.264672728244889
40,5,33,4,3,79,10,32,9.83134023406257,0.19861732570193
53,6,30,5,2,63,8,30,5.86453331828813,0.0468190726222968
76,5,38,2,1,90,14,37,9.08665011304397,0.241987304984334
9,2,31,4,1,45,5,25,2.22353792699019,0.112561463727616
66,7,28,6,1,72,8,33,-0.301055216812181,0.0216521099826678
63,4,31,3,1,65,11,30,9.11807473041465,0.123684678925201
90,6,30,5,1,76,11,29,8.03356528824163,0.188944644749838
39,5,30,6,1,61,6,22,3.31480224490502,0.0627824987758466
84,10,29,8,1,52,7,32,2.28645064993233,0.396591864039606
96,9,31,5,1,93,10,35,6.3238343632935,0.289677322133187
23,4,23,6,1,12,4,25,4.97528650239491,0.392717514631754
32,6,31,5,1,8,4,32,2.26038737944402,0.107125252769813
78,5,26,4,1,94,13,26,1.39186494363404,0.137624562995009
97,9,27,4,2,24,9,39,2.0549639839614,0.151640486903489
19,2,32,4,1,90,11,28,4.92226791881279,0.000990083091892302
24,6,29,5,2,10,4,29,0.503136273062473,0.0619961675256491
55,4,23,2,3,45,9,31,5.3835578621951,0.294276572287756
58,4,31,4,1,90,13,33,4.01873855607666,0.0970565314139523
22,5,24,7,1,12,4,20,0.0337369127909319,0.287623170985583
68,7,32,5,1,60,7,28,1.00541832701589,0.164027507184073
78,10,42,7,1,94,10,44,0.856727878181429,0.00837862554938287
54,5,32,5,1,30,6,28,-0.0768236439305703,0.070379062788561
98,6,28,3,1,91,18,35,0.776678324304048,0.121020308638368
22,3,23,2,2,17,7,32,8.91321316310418,0.271698049491945
31,5,28,5,1,23,6,32,1.89929585803778,0.141752286232077
56,7,35,4,2,89,9,36,5.15994506745156,0.00424940523225814
10,3,21,2,4,10,4,27,9.76402239243778,0.573281569466379
37,4,24,3,3,7,7,28,6.47117344746834,0.941036847490042
17,5,29,5,2,41,6,34,5.04072884267725,0.00855705281719565
40,4,26,4,1,23,9,25,1.92195256967542,0.0967009542509913
51,5,23,3,8,29,8,29,8.80716215454082,0.525261635426235
73,7,37,4,2,57,7,28,3.1102179002853,0.0596349107299784
82,7,27,5,1,91,12,32,6.17694456923812,0.191128557537425
28,4,25,3,5,26,6,32,6.95792877598191,0.152383738197386
70,8,40,6,1,73,7,33,-0.236986048689619,0.00451779365539551
45,6,25,5,4,24,6,29,6.94796703543435,0.372952014652497
12,4,32,3,3,34,5,34,7.12568798228817,0.321709958825934
92,6,38,4,1,78,12,30,7.31647963951368,0.20493824033879
3,3,27,3,2,24,6,33,6.59280779832327,0.079782119486481
36,6,33,5,1,43,5,28,1.46579940405996,0.140421654796228
98,6,25,4,1,87,18,29,3.95153562758877,0.242290680821681
75,6,27,5,1,90,12,28,5.25901999779734,0.302687129228118
85,6,31,3,1,60,10,29,2.34474554482027,0.138948675128631
44,3,31,4,1,84,9,28,7.57060170532605,0.59252699135446
25,2,27,4,1,14,5,20,1.47382575463606,0.113674841006286
19,4,25,5,1,19,6,36,4.17570444820579,0.0428498010151088
18,3,33,5,1,78,7,21,0.776519835405466,0.0276579967978223
68,7,29,6,1,47,6,28,-4.12696114960706,0.203770806425276
53,4,27,2,2,8,7,31,9.10344989455247,0.430533837506032
82,5,30,5,1,62,12,31,2.0428231037149,0.0214438034669216
25,2,26,4,1,7,5,24,3.01116808269547,0.169147423584945
71,5,34,2,3,92,14,38,10.033300792289,0.135876401560381
46,4,35,5,1,65,7,25,1.84995196001636,0.0582877303556048
7,4,25,4,6,24,6,29,5.66278725441678,0.0429886834463105
9,3,20,4,1,5,4,27,1.65040064312928,0.250685515083659
68,5,27,5,1,75,10,32,2.62408500566243,0.31038998857953
57,4,33,4,1,65,9,31,5.42066115744703,0.0700299220262511
29,2,22,2,2,18,7,26,4.09863039009482,0.51580847983942
77,5,25,3,2,47,12,28,8.63071226148247,0.184899257718328
51,3,31,3,1,77,13,30,7.94421913519147,0.0255776561168485
35,5,29,6,1,33,6,32,2.5955536769081,0.0267222649446209
91,5,32,4,1,98,16,30,1.83200960650608,0.00400728418104815
46,4,30,3,1,35,9,29,6.58112929062945,0.164356649620458
10,4,33,4,3,69,8,35,5.81775962877742,0.0012220679782331
27,5,28,4,5,12,5,32,4.40619287903632,0.108024296967146
64,5,33,5,1,87,10,26,6.64680259687229,0.125057892990299
26,3,24,2,3,3,7,28,5.4923624911425,0.231561392302367
54,4,24,3,2,20,10,35,11.1190954132324,0.277602367558259
58,6,27,3,3,23,7,33,3.48105740677621,0.110305522335693
1,0,27,4,1,15,7,25,4.37842307174894,0.0110345417633653
44,5,32,5,1,46,6,28,4.93527396649764,0.363250851988489
88,8,32,4,1,36,7,30,3.59060077186235,0.533880575440169
71,9,37,7,1,99,10,30,0.63100881529734,0.00805971829686314
3,1,29,0,4,18,5,25,4.9729191245771,0.176243753627616
29,3,22,2,20,17,10,29,3.79964773417728,0.390901411316917
45,6,29,4,5,39,7,31,6.61363026517394,0.378273304996497
84,7,39,4,1,87,9,34,8.70008907939707,0.475536384598768
62,4,34,3,1,56,7,28,2.99008021564291,0.208432695119384
95,7,31,3,2,71,12,38,8.07308603804436,0.384570628895216
72,6,31,4,1,76,11,31,1.4202607226823,0.120536980568431
23,3,22,5,1,56,8,29,5.93122268706752,0.0820481121180322
30,6,28,6,1,22,4,30,0.405239446510903,0.0620125867426395
61,7,32,5,3,70,10,36,2.24796961635769,0.00238689256366342
26,6,34,4,2,18,4,33,4.95204553447352,0.0895168059505522
37,5,26,5,2,21,6,26,4.68360549700524,0.819591472547559
35,6,29,5,4,69,8,35,3.36031455890506,0.00954718596767634
53,5,25,6,1,76,9,27,5.25493519153637,0.158222269383259
33,4,25,4,1,22,6,24,3.07989595951574,0.117309343905621
47,7,32,5,1,24,5,32,4.49246110028117,0.15108175156638
88,6,29,5,1,79,12,33,1.93104481806846,0.247558303864133
11,1,28,1,2,10,6,28,6.68831793315124,0.300562090928409
1,1,20,3,1,4,5,26,8.13397094777591,1.10339930533776
64,7,33,4,3,45,7,31,4.18110994389452,0.552302161665791
2,2,26,4,2,37,7,25,5.76055647593874,0.036580128595233
4,3,23,3,3,9,5,33,6.59482127070513,0.259625620551388
75,5,35,1,1,68,10,33,11.0665198312847,0.997845554709313
99,12,28,8,1,91,11,39,0.555512914418465,0.0126284849694208
74,8,31,5,1,37,5,28,1.55795632608937,0.726460499646974
9,3,33,5,1,51,5,28,5.37529272620917,0.0256678721634671
12,1,26,4,1,66,8,23,9.15450049142164,0.0887583720032126
18,3,23,2,7,1,4,20,4.26487460127456,0.938343537453205
82,8,31,7,1,99,11,30,3.12641387975873,0.229113156896758
77,6,40,4,1,98,11,36,2.61435168579921,0.0136470206216544
11,3,31,4,1,46,7,36,6.78234551161488,0.0254469601204619
90,8,31,5,1,51,8,32,3.48927385582977,0.178643958148419
99,8,36,5,1,94,13,33,2.02889386871942,0.04341632546857
29,3,22,2,4,19,8,32,5.72739666631001,0.538666061321552
17,2,30,3,1,59,9,28,7.92618947298193,0.11190033168532
82,6,26,3,1,34,8,27,5.61875312704914,0.454969157909459
28,2,29,2,1,12,7,27,5.03863351855674,0.319121282304379
89,5,34,4,1,92,14,29,3.21070230800609,0.0827884809114039
24,5,23,5,3,22,6,27,1.26852838280675,0.0184688773006201
93,6,26,3,1,74,15,33,4.47837043744349,0.54028315513038
28,3,28,3,1,53,8,26,1.97885624300805,0.113302761188406
92,6,27,3,1,50,9,32,6.27611983726309,0.518113341627127
37,5,27,4,2,8,5,27,5.29465323264304,0.60335568009519
21,2,33,2,1,58,6,28,11.4858949863693,0.25994260719962
6,3,24,2,7,13,6,32,9.21900762322826,0.476275926900512
2,3,24,3,8,7,5,26,4.97577066300249,0.040884658228606
24,3,20,4,1,19,9,32,8.40782388297473,0.123931572539732
13,4,31,3,3,8,4,33,4.09465178037453,0.127148269210011
44,3,28,3,1,35,9,26,6.37272840700204,0.174750596156104
4,3,29,4,2,41,5,26,5.23793884034429,0.0919675249606371
41,4,28,5,1,76,9,29,3.45407388854153,0.0198893533198503
63,6,28,6,1,70,8,23,-0.619675515138992,0.044860503335239
21,3,23,3,1,4,5,26,6.96519057305384,0.812481863382173
0,0,24,1,2,0,5,28,9.20188990747826,0.823213439392758
53,5,29,2,3,12,6,32,4.23771406080323,0.215880440352549
6,1,28,3,1,24,6,27,6.612160242289,0.266976539500731
90,5,31,4,1,87,15,31,2.22059347069999,0.0056150077143684
63,4,34,5,1,66,9,24,1.92604930543381,0.0780895553847705
78,6,24,4,1,28,8,28,-0.348047651482871,0.17218577733729
84,8,30,7,1,83,11,39,6.15971919981012,0.128626087331213
12,3,21,2,7,11,6,31,8.07493380533504,0.358445449245578
59,6,28,4,2,20,7,31,4.87255564776102,0.171206676634029
64,8,33,7,1,77,6,34,-0.230348838103316,0.00567342729335768
91,5,25,4,1,70,13,27,1.38769158033933,0.048905577743426
32,3,23,3,2,19,8,24,7.38940211900675,0.869649806473047
53,5,30,4,1,58,9,33,5.4873871575208,0.0450209486298263
57,4,27,3,1,73,11,27,2.07041503889187,0.139429918373935
69,7,37,5,1,71,7,34,7.3603152209382,0.409580719634736
90,9,36,5,1,97,13,39,4.98712804974188,0.0293744738446549
26,3,33,4,1,57,7,23,1.36605432038291,0.070446603698656
67,7,30,7,1,88,10,32,2.19123943128052,0.00716041505802423
23,5,24,6,1,5,3,28,6.49331492131775,0.198898674549946
59,4,29,4,1,84,11,30,1.19015634469128,0.062368368303372
9,4,27,4,4,3,5,32,8.05016851472334,0.110247381059593
42,4,28,5,1,15,7,29,7.55694445395722,0.172679383889772
68,8,38,4,5,78,7,29,-1.14632794904492,0.0466627434629829
88,6,28,4,1,29,8,27,5.72946421586122,0.510567750295109
76,7,30,5,1,56,10,33,0.670152684247963,0.182434639448544
2,3,27,4,2,22,3,27,6.40656950073304,0.318808822882104
25,4,23,4,3,12,6,25,5.26518773104506,0.767251774626684
83,8,28,6,1,49,8,27,-1.88277362173081,0.0290992519206984
59,5,34,4,1,92,11,32,4.37229195076115,0.0858467527288732
16,3,25,4,1,11,7,31,12.1162829990227,0.310649839219379
9,2,28,5,1,52,5,27,6.8505110071044,0.179378364676972
96,6,28,3,1,80,15,34,7.9245714449552,0.328683182353827
94,7,28,4,1,89,15,40,9.30185816591876,0.391269132972891
75,6,28,4,1,29,10,29,5.66783707693569,0.571402404908785
78,7,26,4,1,34,9,33,5.21540028987408,0.23101823360956
41,6,30,3,9,23,7,30,9.33133971750333,0.38183064564244
2,2,17,3,1,1,5,29,7.39062348851476,0.821478102314186
36,6,34,5,1,46,7,34,7.79608643925278,0.229971978570077
54,6,30,5,1,76,7,28,4.7715896496029,0.229951836391094
2,3,24,2,4,3,3,25,5.41072966135288,0.510728670263147
10,5,27,5,1,11,5,35,10.1573345352305,0.201115145854969
24,2,26,1,4,28,9,28,6.04126033859187,0.232314388722855
44,3,26,1,1,36,7,31,10.1883303449191,0.712959634787533
40,6,33,4,3,58,6,29,7.68398872080097,0.0740192350931466
71,6,30,3,2,84,12,33,7.59464084608074,0.153099965653382
6,3,28,4,2,15,5,28,9.54362845026683,0.29161452850208
70,7,32,3,2,63,9,40,5.50882582654562,0.19403975114256
10,4,34,6,1,29,4,29,7.09884880179383,0.0289407989475876
45,6,24,7,1,30,8,29,3.41092783960841,0.0509519414044917
20,2,20,2,8,0,5,18,6.2804944448128,1.279199820404
88,6,29,6,1,99,19,32,4.32530092989883,0.0400751990964636
46,6,35,4,2,74,7,32,3.31734573133917,0.0866358106723055
29,5,31,6,1,42,5,27,4.26676216251708,0.146313926205039
67,5,31,5,1,61,8,26,6.20807238761548,0.145130287157372
30,4,25,6,1,57,9,26,-1.27359252453354,0.0306407231712752
68,9,35,7,1,91,7,35,3.08591905614519,0.0335515688639134
56,7,40,7,1,55,5,27,1.43922637100758,0.322564905370044
65,6,26,4,1,64,11,35,4.32167172568118,0.198719082459818
21,5,32,3,5,32,5,36,8.44521117016993,0.0795726899523288
38,6,28,7,1,67,7,31,0.92288603163435,0.0415134960785508
10,4,29,3,3,14,2,30,5.98439127868687,0.414581322759101
77,8,28,6,1,55,7,31,2.4258521711958,0.229273083664733
50,6,27,4,2,12,6,30,6.45683066305279,0.411046890804589
43,4,27,3,3,69,11,33,3.70182488584981,0.0294491881504655
78,6,37,5,1,98,12,35,10.3476526309612,0.103860329953022
78,7,37,3,4,76,10,31,8.61304830555961,0.446957322282201
62,4,29,4,1,93,13,31,8.96529988939194,0.144812741084024
99,13,30,4,4,75,11,45,5.24475835800803,0.342782602867785
82,8,37,4,1,88,8,37,7.99919022911731,0.140914751746865
39,6,34,3,6,41,5,29,4.46608241268131,0.0843010166427121
7,1,30,3,2,16,7,22,9.79376170672258,0.137349966331385
36,5,34,4,2,54,7,35,3.0831291657126,0.121524225795524
34,3,21,4,1,5,7,25,-0.114349633966252,0.21587393292107
4,1,23,2,2,2,4,22,9.88760956582289,1.02298820525745
85,9,29,5,1,84,9,35,4.96948980608048,0.190849172872233
92,6,27,3,2,67,13,31,5.2834808164631,0.12544316414278
87,9,38,6,1,99,13,40,1.66551131750484,0.0215733107179403
3,4,31,3,2,16,2,30,9.07606986521409,0.530188630883508
2,4,22,5,2,4,2,25,1.7263476279967,0.5358424481353
77,8,38,4,1,79,11,40,9.61926226932647,0.0420189051020908
13,2,26,4,1,12,6,30,6.82658562229464,0.101363236317411
69,5,32,3,1,51,9,29,9.00072413999229,0.759029040068791
6,3,30,2,5,24,7,31,6.61797763815517,0.249975929026234
92,8,30,6,1,82,13,33,3.05285020388909,0.0503825021442026
93,8,34,4,1,67,10,31,6.67500377312025,0.177548827576006
46,6,26,4,2,33,5,30,5.76519121096742,0.943874532397439
67,4,31,4,1,31,9,31,5.83367009920118,0.578186005788082
1,3,24,3,6,0,4,29,4.32032292288562,0.24491408926631
50,4,34,4,1,55,8,31,7.14245809105352,0.0357921207657164
1,4,32,6,1,47,3,28,4.33419053058011,0.0132354904392147
26,5,23,6,2,47,8,32,2.12428383783948,0.0706305847270414
58,6,34,4,1,68,9,33,5.70832384351861,0.0340352503117174
7,4,32,6,1,46,6,35,6.58436483923469,0.0523182082688436
15,3,20,4,2,1,4,26,5.38995591778144,0.300939795084971
70,7,35,5,1,96,12,37,6.22256394487935,0.151293689385056
2,0,31,4,1,79,8,21,5.32214808990904,0.0757004712941125
98,11,29,6,1,83,13,37,5.01032602927745,0.309832287941802
64,4,24,1,6,69,14,32,11.0914190148395,0.351600082570171
95,8,35,6,1,88,11,31,-1.95806748804885,0.014998146565631
21,3,31,2,2,47,6,27,8.74667569811085,0.115912509849295
98,7,29,4,1,67,13,40,6.19324267025044,0.385714206789833
97,8,38,4,2,98,15,35,3.30430692859206,0.0313710668903825
49,3,31,4,1,55,8,19,4.83249090711562,0.0928074028342962
32,4,33,3,1,45,9,33,9.68525373412488,0.0817784208338708
63,4,31,2,1,15,6,26,6.92124887805389,2.1937800750192
30,4,22,3,4,18,7,30,7.07021242059495,0.310216720205474
98,10,33,6,1,80,11,35,-2.59478566336152,0.0747708013514057
0,3,22,3,9,2,4,28,5.80707888653687,0.13999661966227
52,5,32,5,1,68,8,31,7.70771000501441,0.183743042824787
17,5,22,5,3,5,5,31,5.44623298068615,0.525355028422707
22,3,25,4,3,18,6,20,3.27143896856394,0.0989036512328312
30,5,30,6,1,36,7,26,-0.333604962785822,0.00761875111475392
62,6,28,4,1,47,7,31,0.63606597201944,0.0976337221218273
28,2,29,4,1,67,7,24,5.15069805886091,0.0533180260150712
51,6,31,3,3,58,9,39,6.84852483535642,0.072804473573342
1,2,25,3,1,0,3,25,5.67405987099,0.400522038785225
71,9,39,6,1,98,9,35,5.61606689529589,0.0863619165872675
27,5,26,5,3,39,7,28,3.82023527087518,0.129420656361617
62,6,29,5,1,46,8,27,0.795842024448072,0.0175563943339512
55,6,31,4,4,77,8,30,4.92907028829707,0.0646229063068147
46,3,22,3,1,10,6,27,2.17640244545997,0.188527952195374
67,4,26,3,1,52,10,32,6.86158974230796,0.504575428997582
60,7,32,5,3,89,10,34,5.14421584752935,0.0150270619096828
15,4,25,6,1,48,6,30,6.45874910449988,0.127275209524669
78,7,36,4,1,93,9,33,6.12335943038874,0.167210560524836
9,3,33,5,1,31,5,28,9.88608287218795,0.0828264839947224
70,8,32,5,3,48,7,25,3.50891134994295,0.39261538859219
97,11,37,4,2,78,10,36,3.47367357296378,0.0566303917723381
40,3,34,1,2,51,9,33,12.9811870450997,0.197611750588544
80,8,38,5,1,75,11,35,3.30037060550058,0.13654714229051
3,3,31,3,3,20,6,27,9.30905351996812,0.263811084664169
39,6,23,4,21,38,9,33,7.91739138748614,0.265779720348042
66,6,31,6,1,62,7,21,-1.1554688611025,0.133388475514948
29,3,30,2,7,46,9,31,11.3289240755078,0.114016746388452
88,6,32,5,1,74,10,27,2.45963429916701,0.445444293764836
46,5,36,5,1,90,11,35,5.93401822745642,0.00397101758100356
11,3,22,5,1,9,5,25,1.74584266302472,0.0370903806760907
97,10,28,5,2,48,9,32,0.943566608125612,0.0968113799314273
46,4,35,4,1,78,9,24,3.05442792755432,0.034122087768958
21,3,22,5,1,33,7,30,8.88267577914557,0.158113175188191
23,5,22,4,5,7,4,26,4.89581937603666,0.480800732483572
15,1,31,3,1,27,8,22,5.87507906252131,0.0708308202332226
9,3,22,3,5,6,5,21,5.11968166609804,0.895990801456958
54,4,35,5,1,74,10,32,3.5070830621596,0.0967420399935315
66,7,33,4,4,64,7,29,6.46658079088983,0.759526992174697
48,4,35,4,1,90,10,27,5.4045596310251,0.0356168061261997
35,4,25,5,1,15,8,28,2.91568245938799,0.297990992421958
4,3,27,4,3,42,5,28,4.44517363504062,0.036918660858646
22,5,30,4,3,3,3,30,6.58201340547319,0.318920172282678
6,4,28,4,7,16,3,25,7.46038847276516,0.464679987614459
82,5,35,4,1,66,9,29,3.42317297953947,0.0662805628962815
80,5,28,2,2,40,11,28,6.16648162524769,1.03739533335307
92,9,27,6,2,95,11,30,-1.69908327099615,0.0504718589873217
13,3,22,3,2,12,7,35,12.3443363603232,0.494587205795056
30,6,26,5,4,24,6,28,-0.576634237045536,0.048182048843776
0,1,23,3,1,3,4,23,4.1551965833459,0.0817480972036719
2,2,23,3,4,20,7,28,7.11914102101249,0.048527774125512
78,5,28,2,3,25,8,27,5.86679693444404,0.539276736291283
82,9,42,5,1,62,6,32,-1.39731907336276,0.091204097145237
96,10,39,6,1,80,9,29,-0.113440218996248,0.0151114293363944
70,6,28,5,1,31,9,31,7.29975538931544,0.475906504762775
82,8,30,3,3,65,10,38,2.27771081533369,0.371908924055702
85,5,30,4,1,96,13,28,7.69077259092244,0.296077662158553
72,4,24,5,1,83,13,25,1.29694084550624,0.0990776079706848
7,3,28,3,2,28,4,29,9.52687988519245,0.164895074325614
93,6,38,4,1,91,11,31,1.54454119598077,0.173516402739149
60,7,32,4,1,46,7,35,3.41736243435634,0.10319995530881
62,6,30,6,1,61,9,31,4.80202462481085,0.139809781801887
77,5,27,4,1,68,13,29,6.12021582790892,0.151229177834466
59,6,25,5,3,47,8,27,4.31985173301757,0.533018077226514
46,5,28,4,1,28,7,27,6.72283059125888,0.683086704896921
90,9,32,5,1,70,8,32,1.23013131935099,0.0561747764004394
62,6,35,5,1,81,8,26,6.7139542522925,0.103277946938761
4,3,24,2,3,6,5,30,5.13888319099131,0.587028827952379
60,6,28,4,1,15,5,26,-0.000331937345764644,0.376333482542491
61,7,30,6,1,79,11,37,5.38605598579237,0.0260365104966377
0,3,26,3,10,10,5,29,8.86249394295265,0.489399262217289
60,5,26,4,1,23,7,25,2.84226201014851,0.1349784177728
46,4,28,4,1,63,10,30,10.6750335252232,0.166154434205964
35,5,33,6,1,64,5,30,6.1054742302774,0.156604239833541
70,7,32,3,4,80,8,31,3.07022142042721,0.0839769156882539
58,4,25,4,2,51,10,23,2.87457446818166,0.04345441411715
13,4,34,3,3,19,3,29,4.30600132847961,0.299657376698033
38,4,26,3,3,51,9,32,3.57818138790451,0.192239593936804
86,7,35,3,1,74,9,35,10.2655097316996,0.400694165278083
87,7,38,4,1,68,10,39,6.96084483849097,0.0891474720556289
48,3,31,2,2,43,8,22,5.45850904786765,0.360936955062157
94,9,27,5,1,50,9,30,1.65959119471644,0.171731115551665
15,4,34,5,1,32,4,28,6.41172710732977,0.274409033813256
28,3,29,4,2,49,7,24,1.76745485078733,0.0380121287621367
51,5,33,6,1,46,8,29,1.79783788005834,0.0909545532194898
96,6,34,2,1,87,12,34,6.72158644161814,0.488797428996718
37,3,22,3,4,12,7,20,2.89793030708547,0.114589761476964
58,7,34,4,1,58,5,34,-0.208554934684765,0.109422180918045
87,5,31,2,1,75,12,37,12.3854313990704,0.347236682878942
26,5,32,5,1,6,4,30,3.03524302738964,0.457204863873726
45,4,31,3,2,18,7,31,5.96320331038659,0.131089332027949
38,3,35,2,1,19,8,32,11.5833745728821,0.828691702294064
54,7,37,5,1,29,5,32,2.42225368080327,0.214129808532021
50,5,26,2,3,3,6,29,5.60838679047076,0.822413902687741
3,4,27,5,1,9,4,30,10.9319241062134,0.339867804887447
71,7,34,7,1,86,11,30,3.94515366971014,0.167362341657281
2,2,24,3,4,3,5,22,5.37219801812652,0.337998239778656
66,6,25,3,3,25,9,39,5.55100215177943,0.370576762247414
60,4,24,5,1,51,8,24,1.4848349274344,0.712203532950147
60,7,33,3,4,60,6,33,5.83272258100435,0.595382013565899
49,3,31,1,2,17,8,29,4.92670207625725,0.598693563105697
61,4,26,4,1,38,11,28,2.74101737488464,0.239502367785874
67,9,38,5,3,79,8,34,2.89847514777541,0.00690760820290552
5,3,28,3,9,31,6,28,10.740623963894,0.182495818695727
25,3,29,4,1,11,7,31,6.72080992085955,0.184327202372927
65,6,30,4,1,74,9,34,5.08051206319255,0.119496240477117
90,9,35,5,1,96,12,35,-1.53598452733404,0.0360344313318233
1,4,24,6,2,1,3,27,1.87647187261424,0.0239253589468036
60,5,37,4,1,99,14,35,10.9825022588512,0.0191982780189522
17,3,33,4,1,86,8,24,6.45078185544094,0.164489164133556
44,5,26,3,2,31,7,36,4.0658658918115,0.613999157646829
9,4,24,6,1,2,2,25,1.41210075298045,0.0436130028838995
90,8,29,4,1,41,7,32,4.65658804653803,0.802553532603097
83,6,34,4,1,93,14,34,2.15471739673957,0.0356108678532484
82,7,33,4,2,69,10,28,0.772794415753669,0.151950566796586
88,5,36,2,1,88,16,32,6.57245998244074,0.184459044904825
95,6,28,2,3,43,11,29,3.0654988525523,0.174499674159189
75,7,30,3,6,84,10,32,1.90985162755313,0.238819353039119
20,2,20,2,7,36,8,26,5.53233183576216,0.368338119683272
31,4,29,4,2,51,7,25,6.22575063986207,0.316559873045164
55,5,36,4,1,59,8,32,4.54936318956026,0.23342979698323
36,3,24,2,2,21,6,29,6.27138722572055,0.943184284279993
59,4,34,3,1,91,11,28,6.41507637245258,0.372137033261278
15,2,25,2,1,2,4,26,4.51964628924299,0.195744463791421
80,6,31,5,1,71,9,32,1.51628448071215,0.140789868509944
17,4,34,3,1,9,2,25,3.54430034781582,0.446784868349737
20,5,32,3,6,30,5,31,9.3092612418492,0.291558657762337
22,5,36,5,1,49,5,32,9.31558265815167,0.219703453582454
93,7,35,2,2,83,10,29,7.77733931199917,0.180107160228047
74,6,30,2,2,26,8,33,7.4811047949315,0.91615514591673
16,1,22,3,1,35,6,24,4.88492086871769,0.088301611833176
64,5,35,5,1,97,11,32,1.72167001425881,0.0115791927950301
87,5,37,1,2,93,11,29,5.19316458457082,0.296283636231649
49,3,23,4,1,50,11,27,5.34141929370978,0.118419042788446
54,3,31,3,2,70,10,25,5.11988336438003,0.100291363778524
10,4,30,3,6,20,4,30,6.84299022583951,0.176913615804113
99,10,30,7,1,96,11,33,2.96680946187727,0.0335144185228273
0,4,31,3,7,0,1,26,10.8409142605444,0.489433407762504
88,6,35,5,1,91,14,35,7.08037499895323,0.0458760939072818
5,3,25,3,7,1,5,28,5.33672683506301,0.0627319932185142
60,5,32,6,1,98,14,35,6.39587090775827,0.00747760350350291
85,5,32,2,3,94,14,33,3.91466281150319,0.0393317382549867
27,4,29,6,1,18,5,23,-2.06116819607464,0.10593054164201
58,8,30,7,1,81,9,37,0.607036279115439,0.0812866110345283
13,3,22,4,1,20,6,27,2.89063280856451,0.109264079581428
70,7,28,4,1,38,8,33,1.26686228516092,0.398245060347848
24,4,35,2,3,32,5,33,8.82676898805572,0.198663291191352
26,5,25,6,1,4,5,31,7.55146815073687,0.308979447454888
62,5,24,6,1,63,11,27,5.92568500978519,0.0919736701762304
63,6,29,3,5,50,7,26,6.91635318538887,0.743872428270889
83,10,31,7,1,49,6,29,-4.24756628510362,0.116329026641324
76,6,28,4,3,69,12,32,6.67106173039641,0.399629069936878
42,3,30,4,1,86,9,26,5.55851023060191,0.178439053696322
88,6,35,5,1,94,12,32,2.57993885880059,0.215133078618649
61,8,35,6,1,69,7,38,6.48812046701427,0.0631392674986273
35,6,25,5,2,1,4,32,2.9526684982325,0.0799667559969491
64,6,35,6,1,89,10,28,0.981945359457289,0.000530656663118283
70,6,29,3,2,47,10,39,10.1810310290582,0.815586151513171
86,9,33,5,1,60,10,34,3.79344352866328,0.221044235153797
39,4,32,4,1,86,8,25,7.08428041041472,0.138031742884777
31,3,32,5,1,88,9,26,6.34866253526796,0.280511897512454
11,5,33,4,2,7,4,33,8.69303644124506,0.453341570196158
67,5,26,4,3,82,12,31,7.79953446324742,0.102777443709783
23,3,22,2,12,7,6,23,4.35805989865128,0.6524946312105
24,2,29,1,2,25,8,32,8.10848306620746,0.683640422733659
96,6,32,3,1,80,12,32,1.55710604362332,0.108350806636736
31,4,33,3,3,86,9,28,5.49462007238592,0.0316528264665976
51,4,29,2,2,29,6,32,6.30730176424083,0.320411555458534
49,7,32,6,1,84,7,26,3.06146248232188,0.274599452750022
47,3,31,3,2,64,9,26,3.86556948096335,0.0141871882369742
12,2,19,2,8,9,7,23,2.88535882352858,0.254100583483207
12,4,30,5,2,66,7,28,4.14501017564064,0.00857315148415562
12,4,33,4,5,27,3,26,9.1246591792873,0.199293496490071
53,5,26,5,1,47,9,32,2.03414425377088,0.229274266621771
13,2,31,4,1,41,8,23,8.50944735027404,0.0260683638377461
39,5,28,5,3,65,7,30,6.6275541245302,0.0463007247308269
6,1,22,3,2,2,6,26,3.41213958187156,0.299157491176131
31,4,31,3,5,41,5,27,3.8164957762568,0.0859475104371086
5,4,31,3,4,39,4,31,11.7866971601488,0.325520076312798
59,8,30,7,1,36,6,31,4.04539141833568,0.196374886154181
76,9,31,7,1,83,10,33,-3.28786409925953,0.0229529647349741
29,2,24,4,1,34,9,21,3.36529333052437,0.045116264932303
44,5,24,3,4,50,9,34,8.1720367885824,0.56893831255489
77,6,29,5,1,82,9,33,1.1052406287613,0.0317239897558466
25,4,28,3,2,28,5,31,8.57013462613004,0.378009757471687
29,4,34,4,1,21,5,30,3.96930601693474,0.107399001019076
6,2,22,2,4,10,5,28,9.30226389838041,0.343526847417209
46,4,26,4,1,37,6,26,7.25514206213487,0.993637514713794
21,3,33,4,1,28,5,25,2.67961391000122,0.0963354175910354
54,4,29,2,4,17,9,31,8.63637232376542,0.235798673599263
99,8,38,3,1,79,9,32,5.50768754176477,0.617892737003201
82,9,42,5,1,97,11,35,5.53233738522355,0.0061759205023346
30,5,31,6,1,39,6,28,5.80274846393735,0.154420888400637
41,3,30,1,3,35,8,23,9.1930077752398,0.461001315598792
46,5,28,5,2,31,7,21,2.06282825158276,0.145405943039805
23,3,23,3,2,3,5,27,6.74696266893552,1.06238379043745
38,3,31,4,1,24,5,25,4.768303113108,0.089594426099211
77,5,28,5,1,69,11,29,6.21481932911651,0.128112200137211
55,6,25,6,1,36,7,36,4.3814119911609,0.1102925601881
30,5,29,6,1,18,4,23,1.03152235553359,0.337635860767889
32,5,23,4,4,28,8,34,4.34120451982782,0.0864010440418497
2,4,29,4,2,1,1,24,8.19980003275743,1.26752428377146
49,4,32,2,1,46,9,28,8.02827350760226,0.229171847336039
87,6,28,5,1,77,11,28,0.728022614397033,0.396297751904881
90,7,28,4,1,72,13,36,4.62087446456923,0.24017335856076
8,3,22,4,2,5,6,28,7.92094191776669,0.656809138568276
59,4,33,4,1,82,9,30,3.13876286103728,0.0200340793235227
3,2,21,2,3,1,3,24,8.80389692926308,0.436615300809449
37,3,31,3,1,70,9,26,7.66185430828374,0.0510249750223011
70,5,25,3,1,41,11,37,8.30169053318806,0.236442023179236
71,9,41,4,2,52,6,31,4.63116190107507,0.359040956156443
97,7,35,2,2,78,10,33,10.1362836242306,0.433180964530861
12,3,29,3,2,23,5,30,11.7996562473058,0.421662284505969
21,4,23,6,1,31,6,26,5.55273585670251,0.13465055252891
11,2,30,3,1,14,7,27,8.54489307462905,0.16500286757946
61,6,26,5,1,42,10,34,-0.370770940722742,0.0845349165130623
71,7,30,4,1,29,6,32,1.61272306013914,0.116056115715764
40,3,25,4,1,46,8,23,6.19791898742693,0.0995188255265149
10,5,25,6,2,19,5,26,2.89739537920001,0.0453007788164541
24,5,35,6,1,56,7,32,3.65849560725356,0.037605264224112
36,3,23,3,1,13,9,30,3.71831628663905,0.114044606219977
80,7,31,5,1,75,11,30,-0.769063320807115,0.117949781240895
76,9,31,4,2,69,9,43,3.92852006618933,0.199574958106488
96,12,28,5,4,42,10,36,0.361570152061264,0.037193499166564
36,6,31,7,1,34,4,25,3.85180731446083,0.135494475136511
91,8,35,4,2,98,12,34,4.36158995576101,0.0983709494007656
44,5,36,3,2,25,7,33,9.39690016481024,0.541841641502613
79,7,41,4,1,66,10,40,10.6633545050533,0.174777991978192
17,4,26,5,1,11,4,26,6.70854459359116,0.139285457669757
60,8,39,7,1,76,7,28,2.293199513728,0.0552887215161986
52,4,34,2,2,69,10,37,7.88369091449494,0.0595331749645993
48,6,34,3,4,22,5,29,3.97129257290915,0.0731457497296382
96,8,30,4,1,92,11,33,3.12974988209094,0.156726767541841
5,3,23,6,1,24,6,27,6.58467165608155,0.118231963133439
42,5,36,3,2,62,5,32,4.30796269195181,0.343670597522262
69,8,27,6,2,69,9,29,1.43871404964122,0.0149905636805192
64,6,35,3,1,43,7,33,8.4617853206825,0.668953976096743
71,5,32,5,1,71,12,32,2.24768331114481,0.0284555895486847
37,6,29,5,3,64,6,27,2.4844903247005,0.0592192392796278
36,4,31,5,1,51,6,22,-0.217113846224361,0.0475979362381622
44,5,26,6,1,23,7,25,-0.0346119962866442,0.0592770617356544
68,6,30,6,1,57,8,29,-1.88824426778548,0.202063546272668
76,9,39,4,5,90,8,35,4.46383740436654,0.141085714916699
88,8,37,5,1,63,8,32,5.78830305073684,0.25451157054745
28,4,21,3,2,5,5,28,7.27351006137215,1.54775699592176
70,8,34,6,1,92,9,29,-0.419655763823084,0.0272142012157143
12,3,21,2,12,0,6,27,10.4224983091555,0.326631671971384
97,7,34,5,1,90,14,39,6.94354088756265,0.109456531703472
46,3,34,2,2,44,8,25,10.6510546795294,0.775851048633396
30,3,27,4,1,31,6,20,7.27883968814738,0.934931506772813
76,5,33,5,1,96,12,29,5.6943792744986,0.0776789811717343
18,5,26,7,1,34,6,32,5.12310725019418,0.303111289151687
89,9,33,6,1,88,9,35,1.60025143987714,0.0121565762674436
66,6,32,5,1,53,9,30,3.81090325028949,0.0924759922781959
6,0,28,4,1,10,6,21,3.47708427148784,0.0187609314452857
67,8,27,4,5,62,9,36,8.02183498342846,0.436130349968976
9,3,30,3,1,35,6,33,14.5975531237657,0.208665564412925
98,10,28,6,2,65,12,29,1.532118212663,0.317584437773305
83,7,32,3,1,26,6,30,5.62282597418576,0.584985224964255
56,7,39,4,2,79,7,39,6.23718092735649,0.246466258102586
44,6,36,7,1,96,9,35,7.02395843114986,0.0236744997290049
96,7,37,5,1,99,12,32,6.03004327080185,0.13286874035839
12,4,27,3,7,6,5,31,8.11293147548049,0.291620889435265
35,6,32,5,3,75,8,31,0.219617510295654,0.0285410097567365
91,8,30,7,1,77,12,32,-3.43470575513416,0.0774352765874937
28,6,23,4,6,26,5,31,5.76349119526878,0.206989486225623
24,5,31,5,2,23,7,28,1.82597080523116,0.00979478189609181
4,4,22,3,8,15,6,32,10.4446439398328,0.381605324210814
74,7,38,6,1,99,13,31,1.74134932624759,0.00494428727101688
90,6,33,2,3,86,15,35,4.32423659493614,0.117229211002957
27,3,33,4,1,62,8,33,7.79025714071561,0.132725744741037
19,4,29,4,2,28,4,32,1.92336781780382,0.101568541722372
96,7,42,4,1,99,11,35,4.005590746239,0.0785622771363705
48,4,24,4,1,66,11,33,9.56013647271173,0.341559747689146
16,2,32,4,1,64,9,26,2.22452027536563,0.00735873787198216
31,2,33,3,1,50,9,27,11.0715525288796,0.0791217318577845
22,2,21,4,1,63,9,24,8.84198781734655,0.337335078500885
23,3,25,2,7,21,9,31,9.65563909181829,0.226035164192992
6,3,19,5,1,2,3,23,4.18561024700352,0.495375312378115
35,3,34,2,1,12,6,30,12.9517966421356,0.35080946467579
19,2,29,5,1,49,9,26,7.1657105044933,0.0305216867842777
53,7,34,4,5,71,7,32,7.20584641923885,0.272610625008795
73,7,25,4,3,58,11,33,0.647335570043381,0.2345945618476
98,10,32,5,2,85,11,33,1.52310186580117,0.0856384342302236
30,4,30,2,7,56,8,30,5.96681181560874,0.0399327596929148
84,9,30,5,1,45,9,38,3.53349142450484,0.279124401266429
27,5,26,3,3,1,4,29,6.16368407866869,1.15411872131037
92,7,31,4,1,89,13,36,8.81299798111563,0.343648873724717
85,5,29,3,1,68,10,31,5.65308877086958,0.733218800234509
88,6,31,5,1,92,12,26,2.66233050754428,0.0527224298428139
22,4,33,3,4,29,4,26,6.60343791672793,0.489838772432363
26,3,28,5,1,66,9,32,7.75748251963547,0.124676164006814
68,4,25,3,1,53,11,33,8.34956301814082,0.770077384966326
16,5,27,7,1,58,6,32,7.60320942428421,0.0766793842194602
54,3,32,2,2,63,9,28,5.49653985184863,0.0978663300629705
88,8,34,3,1,63,8,38,5.36759874785998,0.249787503610107
43,4,27,4,1,36,9,30,9.63573037981534,0.161219089175574
0,0,29,3,1,44,7,31,7.00377771767754,0.0109523117635119
18,5,30,4,6,9,3,24,6.37893892755925,0.368403787348519
41,3,23,5,1,48,9,20,3.94347936321738,0.102188042597845
83,9,34,5,1,73,9,39,6.75055553756076,0.599781930880779
48,7,31,5,2,68,8,32,4.74476209986386,0.11110669944901
36,5,28,4,3,37,6,24,1.45083466929029,0.109812645823695
27,3,21,3,1,5,5,26,3.75341267982668,0.149796314537525
92,7,37,3,1,83,11,36,7.54181593761225,0.185182132310214
94,9,42,3,2,91,11,41,3.52617625750342,0.0528138785198833
13,5,27,5,2,2,1,28,3.60771606154158,0.769163457634759
40,5,30,5,3,50,9,29,6.77749684836281,0.20647785415754
1,4,27,3,4,3,3,29,5.92543119508633,0.404297868218363
28,2,22,4,1,11,6,20,3.94613793862824,0.209378524905744
26,3,32,0,4,26,7,26,6.40718574493061,0.479730619562274
44,5,36,5,1,41,5,29,2.5843495723129,0.166777274571359
3,3,19,6,3,3,6,23,3.255302665783,0.080012240447104
55,5,23,4,3,60,12,33,1.61750303958166,0.0103022978873923
94,11,30,5,1,80,11,40,5.99921127064161,0.116877140244469
91,8,31,4,2,92,12,37,2.89412726796844,0.0196329065365717
9,4,24,4,3,1,3,22,2.85525798689854,0.396281996720886
3,3,19,2,14,7,5,23,5.11589691172809,0.499874022768295
75,5,37,1,2,63,11,36,8.15863929861018,0.241347572866075
77,4,25,3,1,71,13,34,6.45869143739018,0.273805100879829
13,1,28,4,1,71,7,25,6.91675786424271,0.231893674957018
7,3,30,5,1,7,3,23,5.13002253379796,0.0874495675088838
42,4,31,3,5,58,8,28,4.10590857918968,0.256618052943352
24,4,33,4,2,62,5,26,2.55117016431902,0.0298820561729372
46,5,30,6,1,61,6,26,0.472423830625374,0.149321780190803
20,3,25,4,2,27,9,27,7.53465505403295,0.0517029449993847
74,4,31,5,1,91,13,25,0.862474958559302,0.0158942894777283
15,3,25,2,11,5,5,25,4.71696613443962,0.357860673197961
57,4,25,5,1,78,12,32,2.90117279381391,0.00478854656505609
48,4,25,4,1,76,12,32,10.0658628855288,0.0450598796596751
40,5,33,6,1,86,10,36,6.54884355737709,0.0127027238486335
46,6,31,4,2,51,9,33,5.90490936335035,0.449469841995692
82,7,27,3,1,12,7,30,4.34762278055132,1.78370499134737
32,6,36,5,1,53,4,32,9.06479171241919,0.23972402066393
5,4,21,6,1,28,6,32,7.33955318287036,0.100161558599211
37,5,23,4,5,39,9,38,4.76694277733202,0.0480410327436402
20,4,28,5,2,26,6,32,8.94158953265284,0.0648082359482622
20,4,33,4,2,62,6,28,3.60813611701088,0.0238277376623634
47,4,24,3,2,33,7,27,4.29806410858035,0.0919323970630788
18,2,24,3,2,50,9,26,7.64567852424703,0.0375144791476094
4,1,18,5,1,33,7,20,5.08123389397772,0.121584820352311
70,5,32,5,1,93,14,37,3.17890302685313,0.00531848732030336
32,2,27,2,1,6,7,28,4.27815072383817,0.102381323697045
6,2,24,2,3,0,3,25,11.7824961431015,0.807394657242012
75,5,25,4,1,82,13,34,8.96439466535544,0.145568350562826
47,6,26,3,4,34,6,31,2.67541417335978,0.377456177987062
50,7,26,8,1,49,7,36,6.57148440812965,0.0836691163713112
91,5,33,5,1,98,17,32,7.8766808454171,0.080187451094389
36,6,24,4,4,14,4,35,8.18981694769624,0.585333453465159
11,3,21,3,6,6,5,25,7.98004193356043,0.466037477811283
71,7,39,3,1,62,6,35,11.291593403227,0.375188525279468
42,5,28,6,1,46,7,26,-2.28495962674104,0.0425813009257903
45,4,35,4,1,62,7,29,4.21943678196875,0.22356083219752
68,7,29,5,1,24,6,31,3.58043269279886,0.132733482639282
29,4,34,5,1,66,6,24,9.01457463241587,0.0459574549458921
46,5,28,4,2,67,9,34,2.85704054977067,0.125019958708435
53,4,34,4,1,54,8,28,3.50658656435612,0.182642454736608
24,3,20,3,1,12,6,32,8.31293556230238,0.454073940848416
97,5,35,4,1,74,12,32,7.62528091473361,0.468060938154763
76,8,38,5,1,76,9,28,2.83760834014704,0.0249398846031292
39,5,22,4,2,14,8,34,9.421967364233,0.186259848576982
35,4,32,5,1,50,9,28,6.91716040964853,0.0850503882393241
57,6,32,5,1,77,11,38,5.28414719089101,0.0332694618264213
90,7,33,5,1,85,9,31,3.39079067254496,0.480968740282065
12,4,27,5,3,59,8,31,8.37091078013906,0.0173678875435144
51,4,27,3,1,38,10,27,5.69821324908633,0.501770126612342
11,1,30,3,1,19,8,24,2.97756431604292,0.0418148048920557
33,6,30,6,1,59,7,33,7.42776334483366,0.0738062300952151
33,3,26,1,2,16,6,28,8.41624050940238,0.642103633346194
45,4,27,3,4,60,9,28,6.03425858685417,0.0737530691353622
20,2,27,3,2,66,11,29,8.71672985147675,0.0287700636104866
34,5,24,4,7,29,8,31,2.04195268672551,0.0678723364835605
67,5,37,4,1,70,10,29,7.04927486751434,0.215865003167394
71,6,27,3,4,81,10,27,-0.159364631161816,0.206906369411129
27,4,35,5,1,39,5,24,0.720625774557734,0.0352061371086165
12,4,27,3,12,15,4,28,10.5773141239144,0.500357104624477
42,3,26,3,1,24,10,27,9.31569688614183,0.2695833285784
80,7,33,5,1,84,10,29,5.91473355675207,0.0527337556231451
20,3,30,4,2,15,5,23,5.03070429078392,0.195207361819896
54,4,34,2,1,35,8,32,8.19816916588855,0.245629368579576
58,7,35,5,1,89,8,34,5.10722706629145,0.0554221049083468
66,7,31,5,1,48,8,34,3.22432298820382,0.0619677187642083
42,5,36,4,1,49,6,31,5.20081874764759,0.0721977305365726
62,5,32,4,1,85,11,39,10.2311523675227,0.483312895966178
78,4,33,2,1,55,10,29,5.96192748577204,0.150126320193522
99,7,30,4,2,84,11,27,1.78800894546783,0.0368680424289778
91,8,35,6,1,72,11,35,5.4388075663951,0.0732141769258305
6,3,33,5,1,70,8,33,6.01003083492144,0.0206350948428735
74,7,36,3,3,44,8,31,3.26583720219385,0.248032132618803
13,3,32,4,1,61,8,30,5.58629535486401,0.0401673887741397
35,4,24,3,5,18,9,27,3.9759438793469,0.0932509099366143
46,4,27,5,1,27,7,26,3.82064078811341,0.515145562102503
48,4,26,2,5,54,8,27,5.28742485024424,0.19076857412115
9,1,17,3,2,0,5,22,8.29341332745578,0.405402315759516
53,6,34,6,1,69,7,24,1.6114746151052,0.0442007947713137
72,8,33,4,2,66,9,38,3.57098127084118,0.131386001361534
84,10,27,5,3,43,6,31,-2.80280493537811,0.203371708000769
44,6,29,3,3,45,5,35,7.60648067514449,0.163866973831318
87,9,30,5,1,76,10,41,3.92405258912935,0.267617337860841
5,4,32,4,2,48,5,27,2.13435692608968,0.0589640841353685
6,4,31,4,5,18,3,26,3.921480755725,0.199970636763685
27,5,31,6,1,43,5,28,6.46905008338227,0.221589930345047
57,5,26,3,3,16,9,35,3.10825314839294,0.392470677362239
85,6,34,5,1,74,11,27,0.913987920342441,0.125003351713531
26,5,28,4,2,0,1,28,6.21838703348008,0.671717886315817
90,5,38,3,1,98,14,31,4.41154085703507,0.0149133465019986
20,5,30,4,1,11,5,36,5.01100863780182,0.0413673438597471
26,2,24,4,1,20,7,29,8.78475858291409,0.191919434003069
25,4,31,5,1,24,6,28,4.48040778570125,0.374325964787986
40,5,29,2,3,7,7,34,9.42455493933768,0.553780423911446
36,3,34,4,1,76,9,24,5.25873604297359,0.0202016181796438
59,8,33,7,1,69,6,24,-1.58370691725595,0.0570065615365853
74,6,28,3,2,56,9,34,4.67840730449392,0.328563336479196
64,8,30,5,2,62,7,36,4.27688939367235,0.484331110005683
75,4,30,3,1,41,11,30,6.05773253578138,0.357663877147033
49,6,36,6,1,81,8,35,6.68293762500023,0.0735610987758264
9,1,28,4,1,8,4,22,2.2888156267883,0.0828201688127592
0,4,25,6,1,22,3,23,1.58765172860991,0.248694120065073
39,6,30,6,1,65,6,29,5.42468453319761,0.244010902232233
69,5,35,5,1,98,12,32,5.26058232405419,0.170114264823496
90,6,29,4,1,65,10,24,-0.491680681864199,0.122375773033127
59,6,33,3,2,41,7,36,3.42144795710404,0.134991555591114
49,5,37,3,1,66,7,35,5.43680285285307,0.0135296233929694
81,7,34,5,1,86,10,35,7.68396757428544,0.0969083101954311
47,5,26,3,2,24,7,38,3.73268728344143,0.53376707943731
28,5,27,4,5,51,6,30,3.15574365906418,0.0635636314982548
57,6,30,5,1,85,11,29,3.26082275983616,0.0228218823904172
84,5,29,5,1,99,15,29,6.33569411930068,0.127933797426522
42,4,27,2,2,21,6,28,9.14845090830097,0.315801717330444
7,1,30,2,3,22,6,24,11.2927583113784,0.205931042310524
31,3,33,1,2,21,7,27,11.7580544189817,0.566889207630411
80,9,26,5,2,26,6,34,2.72277231680625,0.677540552305216
22,4,31,2,11,50,8,33,8.6443026760077,0.218563546648923
98,7,38,4,1,88,10,30,7.23952598670223,0.339123831120062
85,9,38,4,4,92,12,38,2.7476543918326,0.0181654957123101
3,3,33,4,3,47,6,27,8.28098265804788,0.0429109750882666
97,6,34,4,1,73,10,29,4.96750872550671,0.341054476321417
12,2,22,1,3,4,7,32,14.9758995726728,0.930159858360934
51,6,24,4,3,31,6,30,2.40838168793632,0.651690457450384
82,6,34,5,1,89,11,28,6.40304378751582,0.0834917314350605
92,7,40,3,1,70,10,35,4.02247163711888,0.0875876654172316
88,6,29,3,1,60,13,32,6.55113823936988,0.694039891248161
65,5,30,5,1,79,9,29,1.79952065223762,0.0113151475015826
45,7,29,6,1,69,7,34,5.60955859166756,0.389464937130413
2,3,30,6,1,14,5,21,4.22813176103187,0.198277795909646
9,2,26,3,2,10,7,28,10.0782582132579,0.78744843411715
85,6,30,3,1,86,12,36,4.19648218918918,0.0611685479859937
41,6,32,3,4,32,7,37,7.00382586214574,0.172825059271418
60,8,30,4,3,65,8,41,3.68079902901125,0.0578290562843904
99,6,35,5,1,85,12,33,8.40107112240123,0.150355974095874
25,5,32,6,1,47,6,30,8.56906384578309,0.0435041291639209
79,8,36,5,3,89,11,33,0.80537219534331,0.0235137742711231
68,8,39,3,1,39,7,38,2.38196432072323,0.170934754307382
63,7,28,4,6,77,10,32,0.143186998616599,0.0648888826835901
23,4,25,3,7,37,6,26,1.55016573505479,0.230073289702389
17,3,26,4,1,3,5,25,6.38274202049985,0.650038915189141
56,8,35,4,2,76,7,37,1.85865231399517,0.0833568281959742
84,6,39,3,1,98,14,35,9.7002176773714,0.45971486668796
