K:10
N:500
Gap:1.69322023631336
Rho: 
1 0.8 0.45 0.2 -0.3 0.7 0.75 0.5 -0.3 -0.1
0.8 1 0.45 0.5 -0.1 0.55 0.4 0.6 -0.4 -0.2
0.45 0.45 1 0.1 -0.3 0.6 0.3 0.4 0 -0.3
0.2 0.5 0.1 1 -0.5 0.35 0.1 0.1 -0.5 -0.45
-0.3 -0.1 -0.3 -0.5 1 -0.4 -0.3 -0.1 0.2 0.2
0.7 0.55 0.6 0.35 -0.4 1 0.8 0.45 -0.2 -0.45
0.75 0.4 0.3 0.1 -0.3 0.8 1 0.45 -0.1 -0.3
0.5 0.6 0.4 0.1 -0.1 0.45 0.45 1 0.1 -0.2
-0.3 -0.4 0 -0.5 0.2 -0.2 -0.1 0.1 1 0.4
-0.1 -0.2 -0.3 -0.45 0.2 -0.45 -0.3 -0.2 0.4 1
X:
63,6,7.65262063500516,0.6165775921812,0.0335275670513511,9.3320554574932,41.0063488563897,15.4896146826083,0.0644327664747834,0.133693838492036
31,3,6.04482192170102,0.0912384494562043,0.612035862868652,3.64925358603527,34.4860691706238,-14.1988821528926,0.0488007565028966,0.616785988211632
24,3,5.97217810757141,0.072812877362594,0.467427417170256,3.83379101961207,33.3995085896398,-7.12222160968088,0.0278346973005682,0.263339491328225
37,3,3.72785791447051,0.117657856317237,0.255355143221095,4.30997652990647,39.6665649883234,-4.27846504269394,0.216749953866637,0.509037535870448
35,3,1.06224844583142,0.00897843768630846,0.748662561411038,2.53347780007025,30.7477162732204,2.49490160933976,0.0602464952971786,0.986843941966072
29,3,5.84098002428087,0.21105470204607,0.549794328864664,4.0102333453799,43.9422016490329,-3.58120352993213,0.194588406078149,0.229036376113072
22,3,4.34367167249848,0.0396079713273021,0.92732825060375,2.68973102183383,29.227724842766,-15.6407918730529,0.13253417033282,0.878807703731582
55,6,3.13854475464796,0.0713515464449301,0.918665766716003,2.45294514397095,27.5787285702869,-7.45574932894429,0.0730336910071683,0.991082626394928
18,2,5.91166083905322,0.185419174352786,0.299909974914044,6.22131077378169,37.9000350326357,-10.9651490115002,0.0875728196700824,0.242666121339425
0,1,0.968604599793639,0.010797103631035,0.9342855096329,2.02723649815759,28.899356789876,-10.7960449172757,0.171977970181944,0.714640418300405
36,3,2.2858000619976,0.00481162668598706,0.975306259701028,3.9600407503027,49.8455758383224,8.28432200816192,0.496916173555353,0.967638168251142
88,8,3.07161978656462,0.100667300634086,0.985599376726896,3.5059280196818,52.8796949000293,16.1561475118489,0.0281279081013054,0.281225497834384
30,5,5.7960741157112,0.372155240496218,0.476023632101715,4.9715804066402,27.2497353051231,7.56516712149367,0.156871896601262,0.506456755800173
45,5,3.86628630888749,0.0484239847928528,0.850451739970595,3.67950835549481,27.9091869370585,21.7609723449162,0.0597570473328233,0.724636417813599
43,4,7.05474738398791,0.0577835362602371,0.87050134409219,3.82610002593425,43.6704624905272,1.83000480877546,0.084942601442325,0.182849013246596
41,4,1.01280870999504,0.0355320876872331,0.878367063822225,1.73397100467044,24.3935797511873,-1.2942990703708,0.0374700379557908,0.972769018728286
96,6,6.96194771183209,0.0478329968173057,0.195067606633529,6.43986800800499,59.3851877858614,15.4618714777982,0.170511818210416,0.964857298647985
14,4,7.74550844194094,0.353639936609238,0.346306687686592,2.66984182667495,17.9412332537502,-7.80641945863388,0.167261510706487,0.841339623788372
40,3,8.38495923117776,0.0262021729722619,0.248020481783897,3.94790079027541,42.4031227050826,24.2493903940056,0.22294048222216,0.847418828401715
23,4,2.73717549698315,0.163003465626389,0.889652816578746,3.54661418892019,30.506919777884,4.4353490370969,0.169882128565552,0.873592989053577
12,2,1.70858341672346,0.0370142826577649,0.886919307755306,3.96490348444538,38.2634644501018,-6.79751842421182,0.328713545186405,0.687046201433986
31,4,0.382703681959415,0.346463385027576,0.517786598065868,3.94358164650159,46.5038205275852,12.715079091034,0.032167559908703,0.0203918954357505
58,4,6.21823673807345,0.116314343758859,0.104034313699231,4.26289717365037,49.59174976282,4.118102291623,0.180639774866424,0.739139692625031
66,4,5.03005620349968,0.319521618996489,0.139614862622693,5.68437869933963,67.5782594993312,-10.0518947250198,0.0360695946736189,0.295774962287396
89,6,2.01489435281364,0.0613230395829305,0.767817893065512,7.35151628075701,87.1332859928416,39.1987695042942,0.291512176734841,0.603782819816843
6,3,3.69513017271582,0.0547521578465614,0.821377499960363,3.3354974882292,32.8446361540041,27.4159883087653,0.491442352406208,0.575301021337509
94,6,3.42323245199824,0.195769411734048,0.412573496345431,8.88634711172811,77.8827526504924,36.3346507707255,0.149093142440015,0.228383116191253
74,9,6.28989093716081,0.150552882696502,0.902798724826425,3.76276532402728,43.7311396314862,36.4853458273201,0.100290759369255,0.577410724945366
65,5,6.55190312962864,0.0683293085312471,0.260201656725258,4.64958415656557,48.9574387439301,22.9638592608602,0.036575020014327,0.435953722335398
21,3,7.50898943092312,0.0180362794781104,0.853219366632402,3.98788360410953,27.7952136451804,12.1997827935061,0.204824513747337,0.588505135383457
39,4,1.17974221675535,0.202225541219789,0.338897453388199,2.79958479776252,33.6872985939949,5.99179544094824,0.0446545848622918,0.861222729319707
32,5,7.45509992134554,0.155790980090387,0.837107622763142,5.90874789520972,35.7518422864901,-8.24164473868702,0.0333441453054547,0.350515668047592
48,3,8.69645266999514,0.0739504332887009,0.277878824388608,8.33332181686306,49.1553160010419,-15.557538888794,0.0195012510754168,0.162614931818098
84,9,4.35909081991295,0.333309947735372,0.723906955681741,5.81217915784099,50.2953231896706,23.2493486008256,0.0200486187343053,0.818318977952003
44,7,1.83453316379326,0.108748620375991,0.927001460688189,1.66537482107056,19.4794609863822,19.9685631968083,0.0387769456320123,0.688788034254685
50,4,7.25266428073,0.0261590736918151,0.403913410846144,4.36832371109291,42.269296148174,8.23971610204472,0.323654958798396,0.952382519375533
99,6,6.18116420225392,0.134244952816516,0.284328054869547,7.77051116816921,82.2315780002862,32.1252795684426,0.0655328533612192,0.169683985877782
30,5,5.02805552952782,0.2944999942451,0.697340667713434,4.97123441103005,32.7967909017759,14.2087643780395,0.170897027655485,0.862566164229065
4,3,2.35581304712177,0.231559442345727,0.953558100620285,3.88158899668804,29.7259854956164,-1.98022889027007,0.273614061424944,0.477791290031746
33,5,4.49670722397694,0.489719342419362,0.495514220790938,6.17036939520396,36.6977607666992,-0.186126959563778,0.111699858583034,0.496783830458298
12,2,2.27009012312917,0.047677205008758,0.705572545761243,3.13134342740185,29.2037598858229,4.68172638140415,0.0698650797787023,0.0915675205178559
71,5,9.50895982783299,0.449627952810632,0.00553290639072657,7.11578011481304,50.7565143879722,10.8086296892801,0.10489375013438,0.57113698637113
59,4,8.73137666867899,0.0548829401377589,0.345688821282238,7.26965001522394,49.0609715516529,1.91612408642472,0.121229390734423,0.434186588274315
54,4,6.29960647205967,0.0132235715864226,0.699842882342637,3.13200313544985,32.4459613522639,-4.76494045731002,0.0380349885590312,0.866524444194511
42,2,5.56702002990797,0.0517211258411407,0.221063157776371,3.43731822983654,44.8364583958148,1.27350825642609,0.0586048481985927,0.159225090872496
57,6,4.55098364676509,0.665344464381985,0.333411843748763,5.17062616811572,47.3438682222884,22.2592872978526,0.18167940120327,0.194718086859211
33,4,5.43590574311507,0.0335332620581536,0.771420964505523,3.1852803716628,35.8709075162437,10.4804680984266,0.315412430448418,0.94160694302991
87,9,3.25004030102379,0.125687762745656,0.934996546711773,4.36411826521034,53.9442310346821,40.8702351449682,0.0252707721665502,0.0901459439191967
33,3,4.20159612113106,0.223416198034513,0.225165492622182,3.83133189175325,32.4315746973449,-25.1357035885745,0.0595591114833951,0.206070807995275
42,5,3.12890112725971,0.510256498099721,0.374144859379157,6.09106957736098,52.8723290045027,22.5101873118802,0.0122989405412227,0.274760890286416
48,4,7.07933560647466,0.410374856296825,0.260919663356617,10.0069081136572,49.8859370541569,-5.34563894941302,0.206882177284899,0.176511064637452
63,7,6.48327685064966,0.132552330731414,0.8740513054654,3.77327834974138,33.9285258426833,18.8212722428749,0.030092089343816,0.6128779000137
19,5,0.982298155981175,0.50471079207719,0.541025769198313,2.7279037315147,18.8557854772454,10.4125707735391,0.0285564816556871,0.902873789425939
53,5,4.85165606701955,0.161588115151972,0.715208811452612,4.29421820890233,39.8187616262991,-17.0248076758462,0.0743453084162579,0.785986457252875
56,3,0.559363848308932,0.0128319839714095,0.618084302637726,2.450637455924,48.2312779020421,14.6716909767047,0.127321402538092,0.781729235313833
45,4,3.19506135152235,0.516298398354507,0.0815251660533249,4.32630533933877,37.2292240489435,2.75410051169488,0.00155479782260954,0.555559231434017
92,6,4.25259558725369,0.129558912012726,0.671872493578121,7.20538801901387,71.5988783949129,23.2774958696079,0.0637463205959648,0.165540012996644
12,2,4.64510097803174,0.237990924845192,0.289152288110927,3.25498357447529,26.7348263188224,-32.1266716316748,0.132808660991014,0.638940702192485
57,6,3.94473634500384,0.476731013951308,0.421582958428189,4.37174657355671,42.562287958365,28.1233531600541,0.0954400540470762,0.830565344542265
26,4,1.97359772577085,0.602052486935789,0.291970139136538,3.43949042983674,35.8245659504734,-13.4495872525676,0.0429943739436567,0.777903457405046
56,7,2.25358810174293,0.0925718564540148,0.998197702690959,3.00728798626814,31.4068688184366,-1.81590185139487,0.00701845861040056,0.615803957683966
75,6,5.86608036018462,0.212117885461751,0.138824715744704,4.98315471871726,42.8207524626697,6.10909220552583,0.0777951901745218,0.622591247549281
23,4,7.99410178072382,0.0713720475323498,0.388765695272014,3.64709532107908,27.8599771930116,29.3605273932121,0.300685796124821,0.661567452130839
1,3,3.41092848887876,0.0883947646943852,0.848025832790881,2.58374942916721,28.5425159063585,14.6846698321687,0.0882918876553786,0.134005611296743
17,3,0.192195258389543,0.377361061961806,0.808993915561587,3.53405646239092,37.9685542713316,-4.77860252413507,0.0353600318992278,0.16413314291276
20,4,2.36431035369692,0.431169319411224,0.697221786016598,4.2794765313691,36.5288858738538,2.93289654228422,0.147433738588336,0.207821873715147
61,7,8.90604103666323,1.09337129903244,0.0160918952897191,5.66444091796083,32.1558057062409,19.4950586111778,0.00417343382723629,0.0492898884695023
95,6,7.30432310106386,0.0256010970159683,0.632301090285182,6.50038612737372,56.6296375667233,4.50263624583051,0.0498527210671455,0.315935077611357
22,2,3.27783144506067,0.00648991938214749,0.613703146576881,2.57721613696202,37.8979135469112,7.25234631880604,0.136614123634518,0.53615004918538
66,4,3.31700100865639,0.0729740440146998,0.254561756970361,3.1954034194119,40.0337852160549,-1.36801604571282,0.0234286134596914,0.723001843784004
66,7,10.7439808324288,0.0804377845488489,0.550805528182536,4.3564239589803,24.7198447018255,25.743113390745,0.302111316402978,0.869081320241094
77,7,8.96703434320845,0.480227749308056,0.144730246160179,7.60340389710919,53.5166047644215,21.6422832731177,0.00735129257664085,0.221053145825863
99,8,11.2930061241888,0.0464240072760731,0.378211801638827,4.22364703936442,33.3135745299125,20.8818555941281,0.0481211172416806,0.754769618622959
93,5,6.95608895119472,0.363686552250242,0.0138257080689073,15.6246416026787,89.6724130446239,25.8283553008605,0.147986102095785,0.34426071937196
9,2,-1.51286957261724,0.10176664008759,0.351450835587457,1.72628880969025,29.8421917542914,0.0594702965732496,0.0675160789862275,0.362177406204864
93,6,9.00108354086055,0.408600334057069,0.164455219637603,8.68600381801603,61.7337616257236,-3.43680703871198,0.0282606063415262,0.0563700748607516
96,6,5.10322591083128,0.113032538443804,0.346628518775105,6.17936557132654,62.3534626598043,-0.148520984236974,0.00376537677306852,0.420454078586772
98,8,8.90022798370524,0.621582989895675,0.292055280180648,12.6090123790854,57.103643304171,1.66761334117863,0.0152096607241068,0.0406441502273083
59,5,6.69838774665958,0.392443904166526,0.180769735947251,9.00423955039682,56.0016456245984,22.5721512020762,0.0159489981165366,0.0838531297631562
15,2,0.341833940884798,0.279532199249345,0.312752227997407,2.48711512097796,30.114155863388,-32.4286326830968,0.0105136671756546,0.643467851215973
22,2,4.60591403111842,0.0347845487438449,0.257414007093757,4.01225869413996,42.1458226483159,9.4206033601747,0.416688268233962,0.919364298926666
38,5,7.85899830646369,0.24386516282216,0.31649132585153,7.03164958913185,38.4669353169302,24.2572849016121,0.0375626808963716,0.0443275065626949
6,4,5.33791229158957,0.0706279559325913,0.881837309803814,1.30656295948112,14.2302444697791,8.92632750937874,0.154295552327278,0.509707280434668
72,8,11.8935437508362,0.06357769090175,0.938921057386324,4.50732061211727,32.3476675950053,3.08664731804421,0.0209152784049645,0.570130193140358
58,5,3.80829334403078,0.378715051782733,0.112480271141976,3.3487027196506,40.2683339376251,5.87850865754856,0.0139965934724551,0.069601611699909
35,6,8.27394802854595,0.119695977159271,0.747108773561195,4.11276482930918,27.5921904683386,29.0922788620342,0.325531750900631,0.777319071348757
68,4,4.99790537668187,0.0185817300023755,0.695950059453025,6.39738403096854,67.1191501330026,27.7450694198328,0.192334301575067,0.485346216708422
41,5,4.28120886321499,0.232126888110045,0.447646917076781,3.39259686110617,27.0976771531192,13.705706414066,0.112020385074885,0.729762972332537
76,4,9.38940774811755,0.170044640777633,0.160407706396654,16.5810279060017,100.021252565117,18.1847342253404,0.20298011227602,0.477783999405801
42,3,0.989811702391973,0.181425148467579,0.368535078363493,4.12852244475762,41.8882662179933,-17.0220232280074,0.0651299651246518,0.883656119229272
56,3,1.12836424169667,0.0233879642607992,0.455694619566202,2.3262819457851,37.9532974668312,4.62999403253247,0.107959301113607,0.771796968765557
74,6,7.30581439873875,0.353946042619809,0.366020278539509,10.035707599292,51.7982910410263,13.51180830558,0.0433869873639196,0.192294402513653
88,8,9.01611934123423,0.969742556515724,0.140427947742864,11.2279310306533,64.8978615782054,16.5803572771932,0.0192346252554638,0.159663839964196
80,6,2.01831944244976,0.327464808932248,0.102799135958776,6.47664108134675,52.9830618986954,12.1539713926896,0.0888455832335067,0.689871652284637
36,4,1.86027326457016,0.151620477307164,0.561959626618773,4.30895898304998,50.1888589536274,18.1806479324976,0.0167772211600095,0.21134726004675
43,4,0.76306957827056,0.138249030903795,0.454650024184957,2.76315338290914,39.9762336898298,7.19756895674576,0.0787362779448641,0.583426543045789
87,9,5.9625054842432,0.190458616696972,0.800390417454764,5.53293463539975,38.1233576919582,5.26128757417422,0.0701802393911785,0.918738386593759
88,7,10.0740867653041,0.0363002449739724,0.784355849260464,7.73801916338918,44.733896498453,9.08375724338187,0.0772464700001192,0.835371037013829
91,9,3.82906150778032,0.564186807442846,0.446079862071201,4.30350104247809,39.7862784041535,-1.76623602156851,0.000730232887337536,0.273276180028915
82,5,3.77520813210276,0.329345120106566,0.0857502596918494,9.15617476702483,79.5374271465706,15.7213734073638,0.0215415119659156,0.360845957882702
86,6,4.52867530534082,0.0626175224315375,0.630404407856986,5.42955455470844,49.9715798245808,-6.64167088347275,0.00343768864973711,0.45359374396503
9,1,2.06089875020072,0.000869863648876658,0.82604813342914,1.20427980099503,23.4065131209242,-0.523311724763408,0.140645838147941,0.538538618711755
58,7,6.33985433332129,0.826115123885584,0.578257508808747,10.0268346247212,47.5757896787228,9.81110141168473,0.0030579119508776,0.122113796649501
27,5,6.13591344660656,0.0477238381920122,0.990274140611291,3.47639937082448,37.7747605098958,18.5658508350786,0.353930311442769,0.368947312934324
54,6,2.62960654875842,0.671244333001012,0.59520795289427,4.1851116873519,38.8260067922451,-12.5940994050633,0.0317065111361444,0.575027471408248
17,4,3.49925504917042,0.233203809882974,0.70360111980699,4.22233167098466,31.189855120671,9.91268945114234,0.11129483859566,0.818664107238874
6,3,-0.646340463374044,0.0295194138282241,0.938333984697238,2.10219942636583,28.0678472832255,21.3355380360183,0.222767384333094,0.986083191353828
89,6,7.00183335171571,0.091755818692036,0.191269364673644,9.75731690134758,73.7834316014337,34.5778363288328,0.0345139356795698,0.099674602271989
52,5,4.13176507130784,0.457585472592568,0.15679679135792,2.91521980242433,36.8932974749139,11.1013387394735,0.0599046235904098,0.582598733715713
93,8,10.0802663531926,0.0485979642253369,0.51953478786163,4.82278336814384,37.6368459904267,22.3607998626597,0.0431234969757497,0.619014066644013
98,6,12.7270621663751,0.384178502929813,0.00179652334190905,10.1131459612463,61.1901967528292,8.68824956003064,0.017237189039588,0.32082664524205
62,4,2.54692991398757,0.00998683051688867,0.911774181528017,6.07499973087666,67.9155136634846,6.21528194467118,0.084390467373621,0.559945875778794
47,4,6.98002779740574,0.069891595787322,0.763808501651511,3.8841099164104,40.294517743747,-1.68720706655579,0.285454664362555,0.584501484874636
58,6,6.52375983230577,0.584769157195622,0.0439613426569849,5.40616960469034,32.4811814927571,-2.12103155754334,0.00164833059534431,0.170234318822622
90,6,6.70254553130422,0.172184220165946,0.383356482954696,10.2448455820545,57.7042720266444,2.64618932662706,0.0794899271813871,0.420327373314649
0,3,0.756634870486492,0.111930103506893,0.979077367344871,3.0256245821718,31.3739771004165,22.6100421721179,0.469414331366248,0.396851145196706
64,6,1.72414356930344,0.101604865049012,0.712172016035765,3.06716471169289,42.2238740837242,22.7525761880977,0.0150266106240451,0.599134680815041
73,5,1.6013313352369,0.141477761764969,0.185808706795797,4.62746295158465,52.3233414010462,17.2228692221802,0.0729891017037344,0.950573869980872
20,4,0.308936669740955,0.324026747685789,0.901421295246109,3.96502404751347,31.6428490108953,2.46427268886346,0.08476817914796,0.560598909156397
76,7,6.88467430303671,0.73903703228196,0.353933986509219,11.8976936490263,59.5589098713477,15.5930715342647,0.0261953049339354,0.0050520624499768
47,4,7.55994016447725,0.0177300865396574,0.852760261390358,5.60855644095484,56.1311442628698,12.1594746359455,0.125140665281088,0.259301878744736
74,6,3.73788035831059,0.404085529947138,0.632718855049461,5.22796516128025,55.8789661495503,0.653027380687453,0.0820059292907727,0.524226390523836
1,0,0.204824986361675,0.00546629342716187,0.841225043404847,2.0519798105506,31.7643247876655,-3.99444617180931,0.241668129513476,0.978501305216923
76,5,2.11471230369312,0.185565701908174,0.279344792477787,3.75130162209057,42.5578124051913,-21.0016293653669,0.00814068694355924,0.742873442359269
97,12,14.5904093437679,0.270981225640255,0.847188046434894,15.3641945535428,68.035957789541,65.9598374702275,0.147083691685441,0.34710242296569
71,7,2.60178420735003,0.146974305427136,0.600051695713773,2.40621727000505,27.7121853076684,-2.22903442787763,0.029968837974593,0.913109970279038
48,6,5.89448519923735,0.130114366766065,0.989050487289205,5.81533782585788,38.5702843630326,17.5439413708895,0.100013474091412,0.647997205611318
58,6,6.41335815671976,0.742039842489076,0.122744224965572,9.84974616068496,53.7377444075946,11.2272640657211,0.0203723743092269,0.1568087937776
38,5,3.47015137961944,0.0788385421037674,0.892154127592221,2.31294327760337,24.9812249296879,-4.46803823984389,0.0809851236599398,0.990056146867573
87,7,4.02274345618873,0.595636222014362,0.195028006797656,8.53251249418066,72.9324634992159,38.3717360790287,0.0257530295755714,0.17872342816554
62,6,4.4143442126302,0.324363115000281,0.573257436975837,5.67475012304439,38.1698260843755,-7.40232658393955,0.0668897128198296,0.690469532972202
25,2,6.02318349023294,0.128922928241082,0.144383839797229,3.31028502166411,27.2785707066941,-27.1800036338231,0.195798156029525,0.807168690022081
16,4,1.24399263970608,0.422275308498597,0.565057825762779,2.68822416290761,22.1808356721385,6.31804370169778,0.00786103722639382,0.173001258866861
39,4,4.47440267855305,0.311527859409082,0.331407804042101,4.71796151108815,44.0500973051041,-6.37845954742707,0.189013868003132,0.551176835782826
30,6,0.925484410346658,0.57678152012282,0.740799664054066,1.84254863628789,23.0987169361395,-1.4418713885558,0.0554635619278997,0.584652332123369
21,3,-0.819050968421157,0.200753946545276,0.472385929198936,1.78242733423145,22.9378985970708,-9.42526949875167,0.0472394124604762,0.976675508078188
16,3,4.64379424576715,0.477647291941053,0.532050715060905,4.70898389807488,38.0645652918842,0.984175729627768,0.119701087284358,0.0129929536487907
26,2,3.49413591925341,0.0430687053193079,0.747574085369706,4.04704749441431,33.5660178841865,-12.7498970408377,0.307439231855755,0.859425815520808
5,3,5.82858125823515,0.192313707957356,0.677261274773628,3.7496671965759,26.298679584503,12.2411580536274,0.101383142677754,0.029493746580556
65,6,4.01761991858149,0.161918558413163,0.461323784664273,3.29006194397558,36.9534720825016,0.29774042962234,0.0637698682490736,0.880952465813607
64,5,6.85099885127069,0.00613432970061761,0.810635007219389,5.1305171843834,40.514498706547,5.49033530421863,0.0571779014542699,0.57567660161294
78,10,10.6529365181714,0.465811031849539,0.333299936028197,7.85503592611996,34.726457095195,23.8636685501966,0.0460955259855837,0.677654088707641
84,10,8.93373657636874,0.343425568415526,0.618057433515787,5.84452441712044,45.8128559347566,30.4213254875583,0.0240720393835484,0.130447205388919
55,4,7.99529096416655,0.0597653283039108,0.18992598936893,3.76184493450488,29.0525341351212,0.363123900305854,0.180222032955828,0.859560735058039
88,8,6.51474559068861,0.0862875229213387,0.841282365843654,4.40490011179061,46.1242794546353,13.8678560758953,0.129123058259012,0.900480829644948
18,2,2.08581294443136,0.0234840305056423,0.83975162380375,2.33182591751913,40.653292514455,-1.16882949004364,0.154225990540328,0.401528771733865
85,10,5.42319781891489,0.227568450054619,0.743118144571781,4.25922250726088,35.0674498289494,24.028882560568,0.0318430293817073,0.748753071995452
75,5,4.53058844001164,0.150012219906785,0.129603322595358,5.91789647332693,52.2821909761969,9.88091898720279,0.0228194741745161,0.0472590993158519
56,6,6.32610923362477,0.0946251208745997,0.927593796513975,7.2060822085962,50.0904282569033,21.4107185982978,0.14222806020731,0.2787954302039
45,6,5.44855305823147,0.281675870752636,0.653244936605915,6.21635120508602,43.1980925950753,23.1567959071658,0.0722428128081274,0.498180008260533
87,10,13.3703398791867,1.24958526249069,0.00656653381884098,7.43603029061128,49.7777856091553,34.6708061180304,0.01968789328821,0.225634015630931
16,2,5.9690175909016,0.082891215919517,0.294289644341916,4.22461863832295,35.4454217210467,4.38142710658266,0.0369036009069532,0.174254309851676
85,10,7.90956250635672,0.242749718705866,0.369631411274895,4.3632904795562,44.4078771054281,54.8294608893262,0.0106743816337968,0.258750694571063
60,8,8.98530070746554,0.55442750248557,0.825548658613116,5.96738213611302,32.460582458241,-2.59714241479808,0.00588913908201089,0.0220192016568035
24,5,1.64707526962535,0.175981688768345,0.954151426441967,2.04346311274293,28.533229535492,-0.75169246756465,0.0313693060539663,0.805831074016169
71,4,7.03925310555194,0.0796668719778355,0.0796604696661234,4.53807010004601,50.6528857624577,7.26749075212063,0.261010874981496,0.865600391523913
9,3,4.79480917573639,0.0458366217790172,0.776597403688356,2.43552680565211,16.5076534335029,-7.82044817214335,0.0883368241394549,0.255817909957841
32,5,6.25783739052686,0.759245611116344,0.0610705181024969,3.61666400311445,30.7327433310791,17.2598224377852,0.0449410051107407,0.348803605651483
3,2,4.8684373970299,0.0529924790953623,0.376567889703438,2.19139484117756,27.5078868096326,14.230991890454,0.224428167740319,0.315998435951769
39,4,5.51250199237217,0.146338157355785,0.541595570044592,4.70665007365245,46.272570239613,7.75651547826624,0.218277798021648,0.0890958979725838
75,5,6.19674666230124,0.0400021231528062,0.423350861761719,5.97996369536067,41.5277386408863,6.39070639271442,0.0413965358864516,0.83012482454069
31,3,6.15503584199836,0.0376842647846547,0.719130947021767,4.80111718771299,40.4243523085208,8.58482269194014,0.111398236635597,0.121506243245676
2,1,-0.333402288487022,0.00116830080301269,0.911496963351965,1.49471525627332,25.1915122025368,5.38013807264792,0.718037364962411,0.955339717445895
4,2,3.93178819242257,0.0258140884106979,0.96934820828028,1.94225768675215,19.8918946612512,-23.6706731373977,0.319429338706617,0.620330695994198
16,3,4.19718069177594,0.134577936376445,0.723816277226433,3.50535208678796,28.4188799541917,-17.5830452583939,0.14976628384644,0.44431352824904
99,7,4.81496732131005,0.0391002604737878,0.904128747293726,8.54952024059514,74.6798137327164,24.5417170756568,0.0551373855676502,0.831002951133996
73,5,7.51026455826178,0.449025368709416,0.0267809275537729,5.75027092685932,55.6483332074719,14.8367209672541,0.0368550555314869,0.158658899832517
95,9,9.26863377208397,0.400864034714759,0.144814564147964,6.6946275764302,39.795446611864,16.6613249633211,0.00682148197647145,0.811623397516087
35,5,6.48023656867606,0.143877345753274,0.331155673135072,2.99844042423551,25.1322966422476,6.10381906402851,0.127145553469182,0.921720223734155
6,2,-2.19524630728593,0.485177832634604,0.560643271077424,1.75763642561963,23.2437766388248,-38.7112573220798,0.0116059789092414,0.571676786988974
99,7,7.20244678637285,0.290800020553845,0.147928667487577,5.27888003422807,47.7629523034185,5.03746041489191,0.0768657887963827,0.628210788127035
30,5,4.18956424839888,0.212694435239463,0.655305224005133,3.11480133850615,23.479122850661,-10.4675332997067,0.00632841628976166,0.304778199875727
63,7,9.12433826452862,0.500524464973664,0.387973093194887,5.93656395068183,33.3151299002691,3.86794746982065,0.13421932272193,0.504542543552816
98,10,5.66415885048738,1.19350877118515,0.365772809134796,8.22863396978651,52.7757018101553,1.18075280048582,0.00750961820604459,0.108380129095167
10,1,1.49336999798584,0.00923161674290895,0.80185750965029,3.11518203491814,35.3923150106392,-4.61786523189996,0.0667030898388475,0.645026401849464
67,5,3.68610004833034,0.179310012598264,0.488315569702536,6.20379977627372,49.402866289513,-3.41426241776866,0.00191841437481344,0.305425118422136
59,7,2.43982613704425,0.215591257660392,0.710490924306214,3.55537775957927,33.7773627959935,26.7201750812891,0.126759909002093,0.993654602207243
52,3,4.39762680611317,0.0240239648062988,0.830166742904112,4.13938505691944,40.4960858091001,-16.2530017386037,0.0402824836783111,0.309828440425918
8,3,6.31014040090848,0.0398374834263556,0.885850628605112,4.18251041295282,36.5605239910055,25.0841202439103,0.191626272691319,0.0481545361690223
6,4,0.0486244669435134,1.06164294940637,0.236873071175069,1.9485040487639,15.0908998498116,-3.93646564053261,0.0343996737190246,0.372260290663689
81,9,3.07187177818977,0.216352992562689,0.96792258345522,5.39043729448602,59.3281500718579,25.1161629993186,0.0462262558285147,0.456110507482663
13,4,3.9786801566162,0.225677501865405,0.890857101185247,2.35610405897605,22.7183620943162,-9.4036424739065,0.0175319909262083,0.237344864290208
24,5,6.61179672429955,0.449358345230957,0.461824144469574,4.00861573946162,22.2274681568308,2.06860020138312,0.0181952135637403,0.148092299001291
23,3,1.21867749507192,0.255149439432401,0.203084173379466,2.64375105221277,23.6948704765719,-21.6097882306446,0.0656052188016474,0.983522087102756
5,3,6.10561658248485,0.0369964424753562,0.960365047678351,1.93370601796552,18.2025960730329,-1.46277252423663,0.0533246177248657,0.482908364385366
76,9,5.29193436198763,0.89619015664199,0.542110068025067,4.62064786619328,38.1181548515021,2.97986415473923,0.0111022011842579,0.116149794775993
63,6,9.78720856716988,0.0269921995932236,0.821504967985675,5.87160133163945,39.3489644592368,21.062475836359,0.0929590396541071,0.231037164106965
68,6,4.58019884034205,0.297249404919437,0.270783649059013,4.12775432321155,39.2181105293309,14.0970929002269,0.0654315205290914,0.895761616528034
75,9,8.03286077930563,0.988965900124569,0.421970141353086,12.5535658335878,50.1773125708871,12.739257494922,0.0227237641026464,0.173299278365448
0,2,6.40411162080465,0.0973061366239563,0.659506163327023,2.30709779685394,24.5209556382674,6.99014240775106,0.395100611986077,0.395669772522524
87,6,7.6993538923438,0.444478869417167,0.184801936615258,7.29348149387317,55.0734646750851,-14.5548729539982,0.00231321905739605,0.166325571713969
73,7,9.05029372938626,0.250075855663017,0.207908528391272,6.76567949861569,33.2667460956752,25.7214738596638,0.0147153945569917,0.206113049760461
65,7,9.51309759267872,0.543238373907441,0.354535939404741,5.15023524489511,35.186147992135,-3.28283349466754,0.0294979976927969,0.230052917264402
4,1,1.92833918724754,0.000838555744849145,0.979813425103202,2.28799947898435,37.6222127493691,-2.20889405747741,0.510074379463397,0.864701487356797
17,5,6.03471157861001,0.618229565644795,0.628680517664179,5.23060109811602,24.8269061586598,-15.2250291928501,0.00481317212547495,0.298326940042898
53,3,4.23043767048252,0.0123862170148641,0.521927610039711,3.19378364163844,41.4767993838371,5.39944616879083,0.304928225262051,0.886207198724151
98,7,6.88416070338875,0.441294896395362,0.0511778017971665,10.5626686447915,56.0327858705809,17.5984909190925,0.0473948694957389,0.161057857563719
8,1,5.69888307050919,0.115424720510165,0.0509610651060939,3.2063578948011,33.186320860969,-13.4392047680625,0.051751429727301,0.503415929619223
24,5,2.74600335779398,0.7785520851192,0.637001123512164,5.05873034282245,34.960508312505,-14.3538892061451,0.00490879137068987,0.0605692630633712
11,4,5.77649666964582,0.620295986035997,0.524040108779445,3.26828765158989,23.5953651876124,-17.3154885811437,0.0537706387694925,0.4317485622596
3,4,0.258472005595356,0.537569922006545,0.590880520176142,3.01080582092953,21.8406555873012,-3.82961508938221,0.0165482340331605,0.67706039454788
32,3,-0.520953967105222,0.382196566534644,0.388100718613714,2.84817324835657,45.2385895906026,-9.34316005457145,0.0343548616394401,0.142595388228074
85,5,8.9798794056738,0.145133139682002,0.161816835636273,7.86892594584502,68.3251482862484,15.339966731342,0.110550513260523,0.111369173508137
41,4,3.16490464125557,0.559738758454257,0.279624531278387,6.07545373080747,49.6964344574463,1.98377468710613,0.00567629034630954,0.148667963920161
87,8,7.49919332918367,0.413301865083581,0.517469963990152,8.19295979030526,53.5261294404718,5.26344576859525,0.0757641783297679,0.31607954762876
18,3,4.9932370179595,0.225444369960693,0.238724494120106,4.34065947374852,25.060451375444,-7.52942781029528,0.0207648844458163,0.199219990987331
78,7,2.4791853849265,0.660781864511007,0.140083470148966,5.99235074558743,64.4810713285698,26.3604308296505,0.0282593925949186,0.424749783007428
11,5,2.45939824869109,1.11838955891536,0.346671427134424,4.42151207461217,28.6268867344731,4.44986315880443,0.0209072387311608,0.230330367805436
26,4,5.45577719447846,0.272642164713445,0.347821238916367,4.49250246651087,36.0959422274963,32.1135593735574,0.205716831228676,0.0683801742270589
34,6,3.7131921430327,1.22937276626105,0.52717507421039,6.12282628507613,47.0822199879438,12.7445936726451,0.0132025906816125,0.0286852058488876
57,5,4.04346141728508,0.475462824550873,0.0601541234645993,5.67940194266718,46.0469199092053,23.2701741825264,0.148597989222946,0.650472691981122
4,4,0.327382857439094,0.0606072755763307,0.934920219006017,1.09001720772177,10.8756497103461,-4.94410717526012,0.21097430671047,0.998608830152079
18,2,-0.45895201918497,0.140843751840293,0.241151004564017,3.61655706032105,44.6601208067181,4.34166458545836,0.129186869780989,0.418527891859412
98,11,4.21165484671786,0.14942225755658,0.816125586628914,6.41812378439794,50.0778914268136,55.3117860965327,0.020116601837799,0.767533218022436
44,3,6.90035849749528,0.00119064508491347,0.574075604788959,3.04663116312744,41.6854779084385,19.7517887041511,0.276518497417185,0.747415270656347
43,3,7.91904956571197,0.122455924516544,0.283463074825704,9.98719409191595,45.0143394560986,-8.22873658430902,0.0734700084621918,0.478981843451038
59,5,9.50616557728814,0.108484801254235,0.603459534235299,9.3623106758155,63.1096664430414,28.413252884452,0.268155840212915,0.0847716403659433
91,9,3.83161008132519,0.0992063238518313,0.729962394339964,3.63738450400135,35.2058090241504,26.8900096733589,0.00524502811022103,0.564925634302199
23,5,4.63941708760686,0.660280063251191,0.268416237086058,2.75590808178624,22.2938538821506,15.0661191529534,0.0480537723749876,0.822710406500846
7,1,2.35907556658588,0.137791246408597,0.483987817540765,3.97584057316547,44.9804876368632,-10.2025187390395,0.121125397827001,0.172405291814357
77,5,1.67487175636425,0.0875677061267197,0.469752649310976,5.86740176775481,62.1341899448551,23.1772771733988,0.00382592868991196,0.555752087617293
83,6,3.69746141727253,0.0383801487041637,0.917042683344334,7.05047769211135,78.8792362681079,29.8377139095981,0.107873588047738,0.259436610387638
46,7,9.45817423948293,0.218498191172228,0.635879703098908,3.12870225699084,29.729236791158,26.9336613265956,0.134430119484187,0.309483461780474
99,7,9.28201048939247,0.238705689729716,0.163151535671204,8.94052261164281,62.4874657539047,24.0101198848129,0.0451874796301127,0.258153008064255
95,12,6.67842697086363,0.558463054211968,0.565051852259785,5.92365073879187,55.4658132207412,48.7193689662667,0.0597391699440777,0.36464651953429
25,5,6.14603950795917,0.530655830601388,0.359138996805996,2.98833803179276,20.6412274660394,-14.3394593335758,0.0496496542098133,0.55732149630785
65,8,4.30610414565494,0.174459768670123,0.974863717798144,6.28033331907095,51.3373000668722,46.3578557210754,0.0196614329237491,0.0756316061597317
27,4,1.70256606149412,0.318893232174037,0.755731235956773,3.04279549529919,38.482936219232,12.9436459561709,0.0289397929329425,0.05051000835374
8,2,2.06366839528419,0.00283500231055074,0.965949499979615,2.89971388040719,34.4559561807247,-4.8381517363912,0.259496461846817,0.890421676682308
1,3,0.975580343989591,0.0517324833199382,0.957137780962512,1.03250690285475,13.317223439369,-2.54754276563979,0.0457670709560992,0.371255315374583
52,4,6.13103960250876,0.0278636520659344,0.715918980073184,4.49175062298918,32.4894454905894,3.19905569235923,0.118019525702567,0.95572246145457
1,0,0.451674626617232,0.0946689230622724,0.332402008585632,3.93652902777155,40.3896347026562,-4.00667765511623,0.162330307803097,0.719197017839178
61,6,1.79689963007241,0.211953814506323,0.28482352453284,3.28974262363968,41.0647365096456,19.9177670615491,0.00694874515756965,0.709800697863102
62,7,10.7970329218695,0.171009608078748,0.842612774576992,6.12489945586015,39.4861560988062,21.097624027551,0.215209043572161,0.316631961846724
80,9,5.36003933221047,0.749124710147167,0.448785439133644,9.1231174367817,53.5201152729887,30.7645290127592,0.00214681292853005,0.0497574366163462
92,7,8.03373291245897,0.0558584163663909,0.861483841668814,7.97404721542796,55.3923627997762,24.7343294376524,0.11469450899911,0.267151416977867
48,5,7.12792360178129,0.0892219736963264,0.676500440109521,7.27629173244558,51.3839929015102,19.706905813877,0.0907140783705897,0.580082769971341
54,4,3.1325518190241,0.160696441074833,0.379214469343424,7.47239215127373,54.4303905921001,-12.84155046742,0.0139315373264253,0.563229736406356
55,5,2.93858777753413,0.276213326841224,0.353433382930234,6.665703874313,44.709531377448,-6.98558729088488,0.00356953842565417,0.272034239023924
94,9,6.11973282961861,0.93964992970565,0.0311961022671312,6.67798400410037,45.34956798636,12.3429320871751,0.00321980927086604,0.709313632920384
53,5,3.03876601225501,0.7718482490842,0.0622607313562185,3.71427909054577,33.1360845296127,2.20123169247844,0.0222769704181701,0.316237558145076
99,8,4.0776078679819,0.749751707496953,0.225443849340081,10.6157294585049,62.7634961965619,0.691604782544869,0.0599242029245943,0.676395894959569
78,6,12.005374707619,0.464180416872209,0.155074870679528,8.18244519543731,58.0025971992626,7.64118318105663,0.0822298738132131,0.130422078538686
8,5,2.5555141105789,0.341723207606676,0.953638960840181,2.66428864420002,22.5618468846085,-3.16493602260429,0.0936194493008589,0.522679292596877
5,1,2.82956218143494,0.0791599880636025,0.580463912105188,2.5465210807894,29.298508958991,-30.8815882466751,0.0531539555693284,0.38007471896708
77,4,8.53348642234899,0.0358408651590228,0.348390746163204,7.74739759705978,55.0250599941663,-2.14314758765546,0.0748916214289975,0.815528446575627
53,4,1.2148203789281,0.0561081289779395,0.572333004092798,2.18037881373809,28.9556299792436,0.777509730535204,0.0448911523912102,0.5920313608367
67,5,7.32842530398481,0.0592849897375051,0.142871497897431,6.75561792711916,40.1234893557202,19.6999753542694,0.206619051276686,0.682229119585827
26,4,7.5641673484981,0.115923659177497,0.348478298867121,2.13926692988101,18.4001402552123,9.95756151809098,0.0417250959202647,0.207911116769537
28,2,0.662222024690909,0.213515078769734,0.294004478724673,2.63653657967153,30.2318534504963,-26.2566490271897,0.0705426014917803,0.61851473711431
53,4,8.85313694977301,0.0977762410184368,0.410503012128174,9.34898483520585,72.3647311400801,10.5587272131084,0.15277878063822,0.31182836741209
54,6,5.13086394378851,0.746636817365599,0.0732003003358841,5.21945035290811,35.9128125604718,5.66932242063778,0.0412452574819326,0.389405238442123
56,5,8.8415432186504,0.521879695790047,0.0977405714802444,7.31277533192585,42.5453737847458,5.98973851528139,0.0156195577699691,0.162559892283753
77,7,6.15049781919321,0.0530311830807477,0.575390840880573,4.0489985083496,31.6590221961469,7.40808406765662,0.0824226338659108,0.998454387765378
14,2,0.0165442681473769,0.0291560382139574,0.503812150796875,1.49746084888743,29.2389613742995,-1.97158040796549,0.0620961533393711,0.870405617402866
15,4,5.16835614212158,0.711761951017794,0.148619469255209,6.028944791204,27.6630606570982,-0.588647652084383,0.124727951358528,0.155382927507162
35,3,7.20582937290999,0.0361113569317206,0.870317054446787,5.576704742337,43.8634625377829,-1.50640329394453,0.106529418747397,0.196299166185781
3,2,2.20398086378677,0.193370505225587,0.134417933644727,1.97988168099621,24.4948962258528,-12.0358055019449,0.104154950748653,0.850669955136254
49,5,4.51183169795015,0.0490308720071254,0.54851912194863,2.54475397941886,30.5309873041037,22.3494073099632,0.204741022541168,0.91350002028048
37,4,7.69972135283278,0.0770768893416971,0.549375453032553,4.27713206952084,37.190840680073,-4.34924505995278,0.244673627416108,0.555030836258084
72,6,4.6956724430368,0.199697060732845,0.32003810396418,5.22512442638765,43.7977050894763,4.50884611122427,0.0129129532778569,0.527281539747491
56,7,2.75688073066912,0.131249880534597,0.992746191332117,3.40820235686165,35.7426798115961,10.6548271564138,0.106435864973338,0.955028298310935
68,8,11.0839478587082,0.984685340378076,0.133848163764924,11.7493562790799,58.7161208769599,38.8224013414628,0.00843233293043091,0.00279307831078768
25,5,4.76547585470005,0.440437322637737,0.512504235142842,5.52505640859749,43.4155890366156,28.4049571797312,0.0556671977043152,0.0876885270699859
4,0,-3.04305624248335,0.01843270775126,0.528343614656478,1.17510191417866,18.0282201568088,-15.7282681518944,0.288698191923981,0.975408266996965
33,2,6.25742954594862,0.0177477871035508,0.751005691476166,4.53446561444817,39.111696569053,-5.30065851295578,0.0979009898337436,0.148393825860694
82,7,9.95012159427059,0.151345421676524,0.585413343273103,6.38528518253375,39.4654257766715,5.43877231237334,0.0219158401712775,0.0737621462903917
53,5,4.74867958261729,0.0441891291782492,0.895871056243777,2.85562833740366,25.5206235163052,-2.08208345741368,0.0683555477764457,0.683372805593535
69,8,3.11944314019434,0.329385880370367,0.505222417181358,2.20772477849758,35.6608150337259,33.1326191022573,0.0156604843557094,0.183287847321481
64,6,2.55049333472103,0.490405797006047,0.441519785905257,3.65109405920079,38.4569460901227,3.85318902978929,0.0676679133437574,0.891186977736652
66,5,4.35941861548807,0.241270058777857,0.321042347466573,5.53283352691787,47.5494380749639,-21.6581119363971,0.000273042311891913,0.443141269264743
15,2,0.199869878518356,0.175203171781007,0.52401065081358,3.8596865855588,37.5365140943562,-40.0117130595439,0.0597132202237844,0.422587959794328
40,6,2.97226168004919,0.160158139653504,0.883491600165144,3.44354053717018,35.531635346369,14.0585211938267,0.008135822461918,0.609088358236477
24,5,5.86344712729449,0.201576866897497,0.848505516536534,4.99311886667018,30.4857307309201,-0.711679982239929,0.14192099905675,0.84502143971622
13,4,7.9521071340546,0.0458792695675832,0.735694409580901,3.39559410964514,18.63874702331,27.6812202219048,0.092225954677434,0.468779587419704
11,3,7.10378227088355,0.0219883871031925,0.866100640501827,2.7769740145593,29.1810930836963,16.2761545206119,0.534047840692499,0.465561133576557
78,5,4.37797736820347,0.0365608572634631,0.586777983698994,7.15466510317894,76.7097137199535,28.3235198292915,0.0612296254374087,0.176435329252854
57,3,5.61501986966898,0.115218391617289,0.131812013452873,7.64518342302061,56.7816855074573,3.91350962902146,0.0881722704465401,0.397609147708863
23,5,3.38623047446704,0.0587346305837855,0.944788557477295,2.47285770587667,27.5604204134062,16.8698386266974,0.128665919411452,0.869692195672542
91,6,6.20076687351348,0.418920974226153,0.137631970224902,11.5130570408713,58.5764060868228,14.1300555787387,0.047476259570389,0.12862041243352
57,7,5.13483898393543,0.634530942942644,0.308927739970386,7.23720284460014,44.0770384059285,28.5644326182009,0.0486361530554155,0.0739491782151163
3,2,0.615143370008926,0.0227170760044828,0.877473773900419,1.17532058847586,15.1042129896462,5.53259650887004,0.351015696467316,0.989682207349688
66,8,9.0032014679299,0.227221275083652,0.829861992504448,7.83235124200332,45.1596544057418,26.7323966922696,0.142254885706028,0.523475668625906
20,5,2.68661315054737,0.862874254542303,0.231701525161043,2.55623421018281,16.3070203636457,-6.01000358796697,0.0364303175359964,0.708527861861512
48,5,6.68478779234015,0.128594562760554,0.752797985915095,4.49812402828259,34.4934869302687,-11.9044442954472,0.0409385494979691,0.719087232137099
77,4,5.70773869065101,0.0139482511440292,0.260122107341886,5.35683986926133,53.2913386052879,22.5086354419397,0.0537255358882248,0.813804480712861
67,8,8.11167685967655,0.152110115846446,0.626545409206301,3.08361563380267,31.5556194753044,39.3112745409633,0.0812547367024136,0.687193897552788
85,6,4.20413620736402,0.34372814115018,0.24046522541903,10.4157250758859,60.5003435132486,0.396148118489898,0.0485052158590406,0.757777582388371
89,6,4.79714812949712,0.229525983323085,0.0306768617592752,4.31369951104739,41.2378876242543,-12.4726903971116,0.0148934537079185,0.935856734635308
8,3,3.99537390431498,0.132113648927771,0.648385058855638,2.15501270538841,22.2891315677155,14.2498113982592,0.140221603765132,0.340978033840656
9,3,4.20388579096732,0.139355677412823,0.920586100546643,3.06393241818874,28.9059482943777,-8.03493544516335,0.190565586946448,0.414585897466168
57,6,1.71540578671305,0.556984597381471,0.835536446888,3.76554504364533,51.126375750244,11.3825208082407,0.0838863546651648,0.315491977613419
18,3,1.01335756216761,0.178951099126794,0.457958563929424,4.12214906308423,35.2995457959769,-0.465289526871439,0.138456792380185,0.885188447311521
24,2,2.76230474746759,0.0441335847135633,0.440303651150316,2.81872808461867,38.619819505944,2.45165999784245,0.15591547898108,0.53147664736025
45,5,4.47950935836574,0.71621607867479,0.0919501504395157,3.03224595320039,32.3995532336311,9.75251834504862,0.0370843246113509,0.193052426446229
57,6,3.14807151498573,0.684068475352758,0.19460856821388,6.31040808131693,44.1143999870681,5.42241702412492,0.153500761310012,0.458152103703469
46,4,8.81129081011971,0.357167498187578,0.0850674249231815,6.7414269479854,53.5185350110287,2.27993981612255,0.105348344507898,0.318562756758183
19,2,3.24641881658573,0.00549062261507435,0.720372897107154,2.65335194942274,25.3081025783989,-14.0974135636366,0.184009211129489,0.97559960000217
3,3,1.0035534795451,0.0665348112815991,0.933827918721363,2.12849959476274,21.9134173968989,6.26710434736665,0.186155110775473,0.778392462991178
34,5,4.27109730171356,0.339615014138374,0.735129108885303,4.95305708580759,28.3995179997525,3.6529163587254,0.0228371675591916,0.0625651029404253
76,6,2.32064379435307,0.760961847485348,0.080974122742191,5.13173298606972,43.3454461436899,-11.1901291812628,0.00293701994232833,0.78733200323768
8,3,2.3753999762312,0.35520251279459,0.626576733542606,2.18954860699149,20.5572638526516,-18.3700897375502,0.174338094067403,0.623363957973197
51,4,4.36585289841344,0.0427856197572297,0.734117656480521,6.16453685862332,46.0205858287375,11.8519691401742,0.172594134501162,0.572483710246161
52,4,3.52721721815042,0.405663650461888,0.304274516180158,7.14787366670605,70.8181822137371,1.30811857004098,0.0543304205406457,0.315437404206023
61,6,8.2749212751058,0.0662843368700288,0.743086102185771,4.51860621009649,35.5370347143407,18.6524511103183,0.0428151468746364,0.21434098854661
70,5,4.35628533930495,0.358503519348718,0.149407742079347,4.62732495708287,46.3728557440512,-14.9632917177202,0.0690508193802088,0.384251703042537
89,6,5.16477280081683,0.0547989785602363,0.325169616611674,3.76042086664635,55.7985052790707,24.9164929655193,0.169123846499748,0.826290790457278
54,5,4.29852580890695,0.259463211783331,0.312897618394345,5.42106511098289,45.3428581826437,1.73478165833121,0.0468903210479766,0.125664704712108
36,3,3.60638061516991,0.0125340667513677,0.944478618446738,5.07792275042952,45.0764521237756,5.38804699445188,0.078313194917057,0.758921635570005
27,3,4.65969242362733,0.092360013183787,0.831164261093363,4.57188488010451,32.3539622840117,-16.3263340506995,0.164012061237338,0.854380308184773
0,1,4.61069547083878,0.0231658491636252,0.721251531504095,2.68686893838824,28.6166309035653,-8.83317952255002,0.327223436517601,0.413189714075997
51,7,10.9561428574566,0.367789158110923,0.345294330501929,6.70419628110404,36.3046720533869,44.4480583932927,0.30283859593976,0.324522614944726
81,9,4.62353028636804,0.726316861766291,0.561635120306164,8.05045113645336,60.8304199855807,31.3868330510686,0.00273321773856878,0.102148213190958
8,2,5.45733534480259,0.116264116679039,0.574712631991133,3.34081624484381,36.241676578241,-19.8502363974256,0.0816572010475111,0.211277361726388
2,2,2.15999125217423,0.0565264467149973,0.988992636790499,2.39707797951309,23.1317330839263,-19.9996015014148,0.173370861998739,0.728783625178039
75,6,5.70734768329045,0.177518997610671,0.190351889934391,5.28618974824223,49.4095557578051,23.5051094544779,0.00708250128664076,0.512439235812053
94,8,5.91557672519191,0.143916554865427,0.622746630571783,4.50083008592807,48.2187476579111,3.0596489680601,0.0254286162089556,0.830961866304278
62,4,5.28765906990303,0.0738034155219793,0.0744945576880127,5.26020038219231,40.2790414853025,6.82091283599739,0.248785504127357,0.843841204419732
33,3,4.89008179593657,0.109164866269566,0.474990813527256,5.69912347429251,43.4870581633488,-12.5205156337845,0.0317272604443133,0.218347473535687
11,2,6.1835766163948,0.00748614175245166,0.924129648599774,3.43268020855316,35.0947676287081,15.2945091854075,0.410904522777951,0.635090865194798
82,9,6.98412305052902,1.12317882937597,0.261467780917883,9.63064726823291,54.8668914618825,8.95772462929,0.0276500701904297,0.258007712429389
87,6,3.72036161124222,0.0572912242827588,0.446208970621228,6.7688468887121,71.8948425557009,43.7524957979984,0.0798748833510401,0.774739230051637
64,7,8.3476988492838,0.888420355919391,0.289779027923942,11.0812381642754,56.7387812185571,10.7196349327584,0.0698664287994516,0.143058372428641
65,7,9.80153807032796,0.268010792760321,0.641883255913854,10.7096169627341,54.1991358124414,23.4490000153077,0.0429771695906817,0.371541989967227
98,6,4.67726156349343,0.0296601670561358,0.297383447410539,6.81363399670953,53.4653133152409,26.0389137821811,0.224819946462724,0.985633205622435
49,5,2.39584340972703,0.295006264714785,0.438551182858646,3.77486341408334,49.1642810545301,1.72854727224976,0.012688358174637,0.471319458680227
80,9,7.38126249192883,0.298719983071762,0.588909088866785,4.11417940323092,32.0520268185303,7.69982494323301,0.0202790739645135,0.724021602421999
68,4,7.24388039164389,0.0012343742095146,0.484073757426813,5.06906985348343,45.7250993660421,10.9504349715813,0.0663091351743788,0.563115880824625
93,10,4.08258011671091,1.36732250118727,0.309689560206607,8.27215460418871,59.9472224009412,17.9834515555149,0.0130239259051811,0.186064557405189
8,3,0.207182360293853,0.331081141241568,0.523381951963529,3.2213399162652,31.5544853877939,19.889400003908,0.306909726543312,0.71106335404329
74,4,6.02272042688565,0.00489696755539626,0.635785881429911,4.33804736665931,54.8496760243209,18.6085866380388,0.230038287400829,0.805176085559651
16,2,2.2138276264557,0.048767612199299,0.707697693724185,2.76867263270374,31.3300791796006,-12.4807206432103,0.114666934865983,0.525335726793855
11,3,6.75785691669371,0.0651614124171949,0.831557902274653,4.39973109867726,39.6150536785736,5.91169026405726,0.101484868391873,0.197083921404555
76,8,3.86351839321151,0.138098150142469,0.87684271694161,4.83454625518122,36.58092443104,7.03790587212478,0.0587577199097723,0.873387697152793
29,5,1.99381965751792,0.855539521160436,0.335331453941762,3.41773007456357,26.1030735192108,-13.4468886109527,0.0044591692276299,0.490870459005237
3,1,3.1378805524151,0.1942266287976,0.214545431546867,2.21456627112446,22.5649528573196,-24.7199961033805,0.0125372471349659,0.232341364491731
18,2,4.96301018769798,0.181751047127866,0.256439780583605,4.95169576090021,37.9779940427909,-14.8441912959961,0.129575533881308,0.749588703736663
54,5,8.46506473532429,0.0268218921264634,0.408634452149272,4.65140303858796,41.2839021108596,30.4407368975188,0.114609451494635,0.568708369508386
14,2,1.60366559461453,0.00492643041070551,0.617610382847488,1.96226348724284,30.0371115266241,3.88887159216139,0.12397137870592,0.869343910599127
95,11,6.35154312373715,1.21468089187617,0.221792348194867,10.9676952545042,62.489568944715,38.2261311330793,0.0767931651282025,0.117418352980167
12,4,-0.247647524445941,0.826705655041051,0.376560303382576,3.8367384629575,24.3284972133663,-9.35237095021591,0.0428920046426356,0.802963763009757
61,8,7.73687984045848,0.143670327728614,0.89952064701356,4.47141161885908,31.6787283915707,10.9675266323669,0.0541147813666612,0.734061042079702
62,5,9.70316615645845,0.38906407447294,0.281719167716801,10.4414344156216,50.7022379843809,-8.35153909519346,0.0144734505098313,0.0815440702717751
75,5,8.10018103424125,0.346903863991083,0.0193524919450283,9.72594623220488,51.9847133630782,10.0197088255886,0.04512639939785,0.406176536111161
54,7,6.0790318431632,0.302150320251215,0.433360402006656,5.7945988835342,38.4210699486654,53.8829957423503,0.0705572010907245,0.0452615171670914
35,5,4.49055065445531,0.217114561630005,0.419985679676756,4.33928554647482,27.38516765676,6.99413500407885,0.0401708920486271,0.245340153574944
73,7,4.02733579372773,0.29354034270041,0.805992756271735,6.16251543825186,55.2647454936651,10.908342603377,0.0143415599902932,0.121479888446629
13,1,-0.872041517289922,0.00613993374544789,0.882804367691278,2.27610803979401,28.937828517072,-17.342492598938,0.0475448512006551,0.733101524645463
18,4,-0.182889459221791,0.171502051060088,0.730047146091238,1.61132765490102,25.6537424644181,6.09191454389329,0.0360487222150258,0.201399839483202
78,6,5.28248507363944,0.0470727146979345,0.414861315861344,4.12557988483482,52.3241067463069,45.2810543976861,0.122248526751519,0.540482442360371
3,3,2.64090160597471,0.0784089805092663,0.746595008764416,1.37812629300464,16.6577857288814,-7.02114344488003,0.0553797640372068,0.816426886012778
20,2,1.82370279900541,0.0162399797421951,0.956301999744028,2.11725178090189,37.4704318723623,-14.2532624689466,0.064413505513221,0.180039038183168
25,3,2.46070848174893,0.0199744535192599,0.669943265849724,1.94118352727645,22.2170957379807,-7.04275222676661,0.217861194665898,0.992424085969105
0,2,6.13257917169666,0.0662679121596739,0.534137501846999,2.66723823195419,18.6312159462768,-2.77566228787066,0.186206554799321,0.607002476463094
95,7,3.78005272375668,0.119231562595814,0.653687961399555,7.93643549059826,76.2316112114447,36.0413033061316,0.0406401378568262,0.0797388441860676
33,6,1.11450480332026,1.0273822149668,0.656723698368296,6.06241630360875,36.5133142662448,-1.95334534381756,0.0680919219739735,0.425564673030749
96,11,8.40647397176655,0.251635902632899,0.818052255781367,8.97395940898769,52.6441048494255,24.7639891106321,0.00935751968063414,0.1495780358091
8,5,7.00924218158348,0.407949701115466,0.894346175715327,5.7713243808423,31.8606452991985,7.13731681563092,0.18055583833808,0.369638006435707
2,0,5.81081761560818,0.0501102640992031,0.127061084378511,2.39794855885249,16.6903785450044,-25.2449258471673,0.188664351022782,0.891959533793852
25,5,1.48735052332458,0.920386706892044,0.378990476252511,2.44467666463945,19.962108527828,-9.63465217453445,0.0893326149983893,0.819059903966263
94,5,5.89079697488025,0.160347136086784,0.021021437831223,5.25285653448135,68.2134573474108,16.0046675565919,0.141628889408175,0.784572884906083
20,3,-0.78877037894453,0.0228782078484073,0.901760997250676,1.4337383116801,29.5560675553968,5.25583658774696,0.100828617341341,0.630583818536252
30,3,4.70140632883606,0.0182436406612396,0.532901678234339,2.13830033905059,33.0009825874196,12.6086291686862,0.0972002637659694,0.87015423271805
56,3,1.09478536030506,0.0491818532813856,0.545480504631996,3.40500147240739,44.4610324375213,-10.2723281665937,0.209161757106397,0.914853318361565
79,9,4.0424878219981,0.935754345211774,0.370857063448057,6.89863767415549,54.3004376694653,29.1470038382251,0.0652933271136135,0.250362252350897
68,9,3.59468529141536,1.48121144986692,0.0758237564004958,4.20226022655568,35.3542334012134,14.2858395391099,0.01832515290007,0.776968134567142
2,4,7.28433381076646,0.364573989413628,0.3845930097159,4.431099722257,29.9889782567311,30.2938676801673,0.0690477516967803,0.0273684356361628
93,10,4.06902878294968,0.60430388289147,0.401682499563321,4.78141003225816,35.3515833112112,6.03511704086258,0.000110564706847072,0.594934260006994
80,8,11.8651424844038,0.307311865956265,0.482582122320309,5.64787502693342,45.3659186083281,7.05798609530422,0.0625656375661492,0.794610045384616
30,3,7.84367672680956,0.164627821184695,0.191016759956256,4.15446049432831,30.8975000394547,-12.5745638869772,0.0941845543640566,0.333151453873143
70,8,2.605200187785,0.639314705464649,0.580130180576816,4.42439597164917,34.7925155273376,-4.94585388369377,0.00109244131032929,0.611722217174247
62,7,3.16266506048928,0.509068398249751,0.6664779484272,4.98529744264338,52.204720871651,23.7923761096369,0.0278600544352194,0.0474288896657526
52,6,9.64328095438652,0.163081547361799,0.541105048265308,3.75808744488372,28.3252928697492,1.72684390825778,0.134224284622343,0.890936858952045
39,4,7.94798949659879,0.321711070592257,0.131332257995382,3.81337803933787,34.2019499525172,-2.78717003274331,0.0722694781727425,0.402518733171746
46,6,9.08695816639425,0.366848194019353,0.402356806676835,4.92956576845718,41.5721486120644,14.7652269682398,0.158008429772201,0.558035730849952
71,7,7.66891923292582,0.140116064809263,0.288072656141594,6.98118234434554,50.6875206000888,54.4493191198318,0.110353635433586,0.458163967821747
18,5,5.43782147463084,0.267607406469736,0.6432818940375,3.6526933709761,27.0582656754214,23.4147467086951,0.0882829306605172,0.498124794103205
95,7,9.32122446011975,0.0842689063865776,0.661509675672278,11.6679608582974,57.7890110817433,6.28086092873963,0.194147487348857,0.714167103171349
24,2,6.20381198648634,0.165737422009855,0.275423422222957,7.93716154880157,55.9181506945331,2.46904760142299,0.141233560620787,0.147440124535933
41,4,4.68563749598513,0.10738871328067,0.495894673047587,5.15625521627792,35.669423093359,-4.01433251052588,0.0423908401746303,0.841078707017004
82,8,4.54367500318805,0.10185150085557,0.660182834137231,3.95328042791112,43.129886652845,42.1741026403102,0.0720552296335709,0.970085809007287
28,2,1.47614334152743,0.317270830961618,0.126694152131677,3.65151350304447,35.9016909408164,-17.9815991620634,0.146796729910366,0.767680892953649
26,4,3.48262393002585,0.361225731649852,0.842590092681348,5.88877130121469,52.0039165159335,20.0619916229974,0.184254587992075,0.349529036320746
26,5,1.81233192712169,0.611588789584273,0.381692792056128,3.05615978966136,27.0507958115506,22.1679123054082,0.136877107150377,0.831602314254269
91,9,5.37287881715051,0.172293397248723,0.933060974581167,4.51086394457807,52.772231994213,17.4746767517398,0.00918209119699895,0.0747710128780454
31,4,7.87283562561476,0.0347220038529485,0.623053251998499,4.75007099833441,29.1775930982523,25.6742636077757,0.114608337819101,0.597402317915112
76,6,1.97738110210357,0.150417962344363,0.694605054799467,3.19044348270452,39.5043651976669,5.93051973196941,0.0129280601628125,0.49316032207571
40,5,8.25465090812152,0.275719122950661,0.33111622557044,4.71399907103833,26.7328254456214,3.3693756343919,0.197910281262341,0.624973861733451
38,6,5.2997846615341,0.2006876598113,0.869963420554996,3.55191227016615,31.1426651334854,28.0217680895252,0.242652667487476,0.606187554541975
83,9,4.00265416501145,1.32360331287705,0.0340850029606372,8.58715895457875,46.2172723799565,24.2421714081503,0.00177642251455157,0.147981225978583
8,2,1.25336087527691,0.340753217450085,0.347682697698474,1.95007825299481,28.3630247300874,-7.21551852328846,0.206881523682716,0.808139672502875
60,6,3.3754197394098,0.824290724429202,0.0410691904835403,5.04145098308135,35.2130432801521,6.82401052082886,0.0214931399528333,0.202007575426251
6,4,4.02846131635348,0.0876502493629232,0.997915985994041,3.18143523713,28.4313997599177,22.6014902773403,0.0791703205540399,0.0362191670574248
62,6,3.26095210524141,0.0536977689035838,0.961863439762965,5.15479823524509,54.7144107878689,30.6866869922447,0.0102985139920316,0.343689429573715
36,5,8.19084662729882,0.0594623427605256,0.735256281448528,3.94888933581494,26.0893767577017,10.7413570252325,0.024698135224227,0.598139962181449
48,5,8.2669621978087,0.0524818609130386,0.436802892480046,4.318863838587,34.0238750743271,28.5446596728607,0.0843230906831932,0.334553843131289
9,3,4.18000815954978,0.254197359540242,0.276608413551003,3.84364354755116,32.648686442873,11.3740787669147,0.433192248133228,0.324109436944127
92,10,11.6911838406605,0.159610183211043,0.636097678216174,8.62371172365233,50.7289915997191,36.3673022011638,0.0518363000037524,0.552241556579247
51,3,6.35747160615161,0.254104488984424,0.0152574735693634,4.89080730713416,38.0835851358128,-15.7404917531991,0.00970775093220952,0.136399772483855
42,5,1.12116473943452,0.0778340859105811,0.998101868433878,2.51243870362678,31.2758090147269,-3.16789769599833,0.0629576194100082,0.334811363834888
68,7,6.82389561584714,0.0926929749548435,0.579776735045016,3.30839093459845,29.7672063967203,29.7952980836365,0.026931991474703,0.326649495167658
16,3,4.2973029317576,0.0864779489347711,0.897027803119272,5.14129215085685,34.8330584257368,-1.74591898075494,0.320571503771429,0.606465694960207
17,4,5.36612997403729,0.559436005043024,0.45798160484992,5.72440577460237,39.5620861809891,10.7358151399055,0.0757174284155381,0.164830219931901
11,3,1.09149852210826,0.205797228801894,0.436508943093941,2.1414816280912,21.2886223467287,-16.6988557122021,0.0929869180197261,0.814656418282539
44,6,7.62699877773808,0.322831601825285,0.799165911739692,3.93090154336425,26.1289701388332,1.49003175526726,0.166271701770384,0.320372199406847
42,3,0.400303484992437,0.0310006152139977,0.865582904079929,3.718748704085,55.8000133721766,7.23012188287826,0.137927387278051,0.760709028923884
46,4,4.08532663978937,0.1549033181509,0.716446375939995,3.51454597758714,35.1800361075076,-14.4199593346219,0.031579156463127,0.113326392835006
76,7,7.01164597597989,0.844112870913006,0.0665152862202376,9.86144600620323,62.3752310031224,23.6803029640933,0.00267351069487631,0.15949540422298
37,5,3.62265362289873,0.45596054473654,0.568816178943962,5.94882633375611,52.9308222960118,14.4684002113,0.0514537361450493,0.0896144115831703
39,5,5.3903626560878,0.206445931679311,0.836205835686997,3.34781005903883,28.6037696357743,-6.7175847009645,0.0498831421136856,0.512525116093457
85,7,8.88660054771358,0.698103096294117,0.0334841446019709,16.5114786039354,65.6824051049571,27.3227099618225,0.0410879749804735,0.0350767693016678
62,4,2.12098714025329,0.0487056906264896,0.829073502449319,4.96945747306075,73.5802808675004,6.19378807864367,0.0475951574277133,0.176223479444161
83,6,9.02042735283571,0.0113296825438738,0.829230667324737,5.0418967278213,57.4037210110791,8.2079988882746,0.0600836203899235,0.633814339991659
53,7,9.90028758302447,0.333866410179737,0.762571286642924,7.83029891303184,34.0917364759702,8.681893099093,0.118001858699591,0.406614639796317
30,4,8.5790684541007,0.513433669207102,0.0283344234339893,5.11640674130274,29.1382917427729,11.1064950167742,0.0705744763961628,0.0444316403008997
19,5,1.85557889053998,0.183601313320257,0.941597358323634,2.3127345344155,17.5993540521874,3.68149883566743,0.0921689623924804,0.838705032132566
80,5,3.98822044614749,0.0294707083289206,0.914823934435844,5.25325884033431,59.0455196398365,3.66308782561008,0.0882777339736831,0.902437099488452
12,2,-0.540961118110817,0.109390170267338,0.807710405439138,2.78051757381515,35.2233947114963,-21.8009929473997,0.0807413661911641,0.936089583672583
59,4,3.7623989335715,0.286901172007176,0.0989669903647155,6.80758110769697,48.9240907669366,3.63727579034334,0.185092097712576,0.556706446455792
57,5,4.30853840956081,0.138008221401833,0.286186263430864,3.13349740324225,33.2085250238972,-5.48368926172898,0.0117780128959566,0.255247043911368
29,3,4.79927915108922,0.0748090881163187,0.283996193902567,5.27127079612997,44.0160866369029,16.4689763348791,0.0235354426316917,0.235945541411638
81,8,5.80046120831902,0.479700128526843,0.676128477556631,5.82966217194442,59.4611520305887,9.41213113291198,0.029469173750704,0.40858676773496
71,6,10.5349393867416,0.0631681705126539,0.187769352924079,6.27329074094809,50.7097349426763,38.3082259799034,0.140812426983359,0.792592162499204
7,1,3.90936617491186,0.000918103498406708,0.749531711917371,2.3144735015859,19.7105875674063,-4.91478597165641,0.359228706610661,0.884780783439055
24,5,4.29665351049774,0.183748049620732,0.939462353242561,3.19866988515066,22.7288908596051,-4.9239711856658,0.160646355702522,0.769727452890947
38,5,3.25262587016491,0.502000711837268,0.500385549385101,4.09938843454444,32.5847713038812,-1.1345891015824,0.0934050193014455,0.745670423144475
9,1,0.593692276600092,0.00391715799923986,0.982955547515303,2.32589219297184,40.5990347938715,-0.895143695771134,0.332519730908756,0.741197777912021
78,10,8.42101146764991,0.498017429818815,0.771185527555645,7.35711860116165,46.8631417617824,22.3631544617516,0.0442984140943736,0.182749663945287
14,2,5.39844299599022,0.0049330453710094,0.936624399386346,2.64344478590592,25.4195898543668,-23.7050352354702,0.283617120202616,0.721808096161112
46,7,8.23632050813971,0.586396007042069,0.575024063233286,4.29139269600564,27.048608693194,-0.367478237932485,0.0243591006712379,0.0565297538414598
65,6,3.54783366574623,0.537473029891187,0.0699094678275287,3.53940900124569,42.2054831216127,13.6447810615451,0.00411056597117718,0.667118679499254
94,6,3.71177347319539,0.330065595674071,0.0214865759480745,8.99817958587512,57.3147864670478,15.7958200349712,0.0726160040818798,0.828869671095163
21,2,4.05956016720065,0.128241606173106,0.363145834533498,5.98739165300066,49.1877070053803,-16.3542056072846,0.116543761437155,0.24905574019067
76,8,6.11514535695993,0.823596205520344,0.0370323846582323,4.61555912816441,36.7431706346816,19.9371314440623,0.0136617329722151,0.230416678823531
6,2,3.35693122607666,0.153672504704446,0.397424555849284,3.13908823577676,35.9804820283544,5.46054978933435,0.101950510959597,0.290494590066373
8,2,-1.74860929963862,0.187368998293507,0.388056495692581,3.30359081876253,37.3306591020156,0.552290832525544,0.170868801875951,0.590400388697162
15,2,-0.0315572189592093,0.0304840854369104,0.779359188862145,1.76210002817809,29.2518595545158,-3.35031543711973,0.0645542488433421,0.378364402800798
91,7,11.2920551503472,0.377044870031482,0.244233778910711,7.64394267289236,65.5807352918007,20.4593079478373,0.0631245613563806,0.057772541185841
29,3,0.959757394973069,0.0839677781332284,0.581206830451265,1.62238922770375,22.0419822028572,-13.6042403764783,0.24461767914376,0.929016233189031
97,8,10.1655372494258,0.516694919185197,0.179312634048983,12.0075899925994,88.9851611065755,36.3822432032487,0.156750479471989,0.0103039054665715
32,4,1.96308374455041,0.198983163096684,0.622311968589202,4.40118836553791,43.8286336341751,5.85223305772654,0.200022000438514,0.718395994743332
62,5,6.49325443104573,0.112288748146966,0.214565696660429,4.06600078807041,52.5035075074956,17.499139734824,0.0475202516652644,0.129015265963972
55,5,4.4453040031982,0.0649864015867934,0.819529053987935,5.01101605891749,40.0082067256435,14.9965465210736,0.059253460355103,0.113538483157754
43,3,1.89873578825101,0.0450771634932607,0.712238444015384,3.81920350057609,46.1525446822963,-0.315082519744291,0.260283861110423,0.655931427609175
22,4,2.2075318760073,0.41834169667404,0.677488582441583,5.01405933238181,40.2535912746689,6.52036535555942,0.0367825615447487,0.234569943277165
19,5,7.20998874168788,0.522723451972666,0.729348685126752,7.70943181311726,32.0346807138071,-0.262985684179979,0.0100187634051093,0.00482100294902921
48,4,4.17481822822308,0.0382471720806311,0.615127714117989,2.69841060476486,29.1015295682716,4.06415966838148,0.141266987091842,0.781265725148842
70,5,1.49391548311658,0.304080671154636,0.0553828177507967,3.55885314826639,51.6150575987865,6.21002325132492,0.158668110666481,0.824788652127609
34,4,5.16569220038825,0.504304152892387,0.114131330978125,3.46670690015405,26.7560906285743,-21.6611256061054,0.0271705870516598,0.577785155270249
34,3,0.170235832863486,0.0204031901666895,0.91564248339273,2.29306157719117,34.0538213474208,8.24637939619622,0.175090886085274,0.738063631113619
5,4,0.0305851881550838,0.154602499795146,0.925129915587604,1.45426694249693,16.6452665549468,-3.52701927321441,0.0646729568485171,0.373005505418405
31,4,6.69147187237543,0.0944963373476639,0.710324269486591,3.44336259473846,37.0170654563853,-12.7999376069674,0.0153080487623811,0.333713739179075
49,5,3.89434904303753,0.043476278601802,0.952963975723833,5.62703299734191,39.1462629206008,1.8991343081432,0.1251149835023,0.50999944889918
93,10,4.00222641922433,0.397759662454432,0.560279976343736,7.02798092023811,44.6341290296199,31.6917314559177,0.00577446655372424,0.283753751777112
35,2,7.28851878217847,0.0176287444628495,0.22089571133256,3.54367909988677,37.1126922797455,6.3964787690619,0.180528354263845,0.848673123633489
56,5,7.04696819288426,0.398825307821339,0.293016412528232,4.81719140040642,34.6044485063685,-22.7770524263915,0.00130053027532995,0.195206759730354
7,2,-2.34524995434314,0.370776165721423,0.269383320817724,2.92906352098889,39.7606214769967,2.16481346197381,0.285510917736178,0.604443783173338
32,4,2.49797168906484,0.0273444172926247,0.775694154202938,1.73389700817458,20.9719530017082,-4.92069944743074,0.238218608299706,0.99773843633011
20,3,2.48547755149516,0.0407633107388392,0.847782066557556,2.17212915585406,26.8882341001133,-5.14990628954584,0.164790747587152,0.683912791544572
46,3,6.15188017415503,0.278220339900556,0.0115825310349464,7.16375808827635,58.4438105085582,20.5159792234126,0.361797070963214,0.420598918106407
70,5,6.83159901798436,0.112930609844625,0.557966903783381,5.80500012302688,43.8702023733455,-14.3512615292984,0.0589472866151482,0.87238232512027
60,6,4.27154329027867,0.291922542954537,0.718371734721586,8.78585065736026,61.4396758730128,15.2893630510399,0.212557571810439,0.308945267926902
39,6,5.44425141837803,0.99945103511551,0.559881207766011,8.53378275725857,43.8741282124454,4.33273315020551,0.00299225948722961,0.0384155646897852
65,8,2.89778232910745,1.04518524271654,0.603613869054243,3.97946999743947,44.0762538241162,2.95635105410498,0.00168680194765329,0.172506813891232
69,5,6.36919247995313,0.443733089410946,0.27433364582248,10.0201393394349,74.7185852234276,6.70089697873449,0.00401886914714148,0.0191636795643717
33,3,4.46067350777269,0.203106739176484,0.375320519320667,8.72672033379313,67.3887312503367,3.91667887758202,0.120643584426017,0.199285788927227
90,11,7.65262513048354,0.144837209722027,0.584759188583121,5.46891880534576,41.7475986416186,56.5908831693709,0.033264062833041,0.74880377901718
33,4,4.87998171769049,0.126996129285544,0.640227705938742,3.08229382327335,23.3796399383235,-15.2008705640847,0.004171790368855,0.551270896103233
6,3,6.59397063473124,0.0433143060654402,0.915345669258386,3.1298707027651,24.5963269210838,-0.359811588363225,0.0707688041651838,0.598918436095119
7,4,4.57903562060689,0.60442416599595,0.754087045788765,3.28230285087811,23.9584101533582,-2.61647338480392,0.0993917670012688,0.236195883713663
78,7,9.00965935234728,0.137330692843534,0.522822734666988,6.15446832034442,49.320196758612,39.2015478276654,0.0416033534798771,0.0914140280801803
7,4,1.23251617285859,0.504355276913798,0.673898492008448,2.13010472490897,21.6646232519413,7.8361014716822,0.157003366193714,0.325148586649448
41,3,1.45597315445008,0.0784659114286976,0.561802011681721,5.89386101932947,48.4497911858899,-14.4790622076414,0.0234445936512202,0.612039406783879
83,7,8.35873127826313,0.0680516195716336,0.746991171035916,9.78920085139285,58.2114363850139,24.2148660292575,0.0678672306705266,0.404938174178824
18,2,3.52074639604548,0.0154391711850933,0.694976703729481,1.87911314438092,30.1920601370617,16.8606365939817,0.23686263951144,0.606353363953531
72,9,4.57478926665319,0.137990765622817,0.993727626511827,3.38687048020068,36.8942627384934,18.3158743961909,0.049655716214329,0.782797754975036
44,5,3.63227540582098,0.739565094890905,0.134310647612438,3.90418915429484,31.1622911327527,-7.56517458975497,0.00348967812024057,0.126946582458913
48,4,7.62199376034697,0.0154491113498807,0.699775767279789,5.68264152551271,45.861214823163,9.57732438211256,0.062413866398856,0.161678109085187
37,5,3.69447568145847,0.255886738410893,0.429669277975336,4.92415093476403,34.1525074355371,18.6515304346043,0.24336604195318,0.619415442226455
13,2,-0.197165834203833,0.0117291588712599,0.728348939213902,1.32549859383503,23.1192583567773,-8.59771105348909,0.209693250606272,0.966947280103341
14,4,3.93668606851802,0.299466441840607,0.553508908720687,2.00229909872216,16.7835753869439,7.92598776003709,0.0777702784526869,0.391624972224236
56,7,4.10036856698158,0.394978501347309,0.613159008556977,2.70154546128692,21.3558708317308,2.71894634504542,0.0362154805101454,0.957470469642431
6,3,2.16293893249856,0.417898123131549,0.148206611629575,2.0707580365825,23.4012753047279,3.93994330574255,0.277264973111453,0.660084293689579
32,2,6.80190586469105,0.0303314030170441,0.262251738226041,4.0356665119618,43.4531864061282,19.2556385557869,0.147973053125984,0.0646392472553998
92,8,7.35275821104106,0.188284600448106,0.29410548065789,5.2050612577635,52.6688109326634,30.9487826498212,0.0127787514124066,0.296525349374861
10,4,7.23899662158396,0.0590720943873748,0.780533401528373,3.60338273590155,30.2520733333403,24.2806150013602,0.0682912272866815,0.209325506584719
93,8,9.71259434201087,0.141636824817397,0.722653814358637,9.90219943898521,73.6797517012552,29.7815354343838,0.00699581587687135,0.173960608197376
37,3,-0.143113333867181,0.0553273849654943,0.90392468450591,4.84338452044398,63.8183327293359,6.09377500062408,0.0357332571409643,0.225770484656096
92,6,6.4219233291965,0.271690807993266,0.0980896467808634,7.29655155954301,57.3829314017323,20.3465903176821,0.033744181971997,0.0803502707276493
41,4,2.57920730853742,0.26402453155443,0.413979225326329,4.00005344537637,35.7380420685946,-11.2488403343452,0.00939729288220406,0.815974696073681
63,5,5.06439944649416,0.283128497180271,0.488237033132464,4.95949246350908,58.1943332168487,7.48049652345704,0.149159542462769,0.337442214600742
5,2,6.88924407578906,0.318545464415777,0.415164253441617,7.11058386306096,32.246978166645,-12.5157397728029,0.260443050960515,0.290805730037391
17,4,5.77139322186607,0.126874595764093,0.779111177427694,3.89992037731159,25.4267265418166,10.5335790863912,0.0745260265613806,0.71552656008862
86,5,1.79344105406702,0.423129505456841,0.0196588467806578,5.07119613017721,54.1944282146342,-2.32967170081601,0.00185303630881259,0.5095129837282
10,1,2.58694162242851,0.0329619706837613,0.721476553240791,3.40876189090061,35.9472296792628,-14.8281294525373,0.187643237403574,0.69030327652581
1,2,-2.11929168841696,0.283422525961626,0.646252609556541,1.84302442215328,25.9740239412224,-3.5434292636257,0.00646591382101178,0.393560900120065
47,6,4.73313221958682,0.117972030653618,0.761322997277603,3.71309994256467,27.6357366486488,25.5079731396969,0.031572389556095,0.535308126825839
26,5,2.07225576463703,0.0866822666721418,0.991022734437138,2.80784319667623,24.7768962757001,0.509934734264662,0.0710729789594016,0.948693266604096
22,4,3.97242024180393,0.617731019357377,0.180358656682074,5.03197253889115,41.9030780960177,19.2173103315633,0.0447559665760417,0.11912448820658
30,3,5.18384458686435,0.0225975781213492,0.674136188579723,3.61351237430582,37.7847188809453,26.1778649395358,0.248370956058118,0.333564421162009
