K:10
N:3000
Gap:1.40281441931203
Rho: 
1 0.8 0.45 0.2 -0.3 0.7 0.75 0.5 -0.3 -0.1
0.8 1 0.45 0.5 -0.1 0.55 0.4 0.6 -0.4 -0.2
0.45 0.45 1 0.1 -0.3 0.6 0.3 0.4 0 -0.3
0.2 0.5 0.1 1 -0.5 0.35 0.1 0.1 -0.5 -0.45
-0.3 -0.1 -0.3 -0.5 1 -0.4 -0.3 -0.1 0.2 0.2
0.7 0.55 0.6 0.35 -0.4 1 0.8 0.45 -0.2 -0.45
0.75 0.4 0.3 0.1 -0.3 0.8 1 0.45 -0.1 -0.3
0.5 0.6 0.4 0.1 -0.1 0.45 0.45 1 0.1 -0.2
-0.3 -0.4 0 -0.5 0.2 -0.2 -0.1 0.1 1 0.4
-0.1 -0.2 -0.3 -0.45 0.2 -0.45 -0.3 -0.2 0.4 1
X:
74,6,33,3,2,84,11,40,21,1
28,5,34,4,1,57,7,38,24,4
50,4,29,2,2,17,8,32,21,4
57,6,25,5,1,52,7,33,18,2
3,2,26,5,1,54,7,24,22,3
14,4,32,3,3,30,6,33,23,1
44,4,34,2,3,67,7,31,25,3
5,1,30,2,1,7,5,30,25,2
11,1,32,2,1,27,7,27,26,4
44,4,35,2,1,21,7,33,23,6
9,3,24,3,4,10,6,33,24,3
0,4,32,6,1,41,6,29,19,1
82,9,42,8,1,99,13,36,16,1
14,5,30,3,3,6,1,30,24,4
43,6,35,5,1,77,5,30,18,1
18,5,29,5,1,27,6,35,23,1
5,3,29,3,2,33,7,34,22,1
43,5,30,4,1,49,9,37,24,1
20,5,28,7,1,12,5,31,19,1
29,2,24,4,1,34,10,25,19,1
64,5,27,3,5,34,11,30,23,3
39,4,33,2,3,67,10,37,25,3
37,5,34,3,1,25,6,32,22,2
48,3,24,4,1,64,11,31,22,3
23,4,29,6,1,81,8,27,22,1
32,4,34,5,1,85,7,26,20,1
24,2,23,4,1,38,10,24,21,1
77,9,37,5,1,81,9,37,21,4
35,3,23,5,1,44,9,24,19,1
81,7,29,6,1,94,15,33,18,1
55,6,34,4,2,84,10,35,20,1
76,7,33,6,1,95,9,29,19,2
94,8,34,6,1,98,12,35,19,1
11,4,28,6,2,44,5,23,19,1
8,3,32,4,4,44,6,26,24,2
58,4,26,4,1,53,9,25,21,3
99,10,33,4,5,57,8,29,19,2
33,5,32,6,1,61,7,32,19,1
88,10,35,6,1,92,10,29,18,1
47,4,35,2,1,52,8,35,25,3
52,7,37,6,1,62,5,25,18,1
31,6,25,4,3,13,4,31,20,3
66,6,36,3,2,43,7,32,19,1
27,3,24,5,1,32,7,29,23,3
17,3,32,2,5,30,5,28,21,1
44,5,32,5,1,70,10,33,23,3
25,4,24,6,1,48,6,26,17,1
29,4,24,4,3,51,8,29,20,1
48,3,27,2,2,31,8,18,21,8
49,5,35,5,1,97,10,29,22,1
1,2,29,5,1,18,5,24,24,1
7,3,26,5,1,10,3,27,21,2
30,2,23,4,1,39,6,27,23,2
67,6,35,4,1,86,11,37,23,1
88,5,27,3,1,85,12,33,20,2
56,5,30,5,1,82,10,27,20,2
93,6,39,3,1,90,14,32,22,1
41,3,35,1,1,18,7,34,27,4
57,6,33,3,3,35,7,30,23,6
13,4,26,3,14,11,6,29,20,1
47,7,36,5,1,81,7,36,21,1
37,6,30,4,11,51,7,34,24,2
95,8,33,6,1,85,10,25,19,3
48,3,30,2,2,72,11,32,22,1
92,7,35,5,1,88,11,28,19,1
94,11,33,6,1,71,9,34,20,3
7,1,19,2,4,2,6,27,20,4
60,6,29,6,1,31,7,28,16,2
55,5,28,3,2,52,8,33,24,4
95,7,34,3,1,92,10,34,19,1
74,7,26,5,2,58,10,35,21,1
2,3,30,5,2,15,4,20,18,1
54,7,32,6,2,46,8,28,19,1
44,6,28,6,1,52,6,27,18,1
54,7,27,6,1,76,9,37,18,1
50,5,31,5,1,82,11,38,22,1
43,4,24,5,1,29,8,29,20,1
14,1,18,3,4,24,8,22,22,4
42,4,28,4,1,46,9,27,18,1
98,6,36,5,1,99,17,38,22,2
43,4,24,4,1,35,7,28,19,2
74,6,38,5,1,96,11,31,22,3
36,2,31,2,2,80,12,33,23,1
26,2,22,1,5,29,9,29,22,3
44,4,27,2,3,43,9,35,20,2
20,5,24,5,1,5,5,33,22,4
83,7,29,6,1,47,10,35,22,2
50,3,34,2,3,68,9,28,21,1
99,6,26,3,3,85,18,33,22,2
91,9,31,5,1,56,8,31,21,3
29,4,33,3,2,8,5,30,20,3
26,5,28,4,2,15,3,32,23,4
41,6,29,4,7,65,8,33,22,2
61,6,29,6,1,81,10,29,16,1
31,5,25,5,1,35,6,27,18,2
40,3,34,4,1,58,7,22,22,1
97,7,31,5,1,96,17,36,18,1
82,8,31,5,1,56,7,34,21,2
16,3,33,2,4,22,6,26,21,2
35,2,24,1,7,2,8,26,24,4
0,2,20,5,2,7,4,13,21,3
71,5,31,4,1,83,10,30,22,2
61,7,29,4,4,40,8,39,23,6
95,6,36,3,1,81,11,34,20,1
1,0,30,1,3,6,6,26,28,4
50,4,30,3,2,45,10,31,24,3
7,2,25,4,1,14,5,20,22,3
59,6,33,5,1,50,6,30,19,1
93,6,32,4,1,93,15,29,18,1
10,3,33,4,1,11,4,27,22,3
87,7,29,3,1,76,9,35,19,3
38,4,22,5,1,52,7,29,20,1
72,7,34,6,1,80,9,36,20,1
18,3,31,4,1,57,7,33,22,1
1,3,31,3,6,3,3,26,24,2
58,6,33,3,2,46,6,33,21,2
28,2,31,4,1,81,8,23,21,1
18,2,19,2,2,2,7,30,25,8
3,3,32,5,1,31,6,32,23,1
68,8,35,5,1,84,8,38,22,3
84,9,35,5,2,87,11,37,24,1
5,4,21,4,3,13,5,29,20,3
24,4,24,3,6,29,6,29,21,4
42,5,35,6,1,73,7,24,20,1
0,0,23,3,1,3,3,19,18,3
27,6,23,4,16,19,4,25,17,3
78,9,40,4,2,59,7,37,20,2
84,7,40,6,1,90,10,35,19,1
93,6,32,4,1,68,12,31,23,3
32,5,24,5,3,24,6,28,22,2
24,2,24,3,4,22,9,29,23,1
41,5,29,6,1,42,7,25,19,1
37,6,35,4,2,48,4,34,22,1
14,4,28,5,2,49,6,25,21,1
57,6,32,4,3,84,10,34,23,3
28,2,30,2,3,46,10,29,25,1
30,4,33,2,3,16,4,27,25,3
21,4,30,5,1,18,3,25,19,1
86,5,32,4,1,99,21,31,22,2
61,6,28,4,3,67,10,34,20,2
66,6,35,4,1,92,11,35,22,1
91,6,35,2,1,79,12,40,21,2
8,5,33,7,1,63,5,27,17,1
97,10,32,6,1,98,11,35,20,1
13,3,21,5,1,24,5,30,19,1
12,1,19,2,2,6,7,26,25,9
52,4,26,4,1,22,6,25,21,2
83,5,31,4,1,67,12,32,20,1
76,5,25,5,1,57,12,34,20,1
95,8,33,4,1,83,11,30,20,3
25,5,34,4,5,16,4,29,22,2
30,5,30,5,1,27,5,33,22,3
32,2,28,1,6,41,8,26,23,2
39,5,24,5,2,62,10,35,23,1
30,3,28,3,2,61,8,27,24,2
65,4,32,5,1,81,13,29,19,1
4,2,29,4,1,46,7,28,22,2
74,5,29,4,1,93,12,26,22,3
85,6,39,4,1,99,11,29,19,1
22,5,32,6,1,73,6,30,22,1
59,5,32,5,1,90,12,38,21,1
18,4,35,3,3,54,6,34,22,1
61,4,27,4,1,64,10,28,21,2
95,13,34,4,3,78,9,35,21,3
0,2,30,4,1,17,3,28,20,1
96,9,29,6,1,84,12,39,17,1
14,3,28,4,3,43,6,25,21,3
70,5,33,5,1,85,11,38,23,1
75,6,30,5,1,85,11,32,18,1
32,3,35,5,1,76,7,29,22,1
73,5,27,4,1,82,11,29,20,2
41,4,27,5,1,53,7,28,23,2
21,2,31,3,1,56,8,26,24,1
28,2,33,1,2,19,6,30,25,1
26,4,29,4,1,20,5,30,21,2
60,5,28,2,6,26,9,31,21,1
67,7,39,5,1,70,7,31,20,1
66,5,33,3,2,59,9,29,19,1
61,4,36,4,1,91,13,32,19,1
37,3,24,4,1,34,8,17,22,2
87,10,37,7,1,64,6,33,22,2
15,3,23,5,1,39,6,30,22,1
93,10,30,5,2,57,8,32,20,1
28,5,26,7,1,47,5,29,20,3
22,5,32,4,2,8,4,31,23,2
99,10,34,6,1,92,11,38,20,2
56,7,28,5,1,58,7,33,19,1
31,4,26,3,4,25,6,25,22,4
21,2,31,1,8,46,6,23,25,5
93,9,30,3,3,55,10,39,19,1
43,4,23,5,1,31,7,30,20,4
71,6,25,6,1,39,11,32,20,1
5,1,28,3,1,25,7,29,22,1
58,5,30,3,2,38,7,29,23,4
40,5,34,4,1,16,4,28,21,2
38,6,30,4,7,22,4,26,20,4
70,7,32,5,2,55,9,30,22,2
96,8,34,3,2,83,10,32,21,1
35,3,32,3,1,70,7,28,20,1
96,6,27,4,1,69,10,29,19,7
46,3,29,1,1,10,8,31,22,7
11,1,25,2,1,4,6,25,21,2
99,13,30,6,1,83,11,42,19,1
14,2,30,3,1,28,5,26,26,3
6,0,31,3,1,19,6,20,19,2
4,4,22,3,4,1,3,33,22,2
59,5,30,5,1,77,9,33,24,2
67,8,29,7,1,86,11,36,20,1
17,5,35,5,2,63,7,33,24,1
59,7,30,4,2,53,7,36,21,3
92,8,29,5,1,54,8,31,21,5
35,5,26,6,1,37,8,28,20,2
37,4,30,3,3,18,6,23,23,2
96,5,32,4,1,90,16,28,20,1
40,4,26,5,1,31,8,24,20,1
68,5,28,3,3,62,12,32,22,1
35,3,35,3,1,57,7,22,20,1
98,7,37,4,1,98,11,33,18,1
83,8,32,4,3,51,10,30,16,1
60,8,29,5,1,22,5,34,19,1
40,5,34,3,2,26,4,30,24,5
35,6,31,5,1,50,6,35,22,1
30,4,32,4,2,57,7,28,21,1
38,5,32,3,3,41,8,35,22,1
5,4,27,4,2,6,4,32,21,1
73,4,29,4,1,91,12,29,19,1
27,6,26,7,1,72,7,29,18,1
11,3,22,5,1,8,4,25,19,1
64,6,28,5,1,68,12,30,19,1
25,4,34,5,1,38,4,25,21,2
25,5,30,7,1,37,4,22,21,1
61,4,29,2,2,60,11,32,22,1
29,5,30,7,1,65,8,36,20,1
70,8,35,5,3,50,7,29,17,1
93,8,36,4,1,64,9,35,17,1
81,5,29,3,1,64,11,36,20,1
33,4,28,5,1,80,9,29,22,1
18,4,23,5,3,45,7,27,21,2
90,8,31,6,1,92,9,31,16,1
60,4,25,4,1,84,11,25,19,2
38,6,30,6,1,53,8,34,23,2
69,5,35,4,1,94,14,34,23,1
67,6,26,4,3,64,9,32,20,1
80,8,31,3,3,55,8,36,22,3
73,8,31,5,2,47,10,32,19,1
39,6,27,3,6,35,8,37,22,3
80,5,29,2,2,31,9,30,19,4
38,4,33,5,1,66,8,33,19,1
49,4,25,3,3,42,8,31,21,2
19,3,20,2,11,6,5,18,20,7
92,11,34,4,2,49,6,35,21,6
85,5,33,5,1,84,13,33,19,1
17,3,26,5,1,12,5,25,20,2
23,5,30,4,4,57,7,35,25,2
85,6,33,5,1,86,11,31,18,1
80,8,31,6,1,96,10,33,19,1
24,4,22,4,6,42,9,32,19,1
55,7,31,5,2,29,5,27,21,2
90,7,37,3,2,80,10,30,18,2
68,7,39,3,2,67,7,32,22,1
63,5,38,3,1,74,10,31,20,1
48,4,34,4,1,39,8,31,19,1
12,1,24,1,3,9,6,31,21,4
42,3,28,3,4,42,8,24,20,1
95,5,39,3,1,90,15,30,22,2
24,2,26,2,5,51,11,31,27,2
4,4,30,6,1,60,6,31,21,1
44,7,32,6,2,52,5,27,18,1
50,4,26,5,1,19,6,22,19,6
17,2,23,4,2,5,7,26,20,1
15,4,34,6,1,24,3,25,19,1
17,3,31,3,3,10,6,32,25,4
26,5,34,4,2,17,4,28,19,2
95,7,31,6,1,99,16,35,17,1
9,4,35,6,1,63,6,30,21,1
62,7,31,7,1,72,7,24,18,2
84,5,25,4,1,86,16,35,20,1
44,4,24,3,2,30,8,28,20,1
43,3,27,5,1,50,11,27,22,1
53,4,29,2,4,31,9,29,21,2
97,7,37,3,2,97,12,32,22,5
46,4,34,3,1,79,9,29,20,1
71,5,29,4,2,74,12,30,21,2
76,4,26,3,1,67,11,34,21,1
22,5,28,5,1,12,3,25,19,3
42,5,28,5,3,28,6,22,18,1
43,6,32,4,1,13,3,27,18,4
38,4,33,4,1,76,8,33,25,1
14,1,31,1,5,27,6,25,26,4
30,5,24,3,7,11,6,35,21,4
52,6,27,6,2,90,12,32,18,1
23,4,33,5,1,56,8,30,21,1
96,6,27,5,1,93,12,32,18,1
14,1,27,3,1,39,9,30,26,2
82,5,35,3,1,92,13,39,20,1
94,6,40,4,1,85,13,34,21,1
20,5,31,3,8,37,5,33,23,1
94,7,42,5,1,99,12,38,18,1
88,8,34,5,1,93,12,37,17,1
6,3,23,3,14,0,4,26,20,1
36,2,22,2,1,36,8,27,21,4
73,7,29,5,1,43,8,30,20,2
51,6,29,4,2,41,7,34,20,1
3,0,31,2,1,7,4,19,22,1
68,5,33,3,2,52,8,27,22,8
78,5,38,2,1,79,11,33,20,1
23,5,25,4,2,1,2,29,22,3
4,0,32,0,3,33,7,33,24,1
26,5,25,6,1,8,6,29,20,1
31,4,25,3,5,25,8,37,22,3
40,5,26,4,5,44,7,28,20,1
86,8,31,4,4,87,13,37,20,1
75,8,28,3,11,66,12,35,22,4
55,5,37,2,2,28,7,30,23,7
4,2,31,4,1,28,6,26,20,1
35,3,31,2,3,53,8,25,21,2
86,9,33,8,1,85,9,27,16,1
53,6,34,5,1,74,8,33,20,1
69,6,26,5,1,42,9,29,18,3
64,4,31,4,1,50,9,29,24,3
33,3,28,3,2,24,5,25,23,10
57,6,30,6,1,91,12,35,20,1
26,2,28,4,1,24,7,18,20,1
49,6,25,4,4,28,8,38,21,1
15,1,21,2,3,8,6,25,26,5
4,4,26,5,2,20,3,25,20,2
34,2,26,4,1,24,6,22,22,4
13,4,33,5,1,22,5,29,19,1
68,6,30,4,1,42,7,30,19,1
46,3,23,2,1,9,7,31,23,3
30,4,24,6,1,34,7,24,19,2
75,4,28,3,1,77,11,28,18,2
69,5,30,4,1,44,8,29,22,6
28,4,22,3,3,8,5,32,20,2
34,2,30,2,1,33,9,31,22,1
37,3,34,2,2,68,9,29,22,1
31,3,30,2,1,26,7,32,23,2
51,6,28,5,2,41,6,25,21,2
39,3,35,3,1,41,6,25,19,1
96,7,29,6,1,99,17,32,22,2
34,3,27,3,1,14,7,31,25,3
70,5,32,2,1,22,7,27,19,5
78,7,38,3,5,83,12,35,19,1
99,7,37,5,1,96,14,29,19,1
0,1,30,3,2,25,6,23,25,1
65,4,36,3,1,52,8,30,23,5
59,5,26,2,6,38,8,29,22,10
11,4,28,3,10,1,3,26,20,2
69,7,33,4,1,46,9,38,22,1
46,4,26,4,1,39,9,27,20,1
33,4,29,4,1,14,4,25,21,7
33,6,36,6,1,51,6,35,18,1
44,3,30,5,1,82,8,26,20,1
43,4,27,2,2,40,8,33,21,1
26,5,35,4,1,36,6,35,24,3
69,4,36,1,3,43,9,28,25,3
94,9,28,5,2,91,11,34,20,2
32,5,31,5,1,81,8,29,23,1
4,1,17,4,1,10,6,25,19,2
22,2,33,3,1,43,7,24,24,1
3,4,22,7,2,13,5,26,21,1
56,7,25,6,1,52,8,33,19,1
67,8,29,6,1,82,9,35,18,1
60,4,37,3,1,51,8,29,21,1
6,2,28,2,4,25,7,27,25,1
55,7,27,5,2,14,7,33,17,1
34,2,32,3,1,65,10,31,22,1
23,3,26,3,6,17,6,22,20,1
35,3,29,3,1,52,8,32,24,1
40,2,24,2,3,14,7,19,23,8
23,2,31,5,1,64,9,31,19,1
6,4,23,5,4,10,3,23,18,1
7,3,24,4,2,20,4,20,18,1
2,2,27,3,4,38,8,32,24,2
90,10,28,8,1,93,13,33,18,1
1,2,28,3,4,10,4,23,21,1
83,5,31,5,1,78,9,26,19,1
1,2,29,2,4,23,4,29,21,1
87,6,27,3,2,55,11,31,21,3
34,4,34,3,1,56,8,37,23,1
59,7,28,7,1,55,9,29,21,1
36,3,27,4,1,24,9,25,21,1
11,1,24,4,1,44,9,25,20,1
7,4,34,5,1,16,4,29,24,1
72,6,36,4,1,52,7,27,22,2
6,1,31,2,1,46,6,29,25,1
17,3,23,5,1,7,6,29,20,3
25,4,25,6,1,24,7,26,22,1
95,10,35,6,1,65,8,32,19,1
99,7,32,3,2,78,12,37,22,6
59,5,29,4,1,54,8,23,20,1
80,8,40,5,1,88,10,38,21,1
52,7,32,3,3,32,4,30,21,3
81,6,27,6,1,70,14,28,21,1
45,5,28,4,1,45,6,29,22,6
37,4,30,2,1,21,6,29,20,2
15,4,22,6,1,5,3,20,19,2
83,6,31,4,1,94,15,33,22,1
33,4,24,5,1,54,8,22,18,1
48,6,30,6,1,79,10,31,20,1
4,2,30,2,2,6,3,27,22,3
97,11,42,4,1,94,8,42,22,1
3,2,24,4,1,1,5,25,23,2
58,5,27,3,4,80,10,28,20,1
69,4,36,3,1,79,9,24,19,2
69,5,35,4,1,69,8,30,20,2
43,5,25,5,1,16,7,26,20,2
12,3,29,5,1,37,7,30,20,1
98,7,37,5,1,84,12,33,20,1
20,2,24,2,7,9,7,23,24,5
72,5,35,2,1,54,9,35,23,5
70,6,28,5,1,26,9,33,20,2
77,7,28,5,2,70,10,30,17,1
42,5,29,3,2,39,5,33,21,2
81,9,37,6,2,90,11,35,21,1
49,5,29,4,1,41,6,31,24,2
48,4,25,2,4,24,10,32,22,3
17,4,31,5,2,68,8,30,24,1
76,7,31,3,2,44,7,31,18,2
0,2,27,4,1,5,3,23,21,2
40,5,24,3,13,52,7,28,22,5
18,5,32,5,1,29,5,33,21,2
18,3,24,2,5,2,5,23,21,4
4,3,28,3,3,18,4,28,19,1
15,2,26,4,1,13,5,22,24,4
19,3,25,4,2,33,7,29,20,2
97,9,42,3,4,73,9,31,21,1
46,6,30,3,6,38,7,37,21,2
31,4,25,5,1,21,5,23,21,1
20,3,29,5,1,38,5,23,19,1
77,8,37,4,2,44,7,34,22,3
23,2,29,2,1,10,7,30,23,2
59,4,31,4,1,44,8,23,20,1
90,10,34,6,1,83,7,33,21,2
62,4,25,4,1,49,11,32,24,3
18,1,30,3,1,21,5,22,24,2
8,3,27,4,1,7,3,25,19,2
3,4,28,4,1,5,2,27,22,7
46,3,25,4,1,70,11,31,22,2
82,8,31,3,5,77,13,38,22,1
56,4,34,3,1,44,7,28,19,2
91,9,31,5,2,77,10,29,17,1
80,9,28,6,1,59,10,38,19,1
27,5,31,4,2,34,5,31,20,2
12,2,22,4,2,26,8,25,21,4
46,5,27,4,2,58,8,32,20,2
42,3,25,4,1,31,7,24,20,1
46,4,32,4,1,50,8,31,19,1
5,4,22,4,6,7,5,33,18,2
80,9,29,4,4,74,9,37,21,1
52,7,38,5,1,37,6,35,23,1
29,4,34,4,1,56,7,35,23,2
78,9,27,5,4,36,9,34,22,3
97,8,36,6,1,98,11,32,21,1
91,10,32,6,1,54,9,33,17,1
28,4,22,5,1,22,5,24,18,1
37,5,26,4,2,24,6,32,19,2
32,3,29,2,8,16,7,27,21,1
88,5,31,3,1,77,12,34,24,7
86,7,34,4,2,91,11,32,21,4
46,5,28,6,1,85,11,31,19,1
26,5,32,4,1,10,4,29,22,3
84,9,35,7,1,86,9,34,17,1
85,8,34,6,1,85,11,40,21,1
57,8,35,4,6,69,8,33,22,1
20,5,25,4,12,11,4,25,20,3
70,7,25,4,2,12,6,30,23,4
27,5,25,4,4,16,5,32,21,1
94,10,34,4,2,66,8,34,21,5
14,3,30,5,1,70,7,26,19,1
4,3,25,4,8,13,3,25,20,1
41,2,24,3,1,13,9,25,19,1
71,8,27,6,2,62,10,31,17,1
26,2,23,2,3,22,7,24,20,2
98,10,36,4,4,71,10,32,21,4
76,7,26,6,1,89,14,35,22,1
71,6,33,6,1,95,9,30,20,2
63,7,36,6,1,99,13,35,22,1
89,9,36,5,1,81,8,33,20,3
90,11,38,8,1,98,10,31,20,1
72,7,34,5,1,72,11,35,22,1
38,2,21,1,3,3,7,27,23,5
8,3,30,5,1,58,5,28,24,1
78,8,28,7,1,78,9,25,16,1
41,6,28,4,2,33,6,37,19,1
83,5,33,4,1,98,14,29,21,1
67,6,25,4,2,17,8,33,20,1
31,5,32,4,2,57,7,33,20,1
48,5,27,3,11,22,6,26,20,1
99,6,34,1,2,71,13,32,24,6
20,4,27,4,7,47,6,28,23,2
79,5,28,5,1,69,12,25,20,1
40,4,30,3,1,24,6,33,22,6
30,4,27,5,1,22,7,29,19,2
32,3,29,3,2,10,5,24,19,1
85,7,28,5,2,93,12,30,22,1
95,8,28,6,1,63,10,34,21,2
0,3,27,4,5,36,5,24,19,1
30,3,23,3,2,24,9,31,20,2
62,4,24,3,1,39,8,25,20,7
91,11,31,6,1,84,11,40,20,1
44,6,31,7,1,73,7,24,15,1
26,3,28,3,1,15,8,28,24,1
26,3,34,3,1,37,5,27,21,2
41,4,25,3,2,22,8,32,23,6
47,5,27,5,2,62,8,30,21,1
62,7,28,4,2,24,6,31,21,3
47,5,28,3,3,43,7,31,23,2
17,2,32,2,2,64,7,28,20,1
39,6,34,4,3,79,7,32,22,1
37,3,34,3,1,83,11,36,23,1
79,6,34,4,1,88,11,29,23,2
96,6,32,4,1,94,16,33,22,2
19,3,21,6,2,34,8,25,18,1
78,5,26,5,1,78,12,26,15,1
86,6,34,5,1,90,11,26,22,1
61,7,27,6,1,85,9,32,22,1
90,9,33,6,1,89,10,29,19,1
89,8,32,5,1,59,9,30,22,3
3,1,27,2,2,1,2,20,22,4
29,2,34,4,1,76,8,31,25,2
32,2,28,4,1,80,13,30,21,1
20,2,22,5,1,43,7,25,22,3
31,6,34,7,1,42,5,33,20,1
73,4,33,2,1,52,12,36,27,3
3,3,19,5,1,5,3,30,21,1
78,5,36,4,1,96,11,32,22,1
8,1,25,4,1,46,9,24,20,1
65,8,27,5,2,52,9,40,24,2
39,6,31,5,2,58,8,31,19,1
95,9,34,5,1,68,9,37,21,1
86,8,30,4,2,91,14,41,22,2
20,5,23,4,16,18,5,29,20,1
79,6,29,3,1,34,7,30,20,2
78,5,27,2,1,32,9,33,23,13
57,6,35,3,2,45,8,38,23,3
35,4,34,5,1,64,7,31,25,1
16,2,32,3,3,27,7,25,20,1
20,5,29,4,3,3,4,30,21,1
45,4,31,4,1,30,6,26,21,1
91,7,34,3,2,39,8,33,23,8
17,5,24,6,1,17,6,34,19,1
80,7,37,4,1,95,10,38,24,2
61,7,38,4,2,89,9,39,23,1
9,5,24,4,6,28,6,33,20,1
4,0,29,1,2,9,4,20,23,1
57,7,32,4,1,33,6,32,20,4
54,5,34,3,1,46,7,28,20,4
87,7,31,3,4,59,11,37,21,1
41,6,34,6,1,24,5,33,23,2
4,4,31,6,1,15,3,25,18,1
93,8,28,3,3,69,9,33,20,4
74,9,33,4,5,90,10,39,19,1
86,8,38,4,2,87,9,28,18,1
13,5,34,3,2,1,1,31,25,4
56,5,29,3,1,57,10,37,21,2
7,1,26,1,2,1,6,30,24,6
34,5,25,5,1,27,6,27,19,3
60,6,30,4,2,21,8,31,20,3
36,4,32,3,3,27,7,27,21,1
74,5,33,2,1,82,10,35,24,3
23,4,34,3,1,11,5,33,23,1
74,8,29,7,1,84,9,35,20,1
84,9,33,7,1,61,7,30,17,2
72,6,36,6,1,92,10,30,22,1
9,3,22,4,4,20,7,30,21,1
40,4,31,2,4,57,8,33,24,2
64,5,24,6,1,52,10,28,17,1
5,4,29,5,2,2,1,26,23,2
96,11,34,6,2,77,11,32,18,1
3,1,31,3,1,29,5,28,26,3
20,3,29,3,2,10,6,27,24,2
88,7,29,4,1,72,9,32,19,5
17,3,32,2,2,5,5,30,21,1
47,5,30,4,3,50,6,26,22,4
39,4,25,4,2,32,7,26,18,1
23,3,31,3,2,19,6,21,23,4
26,2,19,3,1,15,9,31,21,3
55,5,26,4,1,16,7,34,19,1
11,2,22,4,2,28,6,23,19,1
8,4,32,4,2,4,3,27,19,2
5,2,33,4,1,15,4,24,22,4
8,2,27,3,2,11,6,26,23,2
95,8,28,5,1,88,11,29,19,2
71,5,30,3,1,25,8,28,20,4
88,6,35,3,1,92,12,32,21,1
41,6,32,4,8,36,6,33,23,2
12,2,26,4,1,13,6,19,18,1
86,7,34,6,1,98,14,40,21,1
42,4,24,5,1,49,9,24,19,1
68,7,37,6,1,61,6,31,23,1
68,6,29,4,1,49,8,31,20,4
15,4,28,6,2,17,5,25,22,2
6,3,25,5,1,34,5,25,22,3
37,3,23,2,11,40,10,31,26,3
11,1,24,4,1,6,6,23,21,2
1,3,31,2,10,5,3,22,21,1
33,6,29,5,1,32,6,33,22,2
62,5,26,4,1,39,7,28,17,2
40,5,32,3,3,58,7,34,24,4
44,6,33,4,2,64,6,28,23,1
66,6,35,6,1,67,10,31,22,2
86,6,32,3,2,87,14,35,22,1
13,2,21,3,3,13,8,27,20,2
26,2,27,1,3,13,8,30,22,1
29,3,34,5,1,50,7,31,25,1
7,4,33,5,1,55,5,29,20,1
26,3,24,3,1,3,4,23,22,9
36,4,29,5,1,54,6,25,21,4
4,2,33,2,1,33,4,29,25,11
55,5,26,5,1,57,9,35,23,3
21,4,29,5,3,32,7,30,22,1
33,5,34,4,1,22,4,30,23,3
51,3,26,3,2,24,9,25,21,3
48,4,32,2,1,14,5,29,23,8
54,6,30,3,3,48,6,35,23,5
27,2,27,4,1,24,7,27,19,1
1,1,23,4,1,8,6,24,20,2
10,3,22,5,1,34,5,25,22,3
11,1,18,2,1,0,4,24,24,8
21,4,26,4,5,17,4,22,18,2
42,4,28,4,3,39,9,28,22,2
70,6,31,5,1,75,10,27,20,1
31,4,33,5,1,47,6,33,23,1
21,4,31,3,3,6,4,29,21,4
76,7,35,5,1,61,8,35,19,1
84,9,39,6,1,99,14,38,23,1
48,7,35,6,1,89,10,38,22,1
58,4,36,4,1,87,11,33,22,1
54,4,34,3,1,60,8,33,23,3
42,3,24,3,2,62,11,31,24,1
45,4,23,4,2,11,7,24,18,3
0,2,30,2,2,18,5,35,25,1
78,9,42,5,1,91,9,38,19,1
99,8,37,3,3,92,14,36,22,1
22,2,29,2,1,43,6,27,24,6
11,2,24,3,1,6,6,30,25,5
17,3,31,4,1,23,5,28,21,1
53,6,36,3,4,28,4,28,22,7
58,6,25,3,3,38,8,31,19,4
91,8,29,6,1,49,9,29,20,4
76,6,34,4,1,59,9,31,20,1
57,4,28,2,3,53,10,32,22,2
94,10,33,7,1,95,13,33,20,1
24,3,23,4,1,59,8,25,20,1
17,1,21,2,2,1,7,28,22,1
10,2,23,3,2,7,6,28,23,3
80,5,28,3,1,68,9,33,19,3
17,3,32,2,6,15,5,27,25,4
43,4,28,5,1,34,8,26,22,1
49,6,34,5,2,60,9,32,22,1
19,2,26,3,1,29,8,30,22,1
31,4,23,3,2,20,8,35,22,2
45,3,35,1,4,83,10,30,25,4
81,9,35,3,2,74,9,41,20,2
77,8,39,6,1,85,10,32,20,1
48,5,25,4,3,52,7,31,19,1
1,0,15,4,1,6,7,27,21,1
40,3,28,3,1,49,9,34,22,2
6,3,21,3,8,17,6,29,21,1
67,4,28,4,1,62,11,31,23,5
25,2,27,3,2,49,7,19,21,4
80,5,37,3,1,70,10,26,21,2
24,2,28,4,1,21,6,21,21,2
46,6,34,3,3,9,4,32,23,3
15,4,28,4,3,23,5,31,24,3
49,5,34,4,1,59,7,25,23,1
9,4,31,5,2,69,6,30,20,1
74,7,37,3,3,62,7,26,19,1
86,9,30,6,1,76,11,32,20,2
87,7,30,4,2,47,9,27,21,4
75,7,27,5,2,58,9,28,22,2
90,10,36,5,2,73,10,36,18,1
1,0,22,3,1,29,8,30,21,1
3,3,28,5,1,11,5,26,22,3
33,5,29,3,9,40,7,32,20,1
60,8,26,9,1,71,9,33,20,1
98,10,43,5,1,99,12,35,16,1
35,6,27,5,3,22,5,24,17,1
88,6,26,3,1,24,9,31,20,4
29,2,32,2,1,72,10,31,22,1
92,10,30,5,3,97,11,32,17,1
90,5,33,2,1,93,13,35,22,1
95,6,28,2,4,41,11,28,23,5
60,4,26,2,1,24,7,31,20,2
64,7,34,6,1,61,6,31,18,1
22,4,30,5,1,22,6,34,21,1
84,5,28,5,1,87,13,26,17,1
81,5,37,2,1,82,10,30,22,1
49,4,24,5,1,52,8,25,21,3
68,8,40,6,1,98,10,38,21,1
98,8,31,3,2,72,11,39,20,1
87,10,38,4,1,84,7,37,19,1
26,3,24,3,2,1,6,30,19,2
85,9,28,6,1,53,9,32,19,3
69,4,26,5,1,50,9,21,19,5
41,5,24,5,3,15,6,24,19,2
46,4,28,3,1,14,5,30,22,3
68,5,32,3,1,20,6,27,20,5
47,4,24,3,5,24,7,28,20,3
44,4,24,3,3,18,8,30,22,2
1,3,24,4,6,20,4,22,20,1
16,5,32,4,4,11,4,31,20,2
19,2,22,3,1,1,5,24,20,2
80,6,26,3,1,49,10,36,20,1
80,9,40,6,1,97,10,29,19,1
6,1,24,3,1,4,4,25,22,6
16,2,33,2,1,18,5,32,23,2
75,4,27,2,2,23,10,30,20,2
64,6,26,4,2,43,9,34,21,1
10,3,30,3,3,7,6,28,25,2
1,2,31,3,2,43,6,25,23,1
20,3,33,3,1,12,4,27,21,1
40,5,30,3,9,39,8,32,22,2
6,2,28,1,5,5,6,28,21,2
77,9,29,7,1,71,9,38,17,1
59,7,35,5,1,65,8,41,19,1
28,3,30,4,1,83,8,26,23,1
4,4,26,6,4,40,6,28,19,1
50,6,31,4,1,59,7,33,21,2
82,6,30,3,1,49,10,34,19,2
99,9,35,5,1,90,12,32,17,1
25,2,21,3,1,7,5,22,23,3
70,6,28,5,1,91,15,31,19,1
4,0,30,1,1,3,6,31,27,4
69,5,30,4,1,66,11,35,23,1
79,5,37,4,1,92,12,30,21,2
81,8,29,5,2,85,10,35,22,1
9,4,26,5,1,7,4,30,22,3
41,3,28,5,1,78,12,28,22,1
79,5,34,3,2,96,13,30,25,1
68,6,37,5,1,95,9,26,17,1
76,6,25,3,1,24,8,32,19,2
27,5,25,6,2,17,5,20,17,1
36,3,35,4,1,73,9,25,19,1
52,7,31,8,1,56,8,35,19,1
43,5,30,6,1,85,8,28,23,1
84,7,39,2,4,86,10,32,23,1
78,6,28,5,1,88,11,32,19,3
5,4,32,4,1,7,3,33,22,3
50,3,35,1,1,36,7,27,24,13
18,3,29,5,1,28,7,20,20,1
72,8,35,6,1,88,9,39,20,1
60,6,37,4,2,80,9,31,24,1
64,7,29,4,4,87,10,33,18,1
4,4,25,4,6,3,2,25,20,3
94,7,28,5,1,54,12,33,18,1
69,4,35,3,1,74,13,32,22,1
3,3,20,3,6,3,2,30,25,5
16,3,21,3,4,14,5,25,24,7
68,4,29,4,1,66,12,31,20,1
24,2,27,4,1,57,9,26,21,1
41,3,32,4,1,33,7,26,19,1
81,5,36,4,1,95,12,32,21,2
54,4,27,3,2,28,6,26,20,4
72,5,32,4,1,48,8,28,22,2
53,6,33,5,1,57,7,28,20,1
92,6,28,3,1,52,11,34,21,6
74,9,27,6,1,71,7,28,13,2
22,5,27,3,6,3,3,25,21,5
96,10,43,3,2,86,9,40,19,1
5,2,24,3,2,6,5,25,24,3
38,6,29,7,1,40,5,22,19,2
12,3,22,6,1,23,7,31,21,1
16,2,23,2,9,12,6,28,21,3
28,4,34,4,2,82,9,35,26,1
22,5,25,4,12,12,5,29,19,1
8,4,32,3,4,2,2,29,24,5
93,8,39,6,1,97,12,33,19,1
60,4,37,3,1,63,7,27,24,3
27,5,27,4,2,29,5,34,22,5
55,7,30,6,1,75,8,35,23,1
24,2,32,4,1,67,9,27,20,1
8,1,27,1,3,4,5,24,20,3
95,7,31,3,1,57,10,30,20,3
87,10,32,7,1,72,10,33,19,1
59,7,39,5,2,78,8,33,23,1
4,1,20,1,2,7,5,29,22,4
78,8,33,4,3,79,10,35,22,1
48,3,25,2,1,13,8,30,22,7
1,3,29,5,2,29,5,20,22,2
59,5,26,5,1,68,11,35,22,2
71,8,37,6,1,97,8,33,16,1
76,6,38,6,1,95,12,32,20,1
80,8,31,4,4,61,11,35,22,2
92,7,40,3,1,96,12,37,20,1
84,5,27,5,1,83,11,25,17,2
4,2,29,3,1,38,6,33,24,1
1,2,27,3,2,3,6,30,23,1
40,5,31,6,1,91,9,31,21,1
16,4,26,3,5,20,5,30,20,1
15,3,23,3,11,12,7,28,22,2
46,3,26,3,1,29,7,27,21,7
41,6,33,4,2,34,6,35,20,1
54,6,37,5,1,72,6,32,19,1
72,7,30,5,1,94,11,30,22,1
86,8,30,5,1,95,14,37,17,1
91,10,30,8,1,83,12,37,18,1
61,4,34,3,1,80,9,31,20,1
55,5,30,5,1,90,13,35,20,1
72,5,35,5,1,99,14,29,23,1
22,5,28,4,3,7,3,29,20,3
44,4,28,3,1,25,8,33,21,2
53,4,29,5,1,41,8,24,18,1
24,4,30,3,2,2,5,33,25,6
58,5,38,2,1,32,8,34,20,2
1,3,26,4,1,22,4,30,21,1
49,3,35,3,1,76,9,30,26,1
73,5,32,5,1,73,10,30,21,1
33,3,23,4,1,41,7,29,23,5
31,4,28,3,3,18,4,27,20,3
14,1,22,3,2,22,9,25,24,1
75,5,32,3,1,35,8,30,21,5
5,3,25,3,4,8,5,30,21,2
66,5,35,3,1,92,10,29,23,1
85,7,29,4,1,77,10,29,17,1
56,4,30,3,2,41,10,24,19,1
76,4,31,3,1,55,10,28,23,7
35,2,34,4,1,55,9,30,24,2
57,4,27,2,2,20,8,27,21,3
6,1,31,1,2,6,5,27,24,3
6,0,28,2,1,5,4,22,24,8
90,10,37,5,2,99,11,36,21,1
76,8,32,5,2,71,7,29,20,4
41,4,33,4,1,62,10,31,23,2
16,2,32,2,1,41,6,29,23,1
66,6,31,4,1,81,11,40,21,1
47,3,23,4,1,36,9,25,20,1
5,0,30,3,1,39,7,24,24,3
92,7,37,4,1,98,15,39,22,1
34,3,30,3,1,49,8,31,23,1
5,0,24,4,1,24,8,23,24,1
3,2,30,2,3,15,6,33,23,1
85,7,37,4,1,97,14,40,23,1
35,5,23,5,4,42,7,25,21,3
75,6,30,5,1,56,10,37,22,3
96,7,31,3,3,92,14,34,22,1
31,5,29,6,1,37,6,25,19,1
83,8,38,5,1,83,11,36,18,1
54,3,27,3,2,53,11,27,23,4
38,5,34,4,1,26,4,26,21,1
71,6,32,4,1,59,10,27,19,2
35,2,28,3,1,61,8,26,21,1
21,2,34,2,1,23,6,19,20,2
97,10,41,5,1,94,10,35,22,1
77,9,29,6,1,62,8,31,20,2
43,5,28,4,2,59,7,31,23,6
81,5,37,2,1,69,12,33,21,1
99,7,30,3,2,73,14,33,19,1
92,6,28,4,2,84,12,27,18,2
87,7,36,3,2,86,12,46,22,1
21,4,30,5,1,50,7,34,24,1
78,8,27,7,1,82,12,34,22,1
17,4,24,4,5,14,6,26,20,1
97,10,30,4,3,96,12,35,19,1
59,4,34,3,1,55,9,31,21,2
47,7,33,5,2,33,7,31,22,3
24,2,24,1,6,1,5,22,23,12
1,3,33,4,1,49,6,32,22,1
49,7,33,7,1,88,9,39,24,1
55,7,34,4,5,67,9,37,21,1
14,3,31,2,3,16,4,30,22,1
0,4,29,3,8,2,3,25,20,2
44,4,23,4,2,32,9,33,22,1
2,2,18,5,1,5,6,28,19,1
83,5,26,2,3,70,11,30,20,1
7,1,20,2,2,1,6,27,23,3
31,2,23,4,2,43,8,20,22,6
70,8,33,5,3,58,8,31,22,1
32,6,23,5,5,13,7,32,19,2
93,6,31,4,1,66,13,28,19,1
57,7,31,7,1,42,7,33,22,2
71,7,37,5,1,83,11,33,18,1
25,5,34,4,1,18,3,31,22,4
73,6,25,6,1,64,10,26,16,1
81,7,41,5,1,93,9,28,19,1
8,3,23,4,1,1,4,28,19,1
47,3,31,2,1,26,6,29,23,2
58,5,32,2,5,70,10,37,22,1
7,4,31,4,2,13,4,34,22,1
48,3,27,2,5,70,10,28,20,1
18,2,19,1,8,14,8,27,21,3
92,9,29,6,2,87,11,33,19,1
29,2,21,4,1,30,9,31,21,1
23,4,31,5,1,17,4,28,22,2
61,7,31,5,2,80,9,32,19,1
78,5,29,3,1,85,14,34,22,3
58,6,25,3,2,4,4,25,20,18
87,9,37,5,1,46,8,37,21,1
15,2,25,2,1,12,7,31,23,3
47,3,29,5,1,59,10,32,24,3
83,5,37,5,1,99,18,36,23,1
96,7,31,5,1,99,15,34,22,1
73,8,27,4,7,60,8,30,22,4
46,4,29,4,1,14,5,26,18,4
83,5,35,2,1,89,11,37,22,1
0,4,30,4,1,5,0,28,23,8
64,5,26,3,6,24,10,29,19,2
31,5,32,4,2,63,7,32,21,1
37,3,29,1,5,40,7,25,25,3
29,5,27,6,1,24,4,28,22,3
89,8,34,3,2,87,10,38,22,3
50,6,28,5,1,16,6,29,18,2
81,8,32,6,1,98,12,34,18,1
52,4,27,3,2,50,9,32,24,2
28,3,25,2,5,27,9,30,20,2
50,6,34,5,1,53,7,27,21,1
78,6,35,3,1,84,9,32,19,1
63,4,30,1,1,17,9,34,24,8
53,7,30,4,7,72,10,38,22,1
0,2,26,2,2,0,3,31,27,5
62,8,32,5,4,82,10,34,18,1
18,4,23,3,4,0,4,30,20,2
47,6,29,4,2,16,4,31,20,2
48,6,28,4,3,51,6,34,22,1
22,4,32,5,1,52,7,28,20,1
38,2,28,2,2,62,10,31,24,1
61,6,28,5,1,79,9,28,21,2
50,7,34,6,1,84,6,33,22,1
97,9,32,5,1,90,11,39,20,2
63,4,29,2,2,66,12,36,20,1
32,2,20,2,2,0,6,25,24,16
87,5,29,5,1,81,15,31,22,1
89,9,31,5,1,84,12,40,19,1
44,6,31,3,4,56,9,42,24,1
94,9,37,7,1,94,10,28,15,1
21,5,25,4,9,3,2,27,19,1
75,6,38,5,1,84,11,32,20,1
44,3,22,3,1,31,9,35,21,1
10,5,28,6,3,28,4,24,22,2
59,6,36,4,1,84,9,36,22,3
63,7,32,7,1,59,7,30,21,3
19,2,30,2,1,38,7,33,23,1
45,4,33,4,1,48,8,31,21,1
85,9,27,8,1,60,8,26,17,1
55,6,37,4,1,85,9,35,20,1
3,0,25,4,1,8,6,24,24,2
3,3,31,2,5,18,5,34,25,2
14,4,35,4,3,44,5,29,21,1
63,8,32,7,1,97,13,39,22,1
53,3,29,4,1,57,9,24,21,2
21,2,27,4,1,55,9,29,21,2
63,5,35,4,1,90,10,31,20,1
59,6,36,5,1,61,7,28,22,1
22,5,25,4,8,15,5,24,19,2
45,6,24,6,1,18,5,29,19,5
39,6,26,5,1,32,6,32,21,2
50,3,23,2,4,34,9,25,22,3
71,7,27,5,2,54,10,32,17,1
4,3,20,4,2,1,4,26,20,1
1,1,24,4,1,5,5,25,23,4
59,6,28,5,1,72,9,28,22,1
23,5,29,4,1,26,3,29,19,3
97,7,39,3,1,92,11,40,23,1
58,7,25,6,2,61,8,25,20,1
20,4,28,4,3,14,4,29,21,4
44,7,28,6,1,52,6,28,20,4
51,7,28,6,2,61,9,32,21,1
75,4,27,4,1,66,10,32,21,1
67,5,32,2,1,63,10,39,25,2
69,6,29,5,1,60,9,27,21,3
16,4,22,5,4,22,4,23,21,2
54,6,33,4,2,61,6,31,20,2
92,5,28,4,1,59,14,30,18,1
28,6,27,5,2,20,5,34,24,2
13,1,24,3,1,9,5,22,22,4
36,6,27,4,2,32,6,32,21,5
12,3,21,4,1,6,4,24,20,2
25,4,28,5,1,27,6,22,16,1
7,3,30,2,5,1,3,26,21,3
81,5,35,3,1,61,10,33,21,1
75,6,26,3,5,84,11,31,20,1
67,6,32,3,2,46,9,36,21,1
38,5,27,4,3,23,5,25,20,2
66,5,28,6,1,76,11,27,19,1
76,6,31,4,2,84,10,28,21,1
65,7,35,4,3,76,10,38,20,1
69,8,37,5,2,87,9,34,22,1
42,3,33,4,1,46,6,22,21,2
76,5,29,4,1,48,9,28,22,4
19,1,26,4,1,53,8,30,21,1
63,8,39,4,1,65,6,38,21,2
49,6,26,4,3,45,9,38,22,4
29,4,30,5,1,17,5,29,21,1
44,4,31,2,2,66,10,37,24,1
20,4,34,4,2,79,8,29,23,1
15,4,34,4,4,79,7,29,20,1
41,4,34,3,1,40,7,31,25,5
52,6,34,5,1,59,7,28,22,1
12,2,19,4,1,6,6,27,24,4
68,8,35,7,1,89,10,34,15,1
64,6,34,4,1,92,10,33,20,1
42,5,29,3,4,48,8,31,24,2
0,2,31,4,1,24,3,26,23,3
19,3,27,4,4,16,6,23,22,4
74,9,30,4,3,57,9,44,21,1
70,5,26,5,1,41,8,25,20,3
12,1,16,4,1,1,5,21,19,2
88,9,27,6,2,80,12,31,20,3
16,2,26,3,1,15,8,27,21,1
95,8,32,3,3,40,10,32,18,3
35,4,25,3,4,14,6,24,23,3
32,4,34,4,1,14,4,29,22,1
17,3,27,5,2,43,8,26,20,1
36,3,31,5,1,52,9,31,22,2
2,3,30,5,1,11,4,30,23,1
89,5,37,2,1,68,9,28,19,2
81,10,32,8,1,70,9,31,18,1
38,6,30,5,1,24,4,29,18,1
41,4,33,2,5,29,6,28,25,4
25,4,28,2,4,2,4,29,21,1
76,5,35,2,1,81,12,36,22,1
13,3,21,3,7,0,2,25,20,2
77,9,27,5,3,64,10,40,22,5
63,6,32,5,1,50,8,34,21,2
6,1,33,1,1,16,5,34,24,1
49,6,26,3,9,48,8,34,23,2
60,5,30,3,3,42,8,25,18,2
54,4,32,3,1,89,10,28,20,2
30,3,26,4,1,57,10,29,21,1
50,4,25,4,2,47,9,23,20,1
98,8,29,3,2,45,10,32,19,1
92,5,29,1,1,44,13,37,22,2
60,7,39,4,1,84,9,41,23,1
14,2,20,4,1,1,4,21,20,8
91,8,32,4,1,39,10,37,23,3
59,7,33,4,4,56,9,35,25,2
34,5,28,3,7,36,6,30,19,1
56,5,32,3,1,67,7,32,22,2
25,3,33,5,1,65,6,28,23,2
97,11,30,5,4,55,9,32,18,3
58,7,33,4,2,29,5,28,18,3
41,6,26,6,3,16,4,21,17,2
0,0,27,0,10,9,5,19,25,7
5,3,27,4,4,8,4,24,20,1
76,4,33,3,1,99,21,33,20,1
91,6,26,4,1,70,11,33,23,4
36,2,33,3,1,46,7,27,25,2
78,7,32,5,1,42,8,34,19,3
81,9,30,4,4,44,6,31,18,3
28,4,23,5,1,39,9,27,22,1
99,6,34,3,1,91,15,42,26,1
41,4,28,4,1,54,9,32,23,1
54,6,35,5,1,58,8,36,19,1
62,8,26,5,4,23,5,27,17,1
83,7,27,5,2,92,13,33,17,1
56,4,36,3,1,88,10,27,20,1
82,8,29,7,1,81,9,26,15,1
43,6,29,3,5,29,7,34,23,3
49,5,32,5,1,38,6,25,19,1
97,8,34,6,1,97,12,37,19,1
82,6,31,5,1,90,12,29,18,1
55,4,27,2,2,31,7,30,24,9
52,5,32,2,7,46,8,28,22,3
21,4,24,3,3,2,3,26,23,14
7,4,27,3,6,9,3,27,22,5
17,4,31,2,4,31,6,35,23,1
44,3,35,4,1,49,7,24,22,4
31,2,22,4,1,49,10,24,22,1
58,4,27,4,1,54,8,27,24,2
57,3,26,4,1,27,9,27,18,2
32,4,24,5,1,20,7,32,19,1
57,4,29,2,3,68,13,33,23,1
46,4,31,4,1,29,5,26,20,1
55,4,34,4,1,70,9,27,24,1
17,1,25,1,3,1,6,27,22,3
12,3,30,5,1,15,5,24,19,1
13,3,29,2,6,3,3,25,20,2
49,7,28,8,1,33,6,31,18,1
81,8,29,4,5,78,9,33,21,6
79,7,31,3,1,43,7,34,19,1
74,9,31,5,1,29,7,35,22,3
28,5,23,4,2,8,6,36,20,1
28,5,32,3,7,14,5,26,22,2
11,3,22,3,3,0,5,27,23,2
62,6,33,3,1,56,8,36,23,6
79,8,26,3,5,47,9,34,23,6
50,6,27,4,2,40,8,33,21,1
10,4,34,4,4,28,5,27,21,1
23,4,23,6,1,41,6,29,21,2
42,3,26,2,1,27,9,31,25,4
52,7,35,4,2,53,5,32,21,1
97,6,36,3,1,76,13,36,24,2
68,7,32,5,1,37,8,32,18,1
27,4,26,5,2,47,9,28,23,1
15,1,33,2,1,76,8,25,24,2
61,5,31,5,1,52,10,32,23,1
49,4,29,3,1,82,10,29,21,1
30,4,32,4,1,12,5,31,25,2
26,3,32,3,5,20,6,24,23,3
48,5,31,3,6,27,8,32,22,2
0,4,21,5,4,10,4,30,19,1
62,6,32,6,1,85,12,35,24,1
87,7,26,6,1,81,13,34,21,2
68,5,36,4,1,52,10,34,25,2
31,5,26,5,1,50,5,29,20,4
19,1,28,3,1,23,6,19,22,4
45,7,32,6,1,69,8,33,18,1
95,12,29,6,2,97,14,39,20,1
25,2,20,4,1,13,9,29,24,1
53,3,26,5,1,83,11,25,19,2
64,8,31,4,3,28,5,27,16,1
80,9,33,6,1,80,9,31,17,1
59,4,31,4,1,78,10,34,23,3
72,8,32,7,1,60,7,26,20,3
31,6,28,4,5,8,4,28,23,5
57,6,31,4,1,49,9,40,25,3
3,4,29,5,1,38,6,34,20,1
28,4,25,3,5,20,5,28,21,4
24,3,32,4,1,63,9,27,23,2
53,6,30,5,1,56,9,38,21,1
20,5,28,7,1,36,5,28,21,3
31,5,31,6,1,38,5,30,21,1
65,5,31,2,1,34,7,29,19,5
7,3,19,4,2,2,5,31,23,5
9,4,29,5,1,17,3,26,20,1
25,5,31,5,2,38,5,26,20,1
18,2,19,4,1,6,6,25,20,1
27,5,27,4,4,4,5,31,22,3
56,5,29,5,1,63,8,31,23,3
11,4,29,4,3,41,6,33,23,2
39,3,33,3,1,47,10,31,23,1
97,7,41,5,1,98,16,31,19,1
92,12,32,4,5,64,9,34,18,1
73,9,30,6,1,82,8,33,21,3
9,3,28,3,6,6,5,27,24,3
9,4,25,4,11,21,6,30,22,1
28,4,31,4,3,57,8,35,23,1
17,3,34,4,2,48,8,31,24,2
51,5,24,4,2,18,8,31,20,3
3,4,28,5,1,2,3,29,24,2
23,3,22,3,2,25,5,28,22,8
4,4,30,4,3,18,6,32,24,1
0,3,27,4,2,11,4,26,21,2
85,9,36,4,3,88,9,36,21,2
63,7,29,5,2,40,6,27,21,3
56,5,28,3,2,32,9,35,22,3
93,9,37,4,1,71,11,39,18,1
45,5,29,5,1,73,8,33,20,1
6,2,28,2,6,42,6,25,25,8
56,7,34,5,2,73,7,25,17,1
84,6,34,3,1,72,10,28,20,1
21,4,24,3,8,1,4,28,23,2
33,5,31,6,1,65,6,27,20,1
50,5,30,4,2,61,9,34,19,1
8,3,24,3,3,10,7,31,23,1
74,5,29,3,1,25,9,32,19,2
64,5,33,4,1,77,9,27,23,2
45,5,24,3,9,12,7,27,21,4
94,7,31,4,1,69,12,36,21,1
31,3,24,3,3,4,6,27,21,4
39,6,33,4,5,70,6,30,22,2
69,6,29,5,1,83,10,34,18,1
49,7,29,6,1,55,6,34,21,1
98,6,37,2,1,69,11,33,22,2
55,7,25,6,1,24,6,30,17,2
77,6,29,6,1,91,12,34,18,1
24,4,23,3,13,15,5,24,19,3
17,2,23,2,2,0,3,26,24,9
33,3,22,1,12,29,9,27,24,7
70,6,30,4,2,84,11,33,23,1
10,3,25,5,3,14,6,24,21,1
67,4,36,2,1,85,11,34,25,3
71,7,28,4,2,20,7,31,20,3
10,3,27,3,1,1,2,24,19,4
22,4,30,6,1,76,8,31,22,1
85,9,27,4,8,53,9,30,20,4
21,2,24,4,1,12,6,22,21,4
55,7,31,4,1,46,5,37,23,2
14,3,31,3,1,6,3,24,19,2
11,2,23,2,9,7,6,24,25,8
58,4,29,3,1,67,11,37,22,1
17,3,33,5,1,53,9,27,22,1
80,6,31,5,1,98,12,28,18,1
3,3,26,4,2,16,5,29,22,2
71,5,27,3,1,65,12,41,24,5
92,6,29,2,3,51,11,29,23,10
22,5,29,5,1,13,4,30,23,2
62,4,34,3,1,82,11,34,21,1
42,4,28,2,2,45,9,37,24,2
83,8,35,3,1,79,10,47,22,3
34,4,31,3,5,44,8,30,20,1
38,6,28,5,2,30,5,35,21,2
52,3,32,4,1,80,11,32,22,1
90,8,38,3,2,61,11,36,19,1
78,5,34,2,1,43,9,32,23,3
46,5,32,3,4,38,8,34,23,4
88,6,27,5,1,93,13,28,17,1
63,7,32,5,1,83,11,34,22,2
59,5,34,2,2,15,5,28,22,9
50,4,36,5,1,93,11,36,24,1
35,3,28,4,1,12,6,26,22,3
96,7,30,4,1,77,11,29,17,2
29,3,26,2,4,39,7,25,22,5
12,2,32,2,3,29,5,22,21,2
31,5,36,5,1,82,8,34,23,1
61,6,27,4,1,79,9,30,21,3
77,7,41,5,1,71,7,28,22,1
33,4,36,3,1,31,4,30,19,1
83,8,32,5,1,43,9,34,19,1
72,7,31,7,1,60,8,24,13,1
86,6,34,4,1,84,10,27,18,1
59,5,30,3,2,83,9,29,19,1
98,5,37,3,1,88,14,35,25,2
4,4,29,3,5,19,6,31,23,2
7,1,28,3,1,39,7,30,24,1
79,6,27,3,2,46,10,35,23,3
84,8,39,5,1,76,7,30,21,2
43,4,31,3,1,29,6,28,21,1
96,10,31,6,1,90,14,36,17,1
17,2,22,2,6,5,7,27,21,2
85,6,33,2,3,65,12,29,19,2
67,5,25,3,1,44,10,34,21,6
76,8,37,6,1,98,9,31,21,1
18,2,33,2,2,47,8,31,24,2
51,3,30,1,3,31,7,25,21,3
64,8,30,5,3,87,11,38,19,1
57,5,33,5,1,81,9,32,21,1
99,8,30,5,1,73,11,36,18,1
92,11,34,4,3,85,11,41,23,2
94,11,45,4,2,91,10,42,21,1
3,4,24,4,5,4,3,26,20,2
92,7,32,4,1,95,15,37,20,1
80,6,38,4,1,79,8,26,19,2
75,9,32,6,1,52,6,31,19,2
43,4,26,4,1,43,8,28,22,3
15,4,32,3,12,55,7,35,23,1
34,3,30,3,1,42,7,26,22,1
84,9,43,7,1,92,10,30,18,1
20,5,25,3,4,0,1,26,20,5
84,6,35,4,1,42,7,29,20,5
86,8,27,3,4,62,10,35,22,5
94,7,39,3,1,93,11,28,23,2
55,3,31,3,1,37,8,26,25,3
64,4,27,5,1,70,12,25,19,1
85,8,34,5,1,90,10,39,20,1
56,7,35,4,2,41,7,43,22,1
90,7,28,4,1,70,10,33,17,2
69,4,30,2,2,46,8,30,22,3
18,4,30,5,1,8,4,26,20,3
10,2,27,2,3,23,6,30,22,1
85,7,27,4,2,58,11,28,18,2
17,4,24,4,3,2,5,25,21,5
66,4,35,4,1,74,13,30,22,1
43,3,30,3,1,58,9,29,23,3
49,6,36,5,2,53,7,30,20,1
75,7,28,7,1,49,9,33,21,2
33,4,27,4,1,42,6,25,18,1
81,7,29,6,1,68,12,31,19,1
27,4,35,4,1,44,7,34,21,1
24,2,29,3,1,11,6,28,24,3
64,5,36,4,1,74,8,30,20,2
47,3,30,3,2,83,10,29,21,1
76,4,26,2,3,48,10,23,21,4
85,9,34,6,1,92,11,35,18,1
27,2,33,3,1,74,8,28,23,3
75,5,28,5,1,42,12,31,19,1
72,4,34,1,1,73,12,34,21,2
20,2,22,3,4,3,5,18,20,6
0,2,29,4,1,39,5,24,22,3
39,4,29,4,1,25,6,24,17,2
57,4,36,4,1,98,13,31,20,1
77,9,31,4,6,89,10,37,18,1
50,6,25,5,1,13,6,31,18,1
98,6,34,5,1,98,13,26,21,1
71,6,36,3,3,64,9,33,24,3
29,4,35,5,1,88,10,32,25,1
78,9,28,4,12,51,10,35,22,1
41,5,33,5,2,44,5,25,22,2
8,0,30,4,1,66,8,22,23,1
85,6,34,3,2,89,14,33,20,1
69,5,30,2,1,53,9,34,23,7
35,5,29,4,2,12,6,33,22,1
50,7,33,6,1,87,9,40,19,1
60,7,30,4,1,46,7,39,23,3
34,4,33,2,2,16,6,32,23,4
49,5,34,5,1,31,6,30,23,3
14,3,27,4,1,6,4,27,22,5
88,5,29,3,2,62,12,24,21,7
57,6,34,6,1,97,11,34,20,1
18,3,29,5,1,25,6,21,21,1
23,4,25,4,2,7,4,25,19,2
93,11,39,6,1,86,11,34,22,1
90,7,40,5,1,88,11,26,16,1
14,4,35,3,7,50,5,32,26,2
28,5,27,4,4,23,6,27,22,2
20,5,28,3,5,13,4,34,21,3
78,9,39,4,2,95,8,35,18,1
6,2,28,3,1,32,5,27,24,1
55,4,25,5,1,40,10,24,19,1
26,4,31,3,2,7,3,28,23,9
54,6,36,6,1,78,10,31,18,1
73,4,27,3,1,67,12,33,24,5
59,6,35,4,1,79,8,37,22,1
53,7,38,4,4,89,7,34,21,1
57,5,34,4,1,76,8,31,22,2
18,4,32,5,1,50,5,23,20,1
26,5,33,3,8,36,7,36,21,1
21,5,25,5,4,25,5,26,17,1
4,4,31,6,1,60,3,29,21,1
20,3,25,5,1,26,7,27,20,1
2,4,26,6,2,26,4,31,24,1
43,3,31,3,1,83,11,30,21,1
39,4,29,3,2,10,4,31,25,8
59,5,24,4,1,23,7,30,20,4
79,7,32,5,1,60,11,33,19,1
94,10,32,8,1,74,9,35,18,1
11,1,25,1,1,8,4,25,25,18
38,3,34,5,1,87,8,29,20,1
98,6,37,2,1,85,12,37,24,8
26,3,22,4,1,17,7,29,21,1
17,4,33,5,1,54,5,26,21,1
7,3,23,4,3,3,4,24,19,2
41,3,29,2,6,35,7,23,19,2
26,5,27,5,1,21,6,28,22,2
85,7,33,3,1,64,9,39,21,2
42,5,25,4,2,33,7,34,23,3
96,9,36,6,1,76,9,32,18,1
1,4,33,4,2,4,3,29,21,3
95,9,29,6,1,67,11,33,15,1
21,2,30,4,1,29,6,19,22,2
87,8,32,6,1,99,13,31,17,1
85,6,39,5,1,95,12,26,21,1
63,5,30,5,1,68,12,30,21,1
33,3,23,3,1,8,6,28,22,13
32,4,24,3,6,23,7,34,21,2
44,5,35,5,1,72,7,29,19,1
12,2,31,3,2,65,7,25,24,1
3,2,24,4,3,6,5,17,18,2
16,4,23,6,1,29,5,24,20,3
83,8,30,6,2,91,11,31,17,1
64,7,33,6,1,39,8,33,18,1
36,3,23,5,1,28,7,18,20,3
91,9,33,6,1,93,14,37,22,1
22,4,27,2,3,18,7,40,27,3
60,5,34,5,1,70,9,29,19,1
46,5,24,3,2,3,7,30,20,7
44,6,36,3,1,16,3,32,24,5
57,5,24,5,1,25,7,28,18,1
54,3,34,3,1,57,9,24,22,1
62,6,26,5,1,43,8,23,20,3
57,6,32,3,5,56,8,29,21,4
11,2,22,4,1,6,4,23,21,4
82,9,42,5,1,80,7,28,17,1
9,2,33,4,1,67,7,30,20,1
46,6,33,4,2,58,7,30,21,1
56,4,35,2,3,88,14,34,26,2
89,6,29,3,2,39,8,29,19,1
37,3,25,3,2,21,9,28,21,1
82,6,29,3,1,30,7,28,24,6
94,10,29,6,3,66,8,28,16,1
67,5,38,5,1,87,9,31,19,1
27,3,23,3,1,8,5,30,25,4
62,5,36,4,1,73,8,28,21,1
97,7,40,3,1,98,14,36,23,2
43,5,32,5,1,75,10,32,23,2
47,4,34,5,1,92,9,25,22,1
47,5,24,5,1,26,8,32,22,2
77,7,39,3,3,97,11,36,20,1
41,4,33,4,1,58,7,31,21,2
12,3,26,3,2,10,5,29,23,2
14,4,30,5,1,12,4,30,22,1
39,4,30,4,1,62,7,27,22,4
42,4,34,2,2,64,8,37,22,1
16,2,25,4,1,29,8,26,23,3
42,3,32,2,3,39,7,22,24,4
74,6,33,4,1,68,8,26,18,3
86,6,29,4,1,85,10,30,20,4
82,5,27,5,1,97,17,34,22,1
15,2,31,1,3,37,7,34,25,1
37,4,34,4,1,80,10,31,22,1
70,5,25,4,1,63,10,31,19,1
10,3,30,3,3,24,4,27,22,1
67,7,29,6,1,71,10,35,21,2
75,7,27,4,5,28,8,25,21,6
23,2,30,4,2,31,8,23,22,2
9,4,32,5,1,18,5,32,23,1
40,5,30,4,1,27,5,30,23,6
48,4,33,4,1,67,9,31,20,1
77,8,35,6,1,83,9,38,20,1
50,6,36,3,5,32,8,33,20,1
92,7,27,4,1,56,12,32,20,1
1,2,25,5,1,2,5,27,21,2
6,3,25,3,11,22,5,25,20,1
75,7,27,5,2,65,11,33,20,2
18,3,28,3,2,3,3,25,22,3
71,6,30,5,1,88,13,33,20,1
44,7,30,5,4,47,7,33,24,1
83,9,27,4,6,44,9,32,21,1
26,4,28,4,2,27,6,31,22,5
16,4,33,5,1,48,5,24,22,1
77,9,26,7,1,90,11,33,21,1
3,4,26,3,13,0,2,25,21,1
76,7,33,5,1,92,11,38,22,3
28,2,24,4,1,82,13,27,24,1
91,9,37,6,1,93,8,33,13,1
45,6,27,5,1,41,5,31,20,1
35,3,31,4,2,51,7,22,20,1
14,2,18,2,4,3,6,22,21,3
2,2,26,4,1,20,6,28,19,1
95,7,27,5,1,49,10,27,18,2
78,7,29,6,1,90,12,33,21,1
30,6,29,7,1,79,9,38,22,1
81,5,32,4,1,95,13,34,21,1
19,2,22,3,5,32,10,29,24,4
40,6,26,4,3,5,3,27,19,2
71,5,38,2,2,73,9,32,21,2
41,3,26,4,1,61,11,29,21,1
86,7,38,6,1,89,13,31,18,1
70,9,30,4,5,24,7,34,19,2
25,3,24,2,8,28,9,31,24,2
75,7,38,3,1,83,9,36,23,3
97,13,41,6,1,84,9,39,19,1
84,10,27,4,5,34,8,36,23,4
75,5,28,5,1,72,10,25,16,1
30,4,27,4,2,27,6,20,20,4
59,5,30,3,2,26,8,30,24,5
15,2,26,2,1,8,4,25,22,10
33,4,36,3,1,59,5,33,24,1
62,8,32,7,1,87,8,34,19,1
84,5,34,4,1,66,10,29,19,2
84,6,31,4,1,66,11,37,22,1
13,4,26,4,1,9,4,31,21,2
68,6,29,6,1,82,10,34,18,1
8,4,30,3,11,5,5,27,22,2
77,6,26,4,1,77,9,32,22,3
96,11,34,7,1,88,11,37,20,1
70,8,37,4,3,89,9,35,23,1
88,6,35,5,1,92,11,27,22,1
71,8,26,8,1,80,11,41,18,1
62,6,38,3,1,62,6,31,23,6
50,6,31,6,2,80,10,31,20,1
17,4,26,4,1,13,4,29,23,6
61,6,30,4,1,23,7,31,18,1
33,3,26,4,1,60,8,30,22,1
44,3,30,2,1,38,9,32,21,3
21,2,29,4,1,35,7,24,23,4
65,6,31,5,1,38,8,31,24,2
50,5,24,2,5,15,9,34,25,4
73,8,27,5,1,13,7,34,19,5
74,6,28,4,2,54,10,29,19,3
81,8,36,3,2,45,7,32,21,3
39,4,28,5,1,83,9,29,18,1
25,3,31,3,1,19,5,30,23,1
86,9,40,4,1,87,10,38,18,1
21,2,28,4,1,73,8,25,20,1
47,4,24,3,2,60,12,35,21,1
27,5,28,6,2,55,7,27,21,2
78,5,33,3,1,85,10,26,19,1
58,7,28,6,1,77,9,38,20,1
76,7,36,3,2,73,8,32,22,1
64,7,27,6,1,57,7,27,18,4
21,5,29,3,3,0,1,27,24,7
85,9,36,6,1,89,10,33,21,1
88,7,37,6,1,99,16,36,23,1
46,7,34,7,1,79,8,32,21,1
69,5,33,4,1,64,10,34,21,1
82,7,39,4,1,94,10,41,22,1
57,8,38,7,1,93,10,34,17,1
15,3,28,3,2,1,3,27,22,3
65,7,27,5,2,34,6,26,17,2
78,10,40,4,3,60,7,29,21,3
76,7,35,6,1,91,10,36,22,1
97,6,35,5,1,93,13,27,18,1
91,8,33,4,1,90,12,40,20,1
1,4,20,3,21,3,4,29,21,1
94,7,32,5,1,99,14,32,17,1
49,6,37,5,1,32,5,30,22,4
55,6,24,6,1,38,8,26,19,4
27,4,27,2,3,4,3,28,22,4
71,7,26,4,3,58,8,33,19,4
18,2,28,2,4,6,5,19,21,4
34,4,31,4,2,84,10,32,23,2
70,7,33,5,1,61,10,34,20,1
42,4,27,3,1,32,6,32,24,6
13,1,32,4,1,79,9,23,22,1
71,8,26,7,1,30,6,26,17,6
73,7,26,7,1,40,9,30,21,1
13,1,30,2,2,38,6,23,21,1
98,8,35,4,1,90,10,32,20,3
86,6,38,2,2,94,13,37,25,1
5,4,29,4,4,2,2,27,22,1
19,4,33,2,7,41,6,30,21,1
24,5,31,4,3,22,4,26,20,2
14,3,25,4,5,3,6,27,22,3
25,5,27,4,1,1,4,32,24,4
14,2,31,4,1,14,5,22,22,4
81,6,39,3,1,80,10,33,19,1
65,4,27,3,2,31,10,27,23,6
73,7,26,6,1,55,8,30,20,4
44,4,28,5,1,66,9,29,19,1
48,4,35,3,1,61,7,30,22,4
45,6,31,3,3,18,6,29,19,3
43,6,31,4,3,75,8,37,21,1
98,8,29,4,2,71,9,31,18,1
83,9,27,5,1,29,6,32,19,3
25,5,32,3,4,41,4,31,23,5
21,2,32,3,1,33,5,23,21,3
30,3,29,2,4,42,9,37,22,1
65,4,26,2,4,65,12,33,24,4
59,7,36,5,2,66,9,34,22,1
65,5,37,4,1,83,10,29,20,1
1,1,30,1,7,4,4,19,22,3
32,3,23,2,2,3,6,28,24,4
52,4,32,3,2,81,8,28,25,2
92,7,36,3,1,87,10,31,22,2
10,5,26,6,3,46,8,31,21,1
49,7,38,6,1,72,8,29,20,1
90,11,28,5,1,63,10,43,22,2
78,10,29,8,1,79,8,27,17,1
98,6,33,4,1,98,16,37,23,1
56,6,27,6,1,74,11,36,22,1
6,4,28,5,3,26,4,26,18,1
61,8,32,5,2,27,6,31,19,2
98,9,35,4,1,58,8,33,18,1
65,6,28,3,2,57,9,37,23,3
15,2,28,3,2,32,5,25,23,6
12,3,31,4,1,57,6,30,23,1
57,3,24,2,3,15,7,20,20,8
86,6,31,2,1,24,7,32,22,5
28,6,28,5,4,27,6,27,20,2
17,2,25,3,2,16,7,25,24,2
31,3,30,3,1,14,4,26,20,1
29,3,29,4,1,36,7,31,19,1
23,4,30,3,3,3,3,28,21,2
28,2,23,1,4,5,5,23,21,3
61,7,33,7,1,95,10,32,21,1
8,4,22,6,1,23,4,31,22,5
85,8,42,4,2,99,13,37,24,1
95,10,31,5,1,89,9,35,21,4
29,4,33,5,1,86,10,31,22,1
37,3,34,4,1,79,8,28,24,1
80,6,34,2,4,89,14,35,22,1
83,7,29,5,1,90,13,33,17,1
95,8,27,7,1,84,13,34,19,1
58,5,25,4,1,40,10,31,21,4
10,4,25,4,2,18,6,35,21,1
37,5,28,6,1,38,7,28,21,4
62,5,37,3,1,43,8,35,24,5
6,0,31,4,1,57,6,25,21,1
57,7,30,6,1,27,6,32,19,1
9,4,28,6,2,56,6,29,19,1
9,2,29,1,5,27,7,30,27,4
80,8,39,6,1,99,13,35,18,1
66,6,25,3,5,43,10,29,21,4
52,6,31,6,1,56,9,36,23,1
29,3,25,5,1,74,10,28,21,1
48,6,31,3,1,29,7,38,22,4
65,6,31,5,1,69,10,31,18,1
43,3,27,3,1,15,6,26,22,5
79,7,29,5,1,89,10,32,18,1
43,5,31,5,1,82,8,28,21,1
30,4,28,3,4,13,6,23,21,3
6,3,31,5,1,28,6,28,20,1
6,1,29,2,2,10,5,27,23,1
11,4,32,5,3,48,6,33,23,1
77,4,27,4,1,60,13,32,21,4
46,7,34,4,2,29,5,32,21,1
60,5,31,3,1,40,9,33,23,4
36,4,34,2,2,44,7,32,27,3
57,5,30,4,1,37,8,33,21,2
7,3,29,3,2,32,6,34,21,1
85,9,42,7,1,95,11,35,19,1
25,2,28,2,2,15,8,29,24,7
49,4,34,4,1,49,7,24,18,1
51,4,28,4,1,15,6,24,21,3
48,5,34,2,2,23,6,30,23,3
67,6,28,4,2,66,9,27,22,2
40,6,24,3,6,2,5,33,23,4
51,4,33,3,1,17,6,28,19,3
40,3,33,1,3,64,8,31,24,2
37,4,24,4,1,27,6,25,18,1
85,5,35,5,1,99,14,29,19,1
13,4,34,4,2,31,5,31,20,1
7,1,24,4,1,38,6,27,22,3
92,7,28,5,1,91,13,30,17,1
79,9,35,6,2,98,10,32,17,1
88,8,29,4,2,39,11,36,19,3
88,7,28,5,1,70,10,27,20,2
52,5,37,5,1,90,8,29,20,1
94,9,29,8,1,92,10,33,18,1
6,4,26,3,6,0,1,28,19,3
22,2,33,4,1,35,7,22,19,1
53,7,33,6,1,56,6,28,16,1
83,5,32,4,1,97,16,35,19,1
59,6,28,4,1,46,9,34,21,3
84,8,34,5,1,79,9,37,18,1
29,6,25,5,4,6,5,32,21,1
17,1,25,2,3,10,6,23,23,2
16,1,32,4,1,78,8,24,20,1
35,5,24,5,1,45,7,31,19,1
59,5,26,6,1,75,9,28,20,1
12,1,28,1,7,32,7,23,23,6
65,6,29,3,4,73,9,30,20,2
48,4,27,5,1,68,10,31,24,2
79,6,35,4,1,73,9,27,18,1
96,8,28,7,1,97,15,35,17,1
45,3,22,1,2,25,9,34,26,9
32,4,26,3,3,23,7,29,24,3
96,8,29,4,2,52,10,30,19,2
57,3,25,2,4,31,10,28,23,1
1,4,27,5,1,7,5,32,22,1
98,7,37,5,1,92,15,30,20,1
45,4,25,5,1,50,10,33,20,1
34,4,36,5,1,65,7,33,21,1
95,8,41,6,1,95,10,27,21,2
88,5,39,4,1,99,16,33,22,1
93,7,28,4,1,55,12,35,18,2
28,3,26,4,2,53,8,25,20,1
2,2,19,4,3,4,5,23,24,3
73,5,38,3,1,87,9,33,22,3
83,5,28,4,1,51,13,32,23,3
52,3,31,2,2,38,9,25,23,2
35,3,24,2,1,32,7,32,23,3
72,4,37,2,2,58,9,25,20,1
30,6,31,6,1,23,4,27,22,2
57,5,34,3,2,80,9,29,19,1
89,7,41,2,1,53,7,30,20,3
51,6,29,3,8,19,6,25,19,3
79,7,30,3,2,51,10,41,24,2
36,4,26,3,2,37,8,36,21,4
86,10,30,4,5,25,8,34,17,2
61,7,37,4,1,39,5,30,22,2
35,3,32,3,1,41,8,25,24,2
93,9,30,5,1,79,13,38,19,1
47,6,34,5,1,49,5,32,18,1
88,7,30,5,1,73,14,30,21,1
29,2,33,3,1,55,8,22,21,2
22,5,27,6,2,44,7,29,19,1
90,10,27,4,2,22,8,37,21,2
5,1,20,2,2,8,6,30,22,4
83,7,35,3,1,78,9,38,21,1
93,10,28,8,1,84,10,36,16,1
90,10,37,8,1,98,10,31,19,1
13,1,22,3,1,5,6,23,22,13
10,2,26,5,1,4,5,25,20,1
9,4,28,6,1,1,1,25,18,2
93,6,37,2,1,97,14,36,21,1
37,4,24,5,1,56,11,32,19,1
76,9,34,4,2,55,9,43,21,1
57,4,29,3,1,54,9,34,26,3
99,7,38,4,1,87,12,27,21,2
68,4,28,4,1,48,8,25,22,2
35,6,29,3,8,13,6,31,20,2
84,8,34,4,3,48,10,35,20,1
99,7,27,4,1,84,15,35,17,1
84,9,31,4,3,70,9,35,20,4
76,8,40,6,1,65,8,33,18,1
39,3,29,3,1,28,6,22,21,5
8,4,31,3,2,8,2,32,23,3
51,6,37,3,3,46,8,36,21,1
41,5,34,3,2,16,4,31,21,2
58,4,31,5,1,91,10,29,20,1
14,2,20,3,2,0,6,27,22,1
16,4,25,4,3,3,4,24,23,5
70,6,31,4,2,72,9,27,21,1
36,6,32,5,3,24,7,29,19,1
79,5,25,3,4,68,14,31,21,1
49,4,30,3,2,23,7,28,22,3
12,3,33,4,1,45,5,32,24,2
68,6,37,4,2,91,9,30,23,2
21,2,30,4,1,70,10,28,23,1
22,4,28,5,1,17,6,29,23,3
47,6,30,5,2,17,4,27,22,4
76,5,26,4,1,27,8,26,19,5
92,8,35,3,2,70,8,32,23,5
43,4,32,2,1,46,7,34,22,1
30,2,26,2,1,18,7,27,25,6
8,2,29,2,9,20,7,31,25,1
5,4,28,4,5,42,7,33,22,1
45,4,26,3,1,14,6,28,22,5
73,6,28,4,3,58,12,32,22,1
59,4,24,4,1,65,10,32,24,3
89,11,35,7,1,71,9,41,19,1
60,7,36,5,1,71,6,32,20,1
90,6,32,5,1,72,11,28,16,1
37,4,32,4,1,34,7,28,19,1
45,5,27,5,2,28,6,25,22,3
50,4,24,2,6,48,9,30,21,2
27,6,35,4,6,32,5,29,21,1
56,6,34,6,1,52,7,33,22,1
83,9,30,8,1,86,8,33,21,1
11,3,29,4,1,4,5,29,25,2
47,7,29,6,1,31,5,30,19,1
97,6,33,5,1,89,14,37,23,2
15,1,31,1,4,43,8,32,27,2
19,3,33,4,1,14,4,24,22,2
15,2,24,5,1,46,8,24,23,1
69,7,36,4,2,89,11,40,25,1
41,5,36,4,1,53,5,30,21,1
98,10,34,6,1,98,11,35,20,1
40,6,32,6,1,80,9,38,23,1
33,4,23,4,2,40,7,27,19,2
95,6,33,4,1,98,14,32,19,1
48,5,30,3,1,20,6,31,21,1
60,8,30,4,7,41,7,33,19,3
85,5,37,3,1,82,10,29,22,1
25,2,22,2,6,25,8,27,20,1
42,3,26,2,5,30,7,22,23,3
17,3,24,3,2,3,3,27,19,2
12,4,30,6,1,44,6,25,21,1
92,8,40,3,4,93,10,33,22,2
27,4,30,3,2,4,3,27,20,1
93,6,27,4,1,46,10,26,16,2
96,8,34,6,1,97,12,35,20,1
49,4,31,4,1,62,8,33,25,3
28,5,35,5,1,74,5,30,20,2
92,6,33,3,1,37,10,37,20,2
55,6,28,4,4,67,10,34,21,3
10,1,20,4,1,16,7,23,22,2
91,6,40,4,1,99,14,34,23,1
23,3,30,3,3,45,6,22,22,2
88,7,32,4,1,66,12,33,21,3
80,6,33,5,1,54,10,32,20,2
32,6,33,7,1,79,8,33,22,1
37,6,26,5,2,49,7,33,20,2
52,5,25,5,1,37,7,26,18,1
66,6,28,5,1,61,9,30,17,2
71,8,28,4,5,66,8,32,21,1
13,5,29,7,1,65,6,32,21,1
74,5,30,2,2,78,13,32,23,1
65,4,37,4,1,93,14,30,20,1
41,3,25,2,4,43,8,26,21,3
27,6,26,4,6,7,3,29,22,7
59,4,26,4,1,45,8,22,18,2
81,8,36,3,3,43,7,31,18,2
46,3,26,4,1,25,8,22,22,4
68,8,38,5,1,66,9,36,19,1
66,6,31,5,1,69,10,28,18,1
32,4,25,6,1,54,8,32,22,3
69,4,31,3,1,38,8,27,22,2
58,7,33,3,4,61,9,36,22,2
54,4,28,4,1,38,7,23,18,2
94,6,36,3,1,84,12,32,21,1
52,4,24,3,3,30,8,25,21,7
9,1,22,5,1,10,5,17,20,1
2,4,32,4,5,9,4,29,22,1
49,6,25,4,2,29,5,33,21,3
61,4,30,4,1,88,13,31,22,1
53,5,31,5,1,85,9,32,23,3
2,3,19,4,3,0,3,25,21,4
61,8,28,6,1,20,7,34,21,8
67,6,33,4,1,68,11,33,23,1
26,2,25,3,1,40,9,30,20,1
21,4,32,6,1,71,8,31,18,1
26,2,32,2,1,11,6,27,23,3
83,9,29,4,3,35,8,36,17,3
63,7,37,3,5,83,8,33,22,1
99,7,28,3,3,83,13,36,19,3
86,7,28,5,1,65,12,36,19,2
28,4,29,4,2,17,7,28,20,1
82,5,31,3,1,77,14,33,22,1
85,6,35,5,1,91,9,30,19,2
81,5,32,1,1,72,10,35,22,2
82,7,30,3,4,61,10,32,24,2
62,7,35,5,2,88,11,34,19,1
86,7,30,3,2,55,8,32,23,4
79,8,29,4,4,53,8,30,22,3
36,3,23,5,1,63,11,31,24,2
73,7,33,3,4,27,6,29,20,2
35,2,25,1,3,39,10,34,22,1
15,1,22,4,1,40,7,21,18,2
83,5,26,2,3,39,9,26,20,5
43,3,30,1,3,38,8,29,24,3
39,4,34,5,1,48,9,29,18,1
88,7,34,4,1,95,13,40,22,1
18,2,26,2,5,17,5,26,20,2
27,5,33,6,1,44,7,32,21,1
63,7,35,4,2,66,8,33,19,1
15,2,21,2,5,12,7,24,22,1
11,2,27,4,2,13,7,26,21,1
44,5,33,4,1,54,7,35,21,1
30,3,32,4,1,91,11,29,21,1
7,4,23,6,1,9,2,27,18,1
39,6,34,5,1,41,7,39,20,1
76,4,35,3,1,96,12,29,24,3
24,1,21,2,4,38,9,27,26,2
40,4,23,5,1,27,8,31,20,1
70,7,39,5,1,93,10,36,20,1
31,2,32,4,1,51,9,26,20,1
11,2,34,2,2,18,6,31,22,1
17,3,26,5,1,46,7,27,22,3
53,3,30,1,3,64,10,28,23,2
23,3,26,3,3,39,7,29,20,1
46,7,28,4,3,23,5,36,23,6
8,1,23,4,1,2,5,22,19,2
48,6,29,3,7,33,6,31,23,2
50,5,30,3,2,30,9,34,20,1
19,3,25,3,3,7,6,31,22,5
18,4,26,4,1,8,4,28,23,2
27,3,27,4,1,45,7,17,20,3
30,4,27,3,3,47,8,35,23,2
20,5,28,6,1,40,7,30,21,1
70,5,29,5,1,56,9,24,19,3
6,3,26,4,2,0,4,30,22,6
88,6,34,4,1,67,11,32,19,1
58,5,37,5,1,85,12,27,17,1
23,3,29,5,1,34,8,30,21,1
30,5,28,3,3,18,4,32,21,4
47,6,32,5,1,66,6,32,23,5
36,3,23,1,6,9,6,22,23,4
3,1,27,1,3,19,5,25,23,2
75,5,27,2,3,32,12,32,24,2
49,6,29,5,1,33,6,25,19,1
25,3,27,2,2,10,6,30,21,4
59,5,33,2,1,38,7,34,23,6
46,6,25,5,2,24,5,27,19,2
46,6,30,4,4,17,6,30,20,1
6,1,25,4,1,37,8,31,23,1
27,3,28,2,5,11,5,23,23,2
8,2,32,2,2,24,6,33,26,5
79,7,41,4,1,86,10,35,23,4
26,4,29,3,2,33,7,35,22,2
17,2,19,3,3,3,7,21,22,4
21,4,35,3,2,13,3,27,21,1
77,9,28,5,2,59,9,45,20,2
6,1,27,2,2,10,6,26,26,4
18,2,31,3,1,24,8,23,20,1
21,5,33,6,1,59,5,33,24,1
57,4,30,5,1,60,9,30,20,2
44,3,28,4,1,23,7,22,19,1
35,4,35,5,1,49,5,26,21,2
10,3,20,3,8,6,6,26,20,2
85,10,36,7,1,75,7,31,18,1
14,3,31,5,1,52,8,30,23,1
69,5,25,3,3,58,10,31,21,2
66,5,35,4,1,95,14,33,21,1
42,6,35,5,3,47,6,27,22,1
62,5,37,3,1,66,8,30,21,2
28,2,29,4,1,52,10,31,23,1
50,4,31,3,2,35,7,26,18,2
98,11,44,5,2,88,9,29,17,1
20,5,28,4,7,16,4,29,22,3
52,6,28,5,2,24,6,28,18,1
59,4,31,3,2,81,13,32,24,1
41,4,29,4,1,22,6,23,21,5
82,8,29,5,1,88,9,32,16,1
67,4,35,2,1,90,11,33,25,1
92,8,36,6,1,98,14,32,19,1
52,4,27,3,1,52,7,32,22,2
32,6,35,4,2,30,5,38,25,2
33,5,34,5,1,48,6,25,21,1
44,4,27,4,3,77,11,30,22,2
69,8,36,5,1,86,10,42,21,1
6,1,30,1,1,6,4,31,28,6
70,5,30,3,2,68,10,23,22,5
91,7,38,3,2,88,12,42,25,2
82,6,31,3,1,78,11,32,24,2
93,6,38,4,1,99,12,34,21,1
15,3,28,4,1,34,6,25,22,1
10,2,33,4,1,39,6,28,25,1
33,4,28,3,5,16,7,25,22,2
52,4,30,5,1,72,11,29,19,1
40,4,33,5,1,33,5,22,20,1
63,7,31,4,5,56,10,35,22,2
87,6,37,5,1,86,10,27,19,1
58,4,29,2,2,40,9,31,21,4
55,3,34,4,1,90,11,28,22,2
12,2,26,4,1,22,6,12,18,1
8,3,30,4,1,4,3,28,24,2
20,2,25,3,2,7,6,25,22,4
9,4,26,5,3,8,6,29,23,1
58,8,37,6,1,87,9,35,21,1
76,6,36,3,2,65,12,33,23,1
66,7,26,5,2,53,8,31,22,2
7,4,26,3,18,11,5,30,22,1
90,9,36,6,1,84,9,33,22,2
88,7,42,5,1,96,11,36,20,1
93,8,38,5,1,65,8,34,19,1
26,5,28,6,1,59,5,26,18,1
29,2,28,2,2,15,6,22,20,1
92,7,33,3,2,93,14,38,24,2
31,6,27,5,3,46,6,33,20,1
29,5,35,4,2,58,6,32,23,1
48,3,27,3,1,55,10,34,23,1
52,5,27,5,1,71,9,30,17,1
7,1,27,2,3,39,7,28,20,1
7,1,22,2,2,0,4,19,20,7
54,3,33,3,1,71,12,32,21,1
75,6,27,6,1,68,9,31,18,1
40,4,31,3,3,79,11,34,22,1
77,8,28,8,1,69,8,26,19,3
95,12,34,7,1,99,15,39,19,1
43,4,29,3,2,24,7,26,20,2
82,6,29,5,1,82,11,28,16,2
53,5,28,5,1,67,8,28,20,1
33,4,33,4,1,31,5,28,20,1
96,7,41,4,1,86,13,36,22,2
31,4,23,4,1,14,7,31,23,7
10,2,28,4,2,16,5,18,22,5
15,1,28,2,2,41,7,26,25,3
85,9,34,6,1,85,9,34,18,1
91,12,41,6,1,94,11,35,21,1
92,5,28,2,1,38,9,32,24,6
55,7,34,4,2,84,7,31,19,1
60,6,24,5,1,61,9,30,17,1
49,6,28,3,3,22,7,33,21,3
20,2,30,2,2,19,5,27,21,1
33,4,31,4,1,31,5,29,22,2
73,7,31,5,1,93,12,37,18,1
10,5,23,3,14,1,2,27,20,1
33,3,25,4,1,79,12,30,20,1
91,7,26,6,1,89,15,32,18,1
2,1,26,3,1,13,6,27,24,6
39,5,24,3,9,35,7,34,23,3
12,2,27,4,1,6,4,21,19,3
69,8,28,4,8,57,10,36,20,1
62,4,35,3,1,35,9,32,24,4
78,6,28,3,5,52,12,32,22,1
33,3,24,2,4,31,8,33,21,1
1,3,29,4,5,33,6,29,25,1
41,3,34,2,1,38,7,30,21,2
64,4,26,3,2,78,14,32,21,2
51,7,31,5,1,65,6,36,19,1
22,2,33,2,2,75,11,30,26,3
79,6,28,3,3,61,11,36,22,4
73,7,34,5,1,53,8,31,20,1
1,2,22,4,2,0,5,27,21,2
44,6,35,5,1,80,9,38,18,1
19,3,22,4,2,13,7,26,22,2
97,6,37,4,1,99,13,32,24,1
38,4,26,3,6,42,9,30,24,2
3,0,32,1,2,5,5,22,26,11
82,6,27,6,1,53,10,28,19,1
61,4,36,4,1,85,10,29,23,1
97,9,31,4,1,74,10,33,18,2
43,4,28,2,5,38,7,25,21,3
17,3,26,4,1,39,7,33,25,3
63,4,25,2,3,18,9,29,23,5
83,6,37,4,1,91,13,41,21,1
15,4,25,4,2,13,5,32,19,2
78,6,33,4,1,43,8,29,21,6
72,9,35,5,3,94,10,34,21,1
69,7,33,6,1,72,10,33,22,2
72,7,40,4,1,57,6,28,19,1
73,6,39,5,1,94,11,30,23,1
58,6,29,4,4,40,7,26,21,3
2,3,22,3,5,1,3,25,19,4
19,2,20,2,7,21,7,22,20,2
55,6,25,5,1,21,5,30,20,2
14,3,26,3,2,6,4,27,23,14
79,6,33,3,2,44,11,33,25,3
2,2,33,2,2,6,3,27,23,1
45,7,34,5,2,83,9,39,22,1
91,6,30,5,1,68,12,29,21,5
77,5,34,4,1,97,12,26,19,1
7,2,29,2,1,19,5,31,25,2
50,3,34,4,1,92,11,34,24,1
62,4,36,2,1,81,10,32,24,3
47,3,33,3,1,26,6,24,23,8
75,5,25,2,4,34,10,28,22,6
80,6,36,3,1,84,11,28,20,1
3,0,30,2,2,23,5,21,22,1
11,2,29,4,1,31,5,25,21,1
64,6,38,4,1,96,11,37,23,2
55,6,34,3,3,44,6,31,19,2
62,8,38,4,4,86,9,35,19,1
5,4,25,6,2,13,5,26,20,1
16,3,23,4,4,16,6,27,23,1
80,5,38,3,1,95,13,33,22,1
30,4,34,4,1,68,6,31,22,2
42,5,27,3,2,9,5,30,23,5
0,4,21,5,1,7,4,32,20,1
42,3,27,2,1,9,8,31,21,4
88,6,32,4,1,79,14,29,19,1
44,3,31,4,1,87,9,22,18,1
6,1,17,4,2,13,8,25,21,1
52,4,36,3,1,74,8,28,19,2
38,6,34,7,1,45,4,25,14,1
50,6,24,6,2,39,7,27,15,1
68,5,29,3,1,18,8,32,23,3
97,7,43,5,1,92,11,31,18,1
52,3,30,1,6,51,8,23,21,4
72,7,32,4,4,59,9,33,22,4
58,5,35,3,1,39,8,31,24,2
62,7,31,4,2,75,8,34,23,1
8,4,24,4,5,32,6,29,22,3
24,3,28,3,3,22,5,24,22,2
45,5,27,2,4,8,6,32,21,2
70,7,34,3,2,59,7,36,22,1
33,4,30,3,2,46,8,37,22,2
4,2,26,4,3,29,8,29,22,1
61,8,27,6,1,32,5,30,21,4
59,4,36,3,1,47,8,27,20,3
71,6,33,2,3,84,9,36,22,1
1,2,29,2,4,7,5,27,23,2
40,2,33,4,1,59,10,28,22,2
55,7,25,5,2,12,7,34,19,1
98,8,33,5,1,77,10,32,21,3
45,4,31,3,2,26,8,27,21,3
0,0,31,2,1,9,3,20,25,11
93,8,35,5,1,95,11,33,19,1
87,9,35,4,3,58,8,31,18,1
9,3,21,2,9,0,2,23,20,6
19,4,26,3,2,1,3,27,23,6
30,5,30,4,2,15,3,25,21,3
46,3,36,4,1,49,7,24,19,1
2,2,23,3,7,25,7,30,25,2
0,4,31,5,1,30,5,34,21,1
87,7,28,5,2,46,11,31,17,1
24,2,19,4,1,28,8,21,19,2
74,5,30,3,1,48,10,31,23,1
50,5,32,4,1,65,7,30,22,2
33,2,33,4,1,56,10,28,23,1
42,4,36,3,1,48,8,35,25,1
21,1,29,3,1,26,6,25,25,4
53,4,34,2,3,47,10,28,21,1
74,6,28,4,1,76,10,36,19,1
97,7,31,5,1,98,15,36,18,1
17,3,30,2,3,23,5,30,22,1
53,7,35,4,2,23,4,30,23,3
36,3,31,4,1,56,8,25,20,1
18,4,29,4,2,21,5,35,22,3
56,5,31,4,1,78,11,37,22,1
72,5,32,2,3,82,10,32,22,5
72,7,26,5,1,51,10,41,19,1
60,6,27,4,1,65,7,32,20,4
55,6,27,3,7,40,10,33,23,2
73,9,29,5,4,49,9,32,20,2
58,7,30,4,4,62,9,39,19,1
56,4,32,1,4,26,9,28,20,1
51,3,34,2,1,70,9,30,24,5
13,4,30,3,2,29,6,38,23,2
10,3,25,5,1,37,7,33,21,1
76,5,27,4,1,84,13,34,23,2
79,5,27,3,1,77,12,31,22,2
33,5,31,6,1,34,7,31,22,1
7,2,31,3,4,38,6,27,23,3
57,7,30,6,1,54,6,26,20,3
94,9,28,6,1,93,14,38,18,1
31,6,25,6,3,27,5,24,19,2
5,4,21,3,9,0,2,30,21,2
29,2,22,4,1,36,9,25,22,1
63,5,30,3,2,35,8,30,19,3
38,5,24,5,2,52,9,31,21,2
7,1,22,2,2,9,6,27,21,1
83,8,30,5,2,63,8,26,18,2
6,4,26,5,4,5,5,30,20,1
11,3,32,4,1,41,5,34,22,1
29,2,28,4,1,59,9,29,20,1
79,7,38,3,1,58,9,38,25,4
5,3,34,4,1,26,3,27,24,2
22,1,26,3,2,53,9,23,23,1
42,2,26,3,1,44,10,25,20,2
57,7,33,5,1,79,10,35,19,1
39,4,33,4,1,44,8,36,24,3
86,8,37,4,1,94,10,33,20,1
22,5,31,4,2,11,5,30,21,2
3,1,23,2,4,1,4,20,22,7
91,6,29,5,1,95,17,39,22,1
11,2,22,4,2,32,7,24,22,3
25,5,26,4,3,4,2,30,20,4
23,5,28,6,2,43,4,26,19,1
16,3,31,2,7,12,7,27,23,1
76,5,34,3,1,57,9,29,19,2
29,3,29,4,1,20,7,24,23,3
21,5,23,6,2,18,6,34,21,2
13,5,28,6,1,29,5,31,23,1
98,8,31,3,4,82,11,33,21,1
17,3,22,5,1,39,6,24,18,1
32,5,26,5,1,48,5,27,17,2
88,8,33,6,1,93,11,29,19,1
54,4,31,2,1,64,9,34,24,4
53,7,29,6,2,29,7,30,20,2
86,9,28,7,1,84,13,35,17,1
50,4,27,3,1,12,8,28,23,5
65,4,33,3,1,96,13,30,24,1
51,6,25,4,7,26,6,29,20,2
52,5,37,4,1,78,9,26,20,1
36,6,28,6,1,14,5,26,17,1
11,5,22,6,1,28,3,30,22,2
78,6,30,4,1,60,10,35,23,3
17,3,26,5,1,23,6,28,22,2
62,5,37,2,1,35,8,36,22,1
21,3,27,5,1,45,8,30,24,2
78,7,30,5,2,94,13,34,22,1
78,7,34,4,1,73,8,35,21,3
20,2,27,2,4,11,8,26,22,2
60,8,32,6,1,35,6,32,17,1
51,5,36,3,1,81,9,35,24,2
53,5,26,5,2,82,11,29,21,1
97,8,36,6,1,99,13,32,21,1
92,6,34,5,1,94,12,28,19,1
2,3,21,5,1,1,2,22,22,5
0,2,28,2,6,14,5,29,25,2
78,6,38,4,1,92,10,28,22,1
61,7,30,6,1,46,8,34,17,1
2,3,23,5,1,5,3,25,18,1
54,5,33,3,1,18,6,31,23,9
24,3,32,3,2,24,7,24,23,5
59,5,36,3,1,81,7,34,22,2
35,5,32,6,1,23,6,30,20,1
72,9,30,4,3,33,6,35,19,2
81,5,30,2,3,68,10,27,19,1
93,6,32,2,3,49,13,32,21,1
63,5,27,3,2,12,7,33,22,6
57,6,27,3,5,14,5,27,18,1
75,9,40,4,2,76,7,37,22,3
13,5,28,7,1,28,4,27,19,1
60,6,29,5,1,40,6,27,18,5
47,4,25,4,1,41,7,25,18,2
45,6,24,4,5,21,7,31,22,3
71,5,29,5,1,64,12,32,21,1
50,5,28,6,1,80,10,27,19,1
88,10,43,5,1,81,9,35,22,1
99,13,44,4,1,65,6,32,16,2
87,8,30,4,1,43,7,31,17,2
99,13,32,5,3,68,11,33,18,1
9,3,28,2,7,4,3,21,21,4
19,3,21,4,2,7,5,29,24,3
50,7,37,5,1,80,7,32,18,1
1,4,24,6,1,15,3,23,22,2
82,7,41,6,1,96,12,33,21,1
81,5,27,3,1,79,11,32,24,4
42,6,31,4,1,19,5,30,20,2
67,4,29,3,1,73,11,32,21,2
85,6,32,5,1,60,11,33,21,2
21,2,23,3,1,1,5,23,21,2
29,3,31,5,1,62,7,28,22,1
21,5,31,3,5,15,4,28,21,1
87,7,36,4,1,92,13,40,24,1
99,7,38,3,1,97,13,38,21,1
50,7,31,3,9,54,7,32,20,1
18,2,26,4,1,45,7,22,18,1
17,3,33,2,3,33,5,29,21,2
32,5,30,5,1,22,5,27,22,3
56,6,25,6,1,37,7,25,17,2
2,3,28,4,1,0,2,24,22,10
43,4,27,5,1,37,6,26,22,2
73,7,26,3,2,29,7,36,23,3
3,0,32,3,1,14,4,25,26,4
20,2,33,4,1,22,5,28,21,1
0,1,31,2,6,14,6,26,23,2
40,6,33,4,2,67,8,39,22,2
10,3,28,4,1,32,6,33,24,4
22,4,23,6,1,38,8,33,20,1
84,7,34,5,1,92,11,26,17,1
47,3,26,1,1,26,10,34,23,7
91,8,33,5,1,92,11,35,19,1
96,15,37,7,1,77,9,37,18,1
71,7,31,5,1,71,7,30,18,3
44,7,28,6,1,32,7,36,23,1
79,5,35,1,4,55,9,25,22,2
81,8,36,5,1,94,9,29,19,1
39,3,35,3,2,68,8,26,21,1
42,3,30,3,1,62,9,30,24,1
28,4,34,4,1,70,7,33,19,1
23,5,27,4,2,9,2,30,21,10
67,4,24,4,1,17,8,26,19,5
12,3,23,3,3,2,3,21,20,3
53,4,29,4,1,70,11,28,18,1
29,2,34,4,1,59,7,21,19,1
98,6,34,2,1,75,10,28,20,5
23,2,33,4,1,73,9,32,25,1
65,5,28,4,2,53,10,27,21,1
24,5,24,4,6,26,6,37,22,1
55,5,35,3,3,44,8,29,25,1
17,3,20,4,1,2,4,26,19,1
81,5,29,5,1,74,10,28,17,1
15,1,24,3,1,11,6,28,20,2
49,3,31,1,2,35,9,31,24,4
79,7,37,5,1,99,11,29,18,1
4,1,24,4,1,33,7,22,21,1
20,5,31,5,1,15,5,32,20,1
78,9,30,5,4,53,10,33,18,1
35,3,34,1,3,60,7,30,24,2
52,5,30,2,7,34,9,33,23,1
48,7,31,7,1,61,8,29,20,1
99,8,27,4,1,54,12,36,18,1
39,2,30,2,3,30,10,27,20,1
84,7,36,5,1,99,15,37,22,1
34,5,24,4,7,16,7,29,21,1
54,5,34,4,1,72,9,37,25,3
95,9,34,4,2,82,12,38,21,1
84,7,40,4,1,60,8,33,23,5
97,8,27,7,1,94,15,37,18,1
36,4,32,3,3,20,6,28,24,6
98,6,31,3,1,87,11,32,21,2
59,5,24,3,1,6,8,32,23,5
36,5,30,5,1,18,3,28,21,2
44,3,29,4,1,59,9,24,20,1
0,1,32,4,1,38,6,29,23,1
13,2,28,4,1,50,6,25,24,1
98,7,32,4,1,75,12,33,19,1
59,7,38,5,2,98,13,35,22,1
60,8,32,6,2,64,8,31,20,1
60,5,36,3,3,64,10,31,21,1
91,7,35,6,1,99,14,30,21,1
50,4,27,3,1,64,8,28,19,2
3,3,28,6,1,57,6,28,21,1
42,3,23,4,2,22,7,17,20,2
94,7,39,5,1,99,13,35,20,1
64,4,33,3,2,53,12,30,23,1
21,4,29,4,2,20,6,31,23,4
99,9,32,3,2,81,12,42,23,3
24,3,29,2,4,10,5,24,22,4
93,12,34,4,4,77,10,35,17,1
18,1,18,2,2,0,5,27,25,9
83,6,31,5,1,82,10,27,18,1
18,4,28,6,1,53,8,30,20,1
21,5,26,7,1,74,7,29,21,1
14,3,34,4,1,34,6,25,23,1
63,6,29,3,2,62,7,33,24,4
28,2,33,2,1,32,7,30,22,1
73,4,34,2,1,39,9,33,21,2
25,3,33,1,2,41,7,35,27,1
72,7,26,3,2,37,8,39,18,2
29,2,33,2,1,40,8,28,23,1
30,3,30,3,2,43,8,31,27,2
72,7,30,4,2,48,7,30,22,6
68,5,37,5,1,99,11,27,18,1
94,8,29,3,2,76,10,36,18,2
41,3,31,3,1,53,10,32,25,2
78,8,27,5,4,84,10,32,21,3
45,6,25,6,2,26,7,25,19,1
1,3,26,4,2,2,3,22,20,3
39,5,25,4,3,29,8,36,20,1
18,2,31,2,2,27,5,25,22,2
32,5,23,4,3,22,7,35,21,1
88,9,28,4,2,44,7,32,20,8
23,1,28,4,1,79,9,24,22,2
72,9,27,4,8,39,8,38,24,2
49,4,30,2,2,56,11,35,21,1
67,5,28,2,2,66,11,33,23,4
18,1,27,3,1,22,6,22,21,4
79,8,31,4,4,51,9,34,19,1
65,8,31,7,1,74,7,26,20,2
98,5,26,4,1,79,15,29,21,2
0,3,29,3,2,3,4,32,20,2
49,6,36,5,1,91,10,38,22,1
77,6,36,4,1,88,13,36,23,1
56,7,28,4,5,32,8,38,24,2
43,4,24,3,2,17,7,35,25,4
45,6,25,7,1,52,8,31,16,1
16,4,22,4,2,1,2,24,19,6
56,4,28,2,2,61,10,35,25,2
82,5,34,4,1,54,11,33,20,1
27,4,25,3,4,4,5,28,23,8
1,4,32,5,1,40,3,32,21,1
7,3,32,2,2,10,2,28,25,7
83,5,36,5,1,94,11,28,22,3
57,5,33,2,1,49,7,35,23,4
0,2,26,2,8,10,5,30,21,2
72,7,29,6,1,83,10,36,21,1
22,3,25,4,2,33,8,25,23,3
23,5,33,6,1,16,3,25,20,2
46,5,26,5,1,78,11,34,20,1
66,5,26,4,2,83,11,29,21,2
33,4,34,3,3,21,7,32,22,1
71,5,35,2,1,83,11,36,23,3
29,6,31,4,2,6,2,28,24,4
4,1,26,3,1,27,8,30,25,1
34,6,25,5,3,13,7,31,19,1
1,4,29,3,11,7,2,29,20,1
72,5,27,5,1,48,8,26,17,1
52,6,26,5,1,15,6,33,20,1
4,1,32,5,1,43,7,26,21,1
58,7,27,4,9,50,7,32,21,2
12,1,31,3,1,20,5,23,24,3
76,7,36,5,1,97,9,33,21,1
7,1,32,2,3,28,6,22,25,3
97,6,30,2,2,82,11,32,21,3
75,5,26,5,1,73,14,27,22,1
37,6,33,4,4,19,6,33,24,2
77,7,33,3,2,53,8,37,25,3
87,6,31,3,3,54,10,26,18,1
85,6,36,3,1,94,14,40,21,2
64,5,25,3,8,48,9,27,21,3
52,5,30,2,7,72,9,30,22,2
66,6,32,3,1,39,9,38,22,1
44,3,26,3,1,37,7,26,21,6
10,3,23,5,1,24,5,30,21,3
12,4,30,4,2,9,5,29,22,1
42,7,36,3,8,47,6,32,22,1
11,4,33,4,3,33,5,30,23,2
36,4,34,2,6,31,7,27,24,1
57,6,28,4,2,47,7,24,22,2
55,7,26,4,10,29,7,29,23,5
81,5,29,4,1,75,14,32,20,1
41,6,31,7,1,81,6,26,19,1
80,9,31,7,1,81,8,33,17,1
45,4,33,2,4,25,8,31,22,2
87,9,37,6,1,94,9,35,20,1
7,4,23,5,1,11,3,28,21,3
74,8,28,7,1,82,10,35,17,1
77,4,27,2,1,13,8,31,21,4
22,4,32,3,2,30,6,36,23,1
76,7,30,4,3,86,9,32,19,1
94,11,29,6,1,77,12,42,22,1
71,8,29,6,1,52,9,31,16,1
99,8,29,6,1,93,12,30,20,2
51,3,32,4,1,73,10,36,25,2
22,5,24,3,12,26,7,33,21,2
14,4,25,4,5,21,5,24,21,2
90,7,34,3,2,80,13,35,23,2
4,2,30,3,1,13,7,25,19,1
27,4,33,3,3,58,7,34,27,1
64,6,28,4,3,68,9,30,20,2
19,4,32,5,1,65,5,27,20,2
33,6,28,4,6,43,7,39,24,2
16,5,23,4,4,20,4,30,21,2
2,3,28,3,8,5,4,26,21,3
69,5,38,4,1,96,12,32,22,1
65,8,39,5,1,91,8,33,19,1
14,1,22,3,1,4,6,23,22,8
80,7,37,4,1,86,10,32,19,1
65,6,34,4,1,56,7,31,20,1
41,6,28,4,5,43,7,29,19,1
71,7,31,6,1,78,11,37,18,1
10,1,29,4,1,49,7,17,22,2
62,5,36,4,1,91,11,35,23,1
1,3,31,4,1,53,7,31,22,1
26,3,34,3,1,29,6,31,20,1
98,7,30,4,1,79,10,33,22,6
3,1,21,4,1,1,3,17,22,7
8,2,26,5,1,33,5,27,19,1
38,3,35,2,1,41,8,30,26,3
91,7,32,5,1,66,10,33,19,2
78,9,30,5,2,47,8,36,21,1
61,4,26,2,1,20,9,30,24,12
68,4,29,4,1,85,14,34,21,1
31,5,30,5,1,15,6,31,22,1
20,4,28,5,2,64,7,30,23,1
54,6,32,6,1,59,8,35,22,2
64,6,30,6,1,95,10,26,17,1
48,7,25,6,1,6,4,30,20,3
87,8,28,4,1,43,10,36,20,5
55,5,29,6,1,72,8,29,20,1
81,5,35,4,1,83,14,32,22,1
76,4,28,4,1,49,9,23,21,3
21,3,29,3,3,21,7,29,22,3
76,5,29,2,1,23,7,29,23,15
72,4,30,2,4,44,9,26,21,1
68,4,37,3,1,72,9,32,22,1
88,8,36,6,1,99,12,33,18,1
47,6,28,6,1,48,9,30,17,1
6,3,34,4,2,52,5,29,22,1
52,6,28,6,1,72,8,32,18,1
25,4,32,4,2,16,5,28,21,3
67,7,38,5,1,51,7,34,20,1
76,5,30,2,3,70,12,33,22,3
1,3,27,4,4,8,4,22,23,3
59,5,35,2,2,56,9,39,22,2
14,5,27,7,1,26,5,26,22,2
59,8,35,6,2,94,8,32,21,1
93,7,34,4,1,86,12,31,21,2
64,6,30,4,3,53,8,24,19,1
96,7,34,3,1,59,12,35,23,3
6,4,24,6,2,43,6,31,22,1
92,6,29,5,1,57,10,30,18,2
0,2,30,5,1,26,4,27,22,2
87,10,30,6,2,94,13,37,21,1
31,5,26,5,2,28,6,30,19,2
12,4,32,3,4,8,4,32,26,4
43,3,30,2,1,51,9,33,26,3
98,7,40,2,1,92,12,36,22,3
50,6,29,5,1,18,7,34,21,2
21,2,32,3,1,52,9,28,26,1
17,2,21,4,2,17,8,21,20,1
88,6,32,5,1,89,13,28,19,1
58,4,23,4,1,37,9,20,20,4
39,3,27,2,4,38,7,28,21,2
77,5,27,4,2,77,10,23,20,2
25,5,29,6,1,52,8,29,23,1
26,2,20,4,1,7,6,23,22,10
74,7,27,6,1,46,8,26,18,1
29,4,25,4,2,29,7,29,21,2
75,7,32,5,1,94,12,34,22,2
95,11,32,7,1,88,13,35,19,1
35,4,26,2,11,23,7,31,26,3
1,1,32,3,1,9,6,30,24,1
19,3,28,2,3,4,6,32,25,8
65,7,32,4,1,33,6,29,19,3
12,1,31,3,2,76,8,24,24,3
27,3,29,4,1,25,7,25,20,1
15,1,23,4,1,12,7,22,22,1
74,7,29,5,1,90,13,36,22,2
61,6,34,3,2,58,8,31,21,3
47,4,30,4,1,85,12,32,20,1
82,8,32,5,2,64,10,32,19,2
45,5,34,3,1,30,6,35,24,4
92,6,39,5,1,99,17,42,21,1
9,3,27,5,2,43,8,31,20,1
50,4,32,2,1,49,8,34,26,3
51,4,28,3,1,36,6,31,19,4
44,3,23,4,1,70,11,27,19,1
57,4,25,5,1,69,11,34,21,1
64,6,28,3,6,47,9,32,21,1
60,4,35,1,3,90,13,35,26,1
92,6,38,4,1,98,14,37,23,3
10,3,25,5,1,3,2,20,19,5
8,4,28,4,4,18,4,26,20,2
20,3,31,3,1,2,2,25,19,3
34,3,34,3,1,37,7,29,22,1
97,8,33,6,1,92,10,33,19,1
91,7,30,4,1,65,9,29,20,2
33,4,29,3,3,73,8,30,23,1
66,8,40,4,1,63,6,35,20,1
30,4,27,4,2,43,6,25,20,1
46,6,29,6,1,25,7,33,21,1
29,3,26,2,5,30,6,24,22,2
63,7,36,3,3,83,9,38,22,1
15,4,33,5,1,60,4,33,20,1
26,2,24,4,1,67,10,23,20,1
54,3,25,5,1,77,13,32,22,1
69,5,35,5,1,65,8,25,21,4
21,4,25,4,10,39,7,28,19,1
58,6,31,5,2,88,9,30,17,1
69,4,25,5,1,42,10,28,18,2
28,4,28,2,3,6,6,31,25,7
27,4,31,4,1,42,8,36,23,1
85,7,36,6,1,99,13,37,20,1
4,4,25,3,5,14,3,26,21,4
95,9,28,4,1,54,9,37,20,4
14,3,20,4,2,7,5,24,22,6
6,2,17,3,2,5,6,32,24,1
91,9,35,5,1,79,8,27,17,1
42,5,35,4,3,46,6,27,20,1
66,7,30,7,1,63,9,34,19,1
42,4,30,3,1,7,5,29,21,2
46,4,31,4,2,86,12,33,20,1
57,4,31,3,1,33,9,33,19,1
71,7,39,5,1,97,11,36,21,1
13,5,22,7,2,13,5,22,20,1
4,4,30,5,5,15,3,25,21,1
20,3,25,4,1,10,5,19,21,7
95,9,29,5,2,71,11,30,20,1
78,6,30,4,1,89,12,33,18,1
24,3,31,2,1,19,6,32,26,5
96,9,29,5,2,87,12,31,18,1
47,3,30,3,1,68,11,37,21,1
98,12,32,5,4,94,11,33,18,2
69,4,29,3,2,73,10,24,18,1
48,4,31,3,1,69,10,35,24,1
10,1,30,3,1,26,7,29,24,2
2,0,25,3,3,14,6,18,22,2
12,3,32,4,1,64,6,30,23,2
52,7,34,3,4,41,6,31,22,4
99,10,36,5,1,93,10,42,21,1
35,6,27,4,4,27,5,32,20,2
63,8,26,6,1,77,11,37,16,1
80,6,31,4,2,91,14,37,21,1
78,6,29,4,2,84,10,28,21,4
72,5,34,3,1,82,12,35,21,1
41,4,35,4,1,79,10,30,22,1
63,5,29,2,4,65,10,35,20,1
73,5,29,4,1,79,11,36,22,2
4,4,26,4,15,6,4,27,22,1
68,7,36,7,1,90,10,33,18,1
8,1,31,0,7,21,6,24,23,1
3,2,26,2,4,6,4,29,23,3
82,6,28,3,2,38,10,37,24,8
78,7,27,5,1,89,10,32,22,2
45,3,32,2,2,28,9,30,25,6
70,6,34,3,4,77,11,34,22,2
81,6,36,3,1,93,11,34,22,2
29,5,24,5,2,9,5,32,24,3
32,3,21,3,6,48,8,25,19,1
7,2,30,2,2,13,4,31,23,2
43,4,34,6,1,64,8,24,21,1
9,3,32,3,6,32,4,25,22,2
70,8,35,7,1,96,12,38,20,1
67,7,31,3,6,64,9,34,20,1
64,5,32,4,1,68,10,27,23,1
6,4,35,4,3,6,1,27,21,3
68,5,27,2,2,46,8,32,20,1
57,5,27,4,1,51,8,27,20,1
79,8,39,4,1,95,10,35,20,1
98,10,29,7,1,82,9,31,17,1
42,6,32,6,1,78,9,33,19,1
64,6,31,4,1,79,10,39,21,1
3,2,26,3,4,12,3,26,25,3
6,2,29,2,5,29,7,33,28,2
11,3,26,2,11,6,5,25,24,2
68,4,35,3,1,85,13,35,26,2
51,6,36,4,1,37,5,29,20,1
85,9,30,4,2,70,8,31,21,7
79,5,32,4,1,94,12,27,20,1
51,4,32,5,1,85,9,25,18,1
75,5,33,2,3,86,14,34,21,2
60,6,38,3,2,83,7,30,24,2
50,4,31,3,2,28,7,21,19,3
18,2,26,3,1,35,6,21,21,4
26,3,29,5,1,66,9,24,19,1
69,4,35,2,1,84,9,28,19,2
5,2,27,3,2,7,5,33,21,2
95,9,29,5,1,88,13,43,21,1
5,2,22,2,11,0,4,24,22,6
64,5,28,2,3,17,9,30,20,1
83,7,34,3,1,68,11,40,22,1
53,5,31,4,1,29,6,28,19,2
36,6,26,5,3,47,8,32,19,1
86,5,33,3,1,82,13,38,22,3
5,2,19,4,1,9,6,32,21,1
68,5,26,4,1,82,11,30,21,2
35,3,30,3,1,14,5,26,22,4
29,4,29,4,3,45,6,28,22,3
24,4,24,5,1,14,5,27,19,2
6,0,23,3,3,27,8,22,24,2
39,3,31,3,2,53,9,28,20,1
61,4,33,4,1,46,7,25,20,2
35,3,33,5,1,82,11,31,21,1
60,6,24,3,5,41,9,31,21,2
45,6,32,5,2,72,9,31,23,1
16,2,20,4,1,13,6,30,23,2
75,6,30,4,2,44,9,29,19,1
7,0,26,4,1,17,5,16,24,2
68,6,31,5,1,75,10,35,19,1
95,11,35,4,4,94,13,42,20,1
6,2,25,4,3,50,9,30,21,1
21,4,24,3,9,9,6,30,21,1
25,2,34,2,3,48,8,28,25,1
43,6,30,4,2,13,3,28,21,5
32,6,34,5,1,14,5,35,22,1
11,3,30,4,1,22,6,34,24,1
36,3,32,4,1,45,7,25,19,1
98,12,32,6,1,68,9,32,21,2
98,6,26,3,1,85,16,37,19,2
57,4,35,1,1,22,8,34,26,4
13,1,22,4,1,34,7,29,25,2
96,5,37,2,1,82,13,34,24,2
92,11,30,4,3,70,9,36,19,3
34,4,33,4,1,73,7,23,21,2
24,2,33,3,1,26,8,27,26,2
54,3,34,2,1,60,9,31,24,5
41,3,30,3,3,36,9,29,21,1
39,3,30,5,1,39,9,29,22,1
28,2,28,2,1,18,8,31,23,4
3,3,20,5,3,12,7,24,17,1
36,4,30,5,1,24,6,30,22,4
99,8,35,4,1,85,11,37,21,3
41,6,24,3,9,9,5,26,18,2
50,4,33,3,1,36,8,35,24,2
2,4,34,6,1,11,3,29,19,1
40,4,25,6,1,41,8,31,22,1
25,3,24,2,6,13,7,28,21,1
38,2,24,3,2,35,10,24,21,3
39,5,26,3,3,19,7,40,21,1
59,6,27,6,1,47,7,22,17,1
63,4,36,3,1,44,8,30,21,4
84,7,41,2,2,72,10,37,23,4
76,9,28,6,1,76,10,34,19,2
71,7,34,3,6,48,8,29,19,2
25,6,29,5,6,16,5,26,17,1
65,6,28,3,4,13,8,32,21,4
62,5,28,4,1,90,14,32,19,1
82,6,30,3,2,72,10,30,18,1
23,2,30,2,1,9,4,21,23,5
64,7,26,6,1,57,7,26,18,3
16,3,31,2,5,52,9,32,23,1
20,2,27,2,1,2,4,27,24,7
29,3,21,5,1,17,6,22,17,2
58,6,32,6,1,96,13,32,20,1
78,7,36,5,1,68,10,33,20,1
3,3,29,4,2,11,3,25,22,2
96,7,35,3,2,92,12,34,23,4
6,1,32,0,2,1,3,22,23,5
38,3,33,3,1,37,6,22,20,2
55,6,25,4,2,40,7,28,20,3
24,5,35,5,2,84,6,28,19,1
86,7,38,3,1,72,11,36,20,1
42,4,33,2,1,42,7,31,23,4
87,7,39,4,1,92,9,33,22,1
62,6,29,6,1,87,9,27,16,1
7,1,24,3,1,13,7,26,22,1
69,7,26,6,1,56,9,36,18,1
37,5,33,3,2,25,4,31,24,4
89,8,38,5,1,92,9,33,21,1
12,4,32,6,1,23,4,31,21,2
48,4,24,5,1,32,8,21,21,2
2,2,30,3,1,43,6,27,21,1
11,4,23,4,2,0,2,27,21,5
60,5,27,4,1,26,8,30,20,1
30,5,33,4,4,50,6,29,24,2
41,3,24,3,1,41,7,28,24,4
92,6,28,4,1,52,10,28,17,2
57,4,29,2,3,27,7,27,21,2
44,3,33,2,1,35,9,29,20,2
5,4,26,3,9,17,4,32,21,1
36,2,26,3,1,63,11,28,21,1
47,4,31,5,1,36,6,27,19,2
37,4,23,4,4,47,9,30,22,2
15,2,31,4,1,30,5,23,22,2
72,5,32,3,1,67,11,32,23,1
39,4,35,3,2,70,9,38,25,1
59,7,28,4,4,54,7,32,20,3
39,4,26,3,3,6,6,30,23,6
76,8,27,7,1,69,12,32,19,1
61,5,33,4,1,45,7,29,23,6
57,8,29,8,1,76,10,35,18,1
54,4,34,4,1,83,10,32,24,1
49,5,25,5,1,77,11,35,22,1
19,1,27,1,1,2,6,28,24,9
81,7,38,4,2,74,9,33,22,1
90,8,36,3,4,96,14,40,20,1
74,7,31,4,2,77,8,34,20,1
66,6,26,5,2,46,10,28,19,1
45,3,33,3,1,56,11,28,21,1
3,3,30,3,1,5,2,27,24,7
38,6,32,6,1,62,6,34,19,1
15,5,23,4,4,1,1,29,23,7
56,4,31,5,1,78,11,32,23,1
94,10,35,6,1,75,9,35,16,1
96,9,37,5,1,85,9,28,20,1
42,5,29,5,1,81,9,29,21,1
94,7,34,3,2,88,13,35,22,1
33,4,24,5,1,25,7,30,20,4
56,7,34,4,1,72,7,40,25,2
57,8,32,7,1,64,9,32,17,1
57,5,34,4,1,77,8,28,19,2
76,7,28,5,1,32,9,34,20,2
23,4,32,5,2,33,5,25,18,1
40,3,30,3,1,34,8,25,20,3
97,9,34,6,1,84,10,33,15,1
85,7,34,6,1,81,10,32,21,4
2,4,23,4,14,14,4,28,20,1
66,5,31,2,2,30,8,35,22,2
47,6,33,4,1,60,7,32,21,1
71,8,29,7,1,90,11,31,18,1
64,4,27,3,2,36,11,32,23,3
50,3,31,3,1,77,12,27,24,2
83,6,38,5,1,84,9,27,19,1
82,7,33,6,1,87,10,26,22,1
41,5,24,3,3,21,5,29,20,1
98,6,37,5,1,99,21,35,20,1
82,7,38,5,1,81,8,29,20,3
49,4,27,2,3,51,8,31,21,4
8,3,33,6,1,23,5,25,22,3
67,8,36,6,1,88,9,40,22,1
93,11,32,4,2,71,9,41,22,4
81,5,38,3,1,95,11,30,19,1
98,8,34,5,1,78,11,35,20,2
49,7,27,3,6,21,7,36,24,6
6,3,25,3,8,5,5,22,19,1
19,4,23,6,2,23,6,24,20,1
22,4,27,5,1,28,5,28,22,3
39,3,28,2,1,43,8,34,21,1
62,7,30,5,3,52,8,30,22,1
47,3,35,1,1,52,8,31,23,4
57,7,36,6,1,92,11,37,23,1
79,5,35,4,1,96,15,35,22,1
82,8,33,5,1,86,11,39,18,1
70,6,38,4,1,95,9,34,22,1
80,9,27,8,1,88,10,29,19,1
34,4,35,5,1,57,8,28,20,1
72,5,29,5,1,87,12,29,20,1
9,5,29,5,3,45,4,25,20,1
79,5,28,2,1,35,10,32,23,10
10,2,24,5,1,12,6,26,23,3
70,5,27,5,1,89,15,32,22,1
27,2,24,3,2,48,9,27,22,1
78,7,32,6,1,93,10,29,21,1
80,8,30,5,2,57,10,39,22,1
36,3,27,5,1,57,10,25,20,1
56,3,32,2,3,80,13,32,22,1
92,5,26,2,4,47,11,26,19,1
19,2,27,4,2,18,7,23,21,2
16,4,34,4,1,23,5,35,23,1
48,4,25,3,2,70,13,32,21,1
30,4,31,5,1,49,5,22,21,2
57,4,33,4,1,82,9,24,19,1
74,4,30,3,1,64,13,29,24,2
42,4,32,4,1,47,7,29,19,1
36,6,24,4,7,27,6,36,22,1
4,2,20,5,1,39,7,21,22,2
24,2,23,3,2,5,5,19,23,5
75,9,29,8,1,82,8,33,18,1
36,3,23,4,3,29,8,23,19,1
11,3,27,4,3,12,7,27,19,1
39,5,34,5,2,64,9,33,20,1
13,5,25,3,11,8,3,31,23,3
9,2,32,5,1,75,8,27,23,1
79,5,34,5,1,99,20,33,20,1
91,5,34,3,1,90,13,30,23,1
86,6,36,3,1,96,13,37,21,1
36,5,31,6,1,73,8,28,19,1
56,7,27,4,5,17,7,33,19,1
9,1,18,2,2,1,6,29,23,9
88,5,26,2,1,52,11,34,19,4
76,6,35,2,4,90,10,30,20,1
82,8,29,5,2,44,9,29,19,2
81,5,28,5,1,65,9,30,21,2
38,5,24,4,4,24,6,26,21,3
9,4,30,4,1,6,4,32,21,1
52,5,25,4,1,28,6,32,22,8
61,4,35,5,1,94,11,29,22,2
16,1,30,2,2,41,7,21,22,4
64,8,26,4,2,15,5,31,21,9
26,4,31,3,3,18,6,25,20,2
35,6,35,7,1,91,7,29,21,1
45,5,33,4,1,57,8,36,22,3
8,2,29,4,1,14,7,29,24,1
29,2,29,4,1,52,8,25,22,1
70,4,35,4,1,87,12,31,22,2
54,5,24,5,2,74,12,31,19,1
11,4,22,6,1,7,6,30,20,1
51,7,32,5,2,61,8,35,21,2
63,4,25,3,1,37,8,30,21,2
45,3,31,4,1,75,11,27,20,1
44,6,28,6,1,53,7,27,19,1
79,8,35,4,3,77,10,41,23,1
13,4,31,3,10,44,4,28,21,2
56,5,34,5,1,81,8,27,23,1
6,4,20,5,3,11,6,30,24,3
81,8,37,3,5,76,9,34,20,1
70,7,35,5,2,94,13,36,23,1
81,6,33,4,1,94,11,28,23,1
50,6,26,6,3,57,8,27,17,1
31,4,23,5,2,23,9,27,18,1
21,5,31,5,1,12,4,29,20,1
19,3,23,3,2,16,7,34,26,4
93,6,30,4,1,81,11,34,22,1
75,9,37,4,4,89,8,33,21,1
51,7,35,3,3,48,7,39,25,1
71,4,31,1,1,23,8,30,24,4
35,4,30,4,1,10,4,28,19,1
28,2,32,1,3,12,7,25,23,5
72,4,31,5,1,84,11,22,20,3
8,3,22,3,12,1,4,26,23,2
27,3,25,4,2,37,8,27,18,1
82,8,38,5,1,63,8,32,20,1
78,5,32,3,1,52,9,30,20,2
32,6,33,3,3,24,3,31,20,1
17,3,30,4,1,48,8,32,22,1
33,3,24,5,1,50,10,24,19,1
71,4,28,1,4,66,14,35,23,1
55,7,29,6,1,20,5,32,19,1
26,5,35,6,1,34,4,26,17,1
40,6,24,4,5,12,4,27,21,2
32,5,27,4,7,23,7,29,21,1
8,3,33,2,5,49,7,30,26,2
76,6,26,5,1,47,9,25,18,1
9,2,33,1,2,9,4,29,24,8
6,2,25,3,4,3,4,20,20,2
36,3,31,3,1,43,8,33,25,6
2,2,31,2,4,13,6,32,26,1
21,1,32,4,1,14,6,24,19,1
18,1,22,3,1,4,7,27,24,7
46,6,27,4,10,21,7,32,25,2
41,3,28,4,1,47,10,31,22,1
8,4,23,3,15,15,5,29,23,1
60,6,27,3,4,13,8,34,23,5
35,4,29,4,2,9,5,26,21,3
53,3,29,2,1,43,7,30,21,2
66,5,30,3,1,76,12,41,22,1
25,5,36,6,1,47,7,35,22,1
28,4,28,4,4,23,7,28,19,1
2,4,28,5,1,10,2,27,22,4
67,7,39,4,3,81,10,39,23,1
40,4,33,2,4,56,8,34,27,3
12,3,22,5,1,15,5,30,20,2
20,4,30,5,1,38,6,27,21,1
65,8,40,4,7,83,10,39,23,1
94,11,31,8,1,54,8,32,15,1
28,4,26,5,1,75,7,26,23,2
26,2,34,4,1,76,8,31,22,1
79,6,29,3,1,26,9,32,21,3
77,5,33,4,1,91,13,34,21,1
60,7,32,4,1,72,6,35,21,2
94,7,33,6,1,95,14,32,17,1
46,4,25,5,1,28,9,25,22,1
85,6,26,2,5,56,11,30,22,6
34,4,25,5,1,12,6,22,20,1
94,9,39,6,1,87,9,28,18,1
8,1,23,1,4,19,9,30,23,1
87,7,27,4,1,43,8,31,18,2
13,4,26,6,2,63,7,25,18,1
88,6,29,5,1,58,12,30,18,1
79,9,31,5,1,26,7,35,17,2
93,6,27,2,4,71,16,36,24,2
9,2,25,2,2,30,7,30,21,1
70,5,37,4,1,99,16,34,23,1
80,5,30,4,1,91,12,32,22,6
75,8,37,6,1,93,9,31,18,1
43,4,25,4,1,40,8,28,21,1
59,7,32,3,4,55,7,32,22,1
75,8,29,8,1,61,10,29,17,1
38,3,28,5,1,57,10,26,19,1
68,5,34,3,1,64,10,37,23,2
3,4,25,3,6,7,2,32,22,2
7,3,22,3,2,0,3,24,23,12
1,2,31,3,2,23,4,30,23,1
60,7,33,6,1,57,9,30,20,1
13,2,30,4,1,18,5,23,20,1
56,4,24,5,1,67,9,30,18,2
76,4,36,3,1,96,12,32,22,1
4,4,29,4,4,35,5,34,24,3
41,3,24,5,1,56,10,30,18,1
50,5,36,3,2,48,8,27,19,1
99,7,34,3,2,91,13,36,24,3
84,5,31,2,1,24,9,33,19,4
56,4,31,2,2,37,8,33,23,3
79,7,26,5,1,62,11,38,22,3
48,5,36,5,1,71,9,28,19,1
24,2,30,2,2,30,6,23,23,1
19,3,29,4,1,42,8,33,25,2
7,3,28,3,7,9,5,28,22,1
52,6,26,3,3,22,8,37,22,4
99,8,32,3,1,39,10,39,24,4
36,3,27,4,1,64,11,26,21,1
92,9,30,4,2,55,10,34,21,4
30,5,27,6,1,41,7,30,19,1
77,8,30,4,2,76,10,39,19,1
64,5,31,4,1,77,9,33,21,2
64,4,29,4,1,88,11,27,18,1
53,3,35,2,1,65,11,33,25,1
45,4,28,5,1,58,7,22,19,3
10,4,26,3,15,7,5,27,19,1
59,7,37,5,1,51,7,31,21,1
18,4,25,6,1,22,5,25,20,1
71,5,33,2,1,68,9,28,22,3
14,5,28,6,3,44,7,30,20,1
87,5,38,4,1,96,11,31,22,1
6,4,26,4,8,9,2,25,19,1
56,6,29,5,1,49,7,28,20,1
44,3,34,4,1,75,11,29,22,1
91,8,37,4,3,86,9,29,16,1
10,3,28,3,1,4,3,25,24,4
68,8,34,6,2,64,8,28,19,2
1,4,30,6,1,52,3,28,20,1
79,9,29,5,3,88,11,37,17,1
47,3,32,4,1,85,12,32,24,1
10,2,25,3,1,31,8,29,20,1
4,4,30,3,2,9,3,30,20,1
87,6,34,5,1,85,15,31,20,1
56,6,26,5,3,50,9,31,20,2
17,2,32,3,1,55,8,30,23,1
6,1,21,1,9,1,5,22,20,4
70,7,31,3,3,63,7,31,22,9
26,3,29,3,2,17,5,24,20,2
41,4,24,3,4,47,10,31,22,1
94,7,36,3,1,81,11,31,21,1
73,5,31,4,1,87,12,37,20,1
80,5,33,3,1,49,9,32,21,2
66,8,27,7,1,66,8,35,17,1
49,7,31,5,2,32,6,31,20,1
86,5,37,4,1,98,15,39,20,1
5,4,24,4,6,37,6,29,21,2
55,6,31,4,1,73,7,31,19,2
4,1,30,4,1,53,9,28,22,1
59,5,24,5,1,70,9,29,21,7
35,5,28,5,2,63,9,30,19,1
33,2,26,2,2,19,8,30,26,3
33,6,24,7,2,22,6,22,14,1
56,3,28,3,1,47,10,28,23,1
6,4,33,5,2,65,5,28,21,1
30,4,26,2,6,5,5,27,20,2
89,5,36,4,1,96,12,27,19,1
58,6,36,6,1,92,11,35,21,1
77,5,36,2,1,83,10,33,24,2
50,3,27,4,1,42,8,17,19,4
47,3,29,2,1,31,7,26,21,5
87,6,35,4,1,96,12,27,20,2
11,3,33,4,1,65,6,31,23,1
37,6,29,4,4,39,6,33,22,6
52,6,37,4,3,44,8,33,23,1
69,5,34,3,1,49,8,31,19,2
75,5,28,3,2,55,11,25,21,1
68,7,33,3,6,80,8,31,19,2
33,4,33,6,1,73,9,29,23,1
72,6,39,5,1,99,13,30,21,1
71,6,34,5,1,92,13,38,19,1
98,7,31,4,1,88,11,34,21,1
98,8,34,4,1,98,12,38,23,2
80,8,38,5,1,64,8,33,16,1
29,5,35,5,1,60,7,29,22,2
2,2,33,3,2,45,5,26,22,1
1,1,22,1,11,0,5,23,26,4
69,4,25,3,2,72,13,28,21,4
93,6,32,2,1,76,12,37,20,3
63,4,29,2,2,64,11,29,20,2
39,4,27,2,3,5,5,26,23,5
82,9,34,8,1,79,8,35,17,1
75,6,34,5,1,98,13,30,19,1
63,6,30,4,1,68,11,33,22,2
16,4,23,4,1,2,3,24,19,2
92,8,42,6,1,99,16,40,19,1
70,5,24,3,3,16,10,28,18,2
1,0,30,4,1,11,6,22,23,3
37,2,25,3,2,30,7,16,20,4
84,5,38,2,1,82,12,37,24,3
30,4,22,3,11,12,7,25,19,2
15,2,29,1,2,16,6,33,22,1
0,4,26,6,1,42,4,28,22,2
16,4,31,4,2,21,6,31,24,1
84,9,30,6,1,89,11,37,19,2
74,8,32,4,1,30,5,32,20,4
79,6,33,2,5,75,12,34,24,2
43,6,26,5,6,59,9,33,18,1
85,8,42,5,1,96,11,29,19,1
79,6,36,4,1,95,13,33,21,1
23,5,22,6,1,7,5,28,22,3
12,2,27,4,1,32,6,19,22,1
12,1,30,4,1,63,7,26,20,2
1,2,22,2,8,0,4,26,23,5
94,9,37,5,1,99,12,38,19,1
43,6,34,4,6,69,8,35,24,1
98,11,29,5,3,88,13,41,19,1
45,3,28,1,1,14,6,28,24,5
17,4,30,4,4,56,5,27,19,1
35,6,24,5,4,17,7,31,18,1
11,1,32,2,2,25,6,24,23,1
2,3,30,3,2,1,2,27,21,4
14,3,21,3,2,0,3,30,24,10
24,2,21,1,5,22,8,31,22,5
64,8,40,4,2,49,6,34,23,2
84,6,39,4,1,96,14,31,19,1
11,3,26,3,4,11,7,28,20,1
25,2,33,3,1,35,6,24,25,4
2,1,23,1,6,10,7,26,23,4
77,5,29,3,2,54,10,28,23,6
92,7,43,4,1,97,10,35,22,1
96,9,34,6,1,72,9,33,20,1
17,5,33,3,10,55,5,28,19,1
19,1,32,3,1,34,6,23,25,2
42,3,29,2,4,52,8,23,23,4
80,5,35,3,1,92,14,36,21,1
65,4,31,4,1,84,10,27,20,1
88,8,40,3,3,97,10,34,24,2
10,3,27,4,1,15,3,27,21,5
33,3,26,3,1,39,7,23,23,1
66,4,37,4,1,93,11,34,23,2
35,2,28,2,1,32,8,28,20,2
99,7,40,2,1,88,9,35,24,2
16,4,26,5,1,20,6,33,23,4
67,6,31,3,2,39,7,30,21,3
17,5,28,5,5,9,6,28,23,2
69,4,32,4,1,93,12,33,20,1
4,4,34,3,10,13,5,31,22,1
16,2,31,1,6,29,6,27,22,1
50,3,27,4,1,33,8,23,21,2
21,3,31,2,5,47,6,29,24,4
32,3,25,1,4,3,6,27,22,13
44,7,30,4,3,32,7,37,20,1
89,9,39,5,2,95,10,31,19,1
78,8,35,5,1,61,9,36,19,1
57,7,31,3,5,49,9,35,19,1
34,5,35,3,5,76,6,29,23,2
82,9,44,4,1,91,9,42,23,2
78,5,35,4,1,95,12,36,21,1
73,7,35,4,3,53,7,25,16,1
99,7,30,4,1,83,14,31,22,3
41,4,36,4,1,86,9,26,21,1
35,6,29,7,1,70,7,32,20,1
49,5,24,4,1,31,8,34,23,4
21,1,31,4,1,82,10,31,25,1
7,1,24,1,3,19,6,27,25,5
93,6,31,2,1,45,8,31,21,5
96,9,35,4,1,87,12,44,23,4
4,2,30,4,2,18,6,22,21,1
51,5,37,4,1,94,9,29,19,1
14,4,29,4,3,32,6,33,22,1
28,3,23,2,2,0,5,28,22,2
91,9,33,7,1,95,10,34,15,1
14,3,30,5,1,29,6,21,21,1
28,5,26,6,1,19,4,26,17,1
11,3,28,5,1,24,4,20,20,3
49,3,35,3,1,63,10,28,23,1
61,6,32,4,1,57,6,32,21,2
93,12,33,6,1,79,9,32,19,1
23,2,29,4,1,63,6,28,20,1
97,6,38,4,1,89,11,32,22,4
2,3,25,5,1,1,2,22,18,1
64,8,35,5,2,65,9,32,20,1
76,8,27,5,1,30,8,37,20,1
7,3,26,4,2,20,5,25,24,5
40,4,28,5,1,28,7,24,21,3
59,5,28,4,1,64,11,35,22,1
10,3,32,2,2,32,5,33,24,2
70,8,29,4,4,67,7,34,19,1
27,4,28,6,1,64,9,30,18,1
94,6,36,4,1,70,10,31,21,2
11,4,32,5,3,66,8,33,25,1
6,3,29,3,1,6,5,33,25,2
56,4,36,5,1,74,9,25,20,1
32,5,28,6,1,55,7,25,19,1
14,3,29,5,1,29,5,28,21,3
5,4,23,5,1,0,2,25,22,4
80,6,26,4,1,43,8,31,17,3
67,5,34,2,2,51,10,37,21,1
81,8,30,5,2,53,8,29,18,1
14,1,28,4,1,73,7,24,21,1
42,6,26,6,1,12,4,26,18,2
55,7,33,4,4,87,8,31,21,1
35,5,30,4,2,31,6,31,20,2
90,9,36,5,1,94,12,37,23,1
56,8,29,7,1,74,10,34,18,1
58,5,27,2,7,21,8,28,21,1
68,5,27,4,1,80,13,35,24,3
25,3,23,4,1,15,8,31,24,3
68,6,38,3,2,84,11,37,20,1
91,9,29,4,1,27,6,31,17,2
55,4,30,3,2,47,9,34,22,1
53,7,33,4,1,40,7,41,21,1
15,4,28,4,2,22,5,30,21,2
89,9,28,6,1,84,9,33,18,1
15,3,26,3,2,3,5,28,21,1
10,2,29,3,5,13,5,22,20,1
36,4,22,5,1,20,9,27,21,1
74,6,36,5,1,99,14,33,18,1
