K:10
N:500
Gap:2.13232112283602
Rho: 
1 0.8 0.45 0.2 -0.3 0.7 0.75 0.5 -0.3 -0.1
0.8 1 0.45 0.5 -0.1 0.55 0.4 0.6 -0.4 -0.2
0.45 0.45 1 0.1 -0.3 0.6 0.3 0.4 0 -0.3
0.2 0.5 0.1 1 -0.5 0.35 0.1 0.1 -0.5 -0.45
-0.3 -0.1 -0.3 -0.5 1 -0.4 -0.3 -0.1 0.2 0.2
0.7 0.55 0.6 0.35 -0.4 1 0.8 0.45 -0.2 -0.45
0.75 0.4 0.3 0.1 -0.3 0.8 1 0.45 -0.1 -0.3
0.5 0.6 0.4 0.1 -0.1 0.45 0.45 1 0.1 -0.2
-0.3 -0.4 0 -0.5 0.2 -0.2 -0.1 0.1 1 0.4
-0.1 -0.2 -0.3 -0.45 0.2 -0.45 -0.3 -0.2 0.4 1
X:
9.31110912047399,0.656743656346732,0.574003859888762,4.47012129613325,45.3357022289104,22.6286931499175,0.149919438539984,0.863299654563889,4.11866849549703,90.9946962295781
1.29029126138593,0.09506826242432,0.537764426087961,6.63119681456474,30.0930532896022,0.631691536005956,0.0375349634166179,0.659908718196675,14.0948916757013,50.7630010790874
10.1457704180238,0.731073891636252,0.468792879488319,3.93207858724462,49.248223670129,3.11124280937695,0.110591210606964,0.807966812513769,4.75699092204131,86.1068011089373
5.64440071167325,0.352234851375903,0.253892920911312,5.50658300721409,57.7487423361714,1.53815699916382,0.0413223779190622,0.160650706849992,4.36836150635459,55.7214130249257
2.13375860287641,0.0426366307074204,0.455146431457251,4.78215757973727,42.3117052369307,19.5526643600313,0.0986508181705855,0.183662297436967,13.6248407884399,71.551696316877
1.07280010194056,0.12001684110146,0.277812756830826,7.97720505588327,33.5300641024368,-3.73903012184202,0.0173866832628846,0.400802491465583,4.72061252686305,62.0976131827241
6.59150439931719,0.429514721014953,0.976273269858211,7.29242928612653,34.3528443175674,23.8809558514346,0.163603442526403,0.399704850511625,2.43232280462935,37.002751473163
6.07165549139137,0.162390962592326,0.904310615733266,2.65020823505334,38.1751751799347,10.9951306976972,0.0798970877150905,0.430520681664348,11.6380488919639,67.4886976028094
8.89577403434053,0.858991567003441,0.999076392501593,3.72707506975376,56.2699297274115,20.2483255226353,0.149106148621979,0.896099279867485,9.38996837402772,82.7869330649129
4.20441600229901,0.200173717214468,0.862685369793326,7.58848329322121,32.4347074789068,28.6769911947877,0.0677988975774497,0.254892667289823,3.16908794209187,34.2936603341043
4.14652862595555,0.0463832842825184,0.335966517683119,5.27458482446772,33.1228861880076,9.39567961228928,0.10248519880277,0.0177047220058739,6.88785064900667,64.2299165145126
2.07530368457245,0.0451718060066923,0.614218999166042,2.19634919579035,65.648038239443,4.31523030915334,0.0385033043567091,0.31904435553588,18.0337232794192,49.681252544012
4.82793214591757,0.0643128051888198,0.695077557815239,2.53938815924145,36.7236084191196,16.021924699053,0.0804759492124331,0.28296340117231,8.58521207894051,94.5283310094971
4.05906067789901,0.0585616094973922,0.865634625544772,1.46429692325908,54.8559785332224,1.1478620699355,0.043065059510991,0.172472708392888,20.0033784975557,115.760171054576
11.9274893642785,0.34297998038933,0.961286452133209,2.00919619031588,37.5059980894329,37.9218138087044,0.293874736858492,0.957479354925454,12.1028668052889,89.9666920427802
2.57720122827039,0.0177768713328987,0.0702990530990064,3.71814599738685,43.4586974687319,-4.52182658940411,0.102195876273782,0.0852223299443722,12.0788814515386,68.9249163124203
12.7980548450349,0.506378048544234,0.805014624260366,5.40869912138132,32.4149137975521,37.5713864744648,0.365929548980153,0.752252573613077,2.70586270170479,42.4300495875518
2.41400005465324,0.0527907782234251,0.0974201250355691,2.36045336871946,48.3737320245713,-40.2670277141435,0.0111431766301394,0.567604357609525,16.4252860489459,114.284174848693
1.41041735963331,0.00927229135972588,0.0971642194781452,2.0508527714928,38.484661037567,-21.3176548530225,0.00480441688559949,0.0980553596746176,11.3082158801523,122.91398344906
5.15015912219826,0.409093551348796,0.654048347612843,7.03377226338813,35.6223493094138,14.5546517692757,0.0765080358024639,0.891012964537367,5.55995136553863,48.9086559661917
5.30085513413502,0.177709246509451,0.921992409741506,5.37819184944043,21.99466634873,24.566282910844,0.0744247654410911,0.576068357098848,4.15268719401083,49.011827996917
9.05875688493435,0.336273649464104,0.569232370238751,5.34979799017607,25.5723724572441,35.963687748685,0.494064119693369,0.977184554561973,17.2191394476853,52.9350072717818
3.90892752518348,0.200088277215812,0.150341251632199,9.45508897610688,25.0956169333697,-6.19717585844066,0.0544355075806379,0.603158405283466,10.4304928239623,86.2168403501896
13.6201143175857,1.06090183270382,0.999864014098421,7.84936121430152,24.5842259359547,57.0596007080102,0.420999567557998,0.987080418504775,11.386811338398,40.3558361292959
6.23196144188295,0.410480353960252,0.922551230061799,4.04428012958379,46.9892282514678,7.67655901622273,0.0629639970138669,0.550624674884602,4.51001380284972,58.1963273808105
0.967815115362537,0.0290688682403265,0.0108298084232956,3.86711549644238,54.9852616873329,-4.54628221327379,0.0672775289975107,0.176705899182707,12.0711274989465,98.4627529780576
3.56297253969796,0.0413863273498868,0.0961478063836694,2.04648960880889,41.2984842174757,-12.7489112278874,0.0300458778388679,0.509122942574322,19.2960398954198,115.813098367178
5.05570182193392,0.354246234280802,0.318001365056261,8.09229620073926,28.7521499733321,13.708820896112,0.0799167634450597,0.906840923940763,4.17903623151463,65.9239297204693
-0.555783221302076,0.00282140006100143,0.023055283119902,4.6249637407842,31.2191940320221,-14.7587289907344,0.0103025204777962,0.00130282668396831,6.81322858128746,108.651526810283
3.49876991323289,0.280187057320702,0.210287702735513,6.79419447153369,36.706953219703,-12.4172341565702,0.0211357695050538,0.894062335370108,7.96790841534607,91.9377019347245
5.5470707697364,0.352213158326472,0.450502394000068,4.73662252247611,52.1853740592334,4.74256629214753,0.100314174511448,0.862132069887593,11.6790465432546,78.2892233109046
7.7506016910672,0.623676249558626,0.37990736705251,3.93557366766915,51.2820131063221,-9.64078961503375,0.0399044746067375,0.781029770616442,8.16741448635924,100.4098724644
2.41558611484259,0.0546699671540409,0.431390300393105,3.31343790591446,60.2326029709028,-5.07771069768945,0.0612103539635368,0.208060993580148,26.9304543918738,74.0213284683713
4.55486127395602,0.0577720200445389,0.860419461969286,1.77168438260489,56.4890283282233,22.8292398815455,0.128619556776704,0.273780800402164,14.1956484846159,70.7189791965062
5.96887962268845,0.265003786877471,0.969157531158999,5.30181764471942,26.6021041589971,13.7758143607969,0.0961800614976417,0.551788437878713,5.06054874661312,43.293151010202
1.0804440818424,0.0207329293480143,0.0620767537038773,2.6636531463816,50.4917689341608,-14.3294729061018,0.0299008079338819,0.407695129746571,12.02849559945,66.3876777206269
5.20325790232325,0.183418360295448,0.162370223086327,4.45177804101154,50.250734358431,5.12157415420381,0.151276934883537,0.600456575164571,10.5264292715227,69.7342642667265
7.94914306361479,0.484323931836939,0.931349758058786,8.4781968795039,22.675480117037,23.7987722313118,0.202184526800158,0.696443588007241,10.1073711333414,48.4016062667367
-0.523632838559808,0.0399356149323319,0.730461994186044,4.28030080691124,33.3958710494804,-0.6029347797566,0.011013246094808,0.24635950429365,9.58036473501969,77.8327899174714
3.95094048359704,0.0578269589459524,0.0804116954095662,3.12910387023548,45.3669058229416,-6.90173288495743,0.0330911194905639,0.0501238559372723,7.74470696816363,111.163758431635
2.83896583249616,0.114041961845942,0.797607654472813,3.3430495224475,61.7910964896519,4.41936333919303,0.0687388559803367,0.638445472344756,17.2341947201906,50.2808864808683
5.20125397558137,0.194411049353632,0.626901394221932,2.90502837728023,47.2845829135162,3.55239523365668,0.0633866786025465,0.837613469688222,12.0690370483527,75.5313183732366
-4.00704844972435,0.00309649528935552,0.00815302692353725,3.05576728856068,59.5664662987369,-10.2373733280315,0.0198771442099111,0.002294578589499,17.2714321770486,108.905714208547
3.97174395779361,0.202756312279548,0.529236596077681,2.965083577015,63.9007875365054,-12.3201726634353,0.0145549224359232,0.495734746567905,9.88952338230209,99.3130630433753
5.08977227059124,0.119075730419849,0.353224348742515,2.14066277184133,56.5116980848568,11.0410272682374,0.117478002603622,0.682390038156882,10.0527630815256,95.2764149295296
4.19499730834027,0.267724547302586,0.338975043734536,5.49829728399008,60.9468839665673,18.9610219372408,0.0502250220626593,0.298831080785021,9.34278726215336,82.4042320046263
5.3516886934898,0.243806775183159,0.915006417781115,3.24522512448631,42.814944443741,-3.61689535994138,0.0636225017718971,0.753856393508613,9.84315288662842,72.1251935486827
4.19365101715202,0.0814260942861438,0.865114389685914,1.92203702180206,53.7833563553671,18.3202334408981,0.0996502905110729,0.780035109026358,11.7102138196595,80.4328413773509
0.707657726479644,0.0163338259279107,0.346662257798016,3.38419536309247,41.220999922035,0.0264857333255835,0.0300402391283454,0.0512566769029945,5.33122318674877,60.0630751971292
10.1412298738202,0.297133391945365,0.19698411389254,4.36003390931852,25.224715551872,9.53925493748666,0.167436032361331,0.458133733831346,8.86106049830517,117.344917506281
6.90794644733786,0.192271853786635,0.652071601944044,3.31811236725355,43.9595848113321,16.2919057510547,0.232148144567821,0.350478009553626,7.06268315592379,78.3358913886956
3.14653716070439,0.111418015664166,0.0166810117661953,6.68654401405248,33.5356996211254,-18.0423121593884,0.0108390784989268,0.0938508119434118,2.9748221438871,84.192191402469
2.01301234280012,0.135820815223269,0.0707973320968449,8.53504825344043,34.1765101000074,-12.9327201817265,0.0147328151389956,0.227906602667645,8.09167215469717,87.7088262666291
-1.16368812373379,0.0101835823152214,0.655043669277802,2.94343900012556,50.9254927566297,-4.04742450656847,0.0120919733308256,0.0217443588189781,7.08628792019247,47.4061624297637
5.83658588969005,0.21062009577403,0.768782308325171,4.12813531649495,37.3232932039983,26.6065073642073,0.18143219384185,0.762227451428771,5.13704847754628,47.5818216082601
4.04965902982962,0.23262088520741,0.756454374175519,3.25226537940893,53.0464085485025,0.65776701968259,0.0126572071574628,0.619279798353091,6.09692329294988,62.5951465244439
0.0386141125248685,0.124705846214979,0.0163055113516748,5.40258149396282,76.6546543940186,-39.4834762096175,0.000704673491418362,0.0258419036399573,8.43478125655501,91.0544497495518
-0.0956182372714443,0.148088207817636,0.0219377444591373,9.946620413093,50.9418968650779,-22.3343937663889,0.00407335245981813,0.0357198142446578,7.19675152886538,94.6444224676671
8.61059053150516,0.27657913885814,0.95311199571006,1.85924493655133,49.5280197432512,26.8579159542015,0.390760551930821,0.933360788738355,22.5462795091648,90.6637500433625
7.48090830261019,0.274243591808456,0.980166650610045,3.3037139161903,41.3839389831138,23.2965519022547,0.212357148701761,0.430055993841961,8.22910458202954,76.6125841117322
9.91976745924153,0.336188202247697,0.621231532189995,5.25140752664168,20.4377693760165,12.9924330488705,0.0963104871059668,0.259682236472145,7.25273119888858,77.3792479751172
4.82201970146714,0.0781613795552403,0.118176797404885,3.89603173193223,29.2012785863701,-6.63039664978428,0.0282448727637529,0.177493767347187,8.58581315910653,85.9484121098573
0.483471276549841,0.00377332658622418,0.277374002384022,2.46117168556922,38.9455240773272,-22.8565928316933,0.0402725852560252,0.172300703125075,9.32823652320252,71.866764687389
3.54524576863495,0.143513628514484,0.44153915764764,2.70300089432074,56.8904883892768,-11.2573861904339,0.00344655178487301,0.340353879379109,25.4503846420656,107.049328442855
1.16649194081658,0.00456967826984917,0.100948942825198,1.5395710166707,67.4153891145378,-6.81350694597476,0.0698292794688777,0.183575714938343,22.0804778376933,68.6560406169098
1.58257234978695,0.059291173964661,0.424922413891181,6.90065094103342,32.0235457982772,3.80571110249263,0.0701181475363191,0.405021701939404,6.54501973412719,27.7319304995784
3.83392031138524,0.0597922953311354,0.203768972074613,3.24432565763626,46.0666999651045,-8.06097073202542,0.0197628195397556,0.0684003867208958,4.60079919696936,60.5874058520725
3.37341424140551,0.0996238008374348,0.661114300834015,3.44576085372248,37.86592635244,8.71028066465995,0.0227185210942224,0.522402916569263,20.3338415652775,96.0945873394948
6.61691345698147,0.692766040066415,0.94249178445898,13.8965959838001,22.8829256055356,19.5747776000911,0.078578388127954,0.778429613215849,9.38432011078441,61.5343389151266
0.91953418020881,0.0848427984165028,0.539205106440932,6.18037917550215,38.9354801513633,-0.316319737007161,0.0115296081621521,0.155644423095509,12.8144252481507,83.473684215855
8.79393456204071,0.707419663913445,0.693850868148729,10.4633585554049,25.8049746639376,20.9836703882655,0.142497429482836,0.482393579091877,3.81325427364741,67.7378763509703
0.917108264821095,0.0279717407190813,0.0408379202708602,3.7882724559522,40.5543845562893,-37.6334020650883,0.0039434518199414,0.0293415784835815,11.1058172129788,134.121226816834
-1.27398482066462,0.0761760505847633,0.30649317195639,2.8291588856901,75.8191945954135,-9.20219421733352,0.0298459377139807,0.901200685184449,15.5969676926573,60.6960708428701
5.01269193440748,0.172213038778864,0.312267341883853,3.72456822975512,54.4952043229503,3.18620212491907,0.101184010079177,0.427025493700057,5.90054283190544,63.6252903233344
3.73051702079964,0.0680024267639965,0.219243981409818,2.66594033878073,42.5820070185925,-9.76522474038439,0.0290550945792347,0.436747311148793,20.8178026660162,119.579923493773
6.39579617439747,0.6517283511033,0.275334154022858,5.97656021487925,46.3330492988559,6.49451273260499,0.0463321128394455,0.840920960763469,2.15272538841554,59.9095461062691
0.794376521288074,0.0129677893128246,0.64066422614269,1.33632303734603,53.4681037804902,1.74695700560372,0.0767016795421851,0.824200090486556,27.7409287770573,91.7411404555737
5.26693000760284,0.0748880234314129,0.557898426661268,4.67257208310576,26.0395671953806,27.0422640975354,0.195928959726336,0.319775701500475,17.6540256673859,81.5125519271377
3.52537396928568,0.253836544804973,0.246175604173914,3.80770087225013,71.20332405303,-0.239088952973267,0.0565155976917595,0.889363936148584,8.69046940765836,96.4223854857291
8.07940977750199,0.566568423496717,0.636855792719871,3.49692443469596,60.2365134523454,26.7592948037277,0.166117737806382,0.863452770980075,3.76516770816406,67.4586334369363
5.62168287911154,0.184045370890501,0.634932037442923,2.74862607392204,51.955090098996,11.3485597808395,0.0841824871445906,0.577141259098426,19.0473802850022,82.2663971370604
2.41188384758709,0.0228648219271127,0.0100794122554362,2.38338956157309,73.1171846847885,-31.2387594110932,0.0277685905341059,0.0123628214932978,7.79122809838525,96.1186285472788
4.47938445614627,0.104563114931807,0.102218956686556,3.25031514266199,50.6623401419009,-13.5792853540073,0.048673992138356,0.229879849823192,15.5696053410568,82.1273275466664
7.08384621470752,0.72567099514873,0.624028423102573,6.90559398962684,50.1545360230456,10.8629082836995,0.0551538872998208,0.199591185199097,7.29647579853141,82.2188293490554
10.2114047785617,1.37483873630042,0.854975309222937,10.7415613392513,33.6611400377131,34.5667559093504,0.213697783913261,0.821957888780162,5.90167791430245,61.3807478735883
7.62470031850637,0.151711740880273,0.694578029448166,4.77969898204258,27.00283858765,41.3699471632599,0.379129218102849,0.251788987545297,11.2326814577104,80.4103795881269
4.06188057328841,0.278246539933226,0.651166532887146,7.31564278339622,43.5559300831939,22.9578726913485,0.0450539755634964,0.253279912751168,9.54045075696721,59.2936831495811
11.8519680794705,0.38454561352492,0.960721805458888,2.91603579219773,43.2796695186919,52.8001086705631,0.560649476911793,0.969132723286748,27.4938958195991,57.4542689594689
5.06970924988213,0.0877823467599228,0.930893558543175,4.76838699769181,17.816959517915,11.7135066410349,0.131699028886379,0.762601989321411,16.1440252070378,50.357337288667
6.86611620403297,0.129486903198995,0.416442962829024,5.38394740587529,26.1323950285233,43.2088474121329,0.347960803450501,0.181149727199227,2.38738291025592,44.772950965888
4.07160552061016,0.0543035386363044,0.0285577869508415,1.75330464488979,69.152267799029,2.44315041961022,0.131116947061838,0.746765221701935,31.8722758168817,97.2578088495324
4.60168110309828,0.059773723827675,0.269872297765687,4.63608226438219,34.5078004664707,25.6140232204274,0.188183983965757,0.360095558455214,6.39240955665067,39.6198237199199
9.09108965145976,0.529957276846783,0.495839260984212,3.65000509216753,54.0898140304189,8.14173637641705,0.199351651771905,0.676773642189801,10.9013934175136,101.263785822228
3.2028221942469,0.181868544769216,0.838124830741435,4.70552827573477,42.1949164134278,5.53628277253076,0.0497634978964925,0.936020460911095,8.18513072141884,39.3313758603668
9.72484788175347,0.545422024527723,0.919121121056378,3.06379740997002,35.2762167155555,17.6445978162562,0.174875188237968,0.980562276905403,11.9534870820037,101.426093241341
6.23268457592038,0.537017713748741,0.48585121659562,13.5725483889248,31.6158701226723,31.2518362697248,0.108685202892394,0.402232621796429,1.72069192457424,60.6726004742334
1.86541698737671,0.161579430568963,0.381516097811982,9.89150301289303,29.6461930339754,-1.19866538670418,0.011466355765117,0.384310973808169,4.67368642547522,50.7365352657497
6.41899087673833,0.218369514438066,0.689729798119515,6.54447515856785,23.8444848431097,28.4539062768672,0.273422194073412,0.573831963120028,11.7981208849439,68.0594605403257
8.11089399090046,0.634519100623363,0.754238245543092,5.04064939069517,47.3360602491491,21.9692495760235,0.143260044223609,0.904822863638401,6.40286740900802,56.1471870538249
2.96188401796345,0.015115431160666,0.627014613710344,1.55571337649934,44.0201429519029,-9.96932094569671,0.0738620893056405,0.372749980771914,21.1580830784689,77.1558558745359
8.51200451082914,0.241879108118567,0.34100499888882,2.95992031073739,45.0570536057782,25.5424451300566,0.269058092112157,0.471656283829361,9.30954356770903,108.797409305551
3.92249056238484,0.218150681365856,0.828844415023923,6.29757897516705,29.7139992785491,2.34175048075474,0.0539835183415562,0.820237243548036,6.72661650485577,57.4129639985664
8.07743998798598,0.297236848844889,0.731492707505822,2.49289979798201,57.8487441790899,25.1170566220838,0.181127233630852,0.458171652862802,9.73707763359336,103.468776268627
13.8409646463354,0.716531866225754,0.689741745358333,6.38644259935769,25.8835705719201,37.6414631661789,0.392281605841077,0.980250893626362,5.49689239373968,46.7651379669603
7.03234173976016,0.207864804881367,0.236290834378451,3.69436027478527,28.6573800798425,5.52636043386769,0.166864855020287,0.837205277057365,4.96814597999601,92.5590929678191
10.3559604284113,1.19194845569538,0.861765999114141,5.01055195904121,44.0285977560637,32.8282503813269,0.116846125382454,0.900994336698204,5.24124361937029,87.663045333503
-1.83243630137514,0.00894414237700403,0.699833226855844,4.74083559316321,23.4069267391481,-5.83946027034444,0.00392593280412257,0.0212917292956263,10.2300606160143,65.067293534743
6.41768025614708,0.207543923043388,0.108990251785144,2.64418460797773,63.9456365283928,14.0808868312952,0.230188621754262,0.711051119258627,11.8559419254541,109.625352716156
1.42258435774731,0.0534864233298757,0.379232316976413,5.20372795861043,48.8615967829748,17.2281863372129,0.10107953720459,0.266021801624447,3.89397790882874,40.8627554453142
6.80591494474011,0.241562504394228,0.490497072692961,4.38348212625498,29.0358412484136,20.2519421522089,0.104584956630589,0.571558563737199,7.97832004354107,69.78626518154
9.4866968621435,0.391047225312746,0.98237212584354,3.79618165355144,23.5428060906511,39.1251031848928,0.305439095927363,0.955425327410921,7.86579558356152,81.2617198037554
-0.446858262019365,0.0515073029091582,0.414667549077421,6.14647135447766,26.1328031295773,-16.7185454577697,0.00479415197359726,0.283422629814595,11.3414605693477,67.1864452543399
4.92251081259432,0.193279115369928,0.334032648010179,5.25103004118523,40.9363950417246,13.1617420878558,0.0761263432870519,0.427375994389877,7.80773520716665,67.2262054845335
4.05107497185501,0.0383866883792177,0.275035701924935,2.30829365623402,36.6493127231182,-8.57871907787807,0.03764304718934,0.184125391067937,11.2793494601612,86.1803794125254
2.82630955467548,0.072978918091394,0.526608764426783,4.91951359264944,36.5367166531196,10.9522400258594,0.0413794958032668,0.324813733808696,7.93782636444185,42.5134980760171
8.32398526342546,0.398787259568876,0.689274066127837,3.45135076552169,34.5146844672687,10.1278544682121,0.0814517415597215,0.709090157411993,9.85251819242729,96.2912685148313
2.48387561739179,0.124625023920089,0.846411394421011,3.62905408962764,54.0937716724015,4.34176400209737,0.00728868446312845,0.175527840852737,6.70121391430643,78.3510957440546
5.44493476810171,0.241136557412076,0.313981386832893,6.64012178598456,40.4898698729578,20.1036028519255,0.216732455729084,0.544286815682426,10.2435357570416,50.0134153643273
4.08903792874809,0.314436637320298,0.243722091661766,4.21576254052893,73.3630659384505,-11.8401249442135,0.0222032448276877,0.379996545379981,3.65180318315615,66.7319719774961
2.20230649232868,0.0224853242980316,0.0104658994823694,2.6320958847492,71.4152140530732,-10.0204976633245,0.0551091568374665,0.0729252465534955,15.6263601275427,66.1559110410007
7.76922867913019,0.168046910664998,0.696565292077139,1.54420549143913,58.9479269571625,16.0458483025179,0.14493867586458,0.263496240135282,6.78852668058857,57.282171667444
3.48404048728644,0.284185166925865,0.0722825024276972,7.35432386292429,47.5355431496673,2.04770981494035,0.0232765769585967,0.677928318735212,5.39475845268444,43.5210907334172
12.8509100583871,0.27615759683654,0.816141484538093,4.06063279307761,20.5417423982581,46.4931528623226,0.569835638854653,0.915568768512458,5.33225176700639,59.9926231934275
9.09969440132845,0.663460735665792,0.946051294915378,4.10514089356748,56.0923947483848,33.4163983305292,0.193156719013097,0.752490881131962,5.85078248455202,58.1864980422448
4.24357714740711,0.0884048747830093,0.0479618394747376,2.31389643112539,86.2913798927552,6.10653986928862,0.13869980945343,0.601906172698364,20.6816300370712,63.0486104983336
3.72424702533985,0.0660888558131285,0.516847193008289,3.42831608500206,45.7467302762748,10.3342519758083,0.069988438482852,0.267703267047182,22.8686172110439,60.0848027317902
5.78280172842496,0.178112681944597,0.574198266025633,3.57673985812503,36.695093119262,23.3901290895535,0.146856942749143,0.825964622432366,18.4852015863922,98.1310724261402
6.46265811326396,0.609506184241758,0.739685517270118,6.58648330875109,36.1897080025368,21.9229513770357,0.0522851300836963,0.830479202326387,5.21542504822576,66.1551365926163
6.67721886845723,0.591883945809557,0.234275971772149,5.28655493697291,68.6633594277941,3.82379678311237,0.0484160041902214,0.284716561902314,1.84120453805623,58.436841625785
4.48012957583183,0.0549421128816903,0.916895251953974,1.76352149742048,45.4451582648388,18.4083220429117,0.0914005992892099,0.422921517631039,11.3676838724379,70.2753844057014
0.955402886518116,0.0254254370229319,0.486176984850317,4.21318782810341,45.6666447924544,16.3780719879645,0.043711270019412,0.0754510811530054,24.7382651479938,57.1289172391249
5.5605007031284,0.323627400434318,0.948971976293251,8.84017607729696,22.0676682393797,15.3777522214253,0.0327333405667435,0.174273273674771,3.55145250284742,43.6478505981692
8.11366116604378,0.419072229394174,0.367603262653574,8.42183497199415,18.2690589479811,29.932826314792,0.330420225841885,0.964166295714676,3.76190670351305,41.7900042704793
5.76952305527779,0.132073347573169,0.166690756799653,2.16431352704187,57.1085025268693,-13.4101146967713,0.053160955151543,0.147785401437432,9.27018297578704,104.910846065704
6.28849820872271,0.264904630176311,0.943676076363772,5.63267456459843,32.4226523384449,42.9488719188961,0.259828374708507,0.787022148491815,8.23810663292376,37.2286997180211
11.1625530263211,0.528361170254279,0.429072693455964,2.78570961583631,41.5580232514207,8.5666503143344,0.20786630603576,0.985543565824628,17.7879091812116,91.1159346326616
9.04234772102489,0.530196505950782,0.302044411189854,8.53310269726703,31.219624176953,12.9441807612842,0.24264169538996,0.440556546673179,4.77665287743529,67.4988209880235
10.087681394979,1.13379094463991,0.928191032027826,7.57887192862315,32.4585395840479,46.1853303937685,0.376748626471913,0.991599020548165,4.16160972247589,38.8929544573988
9.13619798746489,0.87726176292041,0.264839857351035,10.5955763224957,40.1260912151818,29.778587610214,0.344182017428761,0.786608236376196,2.66005625251956,38.5373864533404
3.10723137901697,0.0760738819952618,0.858676696196198,2.73800434367758,62.0819812345857,-0.776356918770544,0.0272187133319676,0.112290653865784,7.46197152777222,48.0303160753992
5.293326597169,0.223213051668111,0.304705717135221,4.35491799139351,54.1295808539416,0.508139742002238,0.0583434800151736,0.137733534676954,6.71029441586556,75.5373219429747
2.793342038641,0.0409246600465849,0.024093234911561,5.28247505609728,33.2310940057949,-3.25546910688397,0.0696311537134361,0.224819533294067,12.1358926349733,69.0063175943667
9.99088336306333,1.04713862103628,0.407536750892177,8.13624706012753,44.0272436564483,21.0175975884531,0.206934947325828,0.43387160426937,0.910564161024324,55.1569962959536
1.39204418782538,0.037647296761124,0.337547664297745,3.05956711284086,44.414048049226,-15.4220670240388,0.00852370564315521,0.126380078261718,5.65341382645485,85.3179184359327
1.11151295469997,0.0410177626139496,0.786849441472441,2.42111292408477,51.0488810416797,5.41064753552523,0.0503777085803449,0.818754426203668,12.2066362474899,49.4313914116739
3.01754206481833,0.0351080760803487,0.0661204527132213,3.11231713969559,38.8330540476635,-3.73763256539957,0.0301507670568106,0.227019101846963,9.02058436593974,82.2148101075596
4.89551833424326,0.299834321940991,0.211727228481323,3.73365398582164,53.0223704786528,-19.4989821452351,0.0245296483725228,0.846718237036839,21.402473754326,102.623310935236
3.23307628502735,0.102959516923875,0.710420979885384,5.76029373347015,27.521668261668,12.6859481039748,0.0284811143417276,0.320516086416319,11.9108683861198,94.7529261436803
6.32261590682256,0.346350840515199,0.17688471544534,3.86602300385805,68.7455414916901,7.50225377547095,0.0907935532699239,0.221672176616266,7.03580931535156,91.895678490424
2.72127351033254,0.0191862544743344,0.742085720878094,3.49055899995414,22.4039666339226,7.41227003080804,0.0553000245708972,0.317355597391725,9.92708110990132,60.2862933005919
-0.417246370360814,0.00321462407894222,0.486685219686478,2.95681542547549,29.5982212003248,5.49603406517313,0.0835970275993359,0.597528715152293,9.43577348554959,72.4654727445768
-0.0372735815166934,0.124744867091067,0.264803594676778,6.79714352465214,59.6725446678289,-11.3334771287337,0.00325427331140019,0.0257854701485485,4.51421293408537,43.2495064898056
4.89652533292113,0.241252217198464,0.610840507317334,2.79549026067669,49.3608067684836,-19.4130180359392,0.00181392948143184,0.256043360335752,11.1540199499019,107.912175850559
5.69246767644518,0.114897285109694,0.886987581616268,2.33100276696121,31.9221358646043,0.934603218002512,0.112678555208714,0.871103453217074,25.2635283793979,87.7612689932825
1.49484225799325,0.168142730370164,0.771981521276757,9.35142997632111,29.4472871113777,12.1590607822473,0.0127654807642102,0.381255505373701,9.01085861364593,76.7006665949032
2.69494499546663,0.116247822064906,0.356585107278079,5.95173201859093,40.1831688887548,-3.13596661198443,0.00955058471299708,0.0422161230817437,3.99419337687368,85.2612156213796
8.1487779985789,1.0804383130114,0.859715222148225,6.40422462698166,36.9683650627898,25.5232678167489,0.110334955431045,0.971239516278729,9.21717329830357,54.8685503033196
4.69392404081612,0.428146610015488,0.533178958809003,8.17557954716338,28.0330987267329,-9.15250329838675,0.0167417702265084,0.768129805102944,8.42230780236012,89.6205541166193
5.45678755105601,0.447718783345384,0.787691409699619,6.3768531568118,44.9479211518891,13.8122928923068,0.0324426093604416,0.162694175494835,5.43745884213253,93.094718527148
5.05867213857257,0.453952723627395,0.510323467897251,3.91757756007634,76.9185172350715,0.217858234716116,0.05693677701056,0.795119614573196,10.5297718110714,76.4970414797042
5.18973414192987,0.262784143666479,0.424489335389808,3.79641117459393,54.3467488983148,16.7703742293975,0.0817271911497128,0.56836968078278,5.50659159627818,64.6382814365951
6.85526345515702,0.311586332529083,0.840587131213397,5.20444876627415,28.3941496995014,23.457225026814,0.198034302881899,0.915578989544883,19.1558269264277,72.468627559729
4.54826589629213,0.343785224471915,0.912959975888953,3.465877979896,46.6024397825653,-1.81159094307315,0.00304481848143041,0.621387737570331,8.41164068241253,97.7544223353704
4.91084839300871,0.266638595134693,0.423632622230798,3.85937339774713,42.3264615629616,4.65105145674847,0.0662955190055072,0.931133065372705,12.8393777531145,83.7882866874439
4.06391839784897,0.077987689175643,0.374319792725146,3.5231475377617,34.6050505110526,5.94149918406821,0.037896328210934,0.364940817002207,8.89566939829046,69.4788165316285
2.78651286921444,0.117021064041182,0.274714965373278,4.56001744923253,41.5861496173566,-7.52786250772321,0.00637448365881744,0.431322867516428,15.9670311814221,72.7176285515805
-2.04032109904611,0.00393706583417952,0.0199293359182775,3.15384987548161,39.9577055774286,-21.700480625735,0.0344976316206157,0.328968326561153,20.9130387006537,77.8247553820328
5.35753451711627,0.285204527190629,0.708669065730646,7.69578097194194,25.6450568710333,16.8050553501729,0.132966910484703,0.858023268869147,6.31384475780645,53.052714667971
4.25166679133928,0.293964175354685,0.919970531016588,3.66992694484004,58.6023951049786,-1.39436104945043,0.0130382563440687,0.558818584075198,12.1273935596211,70.2229899150313
3.60015209703618,0.208838860260996,0.86752344458364,9.28208743902978,18.5938118386543,13.7267093848405,0.013187601370737,0.41422265348956,6.54736136963452,87.4595686959646
-0.512843735705848,0.040037108994315,0.460955495946109,3.76705902493992,35.9840571904063,-25.0142914485178,0.00167165806405139,0.167332272045314,10.5943108714421,69.2306008890693
3.30594405016916,0.083521204080308,0.406129127601162,3.50877374466895,48.2692282285428,-4.43032050498226,0.0266216428022624,0.203013158170506,7.75207317979226,71.0159657122764
2.79271031444151,0.0696861228207126,0.800223363330588,3.5296254703897,52.4876359164013,24.2955336818444,0.0994783924850536,0.56909792823717,28.3556108999714,48.1971355077861
9.67690275230282,0.28795249153741,0.640805086120963,2.59294605230188,33.257631139384,29.2132187305326,0.308539038134699,0.967856999253854,7.0505362916913,84.1652389357387
4.54731365322074,0.355606396819735,0.933796968543902,6.68544975279138,43.3176778048812,9.29447315749283,0.0551551077980548,0.44986245315522,6.34104460507047,49.1278023950004
6.7560330492038,0.28382137044214,0.82520509371534,7.41444480590122,18.5131339755181,28.0386563163335,0.102198353498699,0.185143553651869,7.25686514563412,103.745150865081
6.97160853708728,0.214777797217223,0.472324463538826,3.56985753091815,33.5638348077728,26.0806857476388,0.311761578155642,0.965719069121405,12.5217908834218,60.3247535730386
7.29184232576091,0.287717899064276,0.454170021926984,3.55851402021856,52.3218030441271,18.9808210700247,0.19280118010098,0.498879862716421,12.5301102943115,63.316378595476
5.73633765120263,0.391825932014125,0.296700034523383,4.91655300753463,54.8094838947011,16.3083760223655,0.0716194290625763,0.505615666508675,7.90471852362901,97.2043610047242
2.73272304436251,0.139426721958444,0.381404742365703,4.04377854309113,42.0330842654821,-14.2652793287254,0.00173509274609387,0.274207859067246,6.17332389847413,94.0417949964299
8.79207640672427,0.672068173499936,0.97929517342709,5.28441980293323,31.6720267871878,12.6304300127989,0.120434552892567,0.968411888228729,7.06906709766747,57.3349365444924
6.75706913295479,0.37058482642979,0.133015555562451,4.92808552694939,50.4996321396609,-4.34275837081369,0.114076299588652,0.47420728369616,10.327357656112,95.0289592526938
4.93261444084769,0.154401493491605,0.727533191209659,3.96043040183457,36.9449333725092,6.26074639722796,0.111252459134431,0.683223935076967,12.4786516165227,66.4746030083457
-0.124219316469613,0.00258781132288277,0.450539814075455,1.20002946099377,67.3988463734136,-18.4518435628141,0.0446805646643043,0.115572743117809,34.2183957849707,91.5548864878226
9.82660449163575,1.70179038811336,0.337127171922475,25.4294272882095,21.0002742281663,12.9851672880561,0.0606969930697233,0.560392679413781,1.75077345071178,77.584381355214
10.2720736418505,0.310341574939641,0.361051026266068,6.1283489348299,15.0987107391832,9.61337339162026,0.290101249299497,0.563405471388251,3.93963403087456,65.222744378427
-1.8390321599634,0.129940349026583,0.292410971596837,7.7742031991449,40.8302948474989,-10.0389056266048,0.00472345176233076,0.475833997596055,9.37031615546403,47.425869262481
3.16916535734981,0.0203860436969095,0.770308241713792,2.83902537346337,28.4168590850602,19.100374902857,0.115437396797807,0.601443412946537,25.6312818146988,72.9209227795468
1.9115709355807,0.00926139438174214,0.642013380303979,1.93763003949202,47.6630708040704,6.14229282845896,0.0577780791558325,0.194304138654843,18.6921846230635,50.7859120789093
9.56106959922978,0.74106364693017,0.849842653144151,5.16539225987763,45.2230309090734,34.7089783563,0.29004550425518,0.949372916249558,6.47091866612153,67.8792358905377
8.28550912327247,0.559968697148969,0.519674357259646,3.8241564700857,61.2833566014679,22.4056632950591,0.223865902224991,0.861183141591027,8.36534931264137,91.6736710389938
7.95784219702336,1.11479321581529,0.833074240013957,11.6420176332269,24.729813191961,22.1197469634598,0.0674296816345304,0.658642595866695,1.44576896821311,66.5159120355267
6.80975229038113,0.232645835716951,0.572038550628349,5.06924171565498,23.9917019244059,26.6346556232153,0.128135965480925,0.601315908832476,5.02920453274622,52.8533623380165
5.82569640804326,0.484258267541832,0.874892769847065,4.90252880312607,53.8931826331892,15.2929023867154,0.0740380170713079,0.801870516035706,7.91378066292469,47.5250870697754
1.62726286396131,0.154590603313409,0.434077997691929,4.76654338561214,46.7349972655548,-23.1288982845466,0.00552052035927773,0.636601911857724,8.96241647774699,97.7180843427981
5.61803372819441,0.267081483256745,0.216917964396998,5.57029107710393,47.5757336711584,-1.87584688846038,0.124748421549321,0.357604210264981,2.94854160167481,50.1475413224621
7.61031421970094,0.357735147213048,0.611996388761327,6.46586239435471,27.1888873842592,19.4356566900344,0.150198805510047,0.408182541606948,4.30636110845978,58.7705230831816
0.513601930120736,0.0763179123168811,0.738245307467878,5.17956281258496,36.1303737261146,2.88505609110263,0.0237881833813022,0.591650419868529,21.095178297513,85.5798586953758
5.88684947488031,0.0926910342326733,0.794664614601061,2.51876716254821,33.1022694296699,22.0961195468744,0.117048381916703,0.339762040413916,6.42550043156983,79.2691225220007
7.85738107222915,0.232828323103873,0.136599281104282,5.97946483495482,34.0376916302716,23.9124042280768,0.25475014093003,0.113952595042065,6.44307421845346,71.8881382426598
-0.140423907115716,0.0799354598810214,0.56884625623934,4.1275002983538,63.3049102752168,-9.04193567811405,0.0114897629829986,0.210347184212878,7.22294600249365,47.6243944327205
7.30073904612364,0.607042267421419,0.44103442505002,4.36289591250389,49.8039663914404,8.67235274379162,0.114174752678247,0.96576610696502,9.09465547385575,101.83278589725
3.18457106077621,0.0620811179359572,0.302741052117199,2.09078718284658,60.5038356545423,-10.6211843211776,0.0514454178977758,0.58115990832448,7.76253757860383,90.2033767093101
7.99977016917971,0.511001799234605,0.804625678341836,8.941622467329,27.0314116782096,47.6046174297731,0.357325876296914,0.880006826715544,3.93404013324436,24.721084902299
2.18201502191536,0.00940864848889132,0.00779280415736139,3.22694501749792,33.9828781534023,-24.0523791702976,0.0192681161686778,0.106236667372286,11.1120843137541,107.344898381582
8.9202858981891,0.331659126084972,0.948706022230908,3.06618943595105,38.6846100881791,23.6637794400225,0.190008742394388,0.725838188780472,8.770443701462,57.4871469064295
2.46492957161846,0.0197923701489344,0.00918837613426149,5.76720642093674,27.2513287908767,3.37372054608261,0.0558008424433692,0.0779920120257884,4.35509048812709,42.2355300214462
10.4803917722498,0.824828659378528,0.666794315446168,6.056555012932,32.1609667338529,20.3012789887975,0.0964170889886928,0.582473392598331,5.84616835170178,103.426546396628
4.9035839797777,0.445844457929438,0.968295026570559,6.51441615184507,44.9691287877149,23.3807561179655,0.0595523136098043,0.600564044900239,5.34780384883249,34.7939516767137
5.09961670670211,0.345770858450535,0.937788142124191,3.98296563046852,44.6105620634991,17.2034291671616,0.0449346040201306,0.843422528123483,6.15492712099195,56.3117713637906
-1.27656214638166,0.0017054008387025,0.0213277558796108,3.53179775977367,29.3795413435853,-17.5611419411751,0.022478601290831,0.0943273990415037,17.2262220201192,113.899349919358
1.46189412675937,0.0658449766970722,0.106502123875543,3.49299546014647,52.5801502927511,-22.408294626968,0.008625890017205,0.195865015964955,13.6793866870997,132.665699132347
9.85078613892032,0.307426786971021,0.768409961368889,5.81475568467989,30.4317317597261,44.1944435420226,0.58792127218462,0.47838962613605,1.91404547000619,42.2796375980268
0.52313362662707,0.0585587785869002,0.474285071948543,3.78667266724262,57.6091178492221,-13.9674291356745,0.0209855898283422,0.167804847937077,4.75573194440482,48.3318960867029
6.59801545979783,0.588687185253925,0.31767938612029,7.00277046909872,54.5777839205431,23.9055273522979,0.102234596009822,0.40188479796052,1.39223375484945,54.7407115773716
12.5262674109186,0.91570326729936,0.830735506257042,5.24542056145496,37.1670351387348,13.6947969978076,0.122021629563988,0.783458729274571,4.30510647097337,94.4184384341563
8.21866994736816,1.02000103280285,0.974235605215654,7.76183298155563,30.4247356873426,25.8427207925243,0.0848537196363223,0.833430683705956,4.39253254817739,48.4658543530787
8.63657973940633,0.735758594764025,0.991565948119387,3.39302979555693,54.1418124009415,15.0641573761273,0.0608208264689893,0.448170129675418,7.07333129324153,84.4953809869798
10.7012995955855,0.414395482411959,0.962645842460915,5.71658368815606,18.7412947033165,53.1253162008087,0.3901948204054,0.905751809943467,4.57714701068216,43.9086791996147
4.20079575037944,0.0841294102137908,0.332732059760019,2.65862667974194,47.4927761013394,-9.69763281681565,0.0217379773966968,0.152911026030779,12.127800925888,143.771946645811
3.89821097211394,0.0251215774333104,0.124066110234708,2.2749438286398,37.9387217995122,-3.76049206591762,0.0729379215778506,0.365989266894758,17.187361553597,97.8471396427098
5.75560616266376,0.23513449098796,0.859306933125481,2.41553763050607,43.437084897401,11.9352879384293,0.0642617091070861,0.88603281439282,8.9699107004434,54.3905900930282
-0.552634662290428,0.0296173262528354,0.201582632493228,2.01816669129219,57.2563942472897,-11.9865238300931,0.0271547133568674,0.932564908172935,53.2089368329277,88.6465552553844
3.70265509742422,0.134388265199959,0.805261809378862,4.23951461018371,38.1402864803863,12.6448652312718,0.0608838521875441,0.596088805468753,4.76810964727271,56.7665547124509
1.83261276943897,0.0182475009244856,0.08790870802477,4.27709822129135,39.1369074735297,7.37638086703989,0.0552446622867137,0.0203526022378355,8.7746910793906,94.0869510477642
1.6508041241709,0.188779218810353,0.484671756159514,8.04180019150993,40.955130144964,7.67417628451428,0.0179680748281316,0.464770803228021,4.13435779245014,41.419949953386
7.80083189440855,0.261547075806859,0.643512215930969,2.79985130141972,38.9219537490594,22.7046084280964,0.24643328207216,0.927694217301905,10.0904665139835,61.1785368495976
6.37896675967142,0.542682067482753,0.955625200644135,5.2578185809047,34.9731587840339,25.1474441746598,0.073233649130435,0.916649179533124,4.17259191032126,56.4540919584204
3.18610522005526,0.0210471217287704,0.0362905822694302,4.95569766354626,37.2164344353899,3.01382540921331,0.0651043282821775,0.0130195040255785,5.79569491084659,44.5364388787531
1.14801991118397,0.0701977822463959,0.0251009329222143,3.47120883792498,91.2932966773748,-7.39640954680066,0.0348067921586335,0.201651747804135,12.6212871299236,71.5371256774704
4.02990690810622,0.0484146857634187,0.52108440734446,3.32397080245653,38.0441274635359,-1.1794878367672,0.0433646163644399,0.0243675133679062,20.1874741335583,80.4032848615837
5.4639850449088,0.471612917703992,0.931571205845103,8.15791030881949,26.9880191129051,29.1050782946179,0.0468519287183881,0.601042927708477,2.48358007068449,39.6328673575937
4.33302650662114,0.0957979543600231,0.273999942233786,3.3908699933307,34.8890481359561,-10.0441899209033,0.0429516767151654,0.5018581955228,5.5546638934349,62.5076449247945
9.28303142722054,0.548411625871593,0.358373364200816,7.59657685000168,30.9205106620994,27.1092209129154,0.205690118662062,0.769507443066686,5.04542839879265,42.9029646891556
0.963915447822468,0.0716910639312118,0.704000455094501,3.19875628622588,45.2411059071761,-17.2649558269556,0.00802630875259638,0.764448501169682,17.006892870647,58.0052263919407
-0.0822102958284452,0.143982242327183,0.511490748263896,5.03254584403232,46.1667551647736,-5.8175837195611,0.000473298345591147,0.487108145374805,6.55731955291005,51.4555336527223
10.9405806441086,0.58354030384228,0.257441501365975,9.29469902964764,33.5790012311288,38.030063260469,0.479314919163413,0.548726423177868,3.02145216352864,40.81688155812
-3.8002657848611,0.0219642971754949,0.013642605394125,2.97421516766019,77.7015256559135,-23.9798922970731,0.0289434207137674,0.0970933698117733,9.43577585611453,96.2382234959003
2.89164295956056,0.236805114184906,0.320331165799871,10.4389529111831,27.2740715184843,1.40614502272612,0.0121922391001135,0.541296107927337,3.24044675514755,66.1507811755346
1.45537474126753,0.0132581968791783,0.245034355204552,3.45032531868554,36.7912575765847,4.12298898297183,0.0705383923794043,0.200472371885553,15.0799655049301,74.4096689962382
11.0233905044909,0.397001677859586,0.866977894445881,2.82997413004804,37.8255668486312,12.9127001024472,0.13514946642843,0.636863321764395,14.1725957021124,79.0763704063025
3.78805446629325,0.0520760115547731,0.15402697538957,3.64350642741338,32.7254914767213,7.95621060058813,0.0741798813412798,0.576329762814566,12.1924546977271,74.1992293642534
5.24599265479167,0.22843972708911,0.864951456431299,5.89763300751342,28.3654469687432,16.8940782504629,0.0930804641875339,0.707326382398605,5.88971654703538,37.077668745527
5.12713366104772,0.114436675900276,0.48580731311813,3.15114841832524,40.1383956795352,15.4713119612254,0.119236169751258,0.618798262905329,10.9478645004194,62.3693335620207
2.51446310017472,0.101778167649172,0.846109459642321,6.29016026214526,29.930551095682,-0.78456479114077,0.0155028228182346,0.152651063166559,4.12602268383718,53.9360553357741
2.26034194074879,0.0257174620627866,0.205655029509217,3.88348967215227,36.7979309093495,-1.27214369954677,0.0576361398678273,0.21013544080779,17.1382110498736,67.5289920160163
6.70197767873144,0.372757003546646,0.220626208698377,5.12408139145437,55.546499211099,7.30990238494386,0.078208372830869,0.115390385501087,8.46559948886624,91.5746720218456
3.86050821760252,0.193552278603844,0.85075333667919,7.69387905806579,28.400788342319,6.32195076445876,0.00691118140786386,0.0997760640457273,5.49570632026402,79.7353192990739
1.10631285012297,0.0985044481838353,0.653823343338445,7.24045519050682,35.7173301385375,8.91686090442812,0.0347638553008437,0.269261681707576,6.51530184834664,47.3846553494854
5.01601078111552,0.362235263969103,0.517514647217467,10.4706734852681,23.3410488385936,21.2758576696935,0.0694549627560091,0.764606782235205,5.11302148177324,72.0306579473648
4.91859863062885,0.085556712442986,0.336101626046002,3.31613912422605,52.1302038310789,17.4595533293604,0.145917218728902,0.175528773572296,13.3945750436405,84.2281756552257
4.26970062980282,0.0927281473996118,0.34398827678524,4.68202766782439,37.3749840230282,14.5263916197072,0.175192126985611,0.697129463078454,6.82489358751224,41.9824049206053
5.94396416143178,0.467578208052969,0.245765981497243,8.30600922414999,35.4371741658491,5.0998846828379,0.0535410741648504,0.182742218952626,5.28736306626151,96.8923226201329
7.25336246239547,0.76517046797545,0.427840331802145,4.14510162982028,48.5855691906807,6.61306762066246,0.0716687043155444,0.987732175271958,18.563941186164,101.291636920949
2.15099092293958,0.0276334796799347,0.452677961671725,3.34507140235464,37.7789274060666,3.8756988309603,0.0848006555768562,0.587093796348199,10.6061253128222,49.4356764167493
3.90001718646951,0.0313351608347148,0.672582965577021,3.14453539058128,39.1520175652932,0.567069917648825,0.0752741945860365,0.0438771590124816,8.3227499829003,54.8851752112355
9.74103793098095,0.664802817130619,0.987713537644595,3.73204331810932,43.4736320253091,46.0583044086257,0.353527211190617,0.99807967338711,9.03085270640111,31.8601664469039
4.7692801093802,0.175558857376429,0.26002187631093,5.91992185536904,32.0930587581503,15.893260479868,0.102274419250478,0.833130812970921,10.2925781402195,87.2923697658512
8.04424281649691,0.81882671102498,0.982037530746311,5.1124478823783,33.183551333202,31.3395995656333,0.0600812581833452,0.942698346916586,4.73158074738425,49.9142844167228
1.47299139182406,0.1168270658236,0.0855451999232173,7.07153898578817,51.2799064105314,-3.86647480647826,0.0140224418602884,0.079604968894273,9.74878531057514,64.637377263653
-0.698786855126308,0.07729252288118,0.580297401174903,3.19212886677469,55.0119052140577,-23.9737699811305,6.47285777622351e-05,0.174635475268587,10.0873809459206,84.0396781389732
9.37209776442029,0.490127139238125,0.74002056568861,3.86368659410476,49.7247881510462,42.8372634402606,0.244707335379794,0.669247393030673,5.10231506153139,46.0231201725229
-1.51533666464297,0.00136024062521756,0.656876844819635,3.05087381810501,36.5828826288168,6.92522826396588,0.0335348599319218,0.0175723899155855,7.28982538321301,64.6877701330352
7.53801898047831,0.28096635176357,0.923505720682442,2.37724010510543,36.3922758276645,18.8789540461638,0.0952136187772167,0.865721677197143,15.5554914190924,100.803302820822
3.02177406697768,0.0448462517898506,0.436668599722907,1.60691080055633,77.254023503128,8.16137019795789,0.12766933645633,0.742903767386451,13.1388015441093,56.7115888902714
6.32982734203953,0.2587085616525,0.278695496963337,2.63984266972324,49.9986552575694,-14.3878330433757,0.0260225097648799,0.213060304988176,3.12831112463094,107.715811218366
7.84981531586191,0.179946042586792,0.112955551361665,3.08934782150312,35.0992763210761,10.2114689757956,0.175396695910933,0.587101916316897,14.5818225004646,102.599218646868
4.46328547165834,0.290320293134152,0.142927850596607,6.69679507677385,42.2800303205758,11.9758299970319,0.085904457136513,0.871001761872321,6.32304051773599,59.7905403016059
3.6777959017513,0.189267446575942,0.702359996270388,5.88963781276052,35.2069226190499,1.49073317705757,0.00619436143897474,0.334322077222168,11.5010912100052,79.8355101358702
1.29080327453681,0.143864515470341,0.211657227715477,5.67783137996312,48.1828690720797,2.28490845924602,0.0161465805023909,0.594488939037547,11.5090927675949,88.8409529112093
3.21297324848838,0.241729842775422,0.574965490726754,9.87532725322462,34.9821878453044,6.90728898757497,0.011302320001205,0.159786520758644,9.54935531159998,60.34445542194
4.96867362902791,0.367821554453633,0.178216239903122,9.09568072105011,31.0325285990456,-3.79433708857113,0.0493203581987184,0.751574902795255,6.52329425100367,59.748381093427
1.96804762844615,0.15705377375707,0.613316891016439,9.23216877986332,37.9938681186527,2.30932700869594,0.00577009841799736,0.0276851423550397,3.43609494214379,44.0453602548967
1.8741625453333,0.0716960554709658,0.46632541064173,3.05794313039164,50.3501396772296,-9.65001234365329,0.0198071764782071,0.583717399043962,6.94626943025905,61.7582892461693
1.20665539843396,0.135852293111384,0.214489032747224,7.51518297830186,50.5947274641623,5.37153457658822,0.0341111922170967,0.24002418667078,4.76868569256288,37.6066163486287
8.3013881072385,0.351581012809134,0.332225148798898,2.58338476551435,71.8725866319989,3.49188295120959,0.109747170093925,0.195118524134159,6.13145952543018,87.2931537783439
6.16498254103269,0.603938607001835,0.530267536872998,5.0507211144418,61.3145002611965,5.25969822947003,0.0299856631550938,0.511195423314348,8.30105163027839,93.1387522985254
2.19465531583934,0.0412710474338382,0.511742601869628,5.56263406081514,19.9610608087793,4.43161720273714,0.00949413073249161,0.143862954806536,8.83612888880924,97.0439254441251
6.84629356984173,0.315658107156608,0.45744369411841,5.16485758663079,36.2212689808817,20.6136234533996,0.111864561210842,0.587931047892198,10.0941636877664,59.4198631375992
7.35060989629048,0.514881241579956,0.97980107483454,7.90305889440842,20.2397557950737,21.9105541901108,0.0565381709020585,0.292942738160491,3.50482301758758,57.1996853446842
8.43043468084018,0.450179848333305,0.41444192500785,4.77034446804411,47.5793542128442,10.8077846272683,0.153566754787209,0.309444000944495,2.90620432887427,80.5862818844804
5.61219462132676,0.288994364429939,0.403033817186952,3.49678089019875,60.252855775732,-0.948177221758145,0.0775742559380088,0.506424001883715,4.7364355209793,73.919812096052
4.49496757886001,0.0614247320918366,0.47490504803136,2.53254757913088,49.8785409181384,14.1863818022812,0.123900037906588,0.331486062146723,10.198893928332,83.4243462389446
0.0812378098809878,0.0494099551578984,0.0951430776622146,4.98505183418462,38.2185490908559,-9.48271383857912,0.00456531005371888,0.163021326763555,9.08281201624639,78.6121280150293
4.08342255433267,0.158592914752289,0.93930603377521,4.27157492265244,41.5320839985326,6.73595850356497,0.0645536559633911,0.4195664471481,5.50029875088204,42.1045292594088
3.04703260690767,0.229682729989513,0.678909936221316,3.59482176526688,66.5728530863017,-17.9468248667369,0.00386500358400155,0.437334853922948,6.07665852337916,47.1378617208037
3.01465079419554,0.178900522035159,0.885319510707632,4.11486440740786,37.7185277676076,-12.0522792789159,0.00307968468405306,0.720066512236372,8.19047510034148,54.4375951649244
6.23487732724613,0.125926774926484,0.455839874222875,3.31254912395448,34.5661985025452,24.2113996743101,0.129686049554021,0.22382061672397,8.1540477475966,96.8113037893548
2.64037280428707,0.164131248253398,0.513568930095062,8.12615449367361,36.3476800383088,-4.16591169270408,0.0047023663066213,0.0855379519052804,5.42869118030279,50.044289373864
8.87714068652323,0.456256595419204,0.951167395105585,4.97873873292102,33.4427076061843,27.0772521904122,0.319181039912586,0.913620755309239,5.96932625458519,31.8464580860662
8.15979564939147,0.466570123348223,0.88484097761102,6.53096704742258,27.0159005470772,21.0451446491267,0.108509923606635,0.264612594153732,6.11309757858701,65.9991468599238
7.2733769404254,0.169086936744861,0.168265332933515,3.31273785213055,32.5870369375359,4.0876223224278,0.0960185985970211,0.347797971451655,3.98240955148615,66.0888846144024
6.15370809946248,0.401093538058627,0.301739388378337,3.82192111266738,48.3740383531344,10.1770362243321,0.0451909181460455,0.615433693630621,2.99571321315266,89.5431609003427
6.93848399236079,0.163247956312262,0.566027777735144,2.67593202490722,46.5440343913985,11.0129031184017,0.204131660602036,0.371711530489847,6.11465861309997,69.3877328735287
-0.0692595766083617,0.00861250785768254,0.181694803293794,4.60547156354315,25.2161086836195,-7.58532370448124,0.0648223143070936,0.413644121494144,7.96413233080963,41.5392584733242
6.92647357622025,0.374991862082338,0.592121254885569,8.14579986866614,27.4923456331841,15.3646168458268,0.0985841467003238,0.119864056119695,4.5044610514258,61.5822619952698
4.89029250951274,0.41487813645736,0.492087047547102,12.9966785453847,21.8157010529631,5.96806779022274,0.0305929188616574,0.737967134220526,3.17692546774149,49.0819727036261
9.38458253745214,0.36014429759985,0.98142054816708,3.83884614134912,31.1205854891841,21.0716031481884,0.195717411107364,0.732559501659125,7.60080587336372,40.8984411313104
3.89079447805652,0.21982294483685,0.239052964840084,9.40381499476277,39.3730304445773,15.7870476832612,0.0875129766720247,0.38593983091414,7.83977452752831,47.5840759109275
6.33181295926786,0.394832777769721,0.973747835727409,3.34596276948531,39.9853090451152,12.7825933832179,0.033477653330192,0.71119864215143,13.0317336083423,91.2956450058653
6.2464121127598,0.659993324779655,0.228227078914642,15.9360706543511,32.5282982024698,24.3809547787295,0.126895540575953,0.868994430173188,1.19545235659087,42.6107246040579
8.58616908302422,0.272042710280589,0.392954169772565,5.1217121990696,35.8901227532152,16.0890531255785,0.156845908231082,0.0367241613566875,3.20801124073426,62.3766557282043
7.27961029044598,0.567476506469176,0.237409366294742,10.8474111685173,37.9551387213876,12.7276176600231,0.185089472486618,0.474256146000698,2.29669969211859,29.060733782101
6.67553522414879,0.68937862149083,0.4878380082082,11.8951311455954,27.03338962947,13.7486772016557,0.0430342502356914,0.458883503219113,3.24269601058586,71.1386674830739
8.22923727515765,0.444459445287889,0.679664429510012,6.31734859233036,19.5481015548849,30.3659526317389,0.18472887276763,0.899694072315469,8.54705906463658,99.1413329016135
9.70568200734925,0.293006583339277,0.908242701552808,4.42133103384521,18.9742503128228,14.8431133859931,0.189812682001832,0.669724715175107,8.02213589337631,80.9553845946211
6.02753609285045,0.269254325458513,0.656383508117869,3.56777119194867,43.3269494710827,22.5968550661169,0.106289041575966,0.646270586410537,6.54471074493862,67.9229604564466
7.18596774525926,0.464992554831762,0.653425198048353,3.90366738339682,41.911305500095,9.44035838438475,0.071421874776007,0.597274385392666,5.55283615058164,73.7434626630093
5.24427937345578,0.321815517254847,0.436061908490956,5.9439904101768,34.3676880972776,10.8843759240162,0.0303521117195487,0.497139785904437,4.30883302295729,89.9619834477109
3.8034131440754,0.0579356409143656,0.0308215557597578,3.62799239898954,34.0566611895322,0.472639561373835,0.0789829001339957,0.812524454435334,11.7513253557637,65.9738845906743
8.07681649976171,0.572059913972551,0.477985099889338,6.10837443063346,41.3060330318089,32.6233562764967,0.243798581488297,0.908450079616159,9.25358518458807,55.9274915564961
2.9158050097455,0.0283605031430076,0.0810536730568856,3.98253639083827,35.2481609125723,-5.09786847095365,0.0311441782321719,0.0681499699130654,4.79861177350539,63.6302606354884
5.81779160544679,0.103937854734988,0.769514913670719,1.93316367274614,48.6599262528753,25.2930239524685,0.271399859549,0.800059399101883,12.1079814563838,68.4300209457327
2.541971516559,0.199990291630186,0.92725439905189,4.13584566449963,39.3125348026456,-2.97584877180957,0.000508671626448631,0.509859276935458,5.37068761726007,82.7631043080292
4.55166793035666,0.181539643374539,0.311926916707307,6.72554298145013,32.4376533917409,11.8406520295834,0.107351870085568,0.567277468275279,2.44066459243141,48.308073266454
10.4947954098822,0.730794176417303,0.967817126307636,9.59299918605335,11.83779144253,35.9739261857452,0.25980278084657,0.970335797872394,4.61611523616803,38.9817975344938
6.63795513337624,0.120031191659492,0.12183020170778,2.00250137583719,66.0354664308049,19.7397310490613,0.261194816777918,0.226258674869314,4.86838129843642,93.0503515505944
9.47789326096708,1.24106253639542,0.437789387768134,6.66198739449275,35.9367581736323,13.8390949011182,0.13337365919304,0.977816216414794,1.81689244200865,65.502715780749
6.68096073804602,0.23643198305622,0.800210961606354,4.14269347258083,31.8722232801417,21.5946438842463,0.245599034229729,0.901991604827344,6.53890273578142,48.2919910920705
1.57515683676559,0.166316306218505,0.0214044167660177,7.82197865786284,42.7538065645022,-18.7295828126299,0.00561620965600014,0.369470619596541,3.6590420924893,43.430874053274
4.45024884500357,0.19860257160731,0.200314168818295,5.21326616881889,38.1849064866685,7.11511642125416,0.0476025959098524,0.747325727250427,9.24186599861916,66.4128403914211
5.22232017234314,0.0774166116691694,0.0806145276874304,2.08045372527377,58.2081572227361,-11.3331868232895,0.0565709338057786,0.133209697436541,20.9908621725877,105.109461627362
2.04659311960631,0.00893085554707795,0.0102934541646391,1.90367538939246,62.4801049642371,-21.7186866936895,0.0677886317018419,0.101277882698923,19.1180388796738,117.684319859987
6.02833852533344,0.220964469337914,0.133047709241509,5.90221152441381,25.9289352647931,-6.6805067608016,0.10260606277314,0.599973528180271,4.63087202111962,61.1858483569125
4.90649001541767,0.0658982350723818,0.0670647372025996,2.43600327208777,39.2827427666196,-7.70896960082062,0.0337892783340067,0.216641995823011,17.2834681762364,101.167235317838
2.65031897920171,0.086953220074065,0.510297123109922,4.38631829803193,43.6205002736985,1.82343849656807,0.0116873569786549,0.144443180644885,3.81001171875624,56.0229259015224
-1.43094678944626,0.00102644052822143,0.235839103348553,4.10024248208184,19.5537652924774,-12.8584526003783,0.00464348328769497,0.0119394760113209,5.07005923119006,73.1058390499844
3.12003776740778,0.0447398712858558,0.286546990275383,3.95976772920339,35.3521927757815,-3.94922322244357,0.0604115662630647,0.238919782219455,22.5616539728357,83.1073414400575
4.92253936839798,0.31862856283665,0.758482729783282,5.35375958535502,34.600725627947,15.6175131306462,0.0832981603178096,0.97128272568807,4.65904973865787,61.0360311856326
5.50347894464417,0.0957033420775148,0.848657661350444,4.25029828283628,16.7442778380376,21.9173850454666,0.184795292272213,0.887333992403001,15.462011576706,51.6223014457793
5.00892326205853,0.314866831515658,0.778456903761253,7.16895806870956,27.9808974642747,-1.44175903765691,0.0162841149605811,0.403901402838528,10.6170324391593,64.6686558004399
0.862815201658102,0.0358128984225914,0.415448866318911,5.25758735319414,24.210949977312,-5.83248020327862,0.0274729831580446,0.578814017819241,16.0146274872118,62.1421371865985
8.57914972487257,0.194320386221069,0.831085043493658,1.68405146373741,33.630936441069,6.83308469822908,0.10767603246075,0.744879497447982,13.5093081999257,94.5268830423217
8.5275257244117,0.670517071584398,0.996089102933183,5.88839579187468,28.9227374543444,25.4180994152554,0.109216194502534,0.896484155207872,4.066462603253,55.1835667854355
6.36166817415851,0.124381468631327,0.419606378301978,2.15989745435687,48.0915365305553,11.2803067663891,0.167196964277866,0.409328297944739,7.14834360771777,80.8226472313666
12.0582200870911,0.306902086584571,0.2592198245693,2.22661710839129,38.7692533320426,1.46574980626806,0.162716898968877,0.815014400053769,9.40715675040472,97.5043002910582
3.51448021639866,0.0712052350064546,0.0500771459192038,2.8379174020295,63.1098933823921,-14.6044265694638,0.0736609089643263,0.399134843377396,7.28767630920724,83.4639130520851
4.63597028932493,0.0538197224618391,0.194920726818964,5.29509042577858,18.7021464259917,-4.06286811096292,0.0826520596588862,0.187615322880447,4.71307175857052,56.1421804288735
8.43245472254377,0.303217345372516,0.379255539504811,5.86385255010917,29.7047832822149,10.7568606060925,0.218444983834837,0.434374363161623,10.7438082848097,90.9890813525278
7.38458067750284,0.37715785296396,0.576811959734187,4.85040746834636,48.4764604646607,12.3236835266299,0.18880276492888,0.41232811124064,9.49700052685848,75.7853749654037
7.05412474515604,0.320933860716152,0.177908852929249,5.90064966927222,39.505430534683,20.4501781891252,0.225099994688184,0.583156643435359,6.41699529256242,56.0146236993448
5.82860172989034,0.218386206340582,0.511147000826895,5.10079716755729,25.7508229419486,8.99935508406807,0.0511953114879733,0.46856684377417,10.3189077086603,66.9098978579786
4.89927384298734,0.405351935035076,0.430847284151241,8.37164396358953,40.5166246461009,20.5455874924918,0.105743861659886,0.863325980724767,4.48131186218907,37.0841273582535
4.0709484708876,0.303432100724802,0.719115186017007,4.1210786009132,70.2238872707292,6.75470038100172,0.0434723085258156,0.441566505003721,3.70795598457946,52.4797165457764
7.26760041676913,0.354902113766825,0.923447547247633,2.51291980613132,42.6567569801429,15.710147158911,0.061525365896523,0.762789090164006,17.2046096907005,116.760372842559
3.88670260855306,0.182885246443778,0.239658806240186,4.65311346347903,62.4749671829083,-2.75463972651111,0.043229898950085,0.337226786417887,13.1848139380302,68.6817781836263
9.23003191032975,0.432666597401208,0.438748095883057,3.22457408810867,45.6476762971233,20.5211332382737,0.138798909998479,0.773275173269212,4.72588235345086,58.831561847769
3.1704876177555,0.142093865084462,0.448027335107327,5.26381863336606,40.3919754521978,-4.3328396312193,0.0109186406247318,0.224383935332298,9.37729861741706,54.880506662481
1.10152103525526,0.0292310771319416,0.554981779539958,5.63936741225821,31.8690787338518,3.78387236160857,0.0273423032783556,0.0351281340699643,9.2466541126438,95.1409271506463
4.47382049837946,0.0872953263797328,0.887885858304799,1.63670143278232,39.9674820333976,-13.794744999344,0.0228058301260177,0.61698821070604,31.3144257278118,98.7952402477095
5.26297190492379,0.432691794059358,0.739923971937969,4.66722867004979,52.5728508199044,1.19799875524808,0.0178253736812621,0.502555276500061,16.4096773060996,81.2489593580217
0.742088717618898,0.133131428039633,0.542747015366331,4.16039034866158,50.9237762987574,-19.5461077007139,0.00239269672892988,0.612510790815577,20.9859070180348,67.7579987074121
11.4385929359713,0.254064028373662,0.890007753390819,1.5420840604701,34.5349499652308,14.2149462423821,0.128587653669984,0.522801625775173,12.9730620671121,157.157616899124
9.47474317684335,0.921352782699853,0.99574853037484,9.64817596771255,31.3326825405277,62.4777435164137,0.266845804999087,0.666614569257945,8.63056684505946,49.2350404095792
4.92570440336866,0.101075854036026,0.910417289938778,1.91122467433166,43.8815449172307,9.15410584320712,0.0452993018552661,0.295996386092156,11.3584435082463,107.779857230125
-0.874556152425273,0.0252801136812195,0.0175508321262896,2.09533894023683,93.5056934925608,-15.0509966972722,0.0231972651090473,0.207883708877489,9.92474277229428,95.1211738054726
5.7289206077027,0.371690493056035,0.21282919915393,8.7012426663481,23.0407133535578,12.5689934329989,0.117372347689689,0.932464662706479,8.27103161634055,75.1274100599305
6.4898453226305,0.183921544336456,0.940376906422898,5.38165989225527,13.9172991135881,19.9696303834198,0.126964614908667,0.731004898902029,7.39898665165939,47.8999302948043
1.13034772825005,0.0192054636859901,0.744609329849482,2.37207433871165,44.889314576825,13.0976610232954,0.0443238499269697,0.232160550309345,8.12509406451681,62.6395969494874
7.96589903236243,0.288950990176502,0.961906825657934,2.7485395135476,37.3019391334836,34.7125868802408,0.36928886558089,0.979971067048609,28.5589457939772,86.3645818144115
4.35313479104675,0.347144326002697,0.134429644793272,9.86334087000778,39.9110899096626,-5.0885116275221,0.056450803950429,0.4698557916563,2.93991105905144,63.3969484766043
9.41847265872445,0.454461067893958,0.785727649694309,5.26856856649197,24.9585746249467,38.7490664487461,0.399531318785107,0.97167851193808,7.46828884388129,78.931375875213
5.30133613212791,0.445525141411877,0.169711452443153,14.7996765829539,37.7930157017881,11.0739173970162,0.105365340221198,0.374398124869913,5.76752014874354,71.0555122305654
0.909785072625843,0.086949227610603,0.670732790138572,5.32321439534411,45.9162689741595,0.187392087083373,0.00525404468608618,0.101609804900363,7.65260231985967,55.2698003197788
4.81009553092918,0.16539865010418,0.944209013599902,6.06484457727766,31.5729418478758,22.1483468405143,0.142051855466309,0.589734252775088,8.24204559738645,35.6888978154206
7.76320172283859,0.195582912293005,0.165079338476062,5.53396059308709,35.4826849032705,18.5517990075168,0.219142851023664,0.0741645353846252,3.38820558880792,73.1366920987616
4.40424097743967,0.182507425768974,0.334964303299785,8.00031060131869,38.6485886662302,6.06619653678621,0.0848565842914295,0.116854750085622,2.97598655718262,44.3094285841454
5.99414370612861,0.105195232084952,0.176593508804217,4.51538538065116,30.3777968939855,-0.425262862091513,0.0808007310922618,0.0470867257099599,8.32969409843902,92.5528491674285
3.65771222059481,0.025732459500432,0.597834724467248,3.40546964951969,30.0732922469283,-2.95556827473821,0.0804967372636211,0.217158088926226,11.0140950979561,53.5518909018379
6.19533658303886,0.168330989545211,0.954591974616051,2.12388824842134,48.6066665048782,5.48685747408928,0.0963341182987106,0.468722228659317,16.0144366568542,74.7782669878777
5.93100601318275,0.209797966516319,0.510291717480868,2.73921842440341,68.3156690744246,5.78764462752288,0.069828371047498,0.128496840596199,6.38191333806665,66.5990884773048
7.93469918328328,0.499792425872243,0.248805195325986,3.53556229240044,69.2911492417529,-3.27911403798511,0.0737396652210199,0.219816762488335,7.80910574678448,93.0821446603635
6.07188369684369,0.123324873973615,0.503263484686613,2.24665369107015,56.4112287802029,17.7565799507282,0.212195922235463,0.326930121285841,6.10472660502995,70.1680410861803
-1.75946685175969,0.0458787635434419,0.47647207393311,4.22156409938521,55.0205702652131,-10.3127181416612,0.0240810106161611,0.132500807056203,6.55200697119824,58.464948547678
5.53377477634608,0.0741509106010199,0.200822780374438,2.91992230597709,46.4013136415024,-0.598148392244582,0.197974632113221,0.2905151641462,19.4740813885204,82.6249496580795
5.97090309780354,0.314968994153302,0.633765875129029,3.69137630578963,47.9737119026952,10.6043877386719,0.0660254124552011,0.536365032661706,9.09376176338498,86.8308794221998
4.5029416127385,0.215489509870386,0.407205651514232,5.64906255531898,36.230291917615,-4.16743270508665,0.0698588610584748,0.848942393902689,14.5487951853205,66.638088247127
8.17853098519478,0.824778305324626,0.946388754062355,3.86382148584064,59.2676023642142,11.9266010430304,0.10347659708512,0.869781063171104,7.06149781057259,66.566337896991
5.75552342080098,0.171377165592276,0.356833833735436,2.12359398610738,75.2562580199794,17.1644684418668,0.120683560888739,0.407023963751271,5.48957991571203,60.9510458991776
2.18941435180547,0.0451982803208467,0.809085700893775,1.61590142332688,61.3626948722103,-2.91757001048862,0.0151732562109828,0.333143942290917,28.7071058299579,100.939640093687
3.7760275715969,0.0590983846632568,0.0515851259697229,2.56232432959089,68.6645759893509,-9.3067423941749,0.078521434399755,0.311661843210459,26.3755295256618,87.7514282345237
10.1991520071463,0.268767981081012,0.651809772709385,4.2718888624388,16.1776641532446,16.8548597311214,0.242214153135631,0.830150165362284,12.0196593876443,62.8436778526451
5.67769193278949,0.100046634441242,0.295081263408065,1.55527455746753,41.6337706325642,7.04722130385067,0.0749872105154109,0.66618679673411,15.3001231178895,110.781322145168
-1.6688529351085,0.0243403108324856,0.104523313231766,2.56735948776997,80.2466397614313,-21.971562839526,0.00360650881174916,0.0146634618286043,7.65994752176468,103.803449111873
3.82613072998051,0.122298626927659,0.205654426245019,6.86909397954947,27.3668110934097,6.42790974743903,0.047099331766367,0.321388528449461,7.1917042359646,58.1814930030607
5.36965741493317,0.315263445711437,0.847576486412436,4.39469812415411,39.1859457494053,4.20275057295462,0.0312783440958073,0.473381599178538,3.34336673141193,62.6772880972361
6.35784114975599,0.607400728323254,0.632294091861695,14.8749583533263,19.2086099758926,15.949507850331,0.0268295399303854,0.418246263638139,2.21238588301742,92.9628329086301
9.38242462191139,0.481533290797329,0.344810991780832,8.18538025167648,22.4234371426144,20.9372282746323,0.331721396727448,0.722206649836153,6.06262914771962,77.3465690668682
-0.485381830928643,0.0691600380427505,0.675888040103018,5.82694908278568,29.1908503936131,-2.76876651764622,0.00995065477710814,0.78988164011389,25.6408862708677,59.9826963776185
3.92453607070505,0.0390916575136475,0.684880086919293,1.22973820051074,39.8568837199547,-14.8090868594214,0.0146959154881569,0.180808284319937,5.96275225859809,95.3401146812373
3.2943756724722,0.0414496617158875,0.412610517349094,3.32452835431878,34.5556771470839,2.15076370883291,0.0445259407130316,0.19476528163068,8.56330870938047,90.5101969912026
6.14903911498974,0.406303139398724,0.174429893493652,10.8648775972213,21.6742514293906,11.9816278884925,0.0891896937931788,0.708681057672948,2.812554018388,58.7751395504537
13.5579548242249,1.35390002137648,0.483014535391703,11.2936105834413,29.1141026727999,32.7394928150623,0.174413148119094,0.751662210328504,3.25815571813596,67.1865779141865
5.59738698586435,0.479677807053036,0.307272244477645,6.20129147675996,60.643546816427,20.821406625918,0.157354558250847,0.87564371433109,5.34075303273782,34.8788641989747
5.47882631641142,0.432226297424591,0.369548669783399,4.38439246244373,66.5284182751722,12.6784297786717,0.11704256189567,0.936678292928264,6.4577716021878,45.9841295937419
3.24286269657901,0.0330462490674108,0.0948778323363513,3.29402265829846,30.8935251374679,1.99154164734638,0.037479355186224,0.292883618269116,10.0252511159669,108.001865010184
6.48831145410379,0.579358742049276,0.285409552045166,9.85036755437968,35.6115079133006,14.464599039585,0.0674192803446203,0.409485216718167,5.72604906664859,65.3606329632081
7.81275598461814,0.48141717489571,0.892552375793457,7.78020246658512,15.2567305527898,17.0459314800751,0.118972987584294,0.837517929030582,3.8970939774041,48.2532087719281
3.91671505004782,0.137336478219368,0.869457402965054,3.64316486267835,47.0520223402429,19.355342708153,0.0682374995201826,0.56349243177101,9.09803989245748,56.9255536234428
6.6732544372599,0.235449052870947,0.928317871177569,3.77126425638128,38.3343345663338,35.3311268048827,0.172630225113573,0.395570574328303,4.87088569348602,45.3622205229437
8.46126802347699,0.282794220336018,0.260974191362038,3.72446571408314,29.7834488870456,5.68386792858158,0.0942271497790493,0.371658181073144,2.2654589730068,86.784852613338
9.56413140467594,1.23846517169947,0.986493383767083,4.34196608816367,53.1487891421379,23.4229981003492,0.1143576752327,0.921045813011006,14.9736535863243,57.3440990744187
4.64045926966035,0.275695981680158,0.44141206680797,3.29009635650892,52.1643629868283,4.05596877442957,0.0140133757182765,0.804192288778722,8.52922308426461,67.3750514526426
0.425082283749375,0.0713688635695224,0.314776478800923,5.49250798696846,33.9334778643759,-18.0455717995937,0.0092635370378378,0.547674538334832,9.23675239560469,83.817264826326
3.12844951103157,0.0417302066593041,0.0451930686831474,2.69119628619536,40.3841209065828,-4.6525797458531,0.0301915445784713,0.545438215369359,13.0322094218084,89.8207392038544
4.37687739290016,0.0808890347834677,0.109842682024464,3.32597859839556,39.1616378178942,-5.55702343119946,0.0874572099738501,0.623482880415395,8.17315892509386,71.7047793229955
7.23662111908435,0.206087270973924,0.424704931676388,3.30871725110724,41.2062843821534,24.4668859947602,0.231210256169055,0.622123620240018,11.9101940003694,74.0391447632562
2.03403571454945,0.0130725915018198,0.292342206463218,2.30139473426856,48.9291719546331,8.43189917449324,0.135675008240402,0.638246812624857,46.446138495259,79.5177850471892
5.02117034720257,0.0773611733920217,0.19075459940359,2.06291674684463,55.2323267197447,6.05851558143541,0.130162936258585,0.593096144730225,14.4912579232078,80.42067336264
5.13495183900757,0.0832163505453929,0.245787384686992,3.19204303274516,44.0591008849237,-0.563350008562773,0.0886770495171559,0.151265181368217,12.1898249074091,101.472233674385
9.21921538277244,0.776966636958432,0.460524891503155,7.01810173520604,27.3170230781354,22.3584896754589,0.110612019985439,0.915830617537722,2.91639675681646,64.6156937493574
6.75038956447473,0.440162162741131,0.937521578278393,7.74375957823581,29.911664513247,21.6733506564,0.0732979256617737,0.112008156487718,2.61527290482694,62.9996417561203
0.646488657805264,0.0598356717964634,0.24218435655348,4.5307411376498,60.6295721686415,-3.9037440215882,0.0528557110577822,0.247662140754983,12.0889340804832,91.7275895245165
6.23948498525406,0.399956713800983,0.177106466609985,7.12737340673271,33.482336473069,8.69045183864564,0.0884973160141581,0.654543373500928,8.53590811581931,93.6794852760988
6.49781195131476,0.284515894473273,0.466793748782948,3.61916469675733,54.4156824390432,11.577393802985,0.0827360601122391,0.153498633531854,3.58284044236889,66.2980038691003
2.20031535127221,0.201501619991589,0.686779397772625,3.38648079920937,58.7716751233322,-10.922606341875,0.000627577025443316,0.726089850999415,10.2978276305858,65.9266253777887
7.15629908986692,0.147887992789038,0.307578661711887,2.04562745448878,36.4227551106438,-1.14058858874931,0.167755535050275,0.879143907222897,8.29142157464887,82.6520378914851
7.81351472983199,0.444436397848135,0.82752632861957,6.25487702009172,21.8839400452207,27.9583050184821,0.218024111170148,0.972019449807703,5.16197296240542,40.9695183523049
0.727606287857053,0.0513645535102114,0.424699574941769,5.8905959903144,32.2957609719197,-11.4150073562964,0.00443610842339695,0.0466847240459174,9.49051833488701,97.8629651898078
-1.6330653088233,0.0513354206376789,0.180858613923192,7.12626684665018,24.4613501283054,-25.4690378194623,0.000534411752596498,0.0685959591064602,3.77879642675226,73.797241104924
0.70128276454977,0.148141160025261,0.882301667006686,4.23318395800751,60.58092902605,-9.5302227292504,0.00562896989285946,0.536955947289243,16.9372922093345,62.6520283103007
5.85514909500311,0.107485688873567,0.658255327492952,3.72875646407665,27.1465198586077,11.1633366629531,0.119298828947814,0.236632950836793,12.6856674505099,98.7528805017519
8.63281754159516,1.07503682089256,0.887614714214578,8.66891940353663,37.6319916547433,35.7875185939707,0.318750414980536,0.902535112807527,5.94553900206404,66.2023607384727
3.32606396560789,0.148436507326551,0.115590674104169,7.41709349736112,37.3350972137402,13.7249942495508,0.0577087619021656,0.245770511683077,4.59347859202557,68.1580697875931
6.81911709085951,0.288710074488747,0.869764595525339,3.28783856395221,45.5878398344774,33.8500806958452,0.120243617143006,0.580752548761666,9.16360380290941,50.7577299325481
3.06606702053888,0.0962495795683935,0.0731656157877296,2.5579791824872,76.0915150800956,-6.18599380087095,0.074565500761838,0.775951997609809,6.60855313636748,87.3666226110928
4.83779351419686,0.383578529560423,0.410572361201048,8.93070290712287,29.9386844696393,13.8123917886241,0.0767255564178241,0.903170183300972,6.57202367937815,90.2619383427105
0.349132003243342,0.0223624691134319,0.274972375482321,3.86895996232361,35.1212563883797,-6.29318727547896,0.0489007313500195,0.569810683373362,10.854664764668,53.6144456901223
3.58873167661871,0.0383732869522646,0.0768932127393782,4.50856041259133,24.2014195815785,-13.9850966062039,0.0390292067446064,0.148423228180036,10.3281170984026,114.663894814403
4.52202453816628,0.0426494847051799,0.187062884680927,4.07568496827947,24.0732927465852,5.22072327507788,0.0648663723375648,0.0808097110129893,5.61589942081546,98.4667028516623
7.18127217216316,0.290353816859716,0.832851830637082,3.02868006089818,40.4129181533987,10.7396862000865,0.102918617609413,0.833739650668576,10.9633016328656,56.8941670058503
6.93757664855885,0.284327197725418,0.837139358045533,6.55249134510721,13.8768679736987,11.6901902152144,0.0859228236935762,0.340777096571401,6.24907131656627,74.0941678646448
1.77395078992711,0.147625366225839,0.378025175770745,5.83153095567638,36.0539108516244,-2.16684079523469,0.0122389343770849,0.868916392559186,13.2490471573618,72.816124204576
7.28559008502815,0.318070191181007,0.92542614438571,3.43853179936572,48.6529550470097,31.159483586393,0.210481527248833,0.581408466678113,4.84637595700301,52.9790334601289
4.89974204302886,0.156216144678183,0.125990519067273,6.03502470928482,36.4740739260316,3.13224959458818,0.125262239664317,0.546717614168301,7.22163984161713,47.3357100700388
3.95115736583518,0.320438256011087,0.0798972463235259,3.7464991688087,82.1563660018147,-32.1477019942434,0.0156781845484152,0.69274665042758,5.05582848806537,64.837399998346
4.07269994244598,0.261032609533195,0.716011642944068,6.39662307299288,40.192889835784,17.38340544717,0.0767052085096848,0.517069105058908,2.70222143780174,46.8248297110573
4.7757257286266,0.0765637012664229,0.228470430709422,5.09862664621105,31.0357488902109,14.0613086732295,0.200978871799054,0.540630236733705,4.87083748250188,51.4123026584701
6.13575166492318,0.192056099640879,0.563957490026951,3.65758127242033,29.9359634202536,-3.92318491300012,0.0440562868807605,0.2889430958312,10.8084287092258,120.236185874941
5.84754281733151,0.0898219235241413,0.0905212711077183,2.25215830372128,53.0956588728335,11.5520383924131,0.177639535247328,0.419394431170076,8.50842661268082,61.0461056094905
2.25658094974682,0.0338398879393935,0.830219665542245,1.61958173446963,62.1173670347174,-0.304333868374464,0.0619662429671735,0.430172035237774,8.0575182193026,54.8837868387087
7.51739225893482,0.158206401043572,0.749650950776413,3.60220993577111,32.4296742904928,37.6603948066124,0.335780855251436,0.540285194758326,11.3106150538459,49.4536492394393
3.29091650234726,0.0955252120038494,0.532839943422005,4.81430315884125,40.4737032999317,5.33043129557263,0.0809923299063358,0.399752916069701,9.48633935628404,73.4189938417569
4.46859619941683,0.185267841200087,0.540406442247331,4.93325064170465,40.4400727520122,8.65068687953351,0.0253245348576456,0.236919942079112,6.32221413793336,53.2800125382836
3.48173851654762,0.133127056527883,0.837127034319565,2.71541700173676,59.9395659792571,4.74992912857051,0.0243307249620557,0.540188289480284,7.76943475305647,50.9641572343027
5.3807914401516,0.308611803910437,0.0968100000172853,7.51896446428859,27.8955248195578,-10.8205005215975,0.0536846534814686,0.542866562725976,5.70183805209033,85.5382519422214
5.76782596935292,0.532221083963448,0.958248288370669,3.65868382873321,72.0688073155224,32.9508158817352,0.146191070965471,0.971459261141717,22.4913338867608,58.0052308404126
5.35588090910804,0.0641902398783714,0.362748032668605,3.57985389464508,30.0577211025563,-0.636112697597095,0.149922246477547,0.29933298099786,10.598938641419,78.3427671032638
3.7316990754504,0.130064174416475,0.0736242360435426,6.80425892963216,25.7107532293617,-22.1172581248691,0.0297126544639468,0.355386103270575,6.46168866768713,90.8924231699196
6.78110339898767,0.324699043052945,0.119846458779648,4.59795929502722,40.6179694551918,-6.38922410846857,0.0705930594312859,0.337391178356484,2.08503721953836,80.4889325048624
9.84435925815764,0.252851847903588,0.934938699472696,5.64941014325306,14.797622952269,53.7549204790826,0.412716463745988,0.699166346574202,16.2022260334748,55.6372943705541
7.04724370405216,0.170221041189507,0.665049234172329,4.10873496837812,33.8048356249966,42.3722920558177,0.526127086736658,0.761528617469594,9.79089604584413,58.6738178210823
2.1938518330205,0.0667557282140478,0.0134376871865243,6.33876234757069,36.9450726864074,-0.221918772256297,0.0558713184669614,0.200460934080184,4.03493413292749,62.4696416347238
8.44181975959819,0.491596579065031,0.951359306229278,3.23286069021216,37.9850529863877,29.9741666388341,0.1929920107824,0.990351842250675,23.6599134391817,73.9882878826796
6.55740162939516,0.127039737184532,0.392700317781419,2.78350377484181,46.2128618406761,13.1972294112223,0.197229750072617,0.307292052544653,8.70919520004798,60.5269816908562
10.2784231325105,0.614688534723753,0.677333181491122,5.4358502103545,37.7890194738309,33.8889349733571,0.198888149849119,0.815953818382695,3.4927100374791,46.7550464214827
12.2543116756744,0.278813392844725,0.853558455128223,2.05816939549813,41.8883300774374,33.1796706788937,0.342818027717953,0.833609208930284,8.80459666439659,56.6514581444606
3.98961527488373,0.322696171923283,0.547628085827455,3.84650092529791,81.0088769330995,-13.6195899501465,0.00596587297966182,0.325905090430751,8.30812135148482,58.1948258750189
8.46706038163388,0.244915707200346,0.470342078944668,5.87982262463865,21.6511972918146,39.071657960675,0.483691047479339,0.84618501807563,5.30534264984473,57.1604123698098
-2.12931892535159,0.0040660718209051,0.449332292657346,2.91579265927479,47.6790717230462,-9.1477414490765,0.03491072855512,0.0400047712028027,10.9099632994429,86.9153531389573
3.60287210368518,0.212822590333512,0.606546527706087,5.69755152418893,43.9797367703357,9.28503285866489,0.0307114725245496,0.556144054513425,8.61893919663175,67.1533169692877
2.39251088682114,0.0457638732800013,0.339778576977551,3.15577573473076,49.6799214285306,-7.20436134605143,0.0246215658728033,0.148955473909155,14.3771290073857,99.0516957980408
5.42882504930525,0.493405000592886,0.880245009204373,6.21717093728468,32.3149334893654,4.93200119186734,0.0387463804800063,0.941206984920427,14.9781314058016,71.7937680282137
2.91896369267897,0.035607112847069,0.66311933612451,4.0219049841154,31.0653682877948,6.00690522660501,0.0277740551307297,0.023243774427101,4.02877865936002,65.9878383734828
5.56689962469335,0.19013645048176,0.240738925058395,3.07606934540247,62.1511162144805,-3.58948583300423,0.121586631420524,0.616238366812468,16.1398577048799,80.8237064388692
7.47270595811471,0.244414661767635,0.940628407523036,2.0111149440319,41.1865438394292,4.66062526550986,0.122688451218874,0.740767443086952,18.810275552159,127.496087709072
10.0322662531065,0.701144007923913,0.50704823853448,6.31879501619171,41.9865685102191,14.7422416137192,0.10807135849771,0.14481952926144,3.17606229052489,87.1947381857241
4.38644080321132,0.159939174889587,0.74136979226023,2.79207124451713,54.3218923039557,4.55595095205389,0.0614498588722199,0.809803351759911,10.724798992894,60.2446028606822
6.46650200790097,0.624953920862677,0.977200985187665,11.9179376074772,30.6097394242783,26.7629865098683,0.127679289593817,0.785303945653141,3.61888022786048,15.4510718607825
7.82587610087383,0.236296389008614,0.341329410439357,6.26186752148943,21.630452364629,31.6257400758235,0.276457346031878,0.469026693841442,6.0228577510609,71.338552037838
8.49813392704661,0.178183219385076,0.261740053771064,2.85649550440249,42.9609548742389,14.0537529397683,0.248971399838541,0.253917421447113,4.61681285761534,63.1126139810898
6.54662453810212,0.709601020994472,0.504558296408504,20.310182869551,35.253779111451,23.8788319496611,0.169963826885595,0.623179503483698,3.41861098991854,57.649511062238
1.33809779052497,0.152835862245411,0.86834999686107,6.01630135274468,51.5701003638799,0.457402372414037,0.0315408301539719,0.466487314784899,20.5651530311954,48.6755164182524
4.4672387566647,0.173521937226654,0.0700470919255167,5.768296888643,39.4849434573658,10.7634775947839,0.0641639693174511,0.484020781237632,3.71700484599419,56.4296135589536
0.250772759590536,0.102594753727317,0.715826901374385,4.92371432933775,55.5314540775775,14.7930295531351,0.0699267714242351,0.793993882834911,9.65363510371831,53.989022185694
1.17857041505572,0.0321425432366247,0.714996717870235,5.40661050282932,19.5110594587336,-7.63120054752222,0.0136306865606457,0.202449758769944,7.42752272348762,52.7109172779056
9.8141124917013,0.652159882212216,0.939848620444536,8.5845174773452,27.9499158643558,28.2419141204918,0.138895376406793,0.245010192040354,4.1415607726379,42.9558771662981
5.25099356784973,0.163041426683776,0.927976962877437,2.83078401374091,35.0197304586773,2.97711906198478,0.0541819230187684,0.690013731596991,8.06501577671938,78.7791565423353
5.32443697349443,0.166663750773296,0.827363931573927,5.09916547064565,32.1951712118697,20.9561495216617,0.180662295400145,0.651040301425382,4.07328333749743,49.9306976058307
3.85615658945171,0.0631185553502291,0.418740693479776,4.43191453785273,31.1748483485655,17.8860585448103,0.119220804791422,0.680435525486246,12.1335296725841,77.5987750790847
-0.277499519315986,0.0279697398162946,0.100143142743036,5.76056226446306,39.209347861594,-10.8713231919643,0.0357555394526571,0.0960468989796937,7.37121194464774,66.9675817766537
0.120301903539628,0.0208164340816573,0.542708744294941,3.85673620599501,42.50266134427,16.7750838265282,0.0522673746163182,0.148643285734579,5.2987854130729,42.774515958045
4.64505351799153,0.288028764295134,0.149636822985485,8.8438552713989,35.1404863841937,-2.60058960102247,0.0585318681783974,0.273741885088384,1.15021039057332,58.9829248641884
2.28385929851387,0.153761147288606,0.1542002200149,3.38865931145021,118.482503463355,0.0809626882782988,0.0396147692576051,0.511924541788176,23.7894288435545,80.698000631662
5.5950676423496,0.13148815499153,0.926107364473864,3.18350943332565,24.6004378542718,22.5591334743222,0.101789844565127,0.860601888503879,9.28669463942171,71.3632525851695
6.24602304664925,0.224361582415852,0.853579170769081,6.33953223490402,15.9466693159086,14.1493082852723,0.158498685239794,0.677595788845792,3.70218873052947,43.5795033181321
3.3773980630038,0.063117686775513,0.523842453258112,4.07932751541044,36.7472809650018,11.6520097139186,0.0452837775461376,0.174711716827005,9.57644895502211,73.3223601296821
2.6808517714636,0.152726883767173,0.223310471745208,4.30870262620846,60.8874978048226,3.58447968181426,0.0168141505680978,0.433872486930341,13.1669723839548,92.1413296764113
5.44814701874388,0.279900801895962,0.70052001834847,4.81741293909502,37.6791093571878,-1.77503369122475,0.0367760595865548,0.239757862407714,5.79443772679613,79.120824110908
4.04961824707338,0.180566018203947,0.0636619625147432,4.83113550947847,68.6003321853629,-14.7197188662158,0.0580318856518716,0.214971381705254,10.4860079180586,98.6597969633344
7.67346039409018,0.208081289416853,0.602623891783878,4.44193855279929,24.308673085531,29.7605379726436,0.276985726306651,0.844467722810805,8.336268602211,45.1932783495098
4.47017157033124,0.148627698072232,0.577122671529651,2.2862980408571,67.5113506347376,-6.63197657145166,0.0507394772488624,0.451283044647425,12.4473522368901,83.1714041513117
5.06897100804967,0.232536504267457,0.103339227382094,4.30522552452862,63.8410627423737,6.7997239724325,0.174056029870155,0.666256769327447,7.57868974165137,58.3675859289083
3.81561803309716,0.0937922826269642,0.190769230714068,5.37618357732933,41.1075403353862,17.7406970031107,0.120016679951957,0.380608609877527,7.0014119223247,58.2022874126408
5.70925371707996,0.144909172784537,0.712296901270747,2.39549479011076,39.6032405457255,-0.739703303942704,0.0440635947976261,0.254560454748571,6.01442018520655,79.9800283526154
2.68656349493205,0.145994589664042,0.367246225709096,4.44212463094986,41.765733138123,-3.72653675666812,0.0108433276880533,0.585467942524701,5.20930501514048,72.3334579408361
4.30801973747239,0.159791156416759,0.236593118403107,3.03424567983209,81.8553102380232,-1.41455696393732,0.0606379603967071,0.254772590706125,8.30373594778476,70.5904750875079
8.49110316887924,0.909713198843986,0.525245514698327,7.4791850312821,27.6589906659437,18.6199582212911,0.0882210041896666,0.953417266486213,9.92065046665383,75.9055368062511
3.38391291023568,0.159846121096052,0.665484522236511,2.72990814558975,56.6263995765434,-8.75127973120777,0.0082219923390254,0.625007610535249,7.45082314906329,81.6297027602281
4.13846424112476,0.258071032459716,0.572291210759431,6.56221843999298,31.8560587233532,6.76690831892647,0.0565697051584721,0.851411852054298,7.15926614721288,57.8764065141229
