K:10
N:3000
Gap:1.43020754725666
Rho: 
1 0.8 0.45 0.2 -0.3 0.7 0.75 0.5 -0.3 -0.1
0.8 1 0.45 0.5 -0.1 0.55 0.4 0.6 -0.4 -0.2
0.45 0.45 1 0.1 -0.3 0.6 0.3 0.4 0 -0.3
0.2 0.5 0.1 1 -0.5 0.35 0.1 0.1 -0.5 -0.45
-0.3 -0.1 -0.3 -0.5 1 -0.4 -0.3 -0.1 0.2 0.2
0.7 0.55 0.6 0.35 -0.4 1 0.8 0.45 -0.2 -0.45
0.75 0.4 0.3 0.1 -0.3 0.8 1 0.45 -0.1 -0.3
0.5 0.6 0.4 0.1 -0.1 0.45 0.45 1 0.1 -0.2
-0.3 -0.4 0 -0.5 0.2 -0.2 -0.1 0.1 1 0.4
-0.1 -0.2 -0.3 -0.45 0.2 -0.45 -0.3 -0.2 0.4 1
X:
21,4,27,4,3,26,5,25,23,1
97,8,33,4,1,48,8,35,22,6
57,7,38,3,4,62,5,31,22,3
14,4,30,6,1,48,4,27,20,1
84,5,30,4,1,91,11,30,19,2
96,11,35,6,1,89,10,37,21,2
90,8,31,3,6,59,11,35,18,2
52,3,34,3,1,77,10,32,24,3
81,5,30,2,1,51,9,28,23,6
66,6,32,5,1,60,7,27,16,2
68,6,31,3,2,44,7,34,22,2
73,7,38,5,1,57,8,32,20,1
72,6,27,4,2,73,10,24,17,1
29,5,35,3,7,46,6,34,24,1
5,3,22,3,3,13,3,28,21,2
79,7,33,4,1,84,9,35,19,1
84,5,35,5,1,91,10,28,22,2
8,4,29,5,2,28,6,31,24,1
98,7,39,3,1,76,10,35,24,4
10,1,23,5,1,14,5,23,18,2
11,2,28,2,2,18,4,28,23,5
82,9,35,7,1,83,8,29,15,1
27,6,35,4,3,21,3,27,22,2
71,8,40,5,2,66,9,35,19,1
85,8,29,4,1,50,8,30,18,2
50,4,36,3,1,76,10,36,24,4
37,4,33,5,1,66,9,33,22,1
25,2,31,4,1,29,7,21,22,2
47,6,31,6,1,42,7,35,21,2
46,6,32,5,1,84,9,32,19,1
62,4,31,4,1,73,9,31,20,1
56,5,28,5,1,88,12,33,19,1
74,4,31,5,1,98,18,31,22,1
98,10,32,4,2,33,8,37,21,4
81,7,38,5,1,95,10,28,21,1
79,5,35,5,1,99,18,33,22,1
58,3,29,4,1,79,11,26,22,3
18,3,30,3,4,38,6,27,20,1
98,6,30,4,1,79,14,32,21,1
92,7,32,4,1,92,12,28,19,1
18,4,34,4,1,53,5,29,23,3
92,6,36,5,1,98,13,26,17,1
98,12,37,5,1,98,12,38,18,1
52,6,25,4,4,34,9,35,19,1
12,2,33,3,2,32,7,24,21,1
47,5,36,2,1,22,6,36,25,4
48,7,25,4,7,29,7,38,23,3
83,7,38,5,1,99,16,36,22,1
66,5,35,5,1,93,12,29,19,1
72,6,28,5,1,44,10,29,19,1
95,11,30,5,2,77,10,31,20,2
68,8,39,6,1,98,9,31,18,1
21,3,32,2,2,34,6,37,25,1
83,8,34,3,1,36,8,41,22,1
9,5,30,7,1,49,3,25,22,1
16,4,31,3,2,46,4,31,25,2
32,5,26,3,3,24,5,34,21,2
16,2,28,1,2,18,5,34,23,2
3,3,23,4,6,7,6,27,19,1
33,4,32,4,2,29,7,30,19,1
47,3,23,4,1,42,9,26,20,3
87,5,33,3,1,80,12,32,20,1
14,1,26,4,1,48,7,25,23,5
33,6,33,5,1,54,6,36,23,3
73,8,36,4,1,36,6,36,22,5
68,5,31,5,1,56,8,30,21,1
55,4,26,3,3,19,9,32,22,2
42,6,29,6,1,51,6,32,20,1
4,1,29,3,1,18,5,22,24,1
22,4,25,6,1,59,8,33,22,1
28,3,35,4,1,86,7,26,23,1
3,1,28,1,5,30,5,26,26,4
81,6,26,3,2,52,11,36,20,2
26,3,34,2,2,61,8,36,26,3
89,8,34,3,2,90,11,36,24,1
85,9,31,5,1,77,8,34,18,1
74,8,31,4,3,56,6,32,19,3
12,4,32,3,5,20,3,31,25,2
19,5,30,3,13,11,4,26,23,2
8,1,25,1,5,13,7,30,23,2
29,4,34,4,2,82,9,34,23,1
74,6,33,4,1,67,9,33,20,1
62,7,31,4,5,67,9,34,22,1
8,2,26,4,1,14,4,19,22,3
49,4,36,4,1,73,9,37,22,1
12,5,27,7,1,40,4,31,17,1
94,6,30,3,1,64,12,35,21,3
30,2,33,4,1,85,11,32,22,1
90,8,33,5,1,62,8,32,21,3
19,4,23,5,2,9,7,27,21,2
45,4,28,5,1,34,8,31,24,2
77,5,33,3,1,79,13,32,20,1
53,3,31,2,1,51,8,27,24,4
7,4,25,5,3,5,4,29,19,2
49,3,26,4,1,32,10,27,22,3
24,4,29,3,10,8,4,25,22,4
20,4,22,3,4,7,3,27,20,2
94,8,41,3,1,97,14,39,23,2
75,8,26,5,1,22,5,28,20,7
60,7,33,4,1,78,9,42,23,1
42,4,32,5,1,60,9,30,22,1
90,8,37,5,1,80,10,38,19,1
43,7,32,4,6,36,5,26,21,3
12,2,26,3,1,24,7,30,20,1
58,5,35,3,2,40,7,29,20,1
35,4,23,5,1,25,7,31,21,2
61,7,29,4,3,22,6,28,21,5
48,5,26,5,2,39,9,29,21,1
91,6,27,5,1,60,14,32,19,1
33,6,37,5,3,70,5,29,22,1
8,1,22,3,1,14,5,23,21,1
42,4,35,2,4,40,7,31,21,2
5,2,29,4,1,13,6,22,20,1
49,3,28,3,3,34,10,27,21,1
92,6,31,2,1,69,12,39,21,2
57,3,32,4,1,74,12,27,24,1
53,5,30,4,1,27,7,28,21,3
62,6,31,5,1,65,10,28,17,1
62,6,27,5,1,31,6,25,20,2
57,4,26,4,1,57,9,29,20,3
81,7,30,3,3,49,8,34,20,1
76,8,37,5,2,92,10,34,19,1
81,5,35,2,1,63,11,38,22,1
83,5,27,4,1,89,13,32,21,1
93,5,29,2,3,94,18,36,22,1
19,2,29,3,1,17,5,27,20,1
69,4,29,4,1,42,9,28,22,3
17,4,29,6,1,50,6,32,23,2
36,3,22,4,1,46,8,27,21,2
46,3,32,3,1,32,8,32,22,1
91,11,29,6,2,89,13,37,20,1
35,2,33,4,1,42,6,25,22,5
79,4,38,4,1,99,17,29,23,1
88,7,28,4,1,39,10,35,22,3
92,8,39,6,1,93,10,26,16,1
87,7,31,5,1,64,11,35,17,1
98,8,27,6,1,94,15,34,22,1
1,3,30,5,1,38,3,23,18,1
18,1,28,1,4,7,7,25,24,1
60,6,37,2,2,27,5,27,19,2
4,1,29,1,1,4,3,26,25,4
90,8,35,5,1,91,9,33,22,1
32,3,29,5,1,45,8,30,21,2
7,4,34,6,1,23,3,22,17,1
35,3,27,2,5,16,9,28,22,1
74,7,36,4,2,78,8,27,21,1
77,6,31,5,1,46,7,24,21,5
91,9,34,4,3,63,9,30,19,1
56,3,33,4,1,96,16,31,20,1
83,7,30,4,2,58,9,31,20,1
95,6,32,4,1,67,9,29,21,1
43,2,28,4,1,64,8,23,21,2
51,6,25,5,2,32,8,31,21,2
47,6,25,6,1,15,6,26,20,4
15,5,25,5,6,30,5,31,20,1
48,5,36,4,1,81,10,37,21,1
26,2,27,2,4,26,9,26,23,3
91,6,29,3,1,46,10,28,19,1
71,7,33,5,1,63,9,36,23,2
24,3,28,5,1,42,9,31,20,1
96,9,31,4,1,83,9,37,18,3
92,6,37,4,1,98,15,33,19,1
47,5,33,5,1,62,7,34,23,2
75,5,30,5,1,60,9,29,23,1
39,3,26,2,2,16,8,26,23,5
47,6,24,6,2,52,8,31,22,1
1,3,27,5,1,22,4,19,21,4
50,3,28,4,1,32,9,24,19,1
54,5,32,4,1,22,5,28,20,2
7,3,21,4,2,0,4,30,22,6
90,10,34,8,1,98,13,39,17,1
80,7,34,4,1,78,11,30,18,1
18,1,29,4,1,37,8,21,23,2
94,10,28,4,4,72,12,41,20,3
14,3,26,2,2,17,4,29,22,2
76,5,29,4,1,66,11,32,23,2
29,3,29,3,1,57,10,35,23,1
88,6,32,4,1,84,13,34,21,2
37,2,25,3,2,47,10,26,21,1
2,2,32,5,1,44,7,30,25,1
95,10,40,6,1,77,9,33,20,2
11,3,31,2,5,33,7,31,21,1
14,1,25,4,1,34,7,28,22,5
55,6,30,3,5,74,8,33,21,1
53,4,33,2,1,15,6,30,24,7
85,6,29,4,1,79,15,34,22,1
75,7,29,5,2,89,11,31,18,1
22,4,34,3,2,23,6,33,24,3
93,5,28,4,1,75,13,27,19,1
10,3,21,2,4,0,3,28,21,7
50,5,28,3,2,26,5,28,22,5
77,8,32,6,1,71,8,30,18,1
92,6,31,5,1,71,12,28,19,1
53,6,25,4,10,46,7,28,22,4
13,5,32,7,1,26,5,28,22,1
76,6,31,3,1,71,12,37,20,1
71,8,30,5,2,78,9,31,19,1
50,7,36,3,4,41,6,34,20,1
90,6,39,4,1,83,12,33,19,1
33,4,34,2,2,31,5,28,22,4
52,5,30,4,2,84,9,27,19,1
19,5,27,6,2,19,6,27,17,1
88,9,28,6,1,48,7,27,18,2
12,2,25,4,1,15,7,28,19,1
1,0,32,1,1,9,6,28,26,3
34,2,34,4,1,39,8,29,26,2
74,8,27,4,14,50,9,33,20,1
19,2,27,1,2,2,5,30,26,4
42,4,24,4,1,23,5,26,20,2
73,5,31,2,1,25,8,32,22,2
42,6,24,7,2,45,7,26,21,1
86,7,35,4,1,93,14,37,21,1
78,9,33,5,2,66,9,33,18,1
57,7,30,3,4,50,6,35,21,1
71,5,28,5,1,44,8,27,20,2
26,3,29,4,1,71,10,32,26,1
49,4,29,2,2,8,6,28,20,1
87,5,37,3,1,84,11,28,22,1
39,6,30,5,3,39,8,34,20,1
55,4,37,5,1,60,7,23,20,1
43,3,31,4,1,52,9,24,22,3
2,0,23,3,2,33,7,25,21,1
1,1,17,4,2,40,6,23,21,1
78,5,28,4,1,70,11,32,21,1
67,5,28,4,1,46,10,26,17,1
42,6,24,5,1,24,6,37,23,1
24,4,29,6,1,47,8,26,22,1
63,7,27,6,1,43,6,30,21,2
78,8,34,4,3,80,9,34,22,1
95,5,37,2,1,85,14,37,23,4
39,4,26,4,2,23,6,20,21,5
75,5,37,4,1,91,12,37,23,1
50,4,28,4,1,54,7,25,19,1
66,5,25,3,3,26,7,27,23,5
65,5,36,4,1,73,9,28,22,4
26,4,29,5,1,39,7,25,18,1
97,7,29,4,2,96,13,33,19,1
59,6,35,6,1,80,7,29,19,2
82,6,32,5,1,78,9,32,20,1
78,5,30,4,1,88,11,31,22,1
54,6,25,4,4,47,8,35,20,1
79,6,29,3,6,37,8,27,22,4
14,3,34,4,1,19,3,26,23,2
88,5,27,4,1,61,10,29,20,2
81,5,30,4,1,69,10,21,19,3
78,6,32,6,1,96,15,32,19,1
28,5,34,5,1,39,5,26,19,1
70,6,26,6,1,95,14,31,17,1
63,7,27,3,10,20,6,27,19,3
84,7,28,5,1,73,12,34,21,2
71,5,29,5,1,79,12,23,20,1
90,6,29,5,1,87,12,34,19,2
55,4,28,5,1,50,10,25,17,1
26,3,34,3,1,66,8,32,24,1
46,4,23,5,1,24,8,24,21,1
24,4,32,6,1,60,6,34,19,1
71,6,34,5,1,73,9,29,20,1
99,7,29,3,2,90,14,33,22,1
52,3,28,4,1,36,9,28,21,5
9,2,22,3,5,6,4,21,19,3
7,1,27,1,2,2,5,32,25,6
89,7,40,5,1,95,13,35,20,1
80,9,29,4,4,21,7,34,21,6
69,7,29,5,1,38,9,34,20,1
42,6,24,5,2,11,4,29,19,2
14,5,24,6,1,5,3,27,21,2
36,3,34,3,1,47,6,25,23,1
89,5,30,5,1,78,13,34,22,3
64,8,29,5,3,80,8,32,17,1
35,6,27,4,3,3,3,28,21,4
5,3,31,4,3,41,4,24,23,3
19,2,21,2,5,23,6,25,23,8
88,9,31,7,1,84,10,37,20,2
33,6,30,5,1,7,2,29,22,6
72,6,33,5,1,83,10,32,21,1
55,7,28,5,1,38,6,36,22,3
27,5,24,3,8,1,3,28,23,7
11,2,33,4,1,38,5,21,21,2
17,3,22,4,1,10,5,28,22,3
97,6,40,3,1,98,12,31,23,3
89,7,30,3,4,81,12,35,21,1
85,7,28,4,1,27,7,26,19,6
60,4,26,2,7,66,12,32,21,2
87,7,28,5,1,57,9,27,19,2
90,7,27,6,1,81,11,31,20,2
26,3,31,5,1,58,6,22,20,1
19,5,22,6,3,42,8,34,22,1
46,6,25,6,1,39,6,29,17,1
76,4,30,3,1,63,9,26,20,2
60,4,32,2,2,16,6,28,24,3
53,5,31,4,1,47,9,26,19,1
44,4,28,3,1,28,8,34,22,1
20,3,29,4,1,43,6,30,20,1
96,6,38,2,1,92,12,34,20,3
78,5,27,5,1,63,11,24,17,2
13,3,29,6,1,72,8,29,19,1
49,3,24,2,3,53,11,33,22,1
46,5,35,3,1,54,7,31,23,1
35,4,25,5,1,18,6,28,19,2
15,2,16,3,5,6,7,24,21,1
75,7,36,6,1,97,13,36,19,1
99,6,28,4,1,84,14,31,18,1
10,4,32,5,1,41,7,28,19,1
24,2,30,4,1,70,9,30,25,2
64,5,31,2,2,33,6,28,22,9
56,3,32,3,1,54,9,27,21,2
29,2,24,3,4,54,9,26,23,5
58,5,25,4,1,22,8,27,23,2
20,3,30,5,1,29,4,24,21,2
8,4,31,5,1,10,4,32,25,1
6,1,22,3,3,27,6,20,22,4
21,4,27,4,4,13,5,23,22,4
40,3,29,3,3,70,10,27,22,2
17,2,24,3,2,3,5,24,22,2
58,7,35,6,1,62,8,31,22,1
63,6,29,5,2,71,9,26,18,1
43,5,31,4,1,39,5,31,23,5
45,6,35,4,1,33,5,36,23,2
20,4,26,4,2,12,5,30,21,4
67,5,38,5,1,89,12,32,23,2
45,6,28,6,2,69,6,25,19,1
75,8,31,5,2,85,10,33,20,1
89,8,31,6,1,95,10,32,19,1
95,7,35,3,1,82,13,35,21,2
11,3,29,3,2,3,2,27,22,3
51,5,31,4,2,43,7,22,19,1
19,4,27,5,1,6,6,31,21,1
3,1,28,2,2,26,5,23,22,2
66,5,30,3,2,37,10,31,20,1
74,4,36,1,3,71,11,30,23,2
33,5,24,5,3,39,6,28,21,1
66,5,38,5,1,94,12,29,20,1
62,5,34,4,1,95,11,29,21,1
83,8,27,5,1,40,7,30,21,4
58,6,31,4,2,46,8,28,22,2
52,5,37,4,1,75,9,39,23,1
12,3,28,3,3,28,5,32,21,1
13,2,33,5,1,78,6,26,21,1
37,2,32,3,1,62,8,29,24,4
66,4,30,4,1,94,11,26,18,1
14,3,32,4,1,32,6,21,21,2
90,9,28,6,1,91,10,33,20,1
15,3,27,3,4,21,6,23,22,2
98,6,31,2,2,82,15,33,21,1
80,9,32,6,1,59,7,31,19,2
53,4,30,4,1,67,10,36,22,2
59,5,29,3,1,43,9,41,25,3
84,6,39,3,1,90,10,25,18,1
27,5,35,4,2,24,4,29,24,2
60,5,29,3,1,24,6,27,19,1
3,4,23,5,3,2,3,30,20,1
91,8,28,5,1,62,9,30,16,3
36,5,34,2,5,44,6,32,22,1
32,6,24,6,2,44,7,30,17,1
94,6,35,3,1,97,15,34,20,1
49,6,36,4,1,63,8,36,23,2
25,4,24,5,2,19,7,25,20,2
19,2,28,2,2,30,5,24,24,7
28,2,28,5,1,30,7,27,21,1
84,5,26,4,1,52,11,23,21,3
38,3,33,4,1,90,11,34,22,1
35,3,28,3,2,40,7,27,21,4
53,4,30,5,1,59,9,28,21,1
87,8,35,5,1,91,10,33,22,3
43,5,30,4,1,25,7,33,19,2
89,11,36,6,2,91,9,31,18,1
77,5,27,3,1,20,10,31,19,4
92,11,38,5,1,86,10,39,22,3
92,6,27,5,1,59,9,25,20,3
41,3,29,2,3,10,6,24,23,5
3,4,26,3,9,1,3,29,25,2
15,3,24,4,3,5,5,25,19,1
77,6,31,5,1,79,9,27,20,4
73,4,29,5,1,83,13,30,21,1
91,8,35,5,1,98,13,36,19,1
78,6,25,3,3,51,9,26,22,8
5,3,29,3,7,17,4,28,21,2
65,7,28,6,1,74,9,37,19,1
51,6,38,6,1,87,6,29,21,2
43,3,34,1,1,44,8,36,26,2
99,10,30,6,1,97,12,34,20,1
91,9,38,6,1,85,8,33,21,1
30,2,29,1,3,6,6,25,20,2
19,4,27,4,1,17,6,36,22,1
74,8,32,7,1,96,10,36,21,1
24,4,33,5,1,59,5,32,24,1
22,3,29,4,1,53,7,30,24,2
15,4,31,6,1,75,6,28,21,1
53,7,28,5,2,17,6,30,19,2
53,3,35,3,1,83,10,26,21,1
93,10,35,5,1,55,9,37,19,1
18,4,25,6,1,26,4,22,20,3
41,6,32,4,3,58,7,33,23,2
31,4,25,4,1,13,7,30,22,3
82,5,28,4,1,90,11,30,20,2
24,3,23,4,1,8,4,22,20,3
21,3,33,3,1,38,7,33,25,2
13,5,33,3,6,22,5,36,25,1
67,6,38,5,1,98,10,32,20,1
99,11,43,4,2,93,10,39,20,1
22,3,27,4,2,10,4,20,20,3
82,5,30,2,1,85,15,36,23,1
28,5,30,6,1,75,6,27,21,3
18,4,29,3,3,33,5,31,21,1
75,5,31,3,1,87,11,35,19,1
44,2,22,4,1,14,8,20,18,1
26,5,27,4,4,45,6,33,21,1
64,6,32,6,1,81,11,34,22,1
39,6,26,5,4,6,5,28,16,2
80,6,29,2,3,55,10,34,21,1
98,12,36,4,1,82,10,43,23,3
46,5,32,5,1,71,7,32,21,2
76,8,32,6,1,87,9,32,19,1
18,5,30,5,1,40,5,35,19,1
86,6,34,2,1,82,12,34,23,3
34,4,30,2,3,8,5,31,20,3
17,4,32,3,4,36,3,29,23,7
49,3,31,1,1,56,11,36,22,1
76,5,25,2,1,22,9,33,21,6
23,4,25,5,4,21,5,22,18,1
5,2,21,3,3,22,7,31,21,1
19,3,26,5,1,22,6,22,19,2
61,4,34,3,1,85,11,36,23,1
97,6,35,5,1,97,14,31,19,1
14,1,31,0,2,7,5,26,22,2
67,4,25,4,1,85,14,28,20,1
10,5,30,6,2,46,5,26,20,1
64,7,33,5,1,85,9,40,23,1
41,3,22,5,1,14,6,21,19,3
41,5,35,4,1,72,7,33,23,3
33,4,24,3,2,4,4,28,19,2
4,2,33,2,5,8,5,31,25,2
4,2,26,3,2,2,3,22,21,2
17,2,22,2,2,0,5,31,22,4
83,5,37,2,1,93,12,31,21,1
42,5,30,4,1,14,6,30,22,6
39,2,31,1,4,73,12,33,27,2
96,7,35,4,1,99,18,37,18,1
72,9,28,7,1,43,6,29,17,3
58,5,35,6,1,81,10,27,19,1
98,9,33,6,1,74,9,30,16,1
27,4,33,4,2,37,5,24,20,1
30,4,24,4,3,9,5,21,18,3
68,5,33,5,1,83,9,22,19,1
88,6,34,4,1,90,11,31,23,1
14,3,32,2,1,23,4,33,25,2
73,9,35,7,1,70,6,30,20,1
31,4,30,5,1,45,8,33,24,2
91,5,33,4,1,97,14,27,19,1
58,7,36,3,3,58,7,36,23,1
14,1,22,1,2,3,5,27,23,4
36,5,30,3,2,17,5,32,21,2
22,4,31,4,3,25,7,28,19,1
22,4,26,4,7,40,6,30,19,1
17,4,28,4,3,5,4,30,23,3
40,3,32,4,1,45,7,25,21,2
19,3,31,3,3,60,9,31,25,1
59,7,35,4,5,83,8,31,20,1
33,3,23,4,1,18,8,23,18,1
85,6,30,3,1,70,12,33,23,3
68,4,31,4,1,81,12,32,21,1
46,6,32,6,1,46,4,28,20,2
86,7,31,6,1,93,11,31,20,1
66,7,32,6,1,56,7,33,18,1
56,5,34,4,2,82,9,28,21,1
58,4,33,2,1,84,11,33,21,1
5,2,19,4,1,7,6,31,20,1
9,2,32,2,2,43,6,30,24,1
86,5,28,3,1,57,11,32,21,2
67,4,30,5,1,67,12,28,20,1
36,3,22,2,3,1,5,26,23,11
42,5,35,5,1,75,7,29,20,1
88,8,29,6,1,64,9,32,21,3
37,5,28,3,6,21,5,25,24,3
85,9,35,7,1,85,11,36,20,1
29,4,27,4,2,14,5,31,21,1
63,7,28,3,6,60,9,38,20,1
12,2,31,4,1,58,8,30,23,1
12,2,32,1,4,9,6,28,23,2
84,8,34,5,1,80,9,33,17,1
78,8,31,6,1,57,8,31,22,2
34,5,35,3,4,65,7,36,24,3
57,7,31,5,1,61,7,34,18,1
77,5,31,2,1,61,10,35,21,2
47,4,31,3,1,71,8,30,22,3
24,2,29,4,1,36,7,20,22,1
57,5,28,5,1,38,9,28,19,1
33,6,31,3,6,39,6,36,21,2
85,5,27,3,1,80,13,35,20,2
75,4,32,2,2,57,11,26,22,1
93,10,28,7,1,76,12,35,20,1
12,3,24,2,5,2,3,25,22,6
45,6,29,5,1,75,7,31,19,1
62,4,29,4,1,72,10,26,20,1
7,4,26,5,3,15,3,23,18,1
8,3,19,4,3,5,5,27,20,2
17,2,31,1,7,10,4,21,22,1
92,8,39,3,1,69,10,41,23,6
4,3,31,3,2,28,5,32,24,3
30,5,26,3,6,26,6,36,25,2
18,3,26,4,1,21,4,27,19,2
49,3,33,3,1,54,9,25,24,2
36,2,32,3,1,67,10,33,22,2
64,6,28,5,1,30,6,27,19,4
21,4,31,5,1,63,7,28,23,1
79,5,26,4,1,59,13,25,18,2
11,2,27,4,1,34,8,30,25,1
84,10,28,7,1,74,11,31,19,2
88,10,38,3,6,94,11,37,18,1
85,10,42,5,2,81,9,34,21,1
99,12,37,4,1,57,8,39,22,1
50,4,31,3,3,76,8,28,21,1
25,3,28,4,1,54,7,28,21,1
72,5,27,3,2,35,10,25,20,2
10,5,29,5,1,13,3,32,21,1
32,3,26,5,1,17,5,20,19,1
98,6,28,2,1,32,10,33,20,4
26,3,28,2,9,27,7,28,23,2
59,7,25,6,1,50,8,31,18,2
8,4,27,5,1,3,2,25,21,1
1,3,32,4,2,8,3,29,22,1
72,4,25,4,1,34,10,30,20,3
53,7,31,5,4,59,8,31,19,1
70,7,36,3,2,63,6,34,24,5
54,3,25,4,1,24,7,21,19,1
69,4,29,3,1,46,12,27,22,3
17,2,32,4,1,21,4,23,20,3
78,5,30,5,1,62,11,26,21,4
24,4,35,3,3,30,6,24,24,1
61,6,33,3,2,84,9,36,22,2
27,2,25,1,3,19,7,32,23,2
4,2,29,2,8,13,6,30,23,1
47,5,23,4,1,2,4,26,20,8
57,6,29,5,2,27,7,28,21,1
34,3,25,5,1,16,5,23,20,3
13,4,33,4,2,33,5,33,20,1
25,5,35,4,6,44,7,32,22,1
30,2,31,3,1,54,8,23,21,1
26,4,28,5,1,61,7,33,22,1
51,4,28,3,1,15,8,29,19,2
45,4,26,2,2,9,8,34,21,2
64,6,30,5,1,41,6,31,19,1
0,2,18,4,2,5,3,24,20,4
99,7,29,3,1,40,10,32,22,5
92,9,30,4,1,76,11,41,21,4
34,4,28,2,6,16,7,27,23,4
64,4,34,3,1,87,9,29,23,3
77,5,27,4,1,85,13,34,19,1
94,9,38,4,1,86,10,38,23,2
55,7,38,4,1,84,7,37,23,3
55,6,27,6,1,39,9,28,20,1
63,6,38,5,1,87,11,35,21,1
30,5,27,3,6,29,5,33,21,1
11,4,27,5,3,45,5,23,20,1
77,9,31,4,9,77,9,33,21,3
42,2,23,4,1,15,7,21,22,8
5,4,28,6,1,15,5,33,20,1
72,8,33,6,1,70,7,34,21,1
38,5,27,3,6,50,9,33,21,1
77,5,36,3,1,81,9,27,19,1
54,7,33,3,10,39,7,31,22,2
11,2,26,4,1,58,7,24,19,1
64,4,28,4,1,72,10,32,23,4
58,5,33,4,1,71,10,27,19,1
46,4,30,2,4,10,6,29,23,6
46,7,26,6,3,22,5,22,13,1
32,4,26,5,3,69,7,25,21,2
9,2,32,2,2,40,6,33,28,3
87,9,30,6,1,65,7,32,19,2
47,3,31,4,1,24,6,23,23,3
30,2,23,2,1,7,6,29,23,4
17,2,24,3,2,21,6,29,23,4
69,6,31,5,1,61,7,30,20,3
62,5,29,4,1,55,8,30,22,4
92,10,34,7,1,96,12,43,21,1
68,8,33,6,1,81,8,24,19,1
1,3,31,3,4,20,4,33,23,1
64,7,34,4,1,67,9,37,23,1
40,4,26,5,1,50,8,33,21,1
40,3,24,4,1,64,12,27,22,1
6,1,29,3,1,10,5,22,22,2
32,6,28,4,3,41,5,32,24,2
15,4,26,4,6,40,7,30,20,1
76,5,28,2,2,35,9,30,25,6
84,7,39,3,3,74,9,30,22,1
31,4,26,3,2,16,5,32,25,5
44,3,31,2,2,60,11,30,21,1
47,5,36,5,1,88,10,32,23,1
99,9,28,5,2,92,14,35,21,1
92,8,27,5,1,95,13,29,18,2
53,5,31,2,2,18,8,32,24,4
10,3,21,5,2,1,5,24,19,1
71,8,32,5,2,89,11,34,18,1
73,8,36,3,2,53,6,38,21,2
89,9,29,6,1,70,9,32,22,2
26,4,34,5,1,37,7,25,23,2
61,6,34,4,1,39,7,27,22,6
50,5,32,5,1,89,9,29,21,1
9,1,18,2,2,1,6,24,25,4
40,4,31,2,3,38,6,31,23,3
86,8,33,6,1,94,11,36,20,1
98,6,40,4,1,84,13,37,23,2
93,10,42,5,1,91,10,35,21,1
45,7,35,6,1,56,7,28,19,1
23,2,21,3,1,7,5,27,23,4
73,7,32,4,3,81,12,35,22,1
38,4,27,3,2,26,8,38,25,4
37,5,31,5,1,57,6,31,17,1
10,3,28,5,1,15,4,20,16,1
50,3,28,1,2,31,7,28,21,2
4,3,32,6,1,26,5,26,22,2
72,7,30,5,1,51,9,33,18,1
84,10,39,4,2,62,8,41,23,4
65,8,30,4,5,43,7,30,21,1
1,3,33,4,1,49,4,30,23,2
59,7,37,4,1,76,9,40,22,3
48,5,32,6,1,95,10,29,19,1
60,6,28,5,1,57,8,34,19,2
30,3,29,3,1,10,6,30,24,2
2,3,32,6,1,24,3,19,17,1
15,5,24,4,8,0,4,31,24,6
44,5,24,6,1,49,9,31,18,1
26,6,35,6,1,80,6,36,22,1
48,4,32,3,1,32,8,31,20,1
79,4,35,3,1,83,9,29,23,3
5,1,19,3,3,2,5,21,22,2
85,8,28,6,1,85,11,32,19,1
71,4,25,2,2,58,12,33,22,5
60,5,32,5,1,73,8,28,22,3
23,4,32,4,2,16,4,22,23,2
61,7,33,4,2,26,5,29,18,1
62,4,28,4,1,67,12,29,20,1
5,1,30,3,1,50,6,27,24,1
92,8,38,6,1,93,9,32,20,4
91,10,35,4,1,76,9,40,19,2
30,6,26,5,1,43,7,37,20,1
38,3,33,4,1,84,10,28,24,2
7,4,23,4,4,0,1,25,21,2
20,4,28,4,2,11,4,29,21,1
58,8,34,5,1,71,6,31,20,2
51,6,36,4,1,74,7,26,21,2
29,4,31,2,5,6,5,32,25,2
39,4,30,4,1,26,6,32,23,1
94,11,32,5,4,86,12,42,21,1
2,3,32,3,2,25,4,36,25,3
5,0,30,3,1,33,8,27,23,1
20,2,28,2,4,22,8,31,26,1
23,2,29,2,4,14,8,26,24,4
5,3,20,6,2,30,7,25,22,1
63,4,25,2,5,64,10,27,22,2
0,2,20,4,1,12,4,28,23,2
17,3,26,3,2,15,6,35,21,2
32,4,32,4,1,37,5,25,19,1
49,3,28,4,1,70,8,25,22,3
75,8,37,6,1,87,8,27,18,1
60,4,24,4,1,23,8,27,21,2
95,6,35,3,1,95,12,30,20,1
58,7,35,5,1,53,6,30,22,1
47,4,33,4,1,47,8,34,21,1
5,3,21,3,6,1,4,34,22,2
13,2,30,3,1,34,4,31,23,1
25,3,30,2,2,29,8,35,26,5
94,11,30,5,1,79,9,38,20,1
34,4,31,4,2,81,9,30,24,1
63,8,33,6,1,71,9,42,22,1
25,5,24,4,18,21,7,32,22,2
77,7,31,3,1,43,8,37,20,4
40,3,30,3,1,43,8,27,21,1
64,5,27,4,1,25,7,29,21,5
42,5,33,5,1,85,8,26,17,1
65,5,38,3,2,96,10,32,22,1
22,5,26,4,5,6,4,35,22,4
25,4,33,3,2,65,8,32,21,1
31,2,29,4,1,77,9,26,22,1
67,7,38,4,1,69,9,38,23,3
42,6,32,5,1,26,6,31,21,3
35,5,31,4,7,27,4,24,21,1
34,4,30,4,2,21,5,22,20,1
59,5,33,5,1,96,11,28,21,1
33,6,23,6,4,21,6,25,17,2
61,4,33,2,1,28,5,29,20,3
86,7,36,5,1,80,10,30,20,1
49,4,32,2,2,68,8,28,24,1
28,2,31,4,1,75,11,33,26,1
58,7,35,6,1,92,9,35,20,1
77,5,27,5,1,62,10,25,21,7
1,0,30,0,1,18,6,30,26,6
48,6,30,5,1,54,6,34,19,1
84,5,36,3,1,70,11,26,19,1
69,4,31,2,1,26,7,26,20,4
11,2,22,3,3,2,4,17,23,7
53,7,34,5,1,42,6,34,21,1
38,4,25,2,5,22,7,30,22,2
90,8,32,4,1,63,7,33,19,3
22,2,30,4,1,72,9,24,23,1
29,2,21,1,3,9,7,28,20,2
17,4,22,4,3,15,4,29,19,2
37,3,22,4,1,31,7,21,20,1
59,5,30,4,1,81,8,28,22,3
22,3,31,3,2,50,8,33,21,1
72,4,32,1,2,81,12,38,26,2
15,5,25,4,10,12,6,33,21,3
39,5,23,4,9,40,8,32,24,2
61,7,32,6,1,41,7,35,19,1
91,10,28,6,1,55,8,31,20,7
43,5,35,3,1,13,5,35,26,2
92,7,29,5,1,97,14,35,19,1
82,6,27,4,1,78,10,35,23,3
80,9,33,6,1,94,9,34,17,1
0,0,28,1,5,20,6,27,27,2
55,7,30,5,2,60,8,34,21,2
16,3,24,3,5,8,5,27,23,2
55,7,28,6,2,82,8,28,18,1
49,4,29,4,1,76,9,31,22,2
39,2,21,2,1,5,8,30,21,7
88,6,32,4,1,73,9,30,18,1
22,1,26,4,1,16,6,21,22,4
64,7,38,5,1,90,7,34,19,1
89,8,29,4,1,42,7,33,21,8
82,9,35,5,1,76,7,36,20,1
99,11,36,5,1,74,8,30,21,5
82,7,33,4,2,93,11,35,23,2
59,5,34,4,1,84,11,32,20,1
44,5,32,3,2,38,7,34,22,1
31,2,25,4,1,19,8,27,21,1
70,8,34,5,3,84,10,34,23,1
56,5,35,4,1,49,7,26,17,1
3,0,25,2,2,9,5,25,26,3
72,7,35,4,1,33,8,36,23,3
10,1,30,3,1,49,8,32,22,1
82,9,36,4,1,57,7,43,24,2
54,3,28,4,1,28,9,25,21,2
87,9,40,5,2,92,9,30,18,2
66,5,36,4,1,96,12,37,20,1
47,3,30,3,1,84,12,32,21,1
30,4,29,5,1,36,7,27,19,1
62,7,29,5,3,69,8,30,21,3
10,3,29,4,1,29,5,31,22,2
20,3,30,3,1,37,7,34,23,2
34,4,27,5,1,63,7,30,21,2
7,1,25,1,2,13,7,35,26,5
69,5,27,3,3,26,8,29,19,1
48,5,33,4,1,67,6,30,22,2
7,4,29,6,1,6,2,23,21,1
56,3,29,1,6,54,11,29,23,3
49,7,34,5,3,53,6,27,20,1
13,4,26,6,1,2,3,26,18,2
76,7,33,5,2,91,9,30,18,1
34,2,27,4,1,75,10,25,18,1
17,2,20,4,1,5,6,22,19,1
21,3,28,4,2,16,6,28,21,1
94,7,28,4,1,94,12,31,20,4
8,1,15,1,9,5,5,23,21,1
44,4,26,6,1,43,7,19,20,3
84,7,34,4,1,81,9,32,22,6
36,6,23,6,1,42,5,31,19,2
87,6,34,5,1,93,11,35,20,1
24,3,23,4,1,24,6,27,23,3
95,8,28,3,4,89,14,38,23,2
34,3,21,4,1,15,7,30,20,5
99,11,28,5,2,54,11,36,18,1
52,4,36,2,1,58,7,29,22,2
13,5,28,4,6,1,3,30,21,1
23,4,26,6,1,19,5,17,16,1
87,6,36,5,1,99,16,31,19,1
3,3,27,6,1,16,6,29,23,1
84,6,34,3,1,94,11,33,24,4
6,1,25,1,4,0,3,23,24,11
96,10,37,7,1,86,10,33,19,2
11,2,20,2,5,0,4,22,21,4
3,1,30,2,3,4,6,25,24,3
95,11,43,5,2,93,9,29,19,1
95,7,31,3,3,95,12,32,20,1
78,9,28,4,8,54,7,30,18,1
83,7,38,4,1,76,10,30,21,2
6,3,30,5,2,17,5,22,23,1
43,4,35,4,1,53,8,27,21,1
47,4,34,5,1,32,5,24,17,1
18,3,26,5,1,15,6,29,19,2
65,7,29,3,2,29,6,33,22,6
16,2,18,2,9,3,7,22,21,3
47,3,31,3,2,85,11,29,20,1
36,3,31,3,1,11,4,22,23,10
5,4,20,4,3,6,3,27,19,2
89,7,27,3,2,29,9,32,22,4
40,5,26,6,1,38,7,32,22,1
57,3,36,3,1,64,9,32,23,4
61,6,38,5,1,93,10,35,21,1
3,3,25,5,1,16,5,27,20,1
62,5,30,6,1,72,8,27,19,2
75,5,38,4,1,98,13,33,22,1
96,7,32,3,1,91,11,35,23,5
73,6,32,5,1,86,10,36,18,1
87,8,37,3,1,92,12,43,20,1
53,4,25,3,1,26,9,34,22,1
20,2,26,2,3,2,4,21,20,1
74,6,31,5,1,90,11,30,21,2
65,5,33,4,1,41,7,26,22,4
38,3,24,5,1,56,9,29,21,2
42,5,28,5,1,34,6,29,20,3
33,4,28,5,1,53,10,30,19,1
15,1,30,1,4,46,6,23,22,2
36,4,29,5,1,42,5,26,22,1
31,4,32,2,2,30,5,31,22,6
62,7,31,5,1,19,7,36,23,2
17,3,33,3,1,28,5,29,20,2
55,5,33,3,1,25,5,29,24,6
1,3,30,3,4,23,6,33,25,2
79,5,26,5,1,83,10,28,18,2
91,8,28,4,3,34,10,35,20,1
23,3,33,2,7,46,7,28,22,1
17,1,21,2,4,2,5,19,23,3
13,4,24,5,3,3,2,20,19,4
82,5,29,5,1,69,11,26,18,2
72,7,31,5,1,51,7,29,21,7
13,2,33,1,1,1,5,31,25,7
51,3,23,4,1,69,12,32,23,1
82,9,32,4,2,71,7,37,18,3
86,5,32,4,1,90,14,35,22,1
83,8,31,6,1,79,9,36,19,1
91,9,38,5,1,86,12,33,21,1
3,2,27,2,10,17,4,27,26,4
40,2,25,3,1,26,8,25,19,2
33,3,32,3,2,47,7,29,24,2
28,5,22,5,1,6,3,25,19,3
73,4,37,4,1,84,11,31,22,1
48,3,24,2,2,2,7,31,26,9
88,7,37,3,1,88,9,33,22,3
21,2,22,2,3,0,5,26,22,2
74,4,30,5,1,88,13,25,20,2
81,6,27,4,2,57,12,29,22,3
81,5,31,4,1,76,10,29,21,3
83,6,28,2,1,26,8,34,25,7
71,8,29,5,2,60,10,31,22,1
73,5,32,3,1,37,9,34,20,1
77,9,34,6,1,75,7,28,20,2
32,5,30,4,2,57,7,33,21,1
37,2,26,4,1,64,11,26,20,1
5,3,24,4,3,17,6,27,21,1
6,1,27,4,1,68,10,29,23,1
38,5,23,4,3,39,8,30,20,3
90,10,32,6,1,97,13,42,21,1
69,5,32,5,1,93,12,34,23,1
19,3,25,5,1,24,6,23,20,1
45,3,31,2,1,26,6,27,24,6
79,5,35,5,1,97,13,34,21,1
57,6,36,4,1,25,6,34,22,5
6,2,29,2,11,4,5,26,22,1
96,8,28,7,1,86,15,32,16,1
99,8,39,3,1,92,10,37,24,2
33,3,30,3,2,56,10,32,24,1
85,5,29,4,1,94,13,28,21,1
74,5,37,3,1,95,12,28,19,1
87,8,39,3,1,56,9,38,23,1
11,2,32,3,2,35,6,26,20,1
36,5,36,6,1,35,6,31,20,1
59,4,36,2,1,34,8,37,23,1
73,9,34,4,8,82,8,33,19,1
15,3,26,2,2,17,5,32,21,3
4,1,27,5,1,57,7,22,24,1
18,3,29,2,2,20,6,33,25,6
27,2,32,3,1,28,5,21,21,2
71,6,30,5,1,77,9,31,19,1
91,6,31,4,1,83,12,33,18,2
77,9,33,4,1,32,7,40,22,3
97,9,30,4,2,59,9,31,17,2
43,3,22,4,1,53,8,26,23,2
27,4,29,4,4,66,7,29,21,1
74,9,31,6,2,95,12,37,19,1
58,3,25,3,1,66,9,28,21,3
56,4,27,3,1,51,9,34,24,4
17,2,29,2,2,25,6,28,23,1
15,5,23,6,2,23,6,31,21,1
23,2,30,3,1,43,6,21,21,1
32,5,23,4,5,14,5,28,20,2
55,7,28,5,2,64,7,33,22,1
83,6,29,5,1,96,13,33,20,1
4,2,30,3,3,55,8,29,24,1
76,7,27,6,1,71,9,28,17,2
51,5,30,5,1,69,8,30,17,1
72,6,32,5,1,68,8,31,19,1
49,7,35,4,2,23,5,34,18,1
1,3,23,5,3,6,4,24,23,2
71,9,28,6,1,58,7,31,19,2
2,1,26,1,8,27,8,29,26,1
88,8,33,5,1,66,8,26,20,4
40,3,35,4,1,78,10,30,23,1
74,5,31,5,1,87,15,29,22,1
61,6,37,5,1,70,8,38,20,1
25,2,25,1,2,4,7,33,24,4
26,5,25,4,7,12,5,28,22,2
95,6,31,4,1,67,10,31,23,3
55,7,30,4,3,10,3,28,18,4
14,1,31,3,1,39,8,26,24,1
3,2,25,5,1,3,5,27,22,3
15,2,20,4,1,10,6,27,21,4
69,5,35,2,2,73,10,35,23,1
56,6,31,4,2,77,8,35,22,2
4,2,27,3,4,40,8,30,23,1
20,5,23,7,1,28,6,31,18,1
61,7,33,5,1,31,6,30,18,1
88,8,37,6,1,98,16,36,21,1
33,4,32,5,1,66,6,24,21,1
51,3,33,2,1,85,10,33,24,1
89,9,41,5,1,98,10,33,18,1
29,4,29,4,1,39,6,27,19,1
36,5,26,5,2,50,9,34,20,1
74,6,29,4,2,66,9,26,20,1
86,7,28,6,1,72,12,33,21,2
15,3,29,3,2,6,5,32,25,4
12,2,31,2,4,22,6,27,23,1
56,5,27,4,2,50,9,29,22,3
27,4,35,5,1,49,5,26,22,1
13,1,19,4,1,43,8,24,22,2
78,6,36,2,3,90,11,32,25,2
98,9,28,6,1,90,14,37,19,2
34,4,24,4,4,11,7,27,20,1
88,8,33,5,1,80,11,40,23,2
55,5,28,5,1,68,8,27,20,1
7,2,32,1,7,19,4,20,22,4
67,6,31,4,1,49,7,31,22,2
37,5,26,4,3,48,8,34,20,1
42,5,33,4,2,41,6,27,21,2
25,3,25,2,6,4,6,26,23,10
46,4,29,3,1,31,7,34,21,1
50,7,28,4,7,9,6,33,19,1
20,3,28,2,3,23,7,32,20,2
35,4,29,5,1,84,10,31,20,1
73,4,26,2,1,55,9,31,24,4
5,4,23,3,5,5,3,31,22,6
30,2,25,4,1,18,6,20,18,3
76,5,34,3,1,87,10,36,22,1
24,6,26,5,8,33,7,32,20,1
11,3,29,3,3,23,6,29,21,1
74,6,26,5,1,50,11,34,20,3
27,3,26,3,1,15,7,31,23,2
39,4,33,4,1,26,5,27,22,4
61,7,32,6,1,46,6,29,21,1
99,6,34,2,1,54,10,30,22,2
34,6,35,4,1,29,4,34,20,1
48,4,29,2,4,31,9,32,21,3
22,4,35,5,1,59,7,23,18,1
37,4,35,5,1,79,9,31,21,1
41,3,30,3,1,33,6,27,23,2
92,6,38,3,1,85,12,37,22,2
27,2,24,4,1,44,7,23,23,6
36,4,30,3,1,51,9,37,21,1
97,6,34,3,1,94,12,34,22,2
28,5,27,4,1,8,4,33,20,3
10,3,33,3,2,11,4,31,21,1
6,1,33,2,3,11,5,22,21,1
1,3,33,2,6,41,6,36,28,2
66,4,32,5,1,73,9,27,19,1
53,5,33,4,1,53,7,23,21,1
35,6,32,3,10,25,4,29,22,1
60,3,30,2,2,89,11,26,19,1
13,3,30,2,11,39,5,27,24,1
24,5,26,5,2,26,5,35,21,1
43,3,30,4,1,77,10,27,22,1
52,3,32,1,3,66,8,27,21,3
56,5,34,3,1,34,8,37,22,2
29,3,24,2,3,23,8,33,22,1
72,7,32,3,6,70,11,33,22,3
69,4,32,1,2,25,7,27,24,5
87,5,30,5,1,73,11,29,21,4
71,8,37,6,1,90,8,35,19,1
26,4,28,3,4,4,3,26,21,2
67,4,27,2,1,53,12,35,24,4
4,3,23,4,12,0,3,23,21,1
77,8,31,6,1,94,11,31,18,1
65,6,35,5,1,86,11,33,19,1
18,4,29,4,3,61,7,32,20,1
62,6,31,4,1,43,8,33,22,3
2,3,30,2,3,4,4,30,23,4
95,12,32,4,2,33,6,36,22,5
27,5,34,4,4,64,8,34,22,1
34,3,24,5,1,15,7,22,21,4
25,3,29,3,2,57,10,29,22,1
50,4,25,3,1,7,7,28,22,8
12,1,28,3,1,20,7,29,25,4
15,4,34,5,1,38,4,23,19,1
87,6,33,5,1,96,13,28,20,1
16,2,30,3,1,47,5,30,25,2
93,6,31,3,1,55,11,32,22,3
71,5,31,3,1,85,12,36,23,1
98,7,31,4,1,88,12,34,20,1
39,4,34,3,1,43,7,34,22,1
16,4,29,4,3,30,5,29,21,1
31,6,26,6,2,11,5,28,21,1
62,6,31,5,1,60,7,29,22,4
58,4,28,2,3,20,7,22,19,3
36,5,30,6,1,30,6,33,20,1
10,2,25,4,1,41,7,25,22,4
40,4,31,3,3,78,8,27,23,3
40,4,31,4,1,44,6,28,23,4
77,7,33,6,1,93,10,29,19,1
14,2,30,1,2,3,4,28,22,1
47,6,28,4,3,34,5,27,21,3
99,9,32,5,1,82,12,42,20,1
54,6,27,5,1,26,6,34,20,2
46,5,36,5,1,69,6,28,23,1
79,6,31,5,1,95,14,35,21,1
45,3,30,2,3,73,9,25,20,1
54,6,29,5,1,52,7,32,20,3
89,5,31,3,1,93,13,31,21,2
59,3,27,4,1,62,11,33,20,1
49,6,37,6,1,91,9,29,18,1
81,5,30,5,1,69,12,31,22,5
40,3,33,2,1,53,6,32,23,2
11,3,26,4,2,17,5,26,19,1
50,4,25,2,1,21,8,33,21,2
6,3,26,5,1,29,5,30,20,1
89,6,27,4,1,88,15,34,23,1
10,4,22,5,3,1,4,24,22,2
55,4,23,3,4,61,11,30,23,2
33,5,34,4,3,56,8,33,23,1
49,5,30,4,1,18,6,27,23,4
48,6,32,4,3,31,5,29,21,1
13,3,33,2,2,6,3,30,22,1
31,4,31,2,2,11,6,32,21,2
90,8,30,4,2,47,10,32,20,2
84,6,38,5,1,98,12,28,18,1
81,5,34,4,1,98,12,29,20,1
50,5,31,3,3,79,8,30,20,1
81,6,30,4,1,85,11,33,22,4
4,3,33,5,1,66,6,26,21,1
12,1,27,4,1,55,8,27,22,1
41,5,28,6,1,21,6,29,19,2
60,4,29,2,5,55,9,25,23,2
66,7,37,6,1,61,7,32,20,1
76,6,35,4,1,78,10,40,22,1
85,6,34,5,1,97,16,32,18,1
29,2,33,1,1,60,8,32,23,1
85,6,30,4,1,55,11,34,22,2
68,5,29,2,3,60,12,37,24,1
79,6,29,3,1,59,8,32,20,1
89,5,29,4,1,66,9,28,20,2
10,4,29,4,1,17,5,35,24,2
34,4,26,3,6,12,6,22,20,3
20,3,21,2,6,7,6,30,21,3
39,3,30,3,1,17,7,27,20,1
21,2,26,2,2,10,7,28,26,5
58,5,37,6,1,84,10,30,23,1
89,9,31,6,1,79,10,37,22,3
17,1,25,2,3,22,6,19,21,2
39,3,25,3,2,67,10,26,20,1
45,5,29,4,5,21,6,27,23,2
11,1,25,4,1,23,6,26,24,3
30,2,23,3,1,41,9,24,20,1
14,1,26,3,1,44,6,25,21,2
34,5,35,3,6,37,5,29,23,2
43,5,31,2,8,67,8,32,23,1
97,6,34,5,1,98,16,38,22,2
8,3,28,5,1,19,4,26,23,3
16,4,32,3,9,60,5,28,25,1
93,8,30,3,5,63,10,34,21,1
36,6,27,3,4,2,3,28,18,3
74,8,41,5,1,97,10,38,21,1
82,9,31,6,1,81,10,40,21,1
97,13,28,7,2,86,12,34,19,1
40,3,35,4,1,55,9,29,24,1
58,3,36,4,1,83,10,28,23,1
99,11,29,7,1,57,7,32,19,3
79,8,39,5,1,98,10,30,20,1
37,4,33,5,1,94,10,30,22,1
62,6,32,3,2,73,10,37,22,1
40,3,34,3,1,90,10,29,23,1
6,3,21,4,3,0,3,28,21,3
43,6,32,4,2,24,5,32,24,3
89,9,32,4,1,81,11,45,23,1
4,4,28,3,6,19,3,30,24,2
47,6,34,6,1,62,8,32,21,1
95,7,37,3,2,84,10,31,18,1
66,4,30,5,1,71,10,31,21,2
4,0,21,4,1,1,5,24,23,7
63,5,36,5,1,97,13,33,21,1
23,3,22,4,2,24,8,32,25,2
40,4,26,3,6,11,7,29,21,1
96,6,38,5,1,98,13,31,21,1
36,6,27,5,1,15,5,33,19,1
10,4,29,4,4,60,5,27,20,1
9,3,29,5,1,56,6,29,21,1
23,3,21,5,1,27,8,25,22,1
20,2,22,3,2,1,6,25,24,6
48,7,34,7,1,52,7,27,19,1
9,1,31,3,1,49,8,30,23,1
77,5,35,4,1,91,10,35,21,1
73,5,28,3,1,30,8,26,20,6
45,3,32,4,1,51,8,26,20,2
77,5,34,3,1,92,15,35,21,1
17,4,28,4,1,1,3,27,24,6
55,6,32,4,2,57,8,30,19,1
8,4,27,3,19,24,6,33,23,1
92,7,27,5,1,86,13,29,19,1
89,5,29,4,1,56,10,29,21,1
20,2,30,1,5,20,7,29,25,2
79,6,32,4,1,65,11,38,23,1
76,6,33,5,1,97,12,31,21,1
11,4,31,3,2,3,1,25,21,3
62,4,30,1,4,81,13,34,22,1
79,7,28,3,2,44,9,36,21,5
70,8,33,7,1,85,10,35,21,2
76,5,33,3,1,54,11,38,22,1
78,6,37,5,1,98,16,34,23,1
22,4,23,4,9,5,3,22,21,7
61,6,32,4,1,73,9,31,21,1
41,6,24,3,4,2,5,34,21,2
9,2,31,4,1,41,6,31,24,1
61,5,32,3,2,62,9,28,22,1
30,4,32,4,1,58,7,34,22,2
37,3,35,2,1,65,8,31,25,6
5,0,26,2,2,4,5,23,23,2
14,1,25,3,3,13,9,23,21,2
57,7,30,7,1,62,7,34,17,1
62,7,34,3,8,45,7,33,23,1
66,6,28,3,2,16,8,34,22,2
63,7,27,5,1,67,8,34,21,2
42,4,32,5,1,87,9,32,19,1
87,7,29,4,1,43,10,34,21,3
20,5,30,4,2,54,6,35,25,1
54,7,27,4,7,6,4,25,20,6
44,6,29,5,2,61,8,32,23,1
95,10,28,6,1,72,11,36,16,1
8,2,22,2,17,6,4,21,21,4
55,5,28,6,1,62,11,28,20,1
74,7,27,3,2,7,7,33,21,9
8,2,30,2,5,21,5,26,21,2
19,5,30,3,7,4,2,28,23,7
9,1,32,2,2,42,6,28,24,1
5,4,28,3,11,2,3,25,21,3
52,4,36,5,1,83,9,26,20,1
97,13,33,5,2,95,13,40,21,1
58,6,28,4,2,26,5,28,21,2
1,2,27,5,2,42,7,25,20,1
76,9,28,8,1,54,9,30,17,1
83,5,35,2,2,74,11,26,20,2
33,4,22,3,9,14,8,31,22,1
82,5,35,3,1,95,13,31,19,1
80,5,35,4,1,97,16,34,20,1
15,2,29,4,1,74,8,25,20,1
27,4,27,5,2,53,7,28,19,1
50,5,26,3,3,4,6,29,19,2
46,4,30,5,1,49,10,24,18,1
46,6,33,4,5,82,7,31,21,1
29,6,32,6,1,78,7,34,21,1
29,2,19,1,3,1,7,29,22,2
93,6,38,3,1,95,11,34,22,3
72,6,33,3,2,65,10,34,21,2
49,4,36,2,1,25,5,31,23,2
82,8,31,5,1,60,10,32,21,3
48,7,32,5,2,63,6,29,21,1
30,3,33,5,1,74,7,32,21,1
77,9,28,8,1,93,11,32,16,1
1,2,29,3,1,1,2,24,24,7
55,5,33,2,1,55,7,36,24,4
97,6,30,4,1,85,12,34,19,1
74,7,35,6,1,87,11,36,18,1
70,8,37,3,6,76,7,33,24,2
86,5,34,2,1,91,12,29,24,3
72,7,36,3,2,46,7,36,19,2
87,5,37,2,2,94,14,33,22,1
9,5,24,6,2,6,4,31,19,1
85,9,36,7,1,77,7,29,14,1
49,3,33,4,1,55,7,26,21,1
66,4,34,2,1,70,9,33,22,1
37,3,30,4,1,55,7,27,20,1
77,6,33,2,2,42,8,31,19,2
48,6,28,6,1,65,8,31,21,1
46,7,28,5,2,20,6,36,22,1
94,8,39,6,1,99,17,35,20,1
52,4,29,2,2,30,6,29,24,7
55,4,26,4,1,23,9,29,20,2
59,7,34,4,5,33,7,31,20,1
88,9,28,5,4,93,12,34,16,1
59,8,28,6,1,76,7,33,18,1
26,2,25,3,2,38,9,29,22,1
55,3,30,1,1,55,8,34,22,6
26,3,27,2,4,43,7,26,20,1
83,6,32,4,1,95,11,30,21,1
92,10,29,5,2,87,10,35,19,1
29,4,31,3,1,22,4,26,19,2
60,5,25,2,2,14,7,33,20,5
32,3,26,3,2,14,8,30,25,3
56,4,25,4,1,10,8,31,22,2
91,7,27,5,1,90,15,31,20,1
20,4,29,3,2,11,4,29,21,3
24,4,31,3,5,32,7,35,26,1
90,5,27,2,2,75,13,37,21,1
14,4,22,4,3,0,3,29,22,4
20,2,30,5,1,41,7,26,22,1
1,4,23,5,4,1,4,26,18,1
66,6,34,5,1,53,6,25,19,3
18,4,21,4,6,21,7,29,20,1
89,9,31,4,1,37,9,37,18,2
2,4,24,5,3,12,4,34,23,2
19,5,26,6,1,39,4,30,20,2
94,6,32,5,1,96,12,26,19,1
61,6,26,4,2,46,8,29,19,1
97,6,41,3,1,97,12,32,24,2
0,1,26,3,1,23,4,23,25,4
51,7,36,6,1,91,10,37,21,1
73,4,30,4,1,57,11,30,21,4
99,10,36,6,1,94,9,36,18,1
75,7,36,3,1,65,9,39,23,4
15,1,21,1,3,19,6,25,24,5
51,5,31,4,1,41,7,28,23,2
65,7,36,4,3,48,8,30,22,4
46,4,30,4,1,15,6,28,21,2
53,4,27,2,3,25,7,26,21,1
23,3,23,5,1,34,8,34,24,2
17,4,29,2,4,20,5,33,24,5
98,8,37,4,2,85,11,34,20,1
92,6,38,4,1,97,15,38,24,1
98,14,40,6,1,98,11,41,21,1
13,2,24,5,1,10,4,16,19,1
80,5,29,2,5,73,11,30,23,2
11,3,24,4,3,5,4,22,19,1
50,6,37,5,1,67,7,34,20,1
12,1,28,4,1,17,6,23,21,1
6,3,24,5,3,17,4,21,22,3
8,3,23,3,4,0,2,28,22,3
7,4,23,5,4,9,6,29,19,1
54,6,32,3,3,41,8,38,21,2
86,6,29,5,1,54,10,26,22,3
30,3,31,3,2,57,7,30,23,2
10,4,26,6,2,44,7,28,22,1
88,8,27,4,2,61,12,39,21,2
36,4,27,3,4,34,7,26,21,3
95,7,40,4,1,75,11,35,22,1
76,7,30,6,1,68,9,29,20,2
70,5,36,3,1,74,10,31,20,1
40,6,29,5,3,37,6,29,21,3
56,6,26,5,1,67,8,32,21,4
49,5,26,3,6,24,6,26,20,5
59,7,39,6,1,87,10,32,22,1
3,4,30,5,2,38,5,32,20,1
56,4,31,2,2,74,10,29,23,4
31,2,29,3,2,65,10,29,24,1
4,4,31,6,1,69,6,30,19,1
8,2,31,2,2,28,6,30,24,1
23,2,31,3,1,47,6,27,25,5
57,6,35,5,1,91,9,36,21,1
17,5,32,6,1,54,3,31,21,1
49,6,28,4,1,48,8,42,21,1
99,13,30,6,1,91,12,36,17,1
98,12,32,6,1,56,10,41,22,2
72,6,31,5,1,92,13,34,20,1
29,4,29,6,1,62,6,29,21,3
86,6,31,3,1,82,13,38,22,3
84,7,35,4,1,92,12,34,22,2
94,8,34,4,2,77,11,34,21,1
80,8,36,7,1,97,12,42,22,1
62,8,28,6,1,13,5,33,19,1
9,4,25,3,5,10,3,35,23,2
6,2,28,2,3,35,7,30,21,2
61,5,36,4,1,52,9,37,20,1
76,5,33,4,1,80,10,33,22,1
53,7,35,6,1,76,9,39,22,1
10,3,31,5,1,74,7,28,22,1
27,5,34,4,1,15,4,31,22,2
9,3,32,2,3,2,2,28,24,5
56,5,34,4,1,90,10,32,23,3
60,4,27,4,1,27,8,26,19,1
55,4,27,3,2,74,11,32,23,1
40,3,22,4,1,64,12,27,21,1
43,3,32,4,1,45,10,25,20,1
61,5,33,4,1,43,8,33,19,1
53,5,37,3,4,75,9,35,22,1
32,3,33,5,1,64,7,29,21,1
59,8,32,5,1,35,7,32,21,2
72,5,28,3,1,37,7,29,22,3
33,3,22,3,1,5,5,24,21,6
1,3,22,6,1,23,5,22,21,1
87,6,34,5,1,65,9,30,20,1
24,4,26,2,4,3,3,26,20,8
97,8,33,4,1,63,10,32,21,2
69,4,24,3,1,33,10,28,20,1
71,4,32,3,1,76,10,23,22,3
18,2,26,3,1,37,5,27,23,2
29,3,26,5,1,67,10,31,22,1
75,7,35,3,6,92,11,37,20,1
98,6,29,4,1,53,9,24,21,6
13,4,28,3,3,0,2,29,21,2
36,4,25,2,2,2,6,34,23,4
52,3,35,3,1,70,8,22,21,1
59,7,35,3,6,63,10,35,21,1
5,3,22,2,5,0,1,24,20,6
99,8,30,4,1,28,8,33,21,7
61,5,36,4,1,90,10,35,24,1
65,4,29,2,1,18,7,27,19,5
33,5,25,5,1,40,5,30,20,1
87,10,27,5,1,36,7,35,19,2
65,4,29,2,1,68,10,35,24,6
66,4,25,4,1,78,11,29,21,4
63,6,26,3,3,6,6,29,19,6
84,6,34,4,1,84,12,38,22,1
55,5,28,3,3,17,8,35,25,4
69,6,33,5,1,89,11,38,22,3
17,3,29,3,1,11,5,34,23,2
58,4,33,3,1,32,6,23,21,3
12,5,25,4,5,21,6,34,23,3
64,5,34,4,1,68,10,35,23,1
64,5,33,2,3,67,8,29,23,3
86,7,33,3,1,48,7,29,20,4
83,5,37,4,1,90,12,25,19,1
14,1,24,4,1,34,7,30,25,2
11,2,26,2,6,10,6,24,22,2
48,6,37,6,1,73,8,34,18,1
4,1,27,2,4,29,6,26,22,2
95,7,34,5,1,97,13,32,21,1
58,5,31,2,4,37,10,32,20,1
93,10,33,7,1,69,8,31,14,1
21,5,35,5,2,57,7,33,21,1
93,10,34,7,1,95,12,34,19,1
53,3,24,2,2,9,7,21,19,4
54,7,36,7,1,79,6,32,22,1
93,6,29,3,1,72,13,33,19,3
67,7,31,4,8,34,9,32,23,2
44,6,23,6,1,19,6,30,20,3
29,5,30,5,2,65,8,32,23,1
78,5,27,5,1,90,11,29,21,2
57,7,29,4,3,65,7,29,21,5
45,3,28,3,2,24,9,28,22,2
47,3,24,5,1,36,9,22,21,1
70,5,29,3,1,56,10,29,23,3
49,4,32,1,2,28,7,31,26,5
78,9,39,7,1,89,7,32,16,1
70,6,25,3,2,24,8,36,24,4
39,2,29,2,1,14,6,25,23,4
72,8,26,7,1,74,11,34,20,2
71,9,40,7,1,99,9,30,16,1
12,4,30,6,1,23,5,30,23,2
81,10,39,5,1,90,8,40,18,1
95,10,34,7,1,96,12,39,22,1
95,10,29,4,10,39,10,34,22,2
16,3,34,5,1,85,9,32,24,1
66,4,37,3,1,89,12,31,21,1
10,1,22,3,1,5,6,27,23,5
88,5,31,2,2,81,11,30,20,3
66,6,27,5,1,30,7,25,17,1
85,5,26,4,1,58,10,25,22,3
81,6,34,5,1,97,16,34,20,1
19,2,28,4,1,16,5,24,23,2
92,8,37,4,1,89,11,39,19,1
61,6,26,3,2,14,6,27,18,6
59,5,31,4,1,65,9,28,19,1
65,7,33,4,3,56,9,33,19,1
34,5,36,5,1,40,4,23,18,1
93,6,39,2,2,93,15,37,23,1
11,4,26,5,1,1,3,30,19,1
56,6,30,3,2,21,5,32,20,2
18,2,18,3,3,24,7,25,24,2
73,6,28,5,1,77,9,28,20,5
3,4,32,3,2,6,3,34,23,1
6,4,22,4,3,0,1,21,21,8
46,3,28,3,2,70,9,29,20,1
81,9,38,7,1,97,9,27,15,1
59,8,33,6,1,71,6,30,19,1
80,7,28,5,1,79,11,30,19,1
42,4,36,3,2,87,9,30,22,1
50,5,33,4,1,41,7,30,22,2
32,2,29,3,1,13,6,25,22,5
78,6,39,4,1,87,11,33,20,1
68,5,32,4,1,70,8,28,21,1
1,3,19,5,1,6,5,30,19,1
43,5,32,3,2,15,4,29,20,1
14,5,34,4,2,35,3,30,23,7
56,6,38,5,1,94,9,35,23,1
25,5,34,5,3,76,8,38,23,1
12,1,26,1,3,0,4,25,25,4
82,8,33,3,4,68,11,37,22,2
12,4,21,5,1,15,4,31,18,1
21,5,33,5,3,25,5,27,22,2
18,5,27,5,2,33,4,29,18,1
53,5,27,6,1,43,8,25,20,2
4,3,23,5,1,4,3,25,20,2
69,4,28,2,1,21,8,30,24,5
23,5,30,4,4,41,4,32,23,1
76,4,25,3,1,40,9,29,21,1
34,5,26,5,2,37,6,25,18,2
62,7,38,4,3,94,9,34,25,1
46,3,29,4,1,64,8,26,19,1
17,3,28,4,1,49,7,34,24,1
75,9,30,7,1,92,9,33,19,2
65,4,25,2,5,26,11,26,20,2
83,5,30,4,1,71,11,26,21,1
90,9,29,4,3,77,11,34,21,1
19,2,22,4,1,9,6,22,19,1
57,5,33,3,2,69,11,34,21,1
78,9,37,5,2,82,10,37,21,1
53,5,29,4,1,75,9,32,22,3
32,3,31,4,2,72,10,29,20,1
51,5,23,3,4,19,9,34,24,7
30,2,34,2,2,61,7,26,24,3
43,5,31,3,5,46,6,25,21,4
18,1,24,3,1,31,8,25,22,3
28,4,29,5,1,67,10,31,21,1
37,3,27,3,2,44,8,28,22,1
25,3,27,3,1,27,8,33,22,1
34,3,23,3,3,21,9,30,25,3
78,5,25,4,1,54,12,28,18,3
66,6,35,4,1,57,8,31,19,1
86,6,35,3,1,46,9,31,19,2
21,4,32,5,1,46,4,27,21,1
89,10,38,4,1,96,9,38,21,1
56,6,29,5,1,19,7,30,17,1
41,4,35,3,1,21,7,34,22,1
85,5,34,5,1,97,12,31,17,1
13,2,20,4,1,1,3,22,20,4
9,4,30,4,6,40,5,33,21,1
22,3,29,3,1,12,5,30,21,3
93,6,28,3,2,80,12,28,23,3
18,3,24,5,1,13,5,20,18,1
13,5,32,4,3,20,2,29,22,7
57,5,26,5,1,26,8,28,17,2
27,2,28,2,1,8,6,28,23,6
27,2,34,3,1,45,8,27,21,1
98,7,30,3,1,43,9,30,22,10
95,6,28,2,2,31,10,31,21,8
20,2,32,2,1,23,6,26,22,3
60,5,31,3,2,66,8,30,20,1
73,8,31,5,1,41,8,36,21,3
85,8,36,6,1,92,9,34,22,2
29,4,29,3,4,44,8,35,25,3
58,5,26,4,2,84,12,30,18,1
51,7,33,5,3,62,5,31,19,1
71,6,31,4,1,24,5,29,22,2
98,8,36,3,1,93,12,42,24,2
13,2,23,1,6,3,7,28,23,2
98,8,31,6,1,96,12,27,21,1
34,4,27,5,1,31,7,34,22,2
21,2,25,2,3,38,8,29,23,1
69,8,35,3,5,53,8,35,21,1
58,5,27,5,1,33,9,32,19,1
29,5,27,4,4,38,7,37,20,1
21,2,32,4,1,75,8,32,22,1
14,4,26,3,3,10,6,34,21,2
39,6,30,4,4,27,6,26,21,2
0,3,27,5,1,20,4,28,22,2
33,5,33,5,1,75,6,24,21,1
29,5,26,4,2,15,4,32,23,4
90,8,33,3,2,45,8,30,20,1
83,6,37,4,1,85,10,27,23,2
5,2,23,4,5,35,6,23,18,1
96,7,37,2,2,75,11,32,24,3
66,6,30,3,4,42,9,34,22,2
54,6,26,4,2,34,8,30,20,3
10,3,32,4,2,30,5,26,21,1
48,7,27,7,1,20,5,28,17,2
14,3,20,4,2,32,6,29,23,2
42,4,32,4,1,28,6,30,19,1
26,2,23,1,4,4,6,26,23,2
81,5,26,5,1,67,12,28,19,2
67,7,33,3,1,66,7,38,21,1
64,8,27,7,1,75,8,29,15,1
10,3,29,5,1,50,5,20,20,1
11,4,34,4,2,52,6,29,24,3
51,4,36,4,1,89,8,29,21,2
77,6,27,6,1,66,10,25,21,1
65,4,28,4,1,79,11,24,19,1
11,1,30,1,1,15,5,29,26,8
86,5,30,2,1,89,14,36,21,2
25,5,24,5,4,16,6,27,21,1
26,3,30,5,1,29,4,24,21,5
64,4,29,4,1,69,11,26,21,3
73,4,30,3,1,33,8,26,22,9
87,7,37,3,2,72,10,31,20,1
3,3,32,4,1,18,4,20,22,1
17,3,26,3,6,31,6,27,20,1
75,7,31,3,2,58,9,38,22,5
56,7,30,4,3,76,7,32,21,2
28,2,24,4,2,49,10,27,23,3
48,7,32,7,1,69,6,33,17,1
71,4,29,5,1,85,12,28,21,2
41,6,29,7,1,70,8,38,21,1
11,2,19,5,1,3,4,25,20,1
13,3,27,3,4,3,3,21,22,4
2,3,24,5,1,4,4,26,20,2
78,6,35,3,1,71,10,28,20,2
83,8,35,5,1,86,10,36,20,1
65,8,27,7,1,49,8,29,18,1
73,7,35,6,1,93,8,33,19,1
84,6,31,3,1,50,11,39,24,2
80,7,38,4,1,75,11,33,19,1
74,4,34,4,1,85,12,33,21,1
62,6,31,4,3,44,9,28,22,4
34,3,29,4,1,21,5,28,22,2
25,3,30,4,1,46,6,25,23,3
46,4,33,4,1,39,7,27,18,1
53,4,34,4,1,97,10,27,22,1
4,3,29,2,8,4,5,29,22,1
47,6,29,6,1,64,7,29,16,1
13,1,26,4,1,30,6,15,19,1
97,14,33,8,1,94,12,39,18,1
57,4,27,4,1,51,11,28,20,1
57,7,27,5,2,23,5,27,15,1
55,4,33,4,1,61,7,24,22,4
95,7,41,5,1,97,12,37,21,1
92,6,34,3,1,96,12,31,22,2
71,6,33,4,1,84,9,33,18,1
19,2,31,4,2,33,8,25,22,2
20,3,20,5,1,19,8,30,22,1
89,10,28,4,3,24,6,32,18,5
77,9,35,4,3,73,10,38,18,1
25,6,27,5,1,37,5,35,18,1
45,5,28,6,1,36,7,30,23,2
34,3,33,4,1,42,6,23,22,6
3,2,31,2,4,3,4,28,22,1
1,1,25,3,1,0,3,24,22,3
18,4,33,4,2,25,4,23,19,1
27,2,25,4,1,31,8,28,20,1
22,5,27,6,2,38,6,27,20,1
4,2,31,3,1,25,6,27,24,2
30,3,32,4,1,66,8,30,20,1
69,4,32,2,2,92,11,30,19,1
93,8,34,4,3,61,8,28,19,3
27,2,31,1,2,30,9,30,22,1
16,2,22,4,1,10,6,17,21,1
14,4,25,5,1,21,4,28,19,1
59,8,34,4,4,50,8,34,21,1
48,4,25,4,1,15,5,27,22,5
61,3,27,3,1,81,13,35,19,1
14,4,29,5,1,27,4,22,20,4
35,5,35,5,1,84,7,28,21,1
90,8,32,6,1,84,9,30,19,1
59,4,26,4,1,41,9,25,21,1
74,5,25,2,1,32,10,32,19,3
49,3,30,3,1,66,9,23,23,4
29,4,30,3,3,11,4,23,21,5
82,7,35,6,1,81,9,25,20,1
75,7,36,4,2,86,8,36,20,1
5,4,29,4,4,35,5,31,20,1
2,2,19,4,2,1,3,17,22,3
29,2,29,3,1,60,8,28,21,1
73,5,37,4,1,89,11,32,20,2
38,5,31,3,4,41,8,35,23,2
6,1,27,2,1,23,5,28,22,2
87,10,28,5,1,55,9,40,17,1
64,5,25,4,1,59,11,35,18,2
34,4,23,3,3,8,4,25,22,8
86,8,29,4,2,59,9,34,20,2
37,5,26,5,1,49,7,32,22,3
8,2,27,5,1,41,6,26,21,1
29,3,26,3,1,11,6,25,23,2
31,2,29,4,1,65,8,22,21,2
68,7,27,4,3,48,10,33,19,1
88,9,34,4,2,76,9,35,21,2
76,9,38,4,3,76,8,36,20,1
79,8,35,5,1,86,10,35,19,1
3,2,30,3,3,30,7,34,25,1
91,5,28,3,1,78,13,36,23,2
45,6,27,5,1,34,5,30,20,4
37,6,35,4,4,31,5,26,20,1
24,3,31,3,1,10,4,26,24,5
88,9,33,6,1,98,11,32,20,1
45,5,31,5,1,54,7,28,22,4
64,6,37,4,2,80,9,30,21,1
27,3,30,4,1,56,8,29,23,3
1,0,26,3,1,8,7,23,23,1
20,4,31,6,1,46,5,24,19,1
10,2,23,2,7,1,4,24,21,1
8,2,16,5,1,28,8,27,23,1
4,1,25,2,2,1,4,28,24,3
6,2,33,4,1,66,6,27,23,2
60,5,35,3,2,90,12,34,23,1
26,5,28,5,1,9,4,26,22,3
99,6,27,5,1,84,17,34,20,1
42,3,25,5,1,56,8,30,19,1
7,2,27,4,3,9,6,22,22,1
90,9,38,5,1,95,10,34,23,1
84,5,26,3,1,86,12,30,20,1
6,1,31,4,1,47,7,32,23,1
52,7,26,4,3,9,6,37,21,2
18,1,30,0,4,22,7,30,23,1
17,3,31,5,1,44,6,24,24,1
41,5,33,3,4,44,6,28,21,3
53,5,27,5,1,81,10,30,20,1
19,3,34,2,6,51,7,28,25,2
33,5,30,3,13,42,7,32,21,1
61,7,31,4,1,22,4,31,20,5
80,8,32,6,1,65,9,38,21,1
4,1,26,3,2,2,5,21,20,2
8,2,31,1,9,17,4,21,22,2
72,8,33,4,2,62,8,33,20,2
74,7,30,4,1,45,8,34,23,4
18,2,24,2,2,14,6,30,21,5
67,5,29,3,2,75,10,32,24,2
78,8,31,4,7,79,8,31,21,3
59,5,24,4,1,11,6,28,22,8
88,9,35,5,1,57,9,38,22,4
48,3,35,2,1,72,9,36,22,2
31,4,22,5,2,29,6,22,19,1
86,8,32,4,1,36,6,31,18,2
85,5,28,2,2,62,11,36,22,2
67,5,32,3,2,54,10,27,20,1
97,6,32,3,1,94,17,35,20,1
23,2,33,2,1,22,6,32,24,4
83,7,30,6,1,92,13,36,17,1
77,6,26,3,2,25,9,28,19,1
24,3,26,3,2,14,5,28,20,3
91,10,36,5,2,77,8,32,20,1
73,5,26,4,1,47,10,27,21,2
18,1,28,4,1,24,6,25,21,2
48,6,27,6,1,39,7,26,21,2
85,7,38,4,1,88,10,31,20,2
32,5,28,6,1,37,4,24,20,2
85,8,38,6,1,79,8,28,19,1
38,3,28,2,1,17,5,28,23,4
2,3,20,4,5,0,4,24,19,3
57,5,25,3,8,13,8,28,20,1
67,8,39,6,1,73,8,34,21,1
83,7,35,4,1,89,12,32,20,1
88,6,33,4,1,97,13,31,18,1
20,4,34,3,1,34,6,39,22,1
30,5,25,3,14,29,6,31,23,5
84,7,34,4,1,75,11,36,23,3
86,6,37,3,1,97,11,34,20,1
79,5,38,3,1,89,15,32,20,1
43,3,30,4,1,83,9,27,23,3
7,1,19,3,1,11,8,25,24,6
56,7,37,6,1,87,7,37,22,1
65,4,33,2,1,84,12,37,23,1
28,5,35,4,1,67,5,29,23,2
7,2,27,3,4,26,5,20,22,2
79,6,28,3,1,40,7,31,19,4
12,4,23,4,13,11,6,28,20,1
66,4,28,3,1,82,12,32,19,1
52,4,31,5,1,60,10,32,18,1
15,3,32,4,1,57,7,31,22,1
17,3,30,3,2,16,5,24,24,2
48,5,29,4,3,34,9,34,21,1
12,5,21,3,5,1,1,31,24,6
11,4,31,4,1,34,6,38,25,1
4,0,31,4,1,36,6,23,23,1
84,8,39,6,1,99,13,33,21,1
38,5,25,4,6,51,8,28,22,4
67,4,34,2,1,53,9,24,19,1
73,8,35,6,1,91,8,33,22,1
16,4,25,3,10,24,5,23,17,2
7,3,27,4,2,8,5,29,21,1
44,5,33,4,4,38,6,25,19,2
31,5,28,6,1,52,6,28,17,1
29,5,31,6,1,39,4,28,21,3
61,7,36,4,2,80,8,40,21,1
48,3,31,4,1,77,10,29,24,1
41,6,30,4,3,38,8,31,18,1
34,4,22,5,1,65,10,28,21,2
46,3,28,3,1,40,8,26,23,2
56,5,25,3,3,19,6,26,22,7
79,10,28,7,1,29,6,31,20,6
20,2,23,2,7,17,8,28,23,6
41,3,28,3,2,44,10,28,21,1
66,6,33,3,1,51,8,37,23,4
48,5,34,3,1,54,6,32,23,2
38,5,31,4,1,12,3,25,21,6
50,6,31,7,1,73,9,31,17,1
27,3,24,3,3,21,8,31,21,1
22,3,32,5,1,48,5,30,20,1
31,2,28,1,2,3,5,22,24,8
9,4,33,6,1,59,6,27,23,1
61,4,32,4,1,47,9,30,22,1
65,5,28,5,1,87,11,32,20,1
50,5,33,3,2,24,6,25,19,2
89,9,38,4,1,56,8,35,22,4
40,4,33,3,1,43,7,31,23,6
0,4,24,4,3,0,1,26,18,3
69,6,36,4,1,47,8,32,20,1
21,3,22,3,8,6,7,28,21,2
9,1,25,4,1,7,7,25,23,2
70,7,39,3,3,83,8,31,20,1
97,6,29,4,1,69,12,32,19,1
50,6,38,3,1,53,5,32,24,4
21,4,28,3,9,9,5,27,21,2
75,9,37,5,1,93,8,39,23,1
18,2,27,4,1,19,6,26,21,1
11,4,29,5,1,12,4,30,19,1
60,7,36,5,1,85,9,41,23,1
49,5,27,5,1,71,10,32,21,3
88,7,31,4,1,77,13,34,23,2
86,7,31,5,1,81,9,24,18,1
0,0,30,1,4,33,6,23,26,2
48,5,27,5,1,72,9,36,23,1
80,6,30,4,1,34,9,32,22,4
74,9,31,6,2,64,8,30,21,1
6,4,23,5,1,14,4,33,21,1
37,6,28,4,2,20,5,39,20,2
61,7,33,7,1,94,8,33,19,1
34,2,33,3,1,86,9,28,22,1
13,2,25,2,9,5,7,24,22,3
49,5,32,4,1,72,9,36,22,1
49,5,37,5,1,55,7,31,24,1
89,9,30,4,2,63,10,37,19,2
57,4,31,3,1,40,8,31,25,4
82,7,30,3,2,83,10,31,20,3
75,6,38,4,1,77,9,33,22,1
38,4,26,2,5,5,5,26,21,5
49,4,26,3,2,10,7,30,22,4
31,2,25,2,3,49,8,23,21,3
10,3,32,4,1,49,7,35,25,1
81,7,30,5,1,54,8,32,18,2
82,6,37,5,1,97,10,31,22,2
47,6,28,4,3,13,6,29,23,4
16,5,31,5,3,47,5,30,21,1
29,4,27,5,1,60,7,29,21,3
25,3,23,5,1,59,8,22,21,2
0,2,31,4,1,34,4,26,24,3
82,8,30,3,1,17,6,33,19,2
59,5,30,3,2,67,8,29,20,3
58,6,26,5,1,41,7,25,16,1
97,9,32,4,1,38,6,32,21,9
82,8,30,4,1,37,7,32,16,1
97,6,38,2,1,96,12,32,20,1
64,8,29,5,2,82,10,36,20,1
7,1,31,2,1,22,5,20,21,3
47,4,23,4,3,32,10,28,22,3
74,5,32,3,1,35,7,28,20,4
58,7,36,5,1,50,7,31,17,1
91,9,40,6,1,92,9,27,17,1
0,1,27,3,3,28,7,24,20,1
83,7,34,6,1,93,11,37,19,1
47,3,23,5,1,25,7,17,15,2
14,4,32,5,1,44,4,30,21,1
38,4,35,3,1,24,7,32,22,1
32,3,27,2,2,14,6,34,27,5
8,2,29,2,1,1,3,24,21,4
26,2,20,4,1,39,7,23,19,3
87,6,30,4,1,68,9,29,20,3
72,7,37,4,2,94,9,33,21,2
89,7,28,4,1,87,11,32,19,2
0,0,27,3,1,19,6,19,22,4
72,6,30,5,1,61,8,24,19,3
38,5,32,5,1,31,6,32,20,1
96,10,39,4,1,87,11,39,22,3
27,6,31,5,1,25,3,31,19,1
52,3,30,1,3,59,8,25,25,5
45,3,26,1,2,19,7,31,20,4
67,8,37,6,1,57,6,31,22,1
92,6,30,3,1,70,10,25,21,7
50,6,30,3,11,24,8,32,20,1
58,4,23,2,1,19,6,28,22,13
22,4,29,5,1,21,4,27,20,1
63,5,30,2,2,27,6,29,24,7
99,9,42,5,1,96,12,39,20,1
64,6,26,5,1,58,10,33,22,3
74,8,30,4,2,66,8,35,19,1
89,11,29,8,1,56,7,32,15,2
53,3,35,1,1,59,9,35,24,2
65,8,34,5,3,90,8,33,21,1
4,2,31,4,2,14,5,26,21,1
13,4,28,4,5,35,5,31,21,3
42,5,34,4,1,67,6,33,21,1
96,8,38,5,1,98,17,33,21,1
33,5,31,4,1,55,6,34,22,1
52,7,36,5,1,83,6,36,23,1
93,10,43,7,1,99,13,40,20,1
93,6,32,2,3,90,12,30,18,1
25,2,28,1,6,28,9,31,25,2
2,4,30,6,1,12,4,26,20,1
51,5,29,3,4,52,10,30,20,1
72,4,31,1,1,42,10,36,25,3
29,3,27,3,1,6,6,30,22,2
74,8,41,6,1,90,8,36,23,1
36,5,30,3,5,17,6,34,21,1
16,4,34,5,2,34,6,25,18,1
3,3,33,5,1,41,3,24,21,2
68,8,31,6,1,70,9,39,19,1
81,7,32,4,3,94,12,32,21,1
2,3,30,5,1,37,5,26,20,1
24,4,34,6,1,82,8,37,20,1
16,4,22,4,1,15,5,33,22,5
66,4,35,4,1,99,15,31,25,1
60,6,29,4,3,46,9,28,21,1
37,4,33,3,1,33,5,32,21,1
12,5,27,5,1,11,3,32,20,1
4,3,27,4,4,30,5,28,21,1
42,7,33,4,7,80,7,32,21,1
57,5,24,3,5,29,9,27,24,3
79,6,37,2,1,61,8,33,24,3
19,1,27,4,1,54,9,25,24,1
56,6,26,4,2,40,9,37,23,4
23,5,30,5,2,6,4,30,20,1
36,3,30,3,2,33,7,25,22,2
18,4,27,3,4,9,4,30,23,3
0,4,23,6,3,3,2,22,18,1
36,5,28,4,2,5,3,23,18,5
38,6,25,4,4,42,8,37,21,1
11,4,26,5,3,21,5,27,18,1
73,4,27,3,1,55,9,24,22,8
24,5,33,6,1,71,7,36,20,1
60,6,27,4,2,75,9,30,20,3
54,5,29,2,2,20,5,30,22,4
22,5,29,3,5,1,4,34,21,1
75,6,36,3,2,59,10,32,19,2
77,6,39,2,1,71,10,38,21,1
72,6,27,6,1,90,10,28,16,1
58,4,24,5,1,21,10,28,22,3
0,3,21,2,5,0,2,27,20,5
46,6,31,5,3,43,8,29,21,1
49,4,29,5,1,86,12,34,23,1
84,5,26,2,3,53,13,29,23,5
20,5,35,3,5,70,6,35,24,1
77,9,30,6,1,47,6,29,16,1
17,3,33,5,1,78,7,29,24,1
33,4,32,3,1,68,8,32,22,3
2,1,17,4,1,1,5,22,24,5
90,8,35,6,1,86,12,39,21,1
2,0,24,4,1,29,5,22,20,1
61,5,37,2,2,43,7,29,25,2
41,6,37,4,2,70,7,41,23,1
6,4,30,4,5,8,3,26,22,3
53,5,26,6,1,72,9,26,19,1
94,6,34,5,1,96,11,30,18,1
69,4,27,4,1,74,12,33,20,2
18,2,26,3,1,2,6,29,22,7
66,4,35,2,2,56,11,27,24,5
19,5,33,4,8,27,3,24,20,2
3,2,29,5,1,62,9,28,23,1
97,7,38,4,1,99,17,40,21,1
5,2,23,5,1,24,7,31,20,1
89,10,38,4,4,69,8,32,22,1
13,4,29,5,1,4,4,31,23,2
85,7,35,4,1,74,9,35,21,2
72,6,30,3,1,46,9,39,20,2
74,6,30,4,1,60,9,34,18,2
5,3,27,6,1,32,5,21,18,1
93,6,31,2,1,57,10,33,20,4
48,7,29,6,1,39,4,31,19,2
57,3,24,3,1,26,10,27,20,4
94,8,29,3,3,46,10,31,23,3
48,5,26,4,2,31,7,30,21,5
71,5,25,4,1,64,11,33,23,4
66,5,36,4,1,63,11,32,19,1
93,6,32,4,1,89,12,36,21,3
81,8,28,4,1,38,8,37,19,2
62,7,34,4,3,78,8,32,22,1
51,5,29,3,7,37,7,24,18,2
9,3,31,4,3,61,6,29,25,1
73,5,32,4,1,66,8,31,20,1
1,0,31,4,1,14,5,22,22,1
12,4,25,5,1,15,4,32,19,1
85,6,29,2,2,23,8,29,18,5
49,4,24,5,1,46,10,28,17,1
87,7,36,3,1,59,8,34,22,3
94,6,35,4,1,83,10,32,18,1
65,6,36,3,2,43,7,29,23,3
41,5,23,4,6,21,8,31,21,1
59,5,33,4,1,30,7,33,21,2
97,8,41,5,1,99,12,37,18,1
9,2,25,5,1,47,8,27,19,1
83,6,38,2,2,94,13,37,24,1
93,10,42,6,1,96,8,35,17,1
58,5,25,5,1,34,8,32,18,1
26,3,25,2,4,10,5,27,19,4
76,9,42,4,1,77,7,36,21,3
60,8,38,4,3,38,7,36,23,2
31,3,31,2,3,62,7,28,21,1
51,5,28,4,1,45,8,32,22,3
46,7,37,6,1,86,7,35,21,1
49,5,29,3,3,18,5,27,20,1
33,3,23,3,3,46,9,30,21,1
15,2,29,4,2,49,7,27,24,1
74,9,30,5,1,22,5,32,18,2
54,6,32,6,1,58,7,28,20,1
30,6,36,4,1,63,6,38,22,3
63,5,36,4,1,63,8,31,22,4
82,6,30,2,1,30,10,37,21,1
39,5,27,3,11,53,7,32,22,1
17,1,23,2,3,4,7,25,25,6
60,4,25,4,1,60,12,32,21,1
30,5,27,4,7,46,7,29,24,2
90,7,29,3,1,39,7,31,18,3
99,8,30,4,1,91,12,37,19,2
29,6,29,5,2,11,3,26,20,1
92,7,27,4,1,59,11,37,18,2
73,5,30,4,1,89,12,29,23,2
41,2,22,2,3,33,11,27,20,1
55,6,35,4,1,90,8,31,19,1
95,7,35,4,1,88,10,28,18,2
5,4,26,4,7,8,5,29,22,2
26,2,24,3,3,20,8,20,20,2
44,4,23,4,1,49,10,37,23,2
61,5,36,4,1,72,7,28,18,1
88,8,27,6,1,72,12,32,20,2
96,9,35,7,1,96,13,36,15,1
31,4,31,2,3,22,6,38,25,3
1,3,28,5,2,18,6,26,20,1
12,1,30,4,1,57,7,22,20,1
96,9,27,5,1,55,9,35,17,2
21,1,24,2,2,31,10,31,21,1
38,3,29,5,1,49,9,30,19,1
87,8,36,3,3,86,12,41,20,1
74,6,37,3,1,70,8,32,22,3
88,6,36,3,1,93,12,33,23,1
78,4,30,5,1,75,13,25,22,1
34,6,27,4,14,30,6,31,22,1
11,4,32,3,9,57,6,32,23,1
41,3,34,2,1,17,7,30,25,2
18,1,29,4,1,56,9,24,22,1
62,4,28,2,4,70,12,29,21,3
52,3,29,3,1,68,10,29,23,4
44,4,23,4,1,21,8,34,20,2
50,7,33,6,1,55,6,24,20,2
51,5,37,6,1,85,7,25,18,1
76,5,37,2,2,65,9,30,24,4
40,3,28,3,1,61,8,30,23,2
87,7,33,5,1,93,12,33,20,1
51,5,32,5,1,31,5,27,19,2
38,2,31,2,1,46,7,29,24,8
50,6,31,5,1,40,8,33,23,3
59,6,33,3,3,43,7,29,19,2
3,3,26,4,1,26,4,29,21,3
7,3,20,4,3,2,4,31,19,3
97,6,27,5,1,66,14,33,21,3
3,0,27,0,2,0,2,22,25,6
77,9,31,4,3,57,7,34,21,5
31,3,26,5,1,27,7,22,18,2
0,0,23,1,3,11,5,29,26,7
54,4,31,3,1,71,9,34,24,4
85,9,28,7,1,96,13,36,20,1
63,4,29,1,3,36,9,28,23,4
91,8,27,3,3,78,11,36,19,1
59,4,28,2,3,70,10,31,24,2
14,5,32,5,4,66,6,30,19,1
54,4,26,4,1,32,8,23,18,2
43,5,31,6,1,77,7,26,18,1
1,3,23,5,5,18,5,24,20,1
8,2,30,3,1,5,4,30,24,2
2,2,26,5,1,14,4,24,21,1
16,3,26,3,2,16,6,33,21,2
81,5,37,1,1,78,9,33,23,3
29,3,22,3,3,25,7,31,24,5
3,2,29,3,2,4,3,26,22,1
90,6,31,5,1,95,12,32,18,1
33,3,28,4,1,78,10,30,20,1
90,11,40,6,1,90,11,42,21,1
8,3,30,4,2,35,5,24,21,1
80,6,29,3,1,39,8,32,19,4
99,6,28,3,1,59,13,34,24,5
51,6,31,4,1,53,5,33,21,2
54,6,28,3,2,40,6,32,19,4
82,6,33,2,1,45,8,29,22,5
84,6,29,2,1,43,8,33,19,5
34,3,28,2,1,53,7,29,20,2
57,5,25,6,1,28,8,30,22,3
65,8,37,6,1,80,7,30,21,2
23,3,28,4,1,24,7,34,24,3
55,7,32,7,1,86,8,33,16,1
66,4,32,3,1,76,11,27,19,1
33,2,27,5,1,44,7,15,17,1
58,5,31,4,1,36,7,24,18,1
55,5,26,6,1,36,7,24,18,1
14,4,34,4,4,36,5,29,24,1
87,7,40,3,3,75,9,27,21,2
39,6,28,7,1,38,7,28,16,1
75,6,35,4,1,51,7,33,23,2
15,2,32,2,3,34,7,27,24,2
50,4,30,3,1,19,8,31,23,5
52,3,27,3,1,54,11,26,22,2
39,6,30,4,3,44,6,34,23,4
94,6,27,5,1,76,13,33,19,2
37,5,29,5,1,45,8,31,21,1
6,2,33,4,1,29,4,27,22,1
98,9,31,5,1,79,10,32,16,1
12,2,19,2,5,12,5,25,20,2
14,3,34,5,1,50,7,28,22,1
34,4,24,3,6,46,8,28,24,1
83,7,38,4,1,51,7,32,18,2
15,1,26,1,2,9,7,33,26,3
62,8,29,5,2,55,6,30,17,1
76,5,31,4,1,92,16,33,21,1
43,6,35,5,1,89,10,35,24,1
52,7,30,4,6,58,8,34,22,1
13,1,28,4,1,13,5,21,21,2
93,8,29,5,1,63,10,28,20,5
22,4,23,4,4,15,7,31,23,2
80,6,28,4,1,54,11,34,22,3
17,1,28,3,1,34,7,22,22,2
66,8,34,6,1,81,8,36,21,2
77,5,29,4,1,75,12,36,23,4
91,6,34,2,2,79,13,36,21,3
69,4,30,3,2,88,14,35,23,1
47,7,26,4,15,39,6,30,17,2
20,3,23,4,2,16,4,23,19,3
64,7,38,5,1,85,7,34,18,1
87,9,42,7,1,98,9,39,20,1
94,6,34,4,1,96,12,34,21,2
87,9,30,5,2,77,9,30,17,1
74,7,33,3,1,88,9,34,21,1
32,2,34,1,3,22,6,24,23,2
57,6,34,6,1,65,8,37,23,1
53,4,32,4,1,58,9,25,22,3
79,9,39,4,2,69,8,33,22,1
14,4,24,5,2,15,4,20,18,1
4,2,23,3,2,5,3,28,22,2
58,7,34,6,1,69,8,26,20,1
5,1,32,4,1,42,7,31,25,2
33,2,23,3,1,46,8,25,21,4
25,3,29,5,1,45,8,28,21,1
19,2,22,2,4,32,8,26,24,3
42,5,33,5,1,47,8,32,19,1
99,6,38,4,1,98,17,37,20,1
10,2,22,2,5,18,7,32,24,3
1,3,27,3,4,32,6,34,24,1
9,4,29,3,7,0,1,24,21,3
67,6,29,5,1,70,12,32,20,1
12,2,29,3,1,28,8,30,23,1
16,4,32,2,2,30,5,39,25,3
44,4,27,4,1,12,7,27,21,2
28,2,28,2,1,7,7,30,25,3
79,5,28,3,1,58,11,29,20,1
6,4,27,6,2,44,6,27,18,1
94,6,28,4,1,85,17,35,19,1
20,2,26,2,5,22,8,28,23,4
36,4,26,5,2,31,8,28,23,1
60,5,27,4,1,53,8,33,22,2
88,6,31,4,1,77,13,29,20,1
13,4,25,4,5,15,7,29,23,2
21,4,29,4,4,43,8,31,23,2
68,5,26,4,1,55,10,35,20,1
22,5,32,7,1,16,3,27,21,1
66,6,27,5,2,52,8,25,18,1
86,9,35,4,1,38,6,31,20,4
78,5,34,4,1,98,20,32,20,1
93,10,32,7,1,95,13,36,18,1
42,5,26,3,10,51,7,30,22,3
94,11,43,7,1,98,12,43,21,1
22,5,28,7,1,59,6,28,18,1
5,3,31,4,1,14,4,24,21,2
88,6,30,2,2,77,13,38,24,2
14,2,27,5,1,18,7,26,22,1
36,4,31,5,1,34,5,27,19,1
51,4,28,2,3,10,6,25,22,2
59,5,35,2,1,30,5,27,22,10
42,6,28,4,2,52,7,37,21,2
46,3,26,3,1,24,8,30,21,1
24,5,26,4,7,25,7,33,22,4
14,4,29,4,2,33,5,27,22,3
43,3,30,1,2,17,6,28,22,7
4,2,32,5,1,22,5,32,23,1
43,3,27,2,3,40,9,27,20,1
73,5,28,4,1,62,12,31,19,1
12,2,27,4,1,22,8,24,22,1
29,2,33,2,1,54,8,26,25,2
94,10,38,5,1,81,11,39,21,1
30,5,26,3,6,22,6,32,19,1
5,1,19,4,1,8,6,25,21,2
62,6,29,5,1,63,8,34,21,1
33,3,28,3,2,30,8,29,22,1
50,4,30,4,1,53,10,29,20,1
21,4,32,2,4,46,7,34,22,2
76,8,40,4,1,75,9,35,19,1
3,2,23,3,3,8,4,22,21,4
75,8,34,4,4,79,11,38,24,1
58,4,37,3,1,46,7,28,21,1
65,8,29,4,3,31,6,37,20,2
47,4,29,5,1,37,8,24,21,2
23,4,29,4,4,45,8,33,23,1
10,1,26,3,1,7,5,17,24,2
22,3,34,4,1,58,6,22,20,1
6,2,28,3,3,16,5,23,20,1
68,4,24,5,1,62,12,30,20,2
43,4,33,5,1,88,9,30,21,1
99,8,27,4,3,90,13,31,22,1
35,4,33,2,2,33,6,31,23,2
26,5,23,3,13,22,4,30,19,2
9,4,32,4,2,15,4,35,24,4
27,5,32,5,1,66,6,34,21,1
11,2,33,4,1,65,5,25,23,3
52,3,36,4,1,72,9,25,22,1
52,7,32,4,2,57,7,38,21,1
25,2,32,1,1,16,6,31,24,3
26,5,23,5,2,44,6,27,21,2
31,4,25,5,1,39,7,30,21,2
76,7,32,3,3,73,9,30,22,3
97,7,29,4,1,85,11,30,20,1
49,4,33,5,1,51,8,29,21,2
82,7,27,4,1,73,9,31,21,7
39,4,29,3,2,12,7,31,22,2
54,7,27,7,1,19,5,28,18,3
2,1,23,2,9,15,5,23,24,4
65,5,30,3,3,67,11,31,19,1
82,6,31,3,1,84,12,42,23,1
37,2,28,4,1,57,9,29,25,2
84,6,36,2,2,79,11,34,22,3
61,5,34,3,1,87,10,35,22,2
79,7,35,5,1,80,9,26,20,1
87,8,35,4,1,76,8,29,18,2
95,8,33,6,1,95,14,35,18,1
5,1,30,3,1,9,4,22,23,2
58,7,39,3,2,67,7,39,22,2
42,6,30,3,7,13,5,28,21,2
34,5,31,5,1,62,5,31,20,1
67,4,24,4,1,73,14,33,19,2
19,5,24,6,2,10,5,22,21,4
42,5,34,4,2,68,6,26,20,1
71,8,32,7,1,92,9,39,23,1
65,8,40,6,1,94,10,39,20,1
31,3,32,3,2,84,11,30,24,1
39,3,23,2,4,29,7,25,23,8
63,6,27,5,1,81,10,33,23,2
14,2,28,4,1,16,4,21,20,1
16,3,26,4,1,35,5,30,22,1
16,5,27,6,1,16,5,32,19,1
41,3,30,5,1,68,8,22,18,1
66,4,27,2,1,17,7,26,21,6
80,5,38,5,1,87,12,29,22,1
9,5,27,6,1,23,5,30,21,1
55,5,29,4,1,70,10,37,23,1
1,4,30,3,10,37,6,35,26,1
70,7,26,7,1,52,9,29,20,1
16,4,23,6,1,24,5,28,20,1
56,5,27,6,1,45,9,31,19,1
14,4,28,4,1,6,4,34,24,2
47,4,29,2,6,52,9,30,22,3
82,7,35,5,1,96,12,35,19,1
55,4,32,4,1,76,9,36,21,1
8,1,32,1,1,3,5,29,23,5
89,8,28,3,2,18,7,30,18,5
60,3,36,4,1,98,13,27,24,1
5,2,29,4,1,13,3,23,22,4
27,3,23,3,2,3,7,28,20,1
72,8,34,7,1,86,8,28,20,3
28,2,23,3,2,23,7,24,20,2
4,3,31,5,1,27,6,31,22,1
57,6,25,5,2,74,11,34,20,1
55,3,32,2,2,88,11,30,23,1
1,2,25,3,2,42,7,26,22,2
75,6,27,3,2,77,12,33,23,6
56,4,36,3,1,94,12,31,22,1
14,4,28,5,2,43,7,27,23,1
84,6,35,4,1,92,11,29,22,2
52,5,24,5,2,65,11,32,20,1
48,4,27,3,2,16,6,27,19,2
58,6,30,3,6,27,7,27,22,2
19,3,26,2,3,5,6,30,21,3
35,3,31,5,1,88,8,28,24,2
33,3,29,1,2,11,7,33,22,5
38,6,32,6,1,45,4,33,22,2
81,9,30,6,1,61,7,30,19,4
64,7,29,4,2,32,8,37,18,1
56,5,34,4,1,50,7,28,19,1
68,7,30,4,4,70,10,37,21,2
78,9,32,5,1,79,7,35,19,1
42,4,31,5,1,65,8,26,18,1
37,5,32,4,1,35,5,33,20,1
20,5,31,4,2,49,5,34,22,1
74,8,30,6,1,68,10,32,18,1
14,2,23,2,6,6,7,25,20,2
16,2,31,3,1,73,8,30,25,1
96,12,29,5,4,75,12,36,15,1
8,3,23,3,3,0,2,29,21,2
83,5,31,4,1,83,11,30,17,2
52,6,35,4,1,43,7,34,19,1
50,7,27,4,6,5,5,33,20,4
10,3,29,4,2,42,7,33,21,1
29,4,22,3,2,3,5,29,21,1
0,4,28,6,1,26,3,25,17,1
14,2,25,2,6,18,6,25,24,4
15,3,30,3,2,10,3,27,22,1
89,9,30,5,1,70,10,42,18,1
16,1,26,2,1,6,5,22,22,6
83,5,29,5,1,80,10,28,22,4
18,4,27,5,2,42,4,29,21,1
74,8,33,4,3,74,8,30,23,3
4,1,24,4,1,3,3,21,23,3
0,3,28,4,1,4,2,24,23,8
15,2,18,1,5,6,5,27,23,5
91,10,42,3,2,68,9,39,20,1
44,6,28,5,3,35,7,27,19,1
49,5,33,3,4,50,9,33,21,1
77,6,39,4,1,64,8,34,20,1
60,4,32,3,1,89,11,34,20,1
94,7,28,3,2,35,10,32,20,2
18,2,19,3,1,4,7,25,21,4
97,8,35,4,2,82,10,29,20,1
12,2,27,2,4,16,6,29,23,2
70,4,30,3,1,23,9,31,21,3
66,6,34,4,1,63,7,29,22,1
90,10,29,5,4,90,11,34,19,2
50,3,27,2,1,40,9,29,23,7
10,5,30,3,21,22,4,29,23,1
90,7,28,3,2,71,12,38,24,4
13,3,33,3,4,39,5,26,19,1
2,2,32,4,2,30,4,21,23,1
1,1,25,3,1,23,4,25,24,5
14,5,34,6,2,34,5,27,20,1
10,4,26,6,1,41,7,32,21,1
44,4,29,4,1,49,7,33,21,3
99,11,38,6,1,71,8,35,20,2
15,4,33,4,1,34,4,27,22,1
19,3,29,4,1,10,3,24,21,2
10,3,30,3,2,12,3,30,23,5
44,5,26,4,1,32,7,30,21,1
80,8,28,4,4,50,10,31,18,1
86,8,31,6,1,85,12,31,17,1
55,3,27,3,1,25,8,26,23,4
98,9,29,7,1,89,10,33,17,1
48,7,28,5,2,68,7,34,20,1
11,1,25,2,3,5,6,23,22,1
72,8,33,6,1,53,9,34,22,1
88,7,27,4,1,29,11,35,21,1
40,2,31,2,1,64,10,34,22,1
1,4,23,5,3,1,3,26,21,3
97,10,35,6,1,59,9,37,19,1
29,3,24,2,5,21,6,22,18,2
73,9,32,7,1,87,8,31,15,1
27,6,34,3,12,67,5,30,22,1
82,7,41,4,1,74,7,29,20,4
61,5,32,4,1,68,9,29,19,1
92,8,31,4,2,93,12,32,18,1
64,5,27,2,4,27,10,30,24,3
64,6,31,5,1,65,11,32,21,1
69,7,33,5,1,36,5,29,21,2
28,5,31,6,1,69,6,29,21,1
79,6,34,5,1,62,9,32,19,1
4,4,24,6,1,23,4,27,20,1
1,1,31,0,6,32,7,27,25,4
70,4,29,4,1,68,10,30,20,1
0,1,30,1,3,4,6,28,24,1
4,1,30,3,1,2,3,24,21,1
94,9,31,5,2,93,10,32,21,1
76,6,27,6,1,96,13,28,16,1
40,5,28,6,1,31,7,32,20,1
30,5,25,6,1,46,5,27,19,1
52,4,31,2,2,45,10,32,22,3
24,3,27,5,1,28,8,27,21,2
76,5,36,1,1,83,12,43,23,1
30,3,31,3,1,46,6,27,22,3
31,6,24,4,9,17,6,33,20,1
32,4,24,5,1,12,6,29,20,1
66,4,33,5,1,85,8,27,19,2
72,5,31,5,1,92,15,32,22,2
14,4,30,4,3,18,4,30,22,1
8,3,30,5,1,23,6,24,24,1
54,6,34,4,1,82,10,42,24,1
29,4,26,5,1,38,7,32,22,1
49,6,28,6,1,21,6,28,20,2
38,3,29,2,1,33,7,35,22,1
15,1,24,4,1,8,7,26,21,2
36,2,26,2,3,27,9,25,22,3
23,4,31,5,1,49,8,33,22,1
86,6,34,3,1,43,9,32,20,2
96,7,36,5,1,92,13,32,23,1
92,5,37,3,1,81,12,32,20,1
27,3,25,4,1,40,9,31,23,2
19,3,27,3,1,10,5,26,22,2
90,9,33,5,2,97,11,33,20,1
90,11,31,6,1,70,7,34,20,6
95,10,35,3,3,46,10,37,22,5
2,4,33,3,3,27,5,37,21,1
13,2,27,1,4,3,5,26,22,5
49,5,26,5,2,38,8,25,19,1
26,2,28,3,1,75,11,30,21,1
82,8,31,6,1,76,11,35,20,1
69,5,30,3,1,88,10,30,19,1
42,4,29,4,1,15,7,29,21,3
73,8,32,6,1,89,9,32,17,1
91,6,33,3,1,76,10,27,20,3
65,6,26,5,1,31,7,25,21,6
36,3,29,2,2,7,4,26,21,2
49,5,34,4,1,80,9,31,22,2
32,4,31,6,1,20,3,23,17,2
95,7,33,5,1,98,13,34,22,1
83,8,30,6,1,80,11,36,19,1
17,4,31,4,1,9,3,25,22,4
35,4,31,4,1,72,7,24,21,1
42,3,26,2,4,13,9,32,21,1
15,4,26,6,1,37,6,30,21,1
2,3,27,4,2,31,6,33,21,1
65,5,28,3,2,29,9,29,20,3
7,4,34,6,1,26,4,26,21,1
60,7,38,5,1,62,7,27,19,1
63,7,38,5,1,68,8,33,23,2
30,3,35,5,1,85,7,27,20,1
86,8,39,4,1,86,8,32,20,1
58,7,27,4,5,8,6,31,22,4
7,4,22,3,23,0,3,27,21,1
43,4,26,3,2,4,7,30,23,7
82,8,40,5,1,78,9,37,19,1
16,4,23,4,4,1,3,30,23,3
45,3,34,2,1,35,8,23,21,1
25,3,34,5,1,33,6,26,20,1
73,7,35,5,1,87,8,32,23,2
21,2,25,2,1,3,4,24,21,4
95,9,36,6,1,99,16,36,18,1
49,5,24,5,1,16,8,30,20,1
34,5,30,6,1,52,8,30,18,1
17,1,25,4,1,73,12,29,24,1
28,5,28,3,5,6,3,26,23,8
96,9,36,7,1,99,12,31,20,1
13,4,34,2,4,5,4,32,25,2
86,8,28,6,1,79,11,32,20,1
32,5,35,5,1,32,6,30,23,2
79,7,27,3,6,47,9,28,21,5
59,5,27,3,2,57,8,27,17,2
74,6,33,2,1,29,8,37,21,3
48,5,29,3,1,13,7,32,23,7
94,5,39,4,1,99,20,30,22,1
60,6,25,7,1,77,10,30,19,1
46,5,24,5,1,45,9,35,19,1
65,7,28,7,1,87,9,29,19,1
61,5,30,2,2,24,7,28,20,1
47,5,28,3,2,32,7,34,20,3
0,2,21,3,8,7,6,28,23,2
84,5,38,2,1,90,13,32,21,1
55,7,34,4,2,42,5,35,24,2
74,7,27,4,3,46,8,30,21,1
3,4,32,5,2,16,3,24,21,1
72,8,33,6,1,80,11,32,21,1
85,10,40,6,1,98,10,34,19,1
81,6,35,4,1,81,10,27,18,1
64,4,32,2,2,82,11,31,24,2
75,5,38,4,1,61,9,29,18,1
8,3,30,4,1,23,4,27,22,3
55,7,31,6,2,47,7,27,22,1
8,4,33,3,9,7,3,28,22,2
87,10,27,5,3,49,8,29,19,2
4,4,30,4,6,26,6,31,21,1
42,5,34,5,1,64,7,25,20,1
12,3,24,5,1,18,5,30,23,2
35,5,34,4,1,18,3,28,22,2
78,6,39,3,1,96,14,41,24,1
63,7,30,4,3,42,8,37,24,2
34,4,33,5,1,94,11,31,23,1
99,7,28,4,1,76,15,35,22,2
82,5,31,5,1,95,14,37,23,1
65,8,28,6,1,63,10,36,20,1
19,5,35,3,3,27,4,35,24,4
89,5,36,5,1,92,12,25,19,2
10,2,21,3,3,29,6,22,19,2
13,4,25,5,2,40,6,31,22,2
76,5,35,4,1,68,11,31,22,2
20,3,32,2,8,23,5,24,24,6
41,6,34,3,7,45,7,34,25,1
9,4,29,5,2,49,5,30,22,1
39,3,33,2,1,49,9,34,24,2
15,3,26,3,3,27,7,28,24,2
14,4,28,3,5,4,3,24,19,3
40,3,25,2,2,64,11,31,24,2
31,2,34,1,3,73,11,34,27,2
94,8,36,4,1,87,11,39,22,4
25,3,30,5,1,42,6,17,19,1
32,6,34,4,4,77,8,37,21,1
55,6,31,6,1,65,8,28,19,1
17,4,24,3,3,4,3,25,19,4
0,3,32,4,2,18,5,26,22,1
82,5,35,3,1,73,11,26,21,2
71,5,27,4,1,38,10,26,17,1
25,2,27,4,1,45,6,23,18,1
32,3,30,5,1,74,9,27,24,1
10,5,32,6,1,24,4,28,18,1
99,7,33,4,1,95,14,34,19,1
57,6,32,5,1,86,9,37,22,1
84,7,40,3,1,93,11,42,24,5
75,6,32,2,2,81,12,41,24,2
96,8,42,3,2,95,14,38,21,1
74,9,36,6,1,68,8,36,22,1
26,3,30,4,1,11,6,30,22,1
30,6,27,4,5,22,4,31,22,3
9,1,25,3,1,23,7,31,22,1
38,3,27,4,1,59,7,29,21,1
87,9,29,6,1,73,12,33,19,1
70,7,39,5,1,94,10,31,22,1
94,8,40,4,1,62,10,38,22,1
12,4,27,5,1,45,7,33,20,1
77,7,27,6,1,92,10,27,19,2
52,6,29,3,4,14,6,27,20,5
30,2,25,1,5,5,7,21,22,3
86,8,37,5,1,72,7,33,18,2
56,5,29,5,1,76,11,34,20,1
58,7,34,3,5,56,8,38,22,1
56,4,26,4,1,65,9,33,22,2
64,4,28,5,1,93,12,29,18,1
50,4,34,3,2,79,11,29,20,1
4,3,25,2,5,0,3,27,25,6
36,3,33,4,1,84,11,30,21,1
89,5,27,3,2,89,13,26,21,2
30,5,26,3,13,11,6,28,22,5
88,5,37,3,1,96,13,38,22,1
16,3,22,4,2,8,7,26,23,4
10,4,27,6,1,15,3,23,20,1
52,6,25,6,1,63,9,36,20,2
11,1,26,3,1,44,8,28,24,3
22,3,30,4,2,73,7,23,20,1
16,5,22,5,3,13,3,24,20,5
91,9,39,4,1,84,11,39,18,1
93,9,35,5,1,97,12,35,19,1
56,3,30,2,1,27,6,23,18,3
4,3,23,6,1,25,5,34,24,2
86,8,41,4,1,97,13,36,22,1
10,1,21,3,1,0,5,25,25,5
6,3,32,5,1,55,4,30,24,1
60,5,29,5,1,44,8,23,21,2
17,4,30,3,3,11,3,33,22,2
16,5,34,4,1,44,5,35,21,1
6,3,21,4,2,3,5,28,23,1
98,12,44,7,1,99,10,40,19,1
13,4,32,3,5,24,5,28,23,3
66,7,35,4,4,82,8,31,18,1
71,6,26,4,1,40,9,34,22,1
24,3,32,4,1,27,7,32,24,2
26,3,33,2,2,33,6,32,25,1
59,3,34,3,1,88,10,27,24,1
37,6,34,5,1,37,5,33,21,1
93,12,40,7,1,94,11,35,20,1
90,5,30,3,1,91,15,32,21,1
8,3,22,5,3,3,4,23,23,3
85,10,38,5,2,86,11,34,17,1
11,5,24,4,4,8,2,29,20,3
1,3,24,4,5,3,2,23,22,5
43,7,25,7,1,53,6,34,21,5
23,2,28,2,2,36,7,30,25,3
97,8,32,6,1,97,10,33,18,1
99,11,39,7,1,95,11,38,17,1
21,4,22,5,2,41,6,23,20,2
25,3,31,5,1,83,9,32,20,1
86,6,31,2,2,48,9,31,20,2
61,6,34,3,1,79,8,34,24,2
95,8,42,5,1,99,11,34,17,1
96,10,33,7,1,94,9,31,18,2
3,0,29,1,2,9,5,26,23,2
60,4,30,2,1,60,9,34,23,7
52,3,28,2,2,31,7,21,18,3
26,3,31,4,1,69,9,32,22,1
79,9,29,5,1,41,6,31,21,4
76,8,27,5,3,79,9,29,21,2
60,6,28,4,1,29,6,29,19,1
9,3,24,5,2,19,6,27,22,1
7,1,22,2,8,16,8,26,22,1
65,4,29,2,4,44,10,30,22,1
22,4,31,3,3,12,6,32,25,2
71,5,28,4,2,76,10,30,19,1
13,1,23,3,2,35,8,28,25,1
34,5,33,6,1,69,7,28,20,1
17,2,31,4,1,31,8,29,20,1
71,5,26,4,2,30,10,27,18,1
90,6,32,3,1,88,13,38,23,1
97,9,34,6,1,96,13,43,18,1
21,2,26,1,4,35,8,29,24,6
38,6,34,5,1,37,5,33,22,1
92,8,38,4,1,80,10,37,20,1
88,6,33,4,1,96,17,31,18,1
40,3,30,4,1,70,11,29,24,1
99,11,43,3,1,91,11,44,21,1
91,6,34,3,2,89,15,34,21,1
61,7,38,4,1,86,8,40,24,2
73,6,31,3,1,33,8,34,23,3
69,4,27,3,1,28,8,23,20,3
19,4,26,3,9,7,5,27,22,4
75,8,29,6,1,92,10,26,17,1
3,0,21,3,1,2,5,22,21,5
56,5,36,5,1,88,10,33,20,1
82,9,28,7,1,52,9,32,19,1
63,6,31,5,1,67,8,32,18,1
54,4,31,3,1,48,10,29,20,1
56,5,25,3,2,33,7,32,22,8
50,7,24,4,13,55,10,37,19,1
55,6,25,3,3,18,5,28,20,6
84,7,28,6,1,63,10,30,18,1
80,8,29,5,1,57,10,37,21,1
81,7,34,3,3,77,12,37,21,1
99,6,30,3,1,92,18,34,22,1
54,3,23,4,1,20,7,21,18,3
60,8,26,6,3,57,9,32,17,1
90,10,28,8,1,53,7,28,15,1
78,4,37,3,1,97,11,29,22,1
28,3,30,4,1,84,9,26,19,1
85,6,27,3,2,74,10,33,22,2
49,6,36,4,3,61,8,32,24,2
43,3,25,3,3,69,12,32,23,1
54,7,33,5,1,62,6,38,21,1
36,5,34,3,6,39,8,31,22,1
67,6,27,5,2,34,8,26,17,2
48,6,31,5,2,29,5,25,20,2
79,6,35,4,1,90,14,31,21,1
30,2,30,1,3,40,8,27,25,5
68,8,29,7,1,44,6,29,18,1
79,9,39,6,1,89,7,33,18,1
42,5,25,5,1,27,7,34,20,1
52,4,32,5,1,78,9,24,19,1
38,3,28,3,1,29,9,32,25,2
47,3,22,3,3,46,8,26,22,3
43,3,28,2,3,14,8,32,25,3
10,3,23,2,7,13,4,28,24,6
94,10,29,6,1,86,12,36,19,1
36,4,29,2,7,33,9,31,23,2
4,0,27,3,1,37,6,26,25,5
1,1,19,2,8,20,8,27,24,4
10,2,30,4,1,39,6,32,21,1
94,8,41,3,2,93,12,38,23,1
10,2,20,4,1,16,5,19,20,3
52,4,35,3,1,84,8,33,23,3
64,7,29,7,1,63,8,31,16,1
49,5,30,5,1,83,10,30,22,3
17,2,26,3,1,6,4,24,24,7
5,1,26,4,1,7,4,17,20,2
33,3,23,4,1,5,6,28,21,1
83,6,26,4,1,89,13,34,21,1
35,3,33,5,1,42,8,28,20,1
15,2,26,2,3,34,8,31,22,1
41,5,26,4,1,6,5,29,23,5
90,9,42,4,1,90,8,30,22,1
63,4,30,4,1,43,9,26,20,2
92,10,37,5,1,96,10,36,17,1
62,7,37,5,1,65,8,29,21,1
80,10,32,7,1,96,10,36,16,1
92,7,36,3,2,91,11,30,23,2
5,4,29,6,2,16,3,22,19,1
48,3,29,3,1,47,9,33,22,3
99,9,29,4,1,84,11,39,17,2
71,6,30,4,1,37,10,32,22,3
12,5,33,5,2,46,5,31,19,1
69,5,29,4,1,50,10,27,21,4
72,6,29,6,1,80,11,32,21,3
93,6,27,2,3,73,11,29,20,3
64,5,33,4,1,62,8,29,23,1
69,7,35,5,1,74,10,33,23,1
70,8,30,4,11,42,7,29,22,2
70,6,32,3,2,53,9,38,23,1
59,4,28,4,1,40,9,26,19,1
15,1,23,2,1,0,5,24,23,10
9,4,24,4,11,1,3,26,19,1
21,1,23,4,1,53,7,25,20,2
28,2,31,3,1,67,7,28,24,7
25,5,24,3,4,13,3,30,20,5
10,3,30,5,1,43,6,31,21,1
19,4,22,5,4,22,7,29,20,1
79,5,31,3,1,78,13,33,23,3
69,5,31,3,1,88,14,34,20,1
84,7,35,5,1,96,14,41,23,1
87,7,28,6,1,80,12,29,20,1
51,3,27,3,1,48,8,21,22,4
97,9,33,6,1,95,12,32,20,1
47,4,28,5,1,70,11,30,22,2
92,12,38,6,1,68,7,36,20,1
47,6,37,4,3,59,7,28,20,1
8,4,29,4,8,4,5,29,25,3
38,3,27,4,1,31,9,26,24,1
54,3,36,3,1,88,10,25,20,1
14,3,26,5,1,35,6,26,19,1
44,7,29,5,1,44,6,38,21,3
90,8,41,5,1,93,12,33,21,1
70,7,33,5,1,79,10,39,21,1
73,9,28,4,3,15,6,34,20,8
57,4,31,4,1,75,8,24,21,1
40,2,24,3,1,12,7,23,20,5
28,5,28,3,6,18,5,28,23,4
54,4,24,2,7,20,9,32,24,3
69,6,29,6,1,85,11,32,21,1
77,6,30,3,3,40,9,29,22,2
85,5,31,4,1,41,10,33,23,3
35,5,27,4,2,28,7,31,23,2
68,8,30,8,1,84,7,28,16,1
39,6,32,4,2,47,6,38,23,1
27,2,28,2,2,31,8,29,25,4
13,3,25,4,2,27,5,27,22,4
24,1,33,1,2,62,8,28,22,1
12,4,23,4,3,15,5,36,21,1
87,9,28,6,1,38,6,28,19,6
20,5,32,4,1,5,2,28,22,5
55,3,34,4,1,54,9,27,19,1
20,3,25,2,4,5,5,30,23,6
86,5,39,5,1,98,12,32,22,2
25,3,33,3,1,28,4,26,22,2
71,7,34,6,1,97,12,34,20,1
85,5,27,2,4,37,9,24,22,6
60,5,36,4,1,86,10,33,24,1
9,3,32,5,1,42,5,33,23,1
10,3,33,4,1,16,4,25,20,2
71,7,30,3,3,32,7,27,18,3
16,2,21,4,1,25,9,26,23,2
92,9,34,4,3,81,12,39,22,1
35,2,26,4,1,46,11,24,22,2
48,6,26,5,2,36,9,33,20,1
89,5,32,4,1,98,15,28,22,1
72,7,33,6,1,87,11,38,21,1
20,2,28,4,1,14,6,26,23,5
71,6,36,3,1,76,10,30,22,2
67,4,35,2,1,51,8,26,21,2
9,2,28,2,2,18,7,35,23,1
9,2,23,4,1,3,3,22,19,2
18,3,28,3,1,3,3,24,21,2
16,3,23,4,2,38,9,28,21,1
25,2,28,1,1,4,4,26,24,11
81,5,35,4,1,96,16,33,20,1
59,4,27,3,1,28,8,27,20,1
76,7,41,6,1,90,10,35,19,1
74,7,31,5,1,68,8,26,19,1
14,2,28,3,1,6,5,21,20,3
77,7,35,4,1,48,6,30,18,3
63,6,31,5,1,52,7,32,22,5
54,4,24,5,1,37,10,22,21,2
34,3,27,4,1,44,8,25,21,3
46,4,26,3,2,21,7,28,20,3
76,6,28,3,1,48,9,35,23,9
49,4,36,3,2,90,9,29,22,1
16,3,24,2,12,13,7,28,22,5
21,1,33,2,1,30,7,25,25,1
77,6,28,3,2,53,9,33,19,2
51,6,26,6,1,56,8,31,19,1
67,6,36,4,1,94,9,30,22,1
77,6,34,4,1,73,10,25,21,2
92,8,39,5,1,87,10,36,20,1
50,5,33,3,2,63,7,32,22,1
0,2,28,2,9,1,5,28,23,1
39,4,32,3,2,32,7,35,26,2
27,3,25,3,3,43,8,32,22,1
82,9,35,8,1,87,8,31,17,1
79,5,31,5,1,97,11,30,19,1
62,8,27,5,4,76,9,35,23,1
20,4,25,3,5,12,4,28,22,5
35,6,31,5,2,38,4,30,19,1
73,9,27,4,13,65,9,32,21,3
34,2,20,2,1,4,7,26,21,3
64,4,30,5,1,92,11,30,20,1
20,1,32,0,3,27,6,23,25,3
62,4,37,4,1,97,11,28,20,1
70,8,39,5,1,73,7,34,22,2
66,8,29,5,3,33,6,27,17,1
89,8,40,5,1,73,10,38,20,1
70,6,37,4,1,79,8,29,21,2
26,5,24,5,2,15,6,36,23,2
42,5,35,5,1,37,6,28,22,1
46,3,24,5,1,14,6,22,20,8
36,3,33,2,2,40,6,27,22,2
69,6,30,5,1,41,8,29,18,1
23,2,30,2,1,6,4,25,24,4
31,4,30,5,2,42,8,27,22,3
84,7,28,4,1,61,11,38,23,5
52,4,35,4,1,58,9,30,22,1
24,2,33,1,2,13,5,24,24,2
60,7,30,6,1,70,9,32,19,1
76,7,30,4,2,57,9,28,17,1
55,5,26,5,1,85,9,27,18,1
83,7,34,5,1,69,9,27,21,1
79,6,29,5,1,76,9,24,19,1
24,5,31,3,3,5,3,32,22,5
12,1,21,2,2,4,6,21,22,7
86,9,29,5,2,53,10,35,18,2
33,3,24,3,3,22,7,28,23,3
39,6,27,4,12,50,7,32,23,2
6,2,16,4,1,0,4,26,22,4
66,8,29,4,1,14,6,35,19,1
97,6,31,2,1,85,16,38,22,1
67,5,32,5,1,95,12,30,21,2
10,3,23,3,12,11,6,30,25,2
70,6,34,5,1,70,10,33,19,1
14,2,28,2,2,6,5,22,22,3
44,3,30,4,1,86,11,33,24,1
64,5,36,2,1,85,8,33,24,4
35,4,22,4,2,34,8,31,20,2
91,7,36,5,1,97,13,31,20,1
10,5,22,4,4,14,4,33,22,2
68,7,31,3,3,41,9,35,20,1
71,7,39,3,3,49,6,30,18,2
36,4,30,5,1,38,6,30,19,1
17,2,31,4,1,77,9,30,21,1
47,4,27,5,1,60,10,29,21,1
12,3,31,5,1,60,6,28,22,2
90,6,29,2,2,57,9,29,21,8
40,2,31,1,1,40,9,32,23,3
53,6,35,6,1,77,10,32,19,1
70,7,30,5,1,86,11,35,20,1
54,4,36,3,1,86,8,28,19,1
8,3,21,5,1,0,1,21,20,8
65,6,36,5,1,90,11,34,19,1
84,9,27,5,2,70,8,36,19,1
51,4,28,4,1,78,9,29,21,1
63,3,27,3,1,21,7,22,23,8
89,8,39,6,1,97,12,38,18,1
73,6,33,5,1,71,11,36,21,1
96,12,35,7,1,96,10,30,15,1
61,4,32,2,2,62,10,32,23,2
66,6,31,3,6,47,10,35,21,1
37,4,24,3,5,13,7,31,25,3
35,5,32,5,1,49,5,27,21,1
91,9,30,5,1,78,9,36,18,3
13,2,30,1,2,7,4,28,25,7
6,3,23,5,3,8,6,28,19,1
8,1,29,3,2,53,9,28,23,1
2,3,22,6,1,4,3,22,21,2
74,6,28,2,2,60,11,39,23,2
72,6,26,3,3,59,10,31,22,6
21,2,32,1,2,14,4,28,21,2
70,9,38,4,1,56,7,39,23,4
74,8,29,7,1,97,10,29,20,1
99,9,33,7,1,89,10,32,19,1
53,6,30,3,3,22,6,29,20,2
19,4,33,4,2,62,5,27,22,4
96,10,40,6,1,97,10,29,15,1
97,7,33,4,1,90,15,39,20,1
80,6,38,4,1,82,10,30,18,1
52,5,27,3,4,46,8,32,22,5
62,5,35,5,1,72,10,28,21,1
20,3,26,5,1,6,3,21,18,2
76,6,34,4,1,86,12,37,22,2
54,4,33,4,1,69,10,33,20,1
12,5,35,6,2,87,6,28,21,1
10,1,25,4,1,6,5,19,17,2
97,6,41,3,1,85,10,29,19,1
4,4,24,4,8,26,6,32,20,1
95,8,34,3,1,61,10,35,21,1
17,3,25,5,1,7,5,26,20,1
39,6,29,4,3,25,6,31,17,1
43,7,30,7,1,56,7,31,18,1
8,3,18,5,2,32,8,28,20,1
3,1,26,3,1,10,4,20,23,5
3,2,27,2,5,15,5,26,21,2
82,7,29,3,1,43,9,37,23,4
90,9,29,4,2,80,11,42,22,1
86,7,36,4,1,63,7,27,17,1
89,8,35,4,1,82,9,35,19,1
83,8,41,4,1,98,13,40,20,1
86,7,33,5,1,89,10,26,21,1
32,4,26,2,3,9,5,32,21,3
51,3,29,1,3,48,8,28,21,1
27,3,26,2,5,4,6,30,26,6
94,6,32,2,1,81,13,33,21,2
91,10,39,5,1,69,9,35,19,1
99,9,36,5,1,83,12,31,19,2
59,3,30,3,1,30,8,28,23,2
85,6,34,4,1,74,8,28,22,5
6,2,27,3,1,22,5,24,23,4
46,5,37,3,2,50,7,35,22,1
28,2,29,4,1,74,10,26,20,1
86,6,39,2,2,80,10,28,22,4
27,5,29,5,4,22,4,22,21,5
5,3,28,4,2,1,4,30,25,4
62,4,27,2,3,65,12,31,23,1
56,4,23,5,1,39,11,32,21,1
86,8,30,3,3,43,8,32,22,2
33,4,36,3,1,54,7,36,25,2
26,2,28,2,2,27,7,27,24,2
21,4,34,4,2,27,6,30,24,2
17,2,28,3,1,8,4,27,20,2
27,5,34,3,3,30,6,33,20,1
72,6,29,3,2,33,7,27,18,2
96,7,31,3,1,41,11,36,21,6
96,9,34,7,1,89,9,27,16,1
38,4,28,4,2,48,8,29,21,2
52,4,29,3,1,56,9,37,21,2
40,3,31,2,1,14,4,25,23,12
99,8,33,5,1,98,19,34,20,1
90,7,37,5,1,94,11,33,23,2
55,5,29,5,1,87,10,28,21,2
74,8,28,7,1,80,9,27,19,1
94,9,32,6,1,59,8,28,19,3
60,5,24,3,1,13,7,28,22,11
46,3,33,2,1,30,7,27,23,3
10,4,31,6,1,11,2,25,21,1
36,4,26,5,1,22,5,22,18,1
98,7,30,4,1,74,13,29,22,1
43,6,36,6,1,76,8,30,19,1
72,5,33,4,1,72,12,34,20,1
3,1,30,2,4,3,4,20,23,5
86,7,41,4,1,94,12,37,19,1
99,13,35,5,1,89,12,40,17,1
68,8,34,4,3,36,6,30,19,2
76,8,39,4,1,59,7,29,21,2
37,6,26,5,1,3,5,34,23,2
79,5,27,3,1,32,10,34,24,4
32,5,27,3,3,24,6,34,21,3
29,5,28,4,4,51,8,31,19,1
51,3,29,4,1,36,8,26,20,1
71,8,26,6,2,66,8,26,20,3
25,4,23,3,4,9,7,35,20,3
63,4,28,4,1,65,10,25,21,2
90,9,27,7,1,87,9,34,19,1
98,9,28,3,3,53,10,35,22,1
66,7,31,4,1,11,4,31,18,2
71,5,30,3,1,76,10,33,21,3
0,3,18,5,2,5,5,25,20,1
36,6,30,4,2,9,2,29,20,2
9,3,30,3,3,33,4,30,22,3
76,8,33,5,1,65,7,31,19,1
58,7,36,5,1,64,8,33,20,1
58,5,28,4,1,23,8,32,19,2
43,3,28,5,1,78,10,28,20,1
62,7,36,7,1,85,9,39,21,1
86,7,30,4,1,77,10,34,21,1
72,6,32,5,1,73,9,28,18,1
2,1,27,3,1,18,5,26,24,4
90,8,30,5,1,74,10,25,15,1
11,2,26,5,1,67,8,26,25,1
84,5,26,4,1,72,14,37,23,2
20,4,32,4,4,42,6,32,23,1
69,5,28,2,1,18,7,31,25,6
51,4,31,5,1,61,7,27,22,2
48,4,34,3,1,25,5,27,20,2
23,3,32,4,1,23,5,23,21,3
32,6,28,4,4,38,6,31,22,2
36,3,22,2,2,17,6,30,21,2
49,3,25,4,1,56,9,29,20,1
36,4,29,4,2,63,8,29,21,1
88,10,28,6,2,89,12,35,18,1
69,8,27,4,3,35,7,36,19,1
87,8,35,5,1,87,10,30,16,1
33,3,34,4,1,79,11,30,21,1
27,5,27,3,5,12,3,27,22,10
61,8,31,5,1,62,6,31,20,1
17,4,34,4,1,37,4,24,21,2
24,3,31,4,1,61,8,32,21,1
9,4,34,4,1,35,3,35,22,1
50,3,24,4,1,72,12,30,21,1
55,7,29,4,7,48,6,28,20,2
75,4,30,2,3,92,12,28,23,4
83,9,30,5,2,71,11,35,20,2
36,6,29,3,8,10,4,26,21,2
95,7,31,2,3,69,10,30,19,1
15,3,23,3,3,14,4,29,21,4
69,5,25,3,1,35,7,30,19,5
78,9,41,5,2,78,7,29,20,1
17,4,21,5,1,14,4,26,22,3
73,8,34,6,1,92,9,38,21,1
75,5,29,2,1,41,9,33,21,3
23,2,20,1,3,13,6,25,24,12
24,5,26,5,3,13,4,22,18,1
94,6,39,5,1,99,13,29,18,1
26,2,20,5,1,56,10,25,22,1
39,6,36,3,5,76,6,32,23,1
1,0,20,1,8,13,6,19,21,1
14,2,28,2,5,12,4,22,22,1
82,10,42,6,1,82,9,33,19,1
39,3,22,4,1,57,10,28,22,1
66,8,39,4,4,82,7,31,20,1
33,4,27,6,1,49,6,27,19,1
10,4,28,3,7,0,4,33,26,4
99,8,42,3,1,96,10,32,20,2
96,11,33,6,1,86,10,34,18,1
23,2,27,1,4,6,7,28,25,6
69,8,28,8,1,56,7,25,16,1
12,4,23,4,7,5,4,22,18,1
27,4,25,6,1,56,9,28,23,1
78,7,37,3,1,71,9,40,22,3
32,4,22,3,3,1,5,29,22,8
19,1,25,2,4,12,9,23,23,4
15,2,23,3,2,5,6,28,22,2
0,3,27,6,1,48,5,21,21,2
9,2,27,3,3,10,7,25,20,1
78,4,26,2,4,70,12,31,23,2
10,5,32,6,1,23,3,27,20,2
16,2,25,4,1,31,7,22,20,1
24,5,23,7,1,4,2,25,18,1
81,8,36,5,1,95,11,36,20,1
98,10,31,4,2,65,9,31,17,2
1,4,33,4,1,3,0,29,20,1
20,4,22,6,2,58,8,27,20,2
98,10,28,8,1,56,7,31,18,1
63,8,31,6,1,43,7,27,17,1
59,4,31,4,1,60,8,30,20,1
22,3,22,4,2,47,7,26,21,1
3,3,29,5,1,50,7,29,24,1
8,4,33,5,1,65,7,29,20,1
83,6,30,5,1,79,13,31,22,2
67,7,36,3,2,18,4,32,23,9
32,6,34,5,1,30,4,26,18,1
98,10,31,4,3,78,10,34,20,1
30,5,24,3,4,20,6,34,24,5
49,7,36,5,2,92,8,32,22,1
69,7,36,3,3,55,8,35,24,3
8,1,30,4,1,28,7,29,23,1
85,6,26,2,4,52,13,34,18,2
51,7,34,5,1,69,6,33,22,4
94,7,31,4,2,74,14,30,19,1
62,7,32,6,1,49,8,33,21,3
57,5,36,5,1,85,8,27,23,1
21,3,21,2,4,3,4,26,23,11
82,6,29,2,2,77,13,38,23,2
94,8,32,6,1,99,13,29,17,1
83,6,30,5,1,68,12,32,21,1
5,2,30,3,1,32,6,28,22,2
86,7,32,6,1,90,13,32,19,1
88,10,35,4,2,51,6,36,21,4
68,4,25,3,2,72,10,27,22,5
0,0,23,3,2,4,5,17,21,2
65,7,29,5,2,38,7,24,15,2
44,5,35,6,1,55,7,35,23,1
95,6,27,2,1,58,12,35,23,11
56,6,28,3,1,33,6,35,20,2
23,2,32,2,1,70,10,34,25,1
48,3,29,4,1,85,9,24,20,1
73,6,31,5,1,53,8,28,15,1
57,7,33,4,2,57,6,34,23,2
48,6,28,6,1,28,7,38,21,1
75,5,33,3,1,71,10,26,18,2
35,2,28,2,3,13,9,29,24,3
41,6,28,3,15,25,7,34,21,2
84,7,39,2,3,91,13,35,23,1
1,1,24,5,1,5,6,26,22,1
12,2,30,3,2,63,8,29,25,1
15,3,25,3,3,7,4,29,21,1
77,6,28,2,2,50,8,30,21,1
17,2,31,1,1,14,5,30,23,3
60,5,25,4,4,75,10,28,20,1
47,7,33,7,1,71,5,30,19,1
12,2,23,5,1,50,9,27,21,2
5,2,26,4,1,4,5,31,25,5
73,8,41,6,1,98,10,31,18,1
76,8,38,5,1,96,11,34,20,1
56,4,23,3,1,9,8,30,22,7
41,4,26,3,2,26,5,28,20,4
78,5,38,2,1,74,11,33,22,1
20,2,25,4,1,40,9,29,20,1
29,4,23,5,2,27,7,28,19,1
97,6,30,2,1,41,9,29,20,6
33,5,31,6,1,64,7,32,21,1
74,8,39,3,1,55,7,40,24,4
73,6,29,4,1,47,9,36,19,1
79,7,27,6,1,54,9,26,18,3
58,5,33,5,1,86,9,27,16,1
83,10,39,5,2,91,9,32,18,1
29,6,34,5,1,24,4,29,21,2
10,2,29,2,4,22,4,23,21,1
20,2,26,1,4,6,6,22,24,8
86,6,28,4,1,67,12,28,21,3
2,3,32,5,1,16,3,23,21,1
10,1,31,1,3,32,7,34,28,2
55,6,34,2,2,60,6,35,24,3
34,6,26,4,4,4,3,28,22,3
78,6,28,3,4,63,12,31,22,2
80,7,36,5,1,76,9,27,18,1
80,8,33,4,2,59,8,28,19,2
44,3,26,2,1,16,9,30,25,3
69,4,28,2,3,34,11,29,20,3
88,8,29,6,1,48,8,31,19,2
86,9,34,7,1,93,10,37,18,1
99,9,38,4,1,74,10,40,19,1
25,4,31,3,3,4,5,32,25,4
3,4,25,5,4,22,6,31,20,1
58,6,26,4,2,12,8,32,20,1
68,7,38,5,1,76,8,35,23,1
73,8,28,6,1,84,9,36,18,1
17,2,31,2,1,30,8,30,21,1
71,6,29,3,1,58,9,36,24,4
43,4,33,4,1,82,10,34,21,1
93,5,31,3,1,93,17,32,23,2
68,6,36,5,1,74,7,27,20,1
29,4,29,3,2,3,4,31,20,4
59,6,25,3,2,35,8,36,21,6
96,6,31,3,1,86,14,36,22,1
98,7,33,5,1,98,17,41,22,1
8,4,35,3,3,37,4,39,26,1
44,3,29,2,2,43,7,25,21,2
27,3,23,3,2,11,7,33,25,5
49,4,33,4,1,87,11,34,21,1
4,3,31,3,5,46,5,27,23,2
57,4,29,2,2,49,8,31,21,1
86,8,32,4,1,71,9,35,22,6
65,5,32,5,1,86,9,33,20,1
42,4,25,3,2,4,4,27,22,16
28,3,29,5,1,54,7,24,21,2
47,5,24,3,3,1,5,32,22,7
43,3,30,3,1,40,10,28,20,1
11,1,24,2,2,2,6,26,21,2
52,3,32,1,2,71,10,30,22,2
27,5,29,3,6,2,3,25,22,8
25,2,23,2,5,10,7,25,25,2
99,7,28,3,2,92,15,33,20,1
18,4,32,4,2,11,4,31,24,3
27,5,32,4,5,50,8,31,21,1
60,7,28,4,4,38,7,27,19,1
2,4,33,4,1,19,4,38,25,1
67,5,30,3,1,40,9,32,19,1
19,3,35,5,1,69,7,28,21,1
9,1,23,0,3,0,4,23,23,11
94,6,34,5,1,96,12,29,19,1
44,3,31,4,1,73,9,25,23,1
56,4,25,2,1,10,6,26,21,6
12,3,29,2,15,13,4,24,24,3
14,3,25,4,3,29,8,32,19,1
32,3,31,2,2,28,5,28,21,2
23,5,33,4,3,35,6,34,23,2
68,6,27,4,3,34,9,26,18,1
88,5,31,4,1,79,15,34,20,1
66,8,28,6,1,55,8,31,17,1
65,4,26,2,1,4,8,33,24,5
55,6,32,5,1,67,8,28,22,1
62,5,33,4,1,89,10,29,22,1
82,7,30,4,1,88,13,38,22,1
51,7,34,4,1,56,6,41,22,2
49,5,23,6,1,42,10,29,21,1
42,4,26,5,2,73,8,25,21,1
55,7,35,6,1,71,7,32,19,1
91,10,39,6,1,91,10,32,20,1
99,11,41,4,1,78,8,35,22,3
95,7,30,5,1,93,11,29,17,1
6,2,28,2,2,11,6,35,26,2
80,8,33,5,1,91,10,39,21,1
58,4,30,2,4,62,9,31,25,3
7,4,24,6,2,8,3,24,18,1
22,5,28,5,1,4,2,26,21,4
28,5,34,4,1,20,4,32,21,2
66,5,36,4,1,90,11,27,21,1
54,3,32,3,1,72,11,29,20,1
12,2,30,4,1,43,5,22,20,1
51,5,36,4,1,79,8,30,19,1
13,4,31,5,1,58,5,29,23,1
62,6,30,4,2,85,10,29,19,1
80,7,29,3,4,61,10,33,18,2
96,8,31,6,1,94,14,40,18,1
