K:10
N:500
Gap:1.5456904814649
Rho: 
1 0.8 0.45 0.2 -0.3 0.7 0.75 0.5 -0.3 -0.1
0.8 1 0.45 0.5 -0.1 0.55 0.4 0.6 -0.4 -0.2
0.45 0.45 1 0.1 -0.3 0.6 0.3 0.4 0 -0.3
0.2 0.5 0.1 1 -0.5 0.35 0.1 0.1 -0.5 -0.45
-0.3 -0.1 -0.3 -0.5 1 -0.4 -0.3 -0.1 0.2 0.2
0.7 0.55 0.6 0.35 -0.4 1 0.8 0.45 -0.2 -0.45
0.75 0.4 0.3 0.1 -0.3 0.8 1 0.45 -0.1 -0.3
0.5 0.6 0.4 0.1 -0.1 0.45 0.45 1 0.1 -0.2
-0.3 -0.4 0 -0.5 0.2 -0.2 -0.1 0.1 1 0.4
-0.1 -0.2 -0.3 -0.45 0.2 -0.45 -0.3 -0.2 0.4 1
X:
21,4,2.03964297488323,0.274278537825424,0.812007594620809,4.78841172237663,31.657686682005,-22.3490792069048,0.00194374225102365,0.148551126709208
97,6,2.27759762564881,0.266589489857474,0.0356959407217801,6.62212059731172,71.2284412321215,11.4860511686091,0.011387458909303,0.741345819784328
57,3,0.92928353017341,0.102965263753395,0.722260712878779,3.17319745668331,52.6171208926533,-5.98219261772497,0.112273775875093,0.352328583132476
14,2,-0.750531769757901,0.0133124466519803,0.737436551833525,2.48922770302171,28.2620309960212,-0.953849659581687,0.160129748276415,0.940497804200277
84,5,9.29368494393492,0.0469132469055557,0.0717182352673262,9.63656135396222,58.3205309017454,33.0221538718528,0.037256283108735,0.441006556618959
96,7,4.12408893685218,0.11697811295744,0.59098657942377,7.03792877932123,62.2154643397694,22.8335137504889,0.00980533212423325,0.725526956608519
90,5,2.52614048578685,0.168924343888648,0.391398762818426,9.01577041211634,70.1666676972003,-2.769670839362,0.0281133060343564,0.611227987566963
52,4,4.84597740848903,0.0144736601627707,0.922445519128814,5.76124920655805,42.5576823537179,3.97687354187481,0.183768745689633,0.772428524913266
81,9,8.93102074044468,0.475457886212921,0.448464706307277,9.4468194517319,55.8312688270066,37.4539139511638,0.00716880252584815,0.0348291418049484
66,6,2.46957251847184,0.1871822436201,0.422075455076993,2.9952071023227,27.8371884135908,3.71474598095199,0.00610674498602748,0.970539418049157
68,5,5.9885609269692,0.250043907657939,0.107474242569879,3.54731657415021,37.140142144828,3.7971813035576,0.14394333369787,0.526304623810574
73,5,6.37441492430447,0.35124157599867,0.0453970120288432,12.1037193676644,60.6217506198011,17.7058908922511,0.0998038843232107,0.103753606788814
72,5,9.02195184487291,0.0757053414126858,0.213512758724391,3.79852711252201,40.8160955071602,8.38796692821005,0.122472747411103,0.792370182229206
29,3,2.28600205940694,0.25853278277323,0.37155510741286,3.34452665980563,45.8765385604495,-3.47180164123672,0.0223782757297158,0.0489509215112776
5,2,5.96847222543786,0.0423069341564934,0.874744700500742,3.0037283863672,31.9706448873026,8.19066111260522,0.518769370176294,0.469393282895908
79,6,8.27449529365466,0.201202120621431,0.0691948109306395,6.10843297429895,46.2959047846713,21.4049673185356,0.0871508204485918,0.126065137097612
84,9,7.20179153711462,0.807914100545359,0.19607972051017,9.95970989496437,45.1601050113031,20.587382806626,0.0202323036268353,0.0281001382973045
8,2,2.98091614797866,0.0883708766195923,0.750832966528833,2.22580011470031,33.737916387659,-9.0423330767597,0.0596603091340512,0.309790494386107
98,10,9.08719390944791,0.395315264839096,0.341010036412627,10.0239109969994,64.9843596987296,44.9591159608263,0.095829515806855,0.199689370347187
10,3,2.3846857693625,0.0260326545435752,0.964696681825444,2.56682857725532,22.0740842119164,-16.4596070176053,0.272218265930626,0.732165069319308
11,3,2.65507305483521,0.0682409578002989,0.955742770107463,3.16016842786491,21.758533113338,-10.6628042197294,0.153486677995863,0.863043140852824
82,6,8.21704698735365,0.0830245356773958,0.729333881521598,6.59898006919397,57.0342470629016,19.3951872864229,0.204759898773375,0.241698570316657
27,4,5.31172716508921,0.401641728533653,0.0906620572786778,5.70023557948545,42.540485763524,17.2232911819566,0.0358813859988004,0.130296348594129
71,6,2.3875150346691,0.352903243282769,0.647792269941419,8.99034849648138,62.4739923970597,13.9026546837478,0.0136845805844739,0.0197770034428686
85,9,10.786118231157,1.07879697990822,0.0316891211550683,6.8287704704605,48.648387646711,29.9566722626121,0.032850925764069,0.0728077786043286
50,5,3.81825078618127,0.236979976518753,0.455967512447387,3.1278986165983,28.3948334424425,3.74868545224533,0.0520993225742132,0.290762823307887
37,2,0.637482403474748,0.0441167239168356,0.788127570878714,3.24417917268318,46.6127609200611,-15.7101725665835,0.139715778971771,0.852523761801422
25,3,4.44057031545517,0.109471553354524,0.276850195135921,4.0470574078548,40.2366836435454,27.224841183782,0.0546088102739304,0.6231721250806
47,5,7.09987897750061,0.219290840542171,0.657071525463834,5.00658657266436,39.4709376794917,8.81263586894059,0.0735527560072851,0.0535261263139546
46,4,6.22864227024268,0.327291365702379,0.0137218513991684,5.84046604944067,46.0732872114517,26.1683366199373,0.190930118164482,0.170189729658887
62,6,9.65972089736273,0.0992109146163378,0.685451556928456,8.38169635601818,43.5854323133039,31.3021525643069,0.238950101903414,0.499458893667907
56,4,2.53438953314985,0.0495299157919362,0.414594814181328,2.44327390129807,36.7268706754677,6.53963241159622,0.0463468294590712,0.917128342203796
74,4,4.86972264883496,0.0465264176426828,0.615089376689866,4.12400306483629,60.5919534941771,10.3192780805985,0.165832597940209,0.658167636487633
98,5,5.66228659019078,0.0395573497517034,0.64493873459287,11.6518292048948,90.4839576166519,18.8522332916094,0.111718959263982,0.284998276736587
81,5,3.99001791933302,0.172335173003376,0.404325590236112,5.44477477680833,45.0982974835332,-9.49949344305228,0.0340716654900461,0.664720997214317
79,6,2.21572841654704,0.436135602341543,0.193814764497802,5.88970557701989,44.4769998628773,1.22065232293941,0.0705864407885862,0.937508614500985
58,5,7.18492948202777,0.133604064118117,0.292317188344896,3.26237891486984,35.5752013432196,32.4102906885499,0.117408007937939,0.273354558041319
18,2,3.08029017940424,0.296073604364622,0.401941341115162,4.52391436131939,39.6374022760428,-16.7468053608434,0.0308803889048377,0.0121685164049268
98,6,3.35295872747771,0.128083835233115,0.216040183324367,9.44060471917714,76.2720477689538,17.3271740019634,0.0119436907433597,0.539632060332224
92,5,9.34029493140666,0.133765325765125,0.162089549237862,7.80170552274366,61.3301005670262,-17.4195954657287,0.00972946151621889,0.408258939161897
18,3,1.46996011559644,0.113410974969156,0.802005019271746,2.40865562137053,28.8972236634194,9.30192023789436,0.0563985648564994,0.562217124039307
92,10,7.89583993928549,0.282590572711754,0.480863792821765,5.6519007476827,42.1538764782414,29.0625109321428,0.0618758358081942,0.555648155510426
98,10,4.25178810093404,0.638403164656991,0.673166484571993,9.99034367965443,54.1402777351202,10.0306010176426,0.0112508890219033,0.359463831409812
52,6,2.34863797108327,0.0935953811276704,0.975199534324929,3.99628353167197,45.8966237340023,31.455092225329,0.278078501654749,0.474265087861568
12,4,-1.33875317799653,0.158611521590501,0.780555450124666,2.28125053929275,17.8481313688193,4.45204802467155,0.0958186949561251,0.982876720838249
47,4,4.96562137174691,0.325504495984617,0.163299725856632,4.4635777946075,44.6952869462744,16.0682712511006,0.0277123755775392,0.0488022458739579
48,6,3.17947933321424,0.465644842039248,0.299182739574462,3.61604262790653,34.8547108396072,32.7297720549974,0.131485296688498,0.327895059483126
83,8,4.14897151659171,0.284594256653193,0.324977785348892,5.38628869179731,38.1483324729227,27.11776321984,0.0235436854884028,0.28914656303823
66,6,8.83101988752143,0.0453398753888905,0.723684201017022,3.33114109939738,41.5176486979434,22.9840101456839,0.0951371824326825,0.387417955324054
72,5,10.1441279467533,0.0105735448887572,0.689560793573037,4.97501682134845,40.6138940161604,13.3445640967802,0.196112136906924,0.650217142654583
95,9,8.85770306449176,0.303142937588248,0.18520181090571,7.65857758669611,57.546208698433,33.7391552691215,0.100161823253603,0.771889680065215
68,4,0.308200943277747,0.281409303181547,0.0402788841165602,6.73365734596952,65.5991696217043,10.8302333342408,0.00450257154167988,0.329166733194143
21,5,1.78096828014647,0.186243676569986,0.910765616223216,2.06199710608724,23.4074104547914,1.78943750520544,0.0425009136088192,0.79411431029439
83,5,2.68242537718009,0.0492928898893297,0.822276460239664,5.71805566208444,55.1970209563224,-6.25825853622778,0.128076304956795,0.90787575324066
9,1,1.43377986669086,0.0140589758520946,0.900997111108154,2.87937410810965,29.4471597592329,-29.4939062566142,0.260564136678789,0.925688783405349
16,2,-1.16339415452835,0.269719072374258,0.304473505588248,2.5360432367414,34.5737477145819,-10.2739206358199,0.0154179987423815,0.466853179270402
32,2,0.220365053902773,0.0621912563219666,0.750078146811575,2.91381206284744,46.6952641605344,-8.06227671158343,0.0502451899461448,0.69180192402564
16,3,3.20409108424217,0.126578497118317,0.732289792736992,2.37399072555201,25.7921989027162,-28.1613666424385,0.0128018414551903,0.514482469530776
3,3,0.646412734889808,0.26769778951967,0.777915888698772,2.99901128773931,29.1172501015703,-22.8999894096029,0.0175908632775263,0.285619479138404
33,5,8.76421071071053,0.109683768358082,0.666595536284149,4.85366625042343,24.6483161002661,16.7590900826869,0.142847274470618,0.697020780760795
47,6,5.8410575534601,0.797678701537562,0.188384909648448,3.8471713922229,31.2994383366275,-7.29764994905048,0.0551572249736637,0.538001040695235
87,5,6.42492268707714,0.0542332448322267,0.588254572823644,6.28695651025496,64.1354594790083,-0.369682301503609,0.0273140840653843,0.312399296555668
14,4,6.9392571865173,0.0895341717827021,0.806179078761488,3.24809439367658,20.4989360891129,0.744042056790088,0.0303994622026042,0.371064751874655
33,3,2.32868975418276,0.00240514695178717,0.940533612156287,2.90266891975978,35.9631379451911,0.923640585342362,0.271064107666228,0.693031401606277
73,6,4.71022937711643,0.114622632157989,0.470596111146733,3.36867458472476,35.5513127547215,20.092258237346,0.120480019501866,0.998482946539298
68,5,5.29107906379664,0.0401385574647803,0.928374576848,3.88383428667467,37.1228030171503,-14.6195249226376,0.0691567311994731,0.959047363139689
55,5,1.85278203459216,0.385040106179377,0.450453757541254,6.28563061008596,47.7635717642455,-12.1559296632193,0.038811572462508,0.515462674433365
42,4,1.66392557967762,0.0888807018054649,0.860527437645942,3.21789948855932,33.2585898226819,-9.96050178352078,0.0317901374772191,0.323382012546062
4,3,-0.105455586526048,0.514091486090279,0.280909470515326,2.58580166339945,18.4779981349406,-18.2979173717004,0.0405657327268273,0.230708649614826
22,5,3.6922773048737,0.229408471834588,0.727656936272979,2.85993319845224,27.2541231240122,10.3479261446083,0.093534359260692,0.445688121486455
28,4,4.66600524105563,0.540817316058185,0.120925756869838,3.68661482515382,36.5479564554777,17.3479932419178,0.0931052694986475,0.45173383760266
3,1,2.37977588833103,0.0112200898583978,0.850070344284177,1.31095325925297,23.0484274607672,-22.7814300202094,0.0642385909333825,0.38980142492801
81,5,5.65952829790879,0.0199164686532369,0.944833165965974,9.1228324419292,68.3337092313763,25.1912691156764,0.440967205358613,0.511785899521783
26,2,-0.448000455015467,0.228753546475175,0.0998153400141746,2.50878424275876,28.573746202088,-20.1639783538315,0.120956444922359,0.985130475601181
89,7,2.31548227749156,0.102685979218222,0.652822269126773,3.99369897045564,52.2026373163899,37.5924194055916,0.0502465029712766,0.781511161942035
85,6,2.68020086837064,0.227697007766153,0.101031475700438,4.69249722220795,46.6532627051992,13.9469721331757,0.085115393340112,0.867380968527868
74,5,4.40090643314023,0.110001656011565,0.419292268808931,3.15974052147951,40.1358769287771,6.91702517486274,0.0384249495808035,0.615976844914258
12,2,1.84231736601144,0.0184450977249071,0.851077478844672,1.77329567413931,31.5930329157916,-15.4757694126335,0.120417264472218,0.704605601495132
19,3,4.56138484179666,0.202581699348029,0.233425390673801,3.00939623856775,27.5595868224145,9.77038962215629,0.0288284262642264,0.20817183284089
8,2,-3.08620262402394,0.175594787180885,0.449307478964329,2.12313591680437,27.9392704439919,-18.4724401739191,0.0302858540466329,0.205170346191153
29,3,4.67353380674108,0.0594603605775764,0.853252844652161,3.97946435106648,33.7446423210001,-6.88083992565894,0.0334717751180095,0.0813733574468642
74,8,5.58205714695195,0.128829741501249,0.706887201173231,4.39589219765501,45.468717576873,47.0177189128567,0.243081320623372,0.563313252991065
62,4,5.31080374648549,0.00301769478528417,0.921759875724092,6.80872974482219,62.4509114954904,12.7191984819622,0.150904130184063,0.623681219061837
8,4,4.97177775123756,0.492322010898447,0.670358109287918,5.20414090102646,27.5441007946722,-19.1547808555225,0.00688398731872439,0.0378610647749156
49,5,8.79957915369249,0.692766116434866,0.262996407691389,9.29534197177578,39.2208661281006,-12.3047612865712,0.0724907591952864,0.15713825635612
12,1,3.34030087033622,0.000494127609246991,0.884013873990625,2.63564703451713,25.0753569392723,-25.5695717181657,0.237364938283775,0.997819220414385
94,8,4.78620996663806,0.117447729222476,0.715963162248954,5.7584824045105,56.7153243656958,22.5910895746434,0.0913657471495581,0.893588397186249
30,3,2.74572018701389,0.0263855380163988,0.951356154866517,3.66747562085496,39.067583088592,9.68970277535131,0.215257302845333,0.926269906805828
90,9,5.86567027622114,0.737445112275791,0.043149288976565,9.81446742647942,47.3328920483674,32.3169016720993,0.108191921092094,0.633568675722927
19,2,6.50467843367547,0.249476626970547,0.290270448895171,6.02051085559531,36.5693009160634,-22.7248154262464,0.0772085182473711,0.633299803594127
45,6,3.31394725410797,0.209484255629334,0.842349484562874,3.46227317131584,34.9779659146432,19.3554304591087,0.0925454222835844,0.884582505561411
77,4,3.45553019405128,0.00265707413200289,0.943976339651272,4.95599120392023,63.2464086618817,0.469853586890137,0.0671640603337437,0.965840247925371
53,5,6.9532364098351,0.146786426194012,0.472077222075313,4.80408361745224,34.9193696653853,-11.4999539381255,0.108309317142751,0.866699565667659
7,2,6.66095034333894,0.245160699838795,0.0316366739571095,2.95201522860349,21.5467592612857,-26.2838341174924,0.0528639249037951,0.280790806515142
49,7,3.22526800734191,0.13195074594114,0.932259352412075,1.88050041302883,28.7246854306243,25.6928227113932,0.142270727633479,0.866018032422289
24,3,5.26505759285533,0.0186893587863885,0.963555172551423,3.68278510197698,34.777567239915,3.38448110746388,0.137482328149946,0.845224188407883
20,4,-0.668306688727781,0.421372001969671,0.618972588563338,2.98436937399609,33.5844671425427,7.78167700458292,0.159949670547754,0.484490709379315
94,8,7.00797317474493,0.210690269469026,0.221381739480421,8.05274359515333,63.1284064352037,47.0398558565149,0.0639789860695601,0.0675671754870564
75,7,10.7081774391685,0.177242903028357,0.278152465354651,6.46601368013987,38.6691275191074,28.4654875049301,0.211085474550184,0.65451897517778
60,4,2.07240245561807,0.191558860464695,0.552880615927279,4.07374411132395,53.2777690188431,-12.3976637109372,0.0424823787529022,0.726735268952325
42,5,0.752844496010554,0.311081384519463,0.541406867327169,2.05246474196805,23.8410963235373,-12.8641164973785,9.13104042410851e-05,0.614951732102782
90,9,10.5108493390804,0.963736732903511,0.0183898382820189,7.75686236996608,40.3382317970241,12.7586696222983,4.83097042888403e-05,0.15154488501139
43,6,3.71867319829538,0.660199312927359,0.357900482136756,4.25695154362163,38.7273609264804,36.287377828894,0.198190065278652,0.227415337227285
12,3,-0.101290383331159,0.211581769621673,0.882685784250498,3.69160816840407,37.2476506081134,-0.0694491729338793,0.0761108951907071,0.776531802723184
58,6,3.93137679379883,0.282425424073565,0.692833550740033,7.15544022010693,59.4932637370429,22.095631619415,0.0149975479580462,0.017669499386102
35,2,4.64374852592844,0.115970542305149,0.375970936147496,6.18138572566933,51.770610555132,-10.3167566450121,0.229792819569654,0.524318900657818
61,7,3.84994981280124,0.490960243602699,0.325689522083849,3.41886385286313,32.3388312547153,2.18890381783132,0.021369297336787,0.61046703858301
48,4,7.52906549652573,0.125707606435753,0.575361589668319,3.71743433738421,43.0906887326841,11.1926694197315,0.229537039796326,0.558490799274296
91,10,8.51916181408088,0.20387862124689,0.751979281427339,4.71666575393376,40.2312065018112,20.0687939899203,0.0256067262962461,0.525246537756175
33,3,6.92109074862543,0.198515250337052,0.149333334295079,3.71070746725059,40.2559307700153,14.0934470450703,0.217107804402197,0.516518604010344
8,2,5.21780922839609,0.0898727571099575,0.400522704934701,3.44516853627696,27.927334356663,1.82490688953541,0.232834298061927,0.264263381483033
42,5,7.38909581539675,0.377665653098141,0.149314294103533,3.50779073803257,22.8322563005047,2.91621505923334,0.0409172197338194,0.220888086827472
5,3,-2.55822152523036,0.425397626103318,0.738067019497976,2.78825336520405,34.3370901115601,2.90859555383571,0.0129580236971378,0.0704689824488014
49,4,5.42570823999487,0.222828516958955,0.0568539029918611,4.64367627763817,38.8302942341485,-2.73092900755352,0.0382502821739763,0.725503385765478
92,6,3.92378426306807,0.11975309648551,0.306942491326481,7.02388181560212,57.2657728024394,16.8423195622344,0.0635570385958999,0.677632633596659
57,6,7.40989315251532,0.27322982273877,0.389473158167675,4.35551095171541,29.2624898080463,5.00086794901463,0.0159540081396699,0.0816351966932416
53,7,4.58859891489219,0.128726711147465,0.864469261374325,2.83866994124362,30.7848760481499,25.3245383558866,0.0790634587000516,0.659805896459147
62,4,8.69632874132977,0.244645072399391,0.00274491496384144,5.12253207452632,43.6271709439692,-1.68147406287202,0.0124773715157062,0.11711771832779
62,5,3.83936875426956,0.0581088254063105,0.756844479590654,3.17257726475125,30.6024989419729,-4.20345719595834,0.07902992888865,0.998536279657856
57,3,2.22205369153127,0.234141784243959,0.11023383284919,4.54995137511414,48.5244221933907,-18.3505305372009,0.0262715456005896,0.773279870627448
81,4,9.4842703607325,0.0723846638575196,0.224029196891934,10.4559867818987,76.8079943512707,22.6767292074037,0.172580376817825,0.13671164913103
76,8,10.7712218322624,0.103122857895772,0.859178574057296,6.41232692034311,39.5655628449961,14.8219926015585,0.0563828968908638,0.407779427943751
81,8,6.74196134707056,0.104818760003965,0.768576234811917,3.50449382269754,31.3339750086444,-3.17765969984534,0.0548030038829893,0.988963620970026
83,7,3.23542078572103,0.311599501165304,0.300857327878475,3.53776582703137,43.8975370815403,10.0552541296455,0.0479233019053936,0.98628205107525
93,7,4.85961080441127,0.226006323693994,0.139717811252922,4.44908526225927,46.3665080184613,-0.147202662197842,0.0406632876954973,0.95616512815468
19,2,-0.235656486424118,0.0251927470089868,0.642429352505133,2.84560553567088,39.1099301069183,19.3040048941183,0.67264325447325,0.950051295571029
69,8,6.48763945461511,0.193244434416968,0.785336697939783,3.40486250883711,31.4006958326943,24.3830259147128,0.0775800586488871,0.469689509831369
17,3,-1.23401057376201,0.0527387667680159,0.941889069974422,2.08782552940269,25.8767496674165,10.0284001299198,0.218762390116665,0.956935667665675
36,3,6.58435728151702,0.0952973283128813,0.446884332923219,7.37324602683696,49.8173254401699,-5.59600292410144,0.0404550705906308,0.200295974034816
46,5,5.43284911919516,0.395876273510602,0.122359310975298,4.49610145456365,31.0677828333736,4.0782213488295,0.0242361605367424,0.344449361553416
91,8,6.49195745419021,0.246744102322239,0.525586256990209,4.92200772265744,57.2635963402809,25.3756072061458,0.0676488594152033,0.117257601814345
35,5,6.60456853373446,0.239907296829599,0.314237307757139,2.24341835172068,14.7330244885905,-3.60542039215951,0.0860031952108157,0.633646314498037
79,9,3.92926472959075,0.754177547949267,0.231884363573045,4.9619546196029,31.2641231188799,16.3830069159894,2.6347441598773e-05,0.306661666603759
88,9,8.59687924085317,0.577323521800783,0.113675318425521,5.21505634316778,46.120083759096,32.9892410445097,0.16175761190692,0.305171496467665
92,5,7.4094045021809,0.0551047548651695,0.100710342405364,7.05733046797063,65.1194527138378,31.9462793799459,0.0363331674598157,0.357738035963848
87,7,7.34074490959499,0.0647306232713163,0.578060515224934,3.48197199593945,44.4422293110911,21.9729497479527,0.239734440843079,0.892215175554156
98,6,11.3093388395233,0.182497452468354,0.120604210533202,16.6995793641351,74.3851678724902,12.5168274773454,0.145530203907731,0.513793676393107
1,4,3.41160170285672,0.23996325720914,0.87848416576162,3.13722729718774,21.2647058231181,-4.03891739935315,0.0479741806164384,0.549176863627508
18,4,5.94913228394738,0.237757320876059,0.421834586188197,2.79439839800058,23.1485182871776,1.93356447568082,0.125751451678098,0.662856064736843
60,5,2.65350801822721,0.250903147243533,0.247665901202708,3.33547332018682,36.5892893366584,-10.2295459930959,0.0576433223672211,0.948134397622198
4,3,3.71346067497881,0.128351430525072,0.784636339405552,1.23913974275826,15.959264705001,2.42147852036987,0.111976122665675,0.506711292313412
90,6,6.85891953152901,0.0535131029319018,0.577946729725227,9.26312195473166,57.8977995328428,27.6733987203293,0.124945012755216,0.218435736838728
32,5,5.12086572076213,0.320665420953858,0.702061577700078,3.38783753180561,23.7590767055979,-17.5049749684793,0.0577260262332857,0.896901055471972
7,1,3.31202715420002,0.00018735479246625,0.691352149005979,2.17142078029387,29.1446966175633,13.8201740237184,0.366248637975609,0.735423900419846
35,2,3.40743214736768,0.0295106914446064,0.710317880613729,3.70273494406762,49.7437039265735,-4.07649719305777,0.091580984923513,0.260437563760206
74,8,4.19725179234446,0.82658132720263,0.197859589476138,5.66729480483551,42.465855000262,33.0155573896332,0.02417525107571,0.47919595753774
77,7,8.86162411476886,0.173136180499569,0.181042597396299,3.99342040364759,32.6041432601254,11.4793389612257,0.0421489056762319,0.408200372010469
91,8,5.38216190254871,0.682752395482892,0.407042389269918,12.5947179556373,84.0625813294396,35.8600012488884,0.0252791831592496,0.0298507753759623
56,3,5.15885441846949,0.00653196245868925,0.559299258748069,4.29206554857136,38.9402560372072,-3.77196156922461,0.100932946238191,0.953795339912176
83,5,4.53826691318056,0.194338087511199,0.0162517100106925,8.16142952577483,69.8101612469552,25.2321866886344,0.0163729408290237,0.456960805458948
95,5,4.86248873960501,0.261471488130614,0.024048792431131,9.20801808936687,86.8439854359929,17.8194144775607,0.12555872433635,0.163294894620776
43,5,1.56470505512555,0.0832014930201694,0.961981032742187,1.98193200783311,32.7022661119753,7.83851520296628,0.00967061989940703,0.653770248638466
51,4,0.46025411733129,0.366438540609038,0.33470763429068,3.77921980981972,45.6045389635532,-3.39937061285779,0.0244828629307449,0.149992105085403
47,5,7.36182634778443,0.257787370345298,0.431407802039757,6.49634536883356,41.667129368532,13.4202301066958,0.0217002954799682,0.132140321424231
15,3,-2.99295327937467,0.0658135314006358,0.967290475033224,1.50506139640591,30.3276096123191,-18.1549602780486,0.0668382327072322,0.3729018708691
48,6,2.98720868714495,0.783753871875715,0.204394716303796,4.31457463177545,29.7185463962267,7.22763066659135,0.0153096070513129,0.654172530397773
26,3,-0.211713281468073,0.405178893639146,0.362701842794195,2.26602429046171,34.6941552951195,-8.39561295252833,0.0188418914956228,0.138240240281448
91,6,2.60059972007021,0.222217986116859,0.212319819489494,4.51732138476029,57.4662572986914,7.47174032955395,0.0604260876774788,0.6908717029728
71,6,7.49148942340649,0.237127038872543,0.281589951133355,5.66745858623912,38.1119007732227,7.22060985373537,0.117461353256823,0.859390754019842
24,3,0.80566695784273,0.260240362248126,0.521536130923778,2.48235614297473,27.6427183485227,-27.4368676002194,0.00810806849040091,0.710191374178976
96,11,11.9889796801218,0.996933845284969,0.19114633766003,10.5353451365388,49.062659551763,13.3321542842585,0.00281965175943197,0.00504080741666257
92,11,8.93072919722752,0.305919346156272,0.300598069326952,5.89598416445372,45.2910766767312,41.218134487169,0.115238158586891,0.870786006329581
47,4,8.74222885917528,0.326297848707739,0.0120410521049052,5.86125190947948,36.9613835616152,7.87501713137337,0.250158219585631,0.587382277939469
75,8,6.23688231870799,0.262582646672356,0.467073489213362,5.93371481167124,33.3337111400364,14.4246519638065,0.0438244141638279,0.956696150591597
39,5,7.62163793467361,0.0667753145098686,0.862369162496179,2.30734269085975,24.6078033856042,9.85730463161341,0.0366472851950675,0.728174649411812
47,3,3.76726514417375,0.00821349621844544,0.596062720054761,1.75216990463286,32.8845073002721,16.0754938709835,0.162336199349704,0.956843497697264
1,3,1.09663308877393,0.0450062227834787,0.974915998522192,2.03050975186593,17.2107715301076,-8.6449136664731,0.0769654977093351,0.192193715134636
50,4,5.73234828670682,0.156505244434811,0.570784544805065,8.07198918214095,54.2446913219582,7.03847613569367,0.1558191867963,0.160825580358505
54,7,5.43694765569474,0.564264175916249,0.534478112822399,3.63488553357033,32.8201797038734,-5.10309091545099,0.000398350367322564,0.129926005145535
7,1,-3.47457328147803,0.102106158976514,0.382360851624981,2.2589197652922,28.0382220359075,0.245131347924264,0.243960552091215,0.855858162045479
90,10,10.1710146336467,1.47700005388799,0.0432123763021082,7.29087126051386,40.0124371028886,8.15159949734405,0.00172050588151451,0.204917401308194
80,5,9.92603451871768,0.260590535810891,0.0655382566619664,8.06860696150688,48.6176164768237,3.15345764054635,0.0980912887449277,0.174644589656964
18,2,3.75641660055846,0.151480479980819,0.126372095197439,3.54211810464241,32.4426081179821,-17.5263443401372,0.20870727355263,0.53144912282005
94,6,2.93856703096799,0.0982849131105468,0.284426186932251,3.35720801172057,50.2363495523077,17.4011994347556,0.17234089783484,0.977012341842055
14,1,2.21370404322567,0.040575812687166,0.402475063921884,3.30178920074315,42.037856539423,17.2897073887153,0.170981368786635,0.542996581178159
76,5,7.33283703279976,0.0430012701544911,0.378339635208249,5.55442478950818,52.0906912870608,32.512322525851,0.155740077785196,0.434906036825851
29,3,6.57714639555601,0.0779604860395738,0.393054652027786,2.55110473331848,25.3886637389741,3.3661808795312,0.0877518180715752,0.462901429506019
88,8,5.886107186489,0.162825340172276,0.520432555815205,3.73915128957765,40.6498051227969,32.2928821740585,0.0259107818073807,0.110838828608394
37,6,8.48927445244278,0.441220111658281,0.60565807740204,6.9992920745677,35.9160046880568,11.7807027715674,0.191153492956402,0.127493295818567
2,0,-3.83796315818828,0.00514443055726588,0.93328161444515,2.70561196998588,39.5570663580361,3.1619222465502,0.906595942882226,0.779899309156463
95,9,7.37899077960146,0.973954257968456,0.167772970162332,13.1198596881109,80.1687162206162,27.5229925307177,0.00811238679555703,0.0169687978923321
11,2,3.06920339046329,0.245518006839532,0.420101603958756,2.64426519987864,28.1467827727605,-28.5203245387848,0.0217620753217489,0.387168703367934
14,4,6.21358363917397,0.195874947578388,0.381446958752349,3.09921907804719,26.8377424417745,13.3021429791026,0.0614362030290067,0.354723730357364
55,3,5.84295614311972,0.153767773765139,0.0998722517397255,4.74836912002357,41.4316627096958,-6.10271067549857,0.0219705647323281,0.199287675553933
53,3,7.39000953778037,0.00840628077276051,0.44683014601469,4.27615413005644,44.6366948491847,17.7427378439362,0.380257131720881,0.966704949503765
85,6,5.61069234181422,0.455897419692433,0.132337810471654,7.51221760205702,67.202957607843,-6.34131533443765,0.00589849832467735,0.119630357250571
75,5,1.3305034922954,0.426056177334344,0.0345710797701031,5.31056065701369,46.1009899364932,-0.388205866413204,0.0449212991079711,0.860503633739427
22,3,1.64376039918823,0.528528064923519,0.31946096685715,5.68192547988807,48.5493347244485,20.9979584459045,0.0375618389807642,0.00043415417894721
93,7,4.59948363526958,0.297946144816208,0.242558858823031,5.48898986972127,46.6123262303897,-3.13084723003742,0.00132690541481358,0.165158506250009
10,2,6.41670520630272,0.0194505589315668,0.660872779320925,3.37533121635468,30.4179317624217,23.783266352069,0.281065754575615,0.26720667607151
50,4,6.08161744515469,0.0294806538966526,0.747721198014915,6.66757455916834,41.8093162223047,3.53792414735992,0.138577378816427,0.191760961664841
77,8,6.35505009633533,0.919948154542238,0.235610311385244,8.47639920768539,47.3088198811771,10.0131156906116,0.000949442876850116,0.0752866852562875
92,11,11.066955439762,0.650084321821267,0.260213052621111,7.21965346164027,50.6733944619013,27.9509956574591,0.0516188828740269,0.560707114636898
53,5,3.18499260712148,0.116727306041867,0.652335892897099,2.97373312503411,25.9890349557803,-3.05886271811781,0.0101465354673564,0.89775789482519
13,1,0.342259988004041,0.0169547734549269,0.863647423684597,1.82272180629223,24.7189519638173,-31.5927276776111,0.026242978638038,0.864486999344081
76,7,2.44412460405116,0.0916011842473919,0.78095824434422,2.23667463008646,38.9007063986397,24.1044600355031,0.040838692849502,0.99064639210701
71,8,11.1793004937074,0.151812803931534,0.893321399344131,9.1675284452285,44.1293382466944,32.3400472127428,0.145301537207308,0.203510949155316
50,3,8.07939820026653,0.215711372893977,0.0105548677965999,5.96119332282793,36.5633293822944,-18.7261473361697,0.0116021784164449,0.183079989394173
90,10,3.53977922165356,1.49928924060407,0.457790677202865,13.0330364428395,66.8789529158015,21.5789258837928,0.0435854505747557,0.0839725930709392
33,5,0.306092423926463,0.0933633094071662,0.98924378096126,2.70246493482472,36.4706642666252,19.3351892552746,0.0448262783233076,0.150873018894345
52,3,7.01884042680841,0.0306843350408599,0.227059297962114,5.53173543137139,50.6163664366483,27.9551924957111,0.123724164809556,0.157436754321679
19,3,2.61945160797546,0.178505997861478,0.373050104128197,2.47352554445521,32.4040924718469,7.37883996990322,0.126701656072856,0.209142220206559
88,5,10.769371482984,0.0539505677297711,0.345782510004938,12.4982021117114,79.9034197537654,24.4564791548913,0.103118198453904,0.0276329193729907
12,3,5.53301587914465,0.0389326537260786,0.656377244740725,1.55696899147243,19.5441396983765,10.0305412260814,0.0605440630577505,0.816379961790517
1,4,6.30092040590626,0.0506632092874497,0.954856163356453,1.6056234722295,11.9491642311484,-9.35102707760992,0.27420392873368,0.583736201981083
34,5,5.29748705409294,0.192397569761354,0.802894283086061,5.67797712014051,37.0946821256722,8.53505630978835,0.0382732034660876,0.163519200868905
74,7,2.45202880757852,0.39352319294349,0.564834557007998,4.20184355007633,38.9200905973635,-11.2422123266441,0.00519012161530554,0.152321070665494
19,5,5.0218851096542,0.610023413287634,0.614552932791412,3.10288077318157,18.6952425390813,-21.1912029356383,0.102078534658523,0.553369431523606
42,5,7.84919719346272,0.0856088364588587,0.795246198307723,4.86889597422095,30.8607419462833,13.4002071790772,0.0842222649562073,0.762114835670218
73,7,7.72088404086954,0.539387911986412,0.0739664272405207,5.21064488517878,43.8432819900282,10.7621255890133,0.0746562916944476,0.652561720227823
42,5,0.450771358200315,0.17245131067466,0.95462379604578,3.03067301036345,38.9240571933311,3.64881282658065,0.0401995006017387,0.382008802844211
86,8,9.83386662175165,0.133304997347295,0.508122855098918,5.55868789017174,45.7909480648524,17.9723459427252,0.0311099969781935,0.407976926770061
78,6,8.83577360775937,0.106004716362804,0.707359704887494,8.38624590716871,47.0706867495322,-3.76314191642037,0.0622165857348591,0.480222336715087
57,3,5.91399477671074,0.147668839432299,0.0182879469357431,3.97981217551065,34.3906982830964,-11.5714388340565,0.0565887923203367,0.782061408739537
71,6,6.65337842855214,0.233188443573865,0.187237578677014,3.76854235862124,43.4096120392612,13.6575725871773,0.129680173560501,0.453816787572578
26,3,6.01003865893823,0.116169045776043,0.175081338267773,3.89386929314773,36.7863616029103,22.7054838208409,0.121645027860524,0.553639707388356
49,4,6.94060745705608,0.394720958990461,0.022783606313169,6.60112060876186,50.2608150309716,16.9666998361328,0.167371711312773,0.495976309059188
87,9,3.24676071094782,1.19386198831009,0.123498055851087,6.75919851637112,44.7278810289672,17.6916398431178,0.000740537038410092,0.153736132895574
39,6,5.87176576048786,0.22436693519235,0.857978236395866,5.77868652215604,39.4728528478016,26.2660635812948,0.0323604378849268,0.250878086779267
55,6,4.02063994015096,0.571278611632222,0.550056022126228,5.02587500171807,48.3584023750324,20.346056703612,0.0233634056523442,0.0571123948320746
43,5,6.62223616858584,0.119930080404874,0.725755198160186,3.69594466438185,27.1674056762834,-2.6407813623234,0.229600786963914,0.65064622904174
2,2,6.90523886436933,0.333451716451648,0.136577266035601,3.5639394708469,21.4737103063366,-26.105544002023,0.132126379474522,0.858403995400295
1,3,1.69940521032183,0.236960892322215,0.584226722363383,2.21647221637106,19.8057687082632,-2.17144351722779,0.088915237873317,0.949149526190013
78,5,10.4064097704348,0.103412536394809,0.262914420804009,6.38816648977389,53.2935224175307,1.5821641845597,0.0231941713951528,0.426717503927648
67,7,4.12302020655836,0.231933706895191,0.841162111377344,4.00576750244302,35.0631870565415,-12.267561474939,0.00226164009679011,0.594219889258966
42,3,-0.366563286273967,0.00194311017164133,0.959324321709573,3.29743289269067,43.5137098846138,-14.0176608110673,0.0228501793920942,0.727675636066124
24,2,4.61781735154137,0.0973203149624169,0.434403786668554,6.17738301861788,52.9242153671212,15.6033502950916,0.79084734707175,0.245967216789722
63,4,5.87313337371724,0.143496217788197,0.458171094302088,6.08833711935692,47.3876165433322,-22.7755230155873,0.0123667965643108,0.170039254706353
78,8,5.39381957558685,0.334649735818359,0.42879807529971,7.39547790087957,46.2212008090569,22.6817118214841,0.112347801600707,0.346272580092773
95,5,3.72856632439127,0.0949968869099393,0.226795088034123,5.26410328249077,71.1041745554815,19.1466393033071,0.0339535883291534,0.18611503043212
39,6,6.96279787952741,0.257368359937075,0.876445502974093,5.01446651044329,29.5006899181167,-5.41357747698151,0.00982195222750306,0.106784102972597
75,7,8.78606327060826,0.295670248557556,0.492488979594782,12.1335766713785,69.2649742316121,35.6678097220545,0.155087405411212,0.135961442720145
50,4,7.90134680835993,0.0613301565172151,0.500785046489909,3.92251407576149,34.8434561239317,5.71930208954147,0.0349007878451036,0.202100801747292
66,8,3.59627965415679,0.418964002260423,0.52794175548479,6.05734006194573,44.2389878124073,32.2008717753566,0.139927904671969,0.699049128452316
65,6,2.72380297220657,0.492996519410467,0.216380869504064,3.30304419408086,32.6054483235246,0.722565201722847,0.0925798232625139,0.771426000399515
26,5,5.78535396532232,0.250913705666292,0.832992139272392,4.82693251280834,39.3534887449898,29.9475770547773,0.137662350289048,0.177611275343224
97,9,13.9580215807705,0.289753336216065,0.350374615751207,7.23989952735876,48.2807827323719,18.3125960420604,0.0020632691681385,0.178059226600453
59,4,0.00112533586815022,0.0325684341016705,0.855377781670541,4.69624553534348,51.8901536980374,-0.736270891729667,0.0770577373175725,0.936070702970028
82,6,5.13445677145024,0.128325717198607,0.221014777664095,6.66401373700116,53.2710326280413,36.6399727344452,0.186049670678706,0.736723579000682
78,8,11.1609519945182,0.242395454774353,0.480137110454962,6.21647555528941,40.4041067001295,35.0567532852435,0.0393148886039853,0.0703829894773662
54,6,9.24293982368174,0.168833639472723,0.413966698339209,5.45357677963263,33.8036519188878,17.2915415729516,0.023042477760464,0.115991903003305
79,4,4.95052473076707,0.00420857170104903,0.634197905659676,3.68227029177385,50.7130416029907,8.07546577123612,0.0743558618198049,0.967076003085822
14,4,0.947784133456378,0.186936639238823,0.956826069625095,1.9688604496619,25.5338836481258,-12.1874697704705,0.146912294617834,0.806285263039172
88,8,12.9008003041447,0.782689990684555,0.105486701475456,8.67484096020435,54.4813386032918,22.1417550026985,0.00533115272410214,0.00600537285208702
81,6,3.77931604056778,0.153789832955226,0.722851798869669,7.72159109380659,76.1396771452037,29.4558659485065,0.0626401602290571,0.0551867694593966
78,9,8.14829712227712,0.423867305719709,0.309838315937668,6.62134642535844,38.1591018283721,27.8687196658935,0.0364562747068703,0.739382625790313
28,5,0.571268151099123,0.118526623933576,0.986253248760477,1.88591662637219,30.0949899841308,6.36656139028368,0.0585132473614067,0.457429760368541
70,6,2.71189587218737,0.355270375010973,0.297955617308617,5.84263894908851,44.4594281142452,-7.14625160944319,0.00240344391204417,0.643246926600114
63,4,5.52676750991895,0.0171184581302913,0.502036384306848,3.16331329897333,31.599640045913,-10.5700686689562,0.0714851960497809,0.856828343356028
84,5,8.93814792617551,0.0358641780912876,0.438672574935481,4.50029877677668,46.2675505630747,3.15510798189045,0.100077897397716,0.913235661806539
71,4,5.03759807000889,0.303437820159572,0.0299631461966783,9.74632946466933,60.0493756275577,14.7814669554416,0.111024718788559,0.170263103907928
90,5,1.93178589149468,0.0127745814388618,0.890770473750308,4.96496464156129,53.4027813992867,-3.66997163547406,0.206919784649255,0.979602834675461
55,4,4.24841041675029,0.24692014347643,0.0405142509844154,4.61088190973791,43.1981574093093,-4.60459266895672,0.136007639575274,0.659180749440566
26,3,3.20335545364147,0.0261753655504435,0.812258974183351,2.56655855838265,25.0063845661049,-5.92154549277237,0.047006996255368,0.615171055076644
46,4,1.32771718571794,0.357481037245548,0.385231306310743,3.66538063488706,47.4641660822397,-0.720836936996887,0.112600963465394,0.280823223525658
24,3,5.35694466469056,0.205131759230635,0.0739121849182993,3.87291387200022,32.6316131624011,-1.08943254856745,0.024033500533551,0.425151836127043
71,5,5.44771647056211,0.0658938949927688,0.764797558775172,4.31309385130188,39.005426227966,-7.93611710588468,0.246537001977179,0.896296906052157
99,7,4.52626867057349,0.271382274295335,0.175065657822415,12.3305540809329,77.1377139753626,21.4325227360758,0.00183617882430553,0.137499963166192
52,7,2.17369424069857,0.210294938170093,0.677200605161488,2.29963554321242,22.0284242068513,10.1731658765168,0.0309471473563463,0.857648435747251
9,4,2.31242984775143,0.801782039883447,0.694670088356361,3.74456118196782,32.1058047752918,8.68022514648398,0.0134921425487846,0.00101672019809484
7,3,6.53114072531789,0.269851799112487,0.442535722628236,3.57078044951543,23.7891031961771,-28.0331496751247,0.0324744901619852,0.405605203239247
89,9,3.67691688766108,0.158606025041081,0.716918914578855,5.42286793863907,42.8761614183481,44.4126112617478,0.0769544597476848,0.727166695753112
80,7,8.48764397295065,0.669154014872545,0.00850359792821109,11.6782738827438,62.1499812754627,37.3559351417738,0.129995109322937,0.177416215185076
69,4,6.29287611006869,0.0327823414700106,0.634037936106324,5.4637287948378,44.109818511629,-5.1293375962474,0.104041705547607,0.895102443406358
42,5,7.28089503361833,0.208212156232268,0.231374141061679,3.62779582849149,27.4376638047345,-1.76173230877318,0.0162301173433661,0.652816539630294
14,3,5.08956153849048,0.046795042947052,0.789476146921515,2.73292785817737,21.4695620157198,10.3040944602205,0.0456023634717767,0.488869365304708
36,4,5.53182346790852,0.156964520225301,0.556988374562934,4.15630808955971,31.2323233938448,-6.10100297012076,0.0500004622619599,0.757639731746167
89,8,4.40643714034471,0.314338294545862,0.25293325423263,6.37861513185175,53.2958780563687,44.6088024142081,0.100592241432042,0.599149098386988
64,6,5.78288285172348,0.290891004715788,0.154627517564222,6.38251202818596,39.2313463948171,22.5514800139945,0.0378619743045419,0.140474014915526
35,3,5.26725507317262,0.192682070414278,0.0319121195934713,3.29121708207094,31.7522221075613,-8.39836827326441,0.131268506865473,0.893828955711797
5,4,3.95811948800619,0.496830124387002,0.3174241441302,2.15792966996117,21.0145850356389,7.82978893724876,0.0909440819132042,0.786551614059135
19,2,5.01933624713101,0.0788799140136689,0.567564320983365,5.0156441630414,45.5388683477177,5.02775107196307,0.361515411762034,0.516944359522313
88,10,8.47069171606125,1.20187520695137,0.171966925030574,16.2553180469856,49.6569910970656,13.0577454302975,0.00590215432457626,0.219495121622458
33,4,4.46550568607419,0.150437303702347,0.408137368736789,2.73264080588275,26.8822123164374,0.242517700629756,0.0826698414939356,0.504908486269414
72,4,3.91895233637105,0.251789512560767,0.204645422054455,9.75399003682852,72.2068481182184,-10.6667424555878,0.016100814845413,0.303193783387542
55,5,1.47324700598744,0.393668964949852,0.106024431064725,4.41592153391917,41.9427394761877,12.1364508326337,0.0182142512407154,0.587044783402234
27,3,6.08884724065976,0.115467807045206,0.584055405575782,5.42881568612867,35.9088506424567,3.3279695677504,0.0266920531634241,0.103334541432559
11,2,2.78114609058842,0.0103834770860462,0.631029083859175,3.06939560232574,26.1635765302588,7.66435337622256,0.317988245172386,0.844220148399472
17,1,1.41634808712773,0.0804209755733609,0.478552925167605,3.21090677889373,33.6223782709279,-20.2531432687902,0.209854059205975,0.510953575605527
97,8,9.37259239036421,0.295934135016782,0.189335709437728,10.9043818271173,51.2532016090859,11.9538194627145,0.0130600256886858,0.519605513429269
89,7,5.21088275697806,0.385544117519116,0.110612459247932,8.32041957993555,68.8542014658669,23.6779395694503,0.122239079135926,0.248050621245056
85,6,2.79739698840882,0.274264518133306,0.339437924558297,10.5846759212454,96.0926803475447,25.4910748983827,0.0655363419558853,0.0708953740540892
60,7,5.78435896880756,0.910097958001882,0.116307219490409,6.52769196379456,33.920796038417,-4.24804691846626,0.0406793426722288,0.565413287840784
87,7,4.11269117258471,0.135248371046242,0.3922397675924,4.23661654343976,47.7096414181898,27.4997579726,0.0166612953878939,0.402148157823831
90,10,7.09032219441196,1.18582066607879,0.312005787622184,15.6402967218326,55.3565192529192,10.8422748498011,0.00553466262541202,0.0609005009755492
26,2,3.28362987583197,0.0504818985937163,0.321111683500931,2.89536304742822,32.2110189810544,13.6795336727056,0.480741854359336,0.967757064150646
19,2,-0.248514655268024,0.192416846218931,0.356994130648673,4.96857917258658,41.1474554554611,-27.0460413596942,0.109288279260585,0.5854014120996
46,6,7.74751786366273,0.562058893747805,0.528869935777038,4.88878318672904,36.5422990207472,-3.68462891946683,0.0127514154650271,0.0127016799524426
76,5,9.53067126984954,0.0641990420408547,0.491742093814537,8.8354957167679,67.7706118617863,18.1034096511548,0.271132193679426,0.153095648391172
60,8,3.40283053152968,0.74593177048351,0.537885227473453,3.93982882433936,36.9565082009552,3.05327776247953,0.0176613071467727,0.497043094364926
53,7,7.14691483576174,0.696752305390734,0.573270015884191,4.36116931144743,36.7318839272367,2.7477239049026,0.0811364688868535,0.204983952920884
44,5,3.17514339096958,0.135527825099416,0.732384138507769,5.35777728223284,37.300936874921,8.93474453806137,0.0346492261160165,0.357031132327393
20,4,3.15531802805188,0.193406421447846,0.774564788676798,2.92676660763146,23.5767074338018,-17.8563227561423,0.020370091823861,0.0747479635756463
96,7,7.73734484943948,0.11885832879974,0.376420554472134,6.39887321587255,52.8203081440888,7.49825360493609,0.00199614842422307,0.427462393650785
78,9,5.77930688305373,0.368849596260128,0.727249434683472,5.24827458404233,50.3217530861606,26.9380586531483,0.0191385249607265,0.368942082161084
13,4,0.319548379141832,0.0957041654037312,0.980402524350211,1.25094893896615,13.8998922215479,-17.9323767963918,0.0358641719911248,0.970874982187524
49,3,0.706552103873961,0.0478276350291159,0.286292573902756,3.83208295250796,38.2337541933613,0.190749000040213,0.186169985859635,0.999274843838066
46,4,3.1594682785933,0.0636167277116328,0.830779010662809,2.51477077700815,30.7195227719467,-3.90505303329789,0.0309550480451435,0.92643376509659
35,3,5.61962440848794,0.153265770059079,0.382475203601643,3.24660429200389,32.3812598481095,-18.8905835316616,0.0263241886626929,0.320204831659794
15,4,-1.21508274497386,0.516184562796211,0.335395480506122,1.48971362095013,15.8403940706074,-13.2191886895136,0.0481255178710868,0.549002696061507
75,6,2.21488390775213,0.662635033453041,0.255816315533593,8.97482859790453,62.2098061249148,21.2767775450911,0.0064372411929071,0.0581178646534681
99,7,10.1600017196776,0.281130112929943,0.00638716551475227,8.28578074613904,49.1280969902313,12.0221861293221,0.0117306679020878,0.419168247142807
10,4,-0.497549600414198,0.910024621937067,0.6023291235324,2.16351423717682,18.4498359256067,-32.6016843619441,0.0434070906601846,0.888826003996655
24,2,4.90655900851839,0.00427077244967222,0.84857805352658,2.98741932030111,37.3116687082523,-15.4984807757273,0.296399856341963,0.727615104056895
64,7,5.25240686896846,0.685506564999157,0.257102740928531,4.99047017687956,43.1889251578923,26.0335703044908,0.0918942798818362,0.209642757894471
56,7,8.09605028143359,0.565659537658618,0.220443106489256,3.83072059086495,31.1916656386822,15.6577434062212,0.0344704582821578,0.622451398521662
29,5,1.06243984415892,0.19484989879534,0.893007138976827,2.16560618028827,28.3013108644599,20.9648187711319,0.132179897646875,0.76623487053439
58,3,8.82746655384748,0.00925829904044612,0.685047099599615,4.17107385574212,49.1797977575628,-2.43488153886101,0.0844232515966941,0.0330820253584534
20,5,4.08768642199473,0.828863237011147,0.166549940127879,2.18366484774675,21.3024391578009,10.9024717022489,0.0798302555328929,0.615974235814065
8,2,6.01527525776117,0.000597211201347075,0.584367375355214,1.83507442549825,24.0455578813021,11.0733410422788,0.233229813743569,0.55622345674783
6,1,3.87983527380976,0.0782468372490257,0.546469827648252,2.27702169369484,22.8553134818975,-26.4204620035938,0.279839027043365,0.878956038504839
21,2,6.6861170075778,0.0280579143436626,0.673170463880524,4.91249615036934,43.2656406206141,2.60818645806298,0.138849438328767,0.149827735964209
40,4,6.29588158632232,0.149651090265252,0.629658814053982,6.94339166713402,52.0705341267494,25.8468496432135,0.156986551909688,0.529076973674819
17,2,-1.92978912840528,0.0510687725123685,0.797388294013217,2.17815696046587,24.0225034389563,-7.44996201570585,0.08775201299739,0.424089735373855
58,5,8.07330736078191,0.0586542065562094,0.744040462886915,7.39801561252104,48.480592097743,23.3335349145181,0.0286387028172612,0.276500387582928
63,5,3.01876061459638,0.0766246838029474,0.615380567265674,2.40739447095491,34.0577769491438,14.4097688242495,0.0407334298051187,0.932448039762676
43,5,4.17746837835981,0.564314979240337,0.19312147423625,5.7984650746498,47.1803145619218,13.0673640150723,0.0165431897876162,0.0652753966860473
45,3,0.822276614279914,0.0926087093539536,0.339919015299529,2.50656959089471,40.0237956056901,0.805979993969778,0.156655547200682,0.655790528748184
20,4,6.48505506276218,0.125398823875003,0.646743202814832,3.68266517536115,25.078609819951,0.285345558834027,0.171553444360694,0.559326176997274
67,4,4.23932413525284,0.0404433163065161,0.402566965203732,4.52671222869414,43.3016354432806,23.0489446343978,0.344641027582769,0.968353287084028
45,3,6.44215991979849,0.00899475142078065,0.800762795610353,7.69383184999478,55.0779364305578,9.7179636959763,0.259222591842029,0.325795283075422
75,4,1.48073786379527,0.230828637479547,0.0671914976555854,6.35285449844574,56.1299000169344,14.2057786304419,0.0560220357496291,0.709492026362568
89,9,4.25461851784902,1.16194732946562,0.496303250780329,10.4447044176382,54.7814251442122,6.69831049996925,0.0213967026211321,0.408446211600676
95,6,10.0497291015023,0.0432985218940303,0.557200002251193,9.34900378233856,80.7076013947524,19.3557093653855,0.121901107854666,0.399617257062346
11,2,6.39566403678846,0.169720374862663,0.0264882759656757,2.29835866090757,19.2687936321579,-21.1860862767738,0.125543687209011,0.516716916346923
51,5,1.31012823520411,0.0786083193592226,0.949493977008387,4.55860554878181,49.293410691086,8.37875070981415,0.0718213754752074,0.814911831170321
19,5,3.93790493864268,0.412789961767799,0.645587369799614,3.49500928889119,31.7705423042049,27.0426157678521,0.0298416472971439,0.0244311874266714
3,4,3.0506184182625,0.258049772408666,0.778284555999562,3.18788379314682,23.5725948746728,7.77792874352358,0.0958802309860246,0.0628732470795512
66,6,2.98043392836216,0.307569690038192,0.789632556959987,4.94902292559294,51.4872997040905,11.1735588533349,0.134140344239296,0.526147096650675
74,8,11.3194667629598,0.382362330777055,0.456760325469077,10.0949971957739,49.7556652308651,43.5259901034272,0.133290402214499,0.249377953354269
33,5,0.250965954552423,0.431871871908611,0.500258941669017,2.99082905840151,27.4004471444505,8.35631514505543,0.0075518293993852,0.568007127847522
66,8,7.86340218934433,0.291179072101343,0.76691289851442,5.76332539006075,40.2760880460324,-0.722897429259611,0.000908608192302171,0.0902616998646408
62,6,4.31145392483934,0.100017249700613,0.924127220874652,3.77670273679713,43.7846215911586,14.4674165938124,0.0723638293430217,0.87508972780779
83,6,1.99732212835462,0.135589626268484,0.637834871886298,5.00304754232846,65.8171171847625,15.1878000006054,0.117456409144671,0.923244528239593
58,6,7.99048398793323,0.394651031201437,0.0500520875211805,6.63510095173721,39.8950398417276,25.8506328738206,0.272137712860916,0.443544276291505
52,4,4.21306677599736,0.253098273568173,0.190923662856221,7.35267644158194,52.0776715520258,3.02544187344548,0.0193694733780093,0.165989944478497
12,3,6.44390566740587,0.0521877865539864,0.537483582971618,3.54354517433366,22.9132149851797,13.1219539287504,0.100787753048809,0.70053136581555
13,3,4.30837894726982,0.134044265607372,0.820876020938158,3.09715065755217,34.4368340875922,-3.69058014743294,0.0812695262869681,0.0751283529680222
37,5,5.83332468768776,0.129216090776026,0.884948051301762,4.12228568846301,29.0169827174729,9.82633666432005,0.201858180007877,0.939970423467457
66,5,4.74872173623893,0.48934238037266,0.0174769908189774,7.63624053043678,60.3240204162987,25.0306264872574,0.0647941001225263,0.351624427363276
14,3,-0.843401676549598,0.151898929965682,0.439522033557296,1.44670228329676,28.0700671063569,6.82508645287369,0.343003825081472,0.852988117840141
90,5,8.74252010582406,0.0124049809851553,0.69076642813161,7.01635947622335,73.9738830507035,8.2918415403354,0.023011990590021,0.530120233772323
15,3,2.35858476891295,0.0310304651269471,0.884790847543627,1.84954983475299,25.2119714480577,-3.9174046575043,0.0962726996238244,0.362695207586512
98,8,8.73802455546135,0.390746398342258,0.185100000351667,13.2303962210105,75.6181877843685,28.6254033213637,0.0428958860691637,0.109902731142938
80,8,4.90684434567973,0.309020228673446,0.242152483668178,5.46799629612944,36.173451692621,23.9694999317643,0.0932187961372447,0.809757625684142
53,6,5.75271113047059,0.774000119375897,0.21397569659166,4.64445014870383,34.8138373371039,8.3194772535094,0.0587322018574923,0.298840170959011
59,4,1.10277329062605,0.237295915362167,0.449294360121712,4.14971780690029,46.5983446511947,-16.0517995735037,0.0211718816698653,0.682746091159061
84,9,3.98872064444707,0.730651937497914,0.385635045357049,5.53210836973514,50.1313222312222,35.4267820466077,0.0512028827797621,0.125318343751132
27,5,3.43961139903123,0.270666574350301,0.871147968573496,3.67742355188764,25.4184819800976,8.19124638545307,0.0260578175075352,0.0725283254869282
60,4,1.41239704295268,0.248131916149262,0.169139230623841,5.61504830038322,45.1809564919307,-18.2882342685266,0.00565238199196756,0.458710484905168
3,3,1.14760098901683,0.29214053483561,0.445209285942838,2.0044006310544,16.7474010113926,-12.3299354333868,0.0342722925823182,0.960068814922124
91,7,4.71468028036814,0.111665220698342,0.735997584182769,4.94742970151689,49.5556887691871,2.46701729852002,0.143272261313143,0.699069757247344
36,4,0.500518238455462,0.233468648501414,0.562144369352609,4.13328584547155,42.6474075746082,7.61023387048332,0.0303302760701627,0.166695258114487
32,5,5.01534279666597,0.519907967621619,0.478910621954128,3.4450856008952,35.4194906872679,17.0443222348123,0.115584427766026,0.21352796186693
94,7,3.05101342634943,0.164108314667828,0.411611355608329,7.27487750378228,75.1996514653828,25.6700795619099,0.0548625440802425,0.231521499110386
49,4,4.82682691734017,0.421821234948138,0.10242009209469,5.50598815443209,43.1606874919048,4.58007947510063,0.106570846303822,0.734336966183037
25,4,0.889854579642559,0.146145466016605,0.505989074707031,1.526561638084,26.9387961174744,10.9676588849835,0.0691814986523241,0.466769953491166
19,3,3.20024339283293,0.0241202013593345,0.808204850414768,2.74853355752791,31.2761881288829,24.7183148621378,0.324854423833971,0.918318532872945
28,4,1.91754803204774,0.472951773067421,0.610442632576451,4.209200775201,40.3322946361864,-6.26773352442673,0.135101426388593,0.196960210800171
84,5,4.76680298683293,0.127718602228477,0.3457269705832,6.69692516085343,52.948258641525,9.80529868035433,0.0801001361291021,0.411994075635448
38,5,8.00458847610004,0.102011009075118,0.796158806886524,5.03026323432997,44.1228786148241,27.3214036412791,0.121930260699164,0.257446689065546
35,5,7.73275825448271,0.0886098974007297,0.961961225839332,3.1655389169617,30.1802089180039,8.75192545442176,0.0661270540673286,0.0560755070764571
53,6,2.15384734112425,0.127695228322409,0.823839823948219,2.08276704491661,32.7843398787036,14.6457171860362,0.0165846951597048,0.373332470422611
87,6,8.88064010805109,0.0537890312261879,0.297673859400675,9.57788134141037,49.266706488109,20.2033644809,0.0857796877580595,0.485721646342427
43,5,6.08146558449735,0.0706339792983471,0.900671317707747,4.45334834874562,40.8598907138826,17.9762869429342,0.361544442714608,0.811955840094015
89,6,11.4534214157327,0.0366706134518608,0.692827890627086,6.9482111236265,58.0640355453272,22.0446500012901,0.0848976236427059,0.0524936942383647
77,7,6.76409714218499,0.136804301291704,0.381573061458766,5.33168548922759,34.6281786569996,18.3178130970544,0.0546273668296635,0.977197807049379
92,11,7.78166991724063,0.410821862497783,0.739388405811042,6.10784640726218,51.3582381839452,15.4070249144397,0.00300384927541018,0.160776912467554
92,8,6.24576437711914,0.0688600990688428,0.831021599471569,7.01175132458307,63.3637766662745,30.7716787866107,0.0400916462764144,0.510282767703757
41,5,7.07289881453843,0.438338329063213,0.309636905556545,8.93794791701059,36.4437934444162,8.36409630498276,0.0591475701890886,0.0468208454549313
3,0,2.65860766941617,0.00668586518093362,0.901131062302738,3.68843025232951,44.9119352554202,8.76634090346171,0.121013917117835,0.211110617266968
15,3,7.14182811719965,0.0753582693869248,0.735716364812106,2.99255560137816,28.1393288787072,4.19915882617674,0.0948533200616849,0.716356525430456
77,5,3.8975620177227,0.129176185582764,0.327500843908638,6.76461559222873,58.9729592977454,15.0143205875078,0.0363550040405244,0.623592506861314
73,7,7.66637044535636,0.0680053377947351,0.720051292330027,3.37662898459311,40.2581385138873,36.5796985997789,0.144095285708344,0.379265776835382
91,6,7.09288271140823,0.0303472179220989,0.439613304566592,5.1212501318134,51.4809369627265,21.5914716294098,0.02299460260489,0.846802497981116
78,8,2.52916129455489,0.192452727106665,0.897916622459888,3.86926312642222,34.3878466648165,7.4888633952775,0.0237282496110308,0.939372297609225
5,3,6.78196083474626,0.138399735643308,0.669296082109213,2.63349850940906,17.0047432644683,-13.2162275898988,0.0536750723001156,0.573818549513817
65,5,0.997256145474513,0.164124932605773,0.385287385201082,3.23288751725291,42.2260293494316,14.4270153331099,0.0567399996798486,0.943019615486264
51,5,8.63510190388237,0.312995994918722,0.211085232673213,8.65577639229022,47.3352184142954,30.1213287655422,0.141322593568804,0.0968176140449941
43,4,4.13959869980726,0.21029922714338,0.720420252764598,4.19446100759501,46.7491870668353,-1.11691757517803,0.145977225146236,0.639693081844598
99,11,3.55746952622536,0.563810189688736,0.677204342093319,4.36261188387791,50.5525023065476,15.3768000176552,0.0611958464607596,0.801588829839602
91,6,4.84222919464384,0.246634682629931,0.234410966746509,8.71259112978129,61.702369836795,-5.1960886876923,0.022669865237549,0.0756905630696565
30,2,-2.46135532103242,0.0200437976128427,0.740313093177974,2.03321769454728,32.2969145343796,-18.7193204949693,0.0229243803303689,0.829202675726265
19,2,5.35837517926818,0.209162949108261,0.215442995773628,6.76497919011198,51.9200808215254,17.5980872967181,0.442709334385254,0.13950894260779
74,5,3.82118693033765,0.178990056494924,0.219033022178337,4.39725721694952,46.0884971639646,-14.4041000563234,0.0403506343252957,0.932892226381227
24,5,8.38591327741904,0.142641373793595,0.853626693598926,4.66994188354745,33.668918691231,17.1893609500471,0.0606148522347212,0.0117189083248377
22,4,6.15608903357724,0.431662783170855,0.0414924416691065,3.52869334959322,33.2106903602528,18.7981596273147,0.0654635108076036,0.122480871388689
15,1,6.44431477913256,0.0184966232264904,0.703290792414919,6.09327883974629,37.2083179010082,-13.3301391517292,0.247612469863575,0.124667528551072
53,5,6.48582583677635,0.139410239199783,0.583974878070876,5.67963904739093,47.1119021585273,38.6697226913655,0.154874931314292,0.135666392976418
53,6,1.7877591138211,0.745966287135849,0.220888275187463,4.40163915011963,34.2656388071523,-1.59821837784598,0.0243798931146997,0.627562932902947
93,5,8.88694880157377,0.0432818940410813,0.600079838884994,14.0096677595977,92.5098932345778,18.8541817335968,0.0784514039171959,0.168957978952676
18,2,6.99368641929004,0.0256091306218877,0.46200971538201,2.69056670819146,21.7529529980419,-25.9834872837331,0.373770452083504,0.902625321643427
41,5,6.73127695619431,0.18536664667042,0.701370594557375,4.21776987609233,41.8039533871859,22.285696819151,0.103242718982966,0.169389544520527
31,4,4.23946395442045,0.132185905551731,0.278740467736498,3.6222757892855,39.0108003926135,26.9043067786802,0.0993855244438064,0.68037064303644
82,7,10.1806936045819,0.744361463892174,0.0843547773547471,8.02980843453641,48.711417178214,8.63867188935794,0.0459083857014775,0.0509297510143369
24,2,5.65779338708603,0.251303635294291,0.107688822550699,4.39575115409314,33.2655466650533,-19.2523342100508,0.134516331735523,0.573132945224643
21,3,2.48038600197561,0.00744947622374892,0.911078329663724,1.68602707812474,27.7491459471673,-8.93513875864873,0.227081330294225,0.939487118273973
13,2,1.89630752383113,0.192121100601482,0.659657671814784,4.66757592549714,45.1837312005153,-9.56527166463864,0.0249249431304634,0.147000449011102
67,7,5.94945544436484,0.105581492302008,0.834485391620547,6.59082324092167,45.3768594899171,26.9357896888899,0.0229872393245953,0.167714380193502
99,6,12.1695971764621,0.165145672159269,0.0314806955866516,7.518964185387,60.7190088328855,11.9881553630469,0.0128066896491382,0.158371387515217
22,3,2.97875484633785,0.0872263825731352,0.640287332935259,2.87116611382989,34.4080430113828,14.1308019649332,0.0642669731285423,0.518605003599077
82,7,5.46015858600925,0.207796410932436,0.502405681181699,9.72956766524482,64.0781386126551,32.8180064252394,0.0445303461980075,0.209020660025999
28,3,3.29128431734821,0.00807639362756163,0.934488482074812,1.82649828379119,27.8391876477005,-8.10656902201641,0.13165834955451,0.786782218143344
18,4,2.74982289650554,0.0800574928289279,0.899816418532282,1.76981153769482,18.4877054656253,-9.32225091916539,0.146399940355661,0.995834385743365
75,4,2.91251786082647,0.024863193174179,0.411041309358552,5.97744490835763,48.9464695093866,15.6020288511855,0.0828462332931958,0.791521932231262
44,3,5.82345080164826,0.179176528364204,0.156709696399048,5.99471908915302,42.6348612143467,-12.857082321897,0.0407212520443913,0.300375248771161
26,5,6.80085486603092,0.1278320485726,0.693654359551147,3.79057982262544,23.8694853333151,31.7953247411634,0.0850141805554641,0.469909664709121
64,4,3.9561241511617,0.260955568392503,0.256512958556414,9.21331700356079,56.9180727178166,-18.2452283423711,0.0386501873843372,0.513293083989993
39,4,2.59741834684207,0.331636786916035,0.208116870140657,2.72227769665972,32.7340631631355,1.94421763671398,0.0792996912067197,0.372224021237344
80,7,8.47401471362235,0.0711351068194563,0.787566984537989,4.92596065025958,51.0952200035359,34.5011168970029,0.200995735443177,0.380987333832309
98,8,6.61918075652755,0.650286779241794,0.00805671163834631,6.2383170163203,54.5676031325192,25.0338760167674,0.00564828980714083,0.0590792633593082
46,4,1.87983800886973,0.45804017934908,0.135078703518957,4.0816693718545,43.7671092745699,-3.53480380861535,0.114864854696662,0.542737805983052
76,7,6.57025992110739,0.144249295350164,0.723190264310688,7.12659218464014,43.8127373232529,11.7265060877059,0.0803277215790234,0.492408843711019
18,2,2.30886434245056,0.082841956987977,0.8498711574357,3.32556878084188,35.7170421307208,-17.9761265148843,0.0410985724069178,0.0457769013009965
86,8,7.83590972293008,0.14409661910031,0.485517583554611,4.460290603725,32.6231487948564,13.3492031471591,0.00661655462334168,0.703054690966383
34,3,1.56896686341818,0.123743361094967,0.282104131067172,2.27865598537978,29.546076033336,-14.9907307311847,0.0380179331172258,0.702517040073872
17,3,5.96430569602516,0.132504730136134,0.338442092062905,3.09194150560175,26.8862683022315,-4.72229282742706,0.259659163949893,0.499781428370625
49,6,6.63254977058171,0.440701826920217,0.421534656314179,4.38364291643458,29.770162126131,-5.46733284501104,0.00489646355201673,0.0993878424633294
76,7,9.58202184928585,0.0691502391127869,0.520373291336,3.6361230018897,36.0217757202525,21.2533981521333,0.212564870568649,0.87369605852291
23,2,2.05009771803862,0.201731044788587,0.0712720360606909,2.9517524686675,32.6734376195298,-5.01044227572658,0.0240633317269385,0.487162290606648
5,2,6.11118976614787,0.21626838204846,0.0803397221025079,3.02978736303539,29.1055543723165,13.8104964106415,0.130537714339317,0.0825217952951789
19,2,4.10110587096892,0.303301505758306,0.205644697416574,3.18101275689139,31.9474756387876,-22.9410861417644,0.147481266830811,0.278299358207732
61,4,3.29907318415351,0.0772702245270976,0.825266904896125,7.15728725185637,63.2921838187191,15.1373950675949,0.163888316965642,0.345829773694277
97,7,5.3739127997981,0.0426404292229563,0.467163612600416,6.79392234319258,54.5598023086677,27.6090461487218,0.12039712043059,0.90844005625695
14,2,5.28013365520821,0.00768731902283052,0.893442045897245,3.8132925716243,34.3231360564249,-12.9096519436879,0.132197631611944,0.638497201027349
67,7,11.2503757977683,0.126696557737887,0.616501293377951,6.84907961228365,33.8619370012174,29.9514444349292,0.143045656188371,0.314788596704602
10,2,5.84373119922286,0.271584491640223,0.0871071754954755,2.37212403435732,26.7630855255569,-4.55317871595566,0.102118286344493,0.324558961438015
64,6,5.61365882466754,0.486253011485046,0.185587169602513,7.81709633600448,43.3292979391869,5.19256632398813,0.0114604917598722,0.0852580885402858
41,6,8.68378581286801,0.40699004519493,0.25144503149204,3.39774599204514,28.8084347284329,16.8140758738594,0.0142395253293216,0.0907007458154112
41,3,1.70967783938421,0.0966061780927703,0.616823404096067,3.78633908048806,52.5419098692029,-3.57266332236018,0.187856304078343,0.561162303900346
33,4,5.48877866304154,0.312567006806113,0.0706028211861849,3.11833203468171,33.6939756501627,10.6030842597512,0.210367568172961,0.396652793744579
4,3,6.32654604473008,0.0485974288312718,0.898957978235558,3.08529572092717,20.2615696223714,3.94877461125309,0.0453970984555781,0.442950380966067
4,2,-0.031755773350957,0.0228307383538477,0.831574422540143,2.15180060600741,30.3433140603418,5.8807311078251,0.523272232868173,0.874698659637943
17,1,0.91153119812707,0.025050500236764,0.874246812658384,2.68196344060301,31.8094974034578,-35.5576224887982,0.0187771518145104,0.622177239507437
83,6,10.6036984760876,0.022468667360954,0.387008586898446,4.22898344536978,36.4603712465794,14.1617263536272,0.182608394502642,0.972136030439287
42,4,6.79846615865596,0.189304759803921,0.294185077305883,3.73463921812169,42.3576801063007,1.265361595812,0.0375066389795393,0.103596898494288
39,2,4.43185763302639,0.0127803626213393,0.674436345696449,3.59721141457638,39.9334302148659,-10.950705919954,0.0543161595240235,0.197242556139827
96,7,6.82781219607678,0.164984813309275,0.273527520010248,9.79816696604206,52.9349595789478,15.8976485480436,0.151066017143076,0.92393260798417
72,8,4.61752157074153,0.603313674075401,0.725345368264243,5.42749187893526,38.1321653544584,-1.74700148086018,0.0069488903041929,0.351357727078721
58,7,3.61240545724228,0.530623852709466,0.434285643976182,2.81950149654464,28.4926399259438,-2.91287029375813,0.00318123742649661,0.704217730322853
98,10,13.5798096843171,0.258514467384674,0.178490117192268,9.02937624688033,46.98580835568,36.4864668742281,0.0469682181719691,0.477557437494397
27,5,2.2118821889468,0.240647045717272,0.697632791474462,1.94710355035936,27.0164807698159,16.3346849546847,0.059179089544341,0.716128131607547
30,2,3.81264381809865,0.140712092863396,0.299100845819339,5.07886640948546,46.3942165615732,2.71258449282734,0.212203798244212,0.262425294611603
68,8,8.68652328292423,0.914465516331879,0.0714812935329974,9.41179602740786,47.1801077182335,43.590304232816,0.0290995033923537,0.0225375560112298
88,9,4.2615497838778,0.801636248784971,0.409145345445722,6.68965633958766,55.147522548903,28.3160690700774,0.0691726109012961,0.535680685425177
14,2,4.69069889623533,0.106727819773369,0.558957594214007,4.34091456130227,37.9733993176963,-1.58539218705278,0.158885495542529,0.89298561308533
73,7,3.86757238169719,0.215274873411956,0.528959057992324,6.0447490254122,41.2784588293261,13.7356239985875,0.11892293272303,0.746325822779909
31,2,4.56812567731936,0.00667500342542348,0.88673903606832,3.66254641729504,41.67338927826,4.92044469852605,0.419452755494555,0.843666048720479
91,9,11.1397383175744,0.132059672148898,0.793462636880577,11.1596256055174,59.3573640540801,28.2733591280941,0.0286368194501847,0.0237784720957279
58,5,3.09448108229716,0.161134334164672,0.555601912550628,3.86458944287633,39.6799957166813,9.4385825404547,0.0683546637184918,0.881753476103768
14,4,4.39558589049025,0.0796483103185892,0.851710890652612,2.71717521132079,20.519151955018,23.0395326662479,0.107764648735048,0.616494906600565
36,3,1.26847335829107,0.0208553957859555,0.705572399776429,3.31680142469377,36.4528005642747,3.76489528781332,0.429745744682235,0.832358614075929
22,2,3.38160307443436,0.1161989151733,0.323181790765375,3.45792110911874,32.3388096065582,-13.3065421325671,0.088234016735122,0.616212202934548
22,3,7.34939872344659,0.0174249379509629,0.790602614870295,3.15555293133334,30.6293146946458,10.2079827472267,0.143291694662514,0.647508464055136
17,3,-0.0590076967018804,0.220745219203658,0.566635984694585,2.33851002006067,24.6090418780514,-6.23624331385073,0.0154044901020825,0.270227896049619
40,5,6.692835434759,0.0697374323461494,0.72648171079345,3.28804748409921,34.1935255561753,36.8960371172032,0.0929749195421946,0.145081605296582
19,4,6.05020828869002,0.0698544651674929,0.796603030525148,2.47348363148478,21.0774375569742,18.871091081685,0.42789546435041,0.697708314517513
59,6,5.59033080663743,0.279231432581994,0.211270618718117,6.11489051761873,44.9756932255827,43.6653854822026,0.244872085582965,0.418869444169104
33,4,7.08895830888494,0.372800013960755,0.043195032980293,3.74592248438022,25.8001793883583,-7.49976142962124,0.128698921478809,0.505843773251399
85,7,2.97158135478974,0.363444381372488,0.113092473708093,5.74801490492906,47.6623598551718,11.0162241033995,0.0512865332420915,0.705974363489076
68,7,8.33100497676612,0.188816759026352,0.475789142539725,5.90980389091861,35.7941822776366,22.9876655317394,0.114835524741085,0.945539849577472
46,6,1.2922955420953,0.47676311225378,0.795827831840143,5.98734628217036,43.050925159509,4.91688772355768,0.0120443855900681,0.0177514080423862
86,6,6.06689275520844,0.179885967624116,0.501397571293637,5.47250860534624,49.6807835445406,0.924362514439715,0.0216619928833097,0.100206675007939
66,8,7.40570085543998,0.649361250424916,0.655489335069433,7.31475727020897,45.3573889226688,11.1607321067476,0.0147693607956171,0.0693768199998885
56,5,2.40642106767932,0.422535491620606,0.115831680363044,4.32298716866377,37.8330533204636,12.8984646281596,0.157723858089419,0.547024050261825
58,6,6.56909365744722,0.0495504289915643,0.945315185235813,3.58912023811185,44.9844085615733,16.5077983847006,0.118697716570915,0.685160414548591
5,1,-5.50535478734125,0.0281058246036991,0.659704476827756,1.0262894816476,19.4055904843114,-27.5118997073756,0.0471564986743033,0.794322924921289
9,1,0.630437901430398,0.10373482236173,0.567576541332528,2.75202453674807,41.5283780751688,-9.92001826227489,0.222271898189995,0.278408732498065
86,7,3.82858105417707,0.136082075885497,0.528314779512584,4.64915994231123,48.0864080471858,17.1736672136916,0.0802380812955649,0.819677036255598
67,4,3.34606358671718,0.235459323786979,0.0610690794419497,4.10662549953812,62.3431576371278,6.32551298313473,0.234269681746576,0.325331250205636
36,3,2.37553524259727,0.112219610251486,0.353707221103832,5.02844075645158,43.0638869393892,-3.65370271442897,0.03782157166861,0.496280053630471
42,3,7.94589858124824,0.00745826618771394,0.869419956114143,3.40895466944033,35.3377623810293,-1.51998818158304,0.0428284177556634,0.202138009248301
88,6,3.85685685818507,0.552458890216583,0.0422004365827888,11.4060664943853,65.0441849987756,18.7002731582945,0.0907445535953057,0.52538725011982
37,4,2.8571065524042,0.30560815403119,0.430975851835683,5.27260107015541,43.2241609435754,10.409566888454,0.0810949142048967,0.353362047579139
85,10,9.08056952653831,0.19155814590745,0.917714983224869,5.65084825344419,38.8925790462201,11.1771699843571,0.0455018729557616,0.4068895035889
29,5,1.11961314242132,0.0804227035259828,0.974623797927052,2.88526537327796,24.1555040346037,-5.39054198073677,0.0610983373131603,0.62175801070407
63,7,5.75944559365482,0.645429875204498,0.0985061258543283,4.30851954367628,41.1787216512412,27.418542114241,0.0693954230958971,0.597975552547723
12,3,4.83598550732676,0.146980985533446,0.597785803955048,4.25380629351026,29.5993219003479,-14.2254377670336,0.0267823327332735,0.174064622959122
12,3,1.57775907789261,0.388000476852877,0.664621927775443,3.15363795514267,32.8152897788475,-24.1765582828387,0.0199969412293285,0.177593181375414
84,6,7.71399985716179,0.164425266673788,0.446508034830913,13.7584752510276,65.3755658261663,-0.355338023434022,0.0326334290226597,0.408169656526297
78,8,3.9869853293325,0.937405151728183,0.237545123323798,7.56395940017722,53.7352752705056,23.058180807192,0.0529602403286845,0.188386682188138
34,2,4.35085376198243,0.154185334919021,0.326070172945037,7.21343023736681,57.5114381048247,1.99343661342314,0.173642787328901,0.705515443813056
57,5,9.02117113951341,0.197495885415676,0.162445631111041,5.32143577304251,33.0556341891695,-14.2289559758994,0.0083887695491534,0.39423402887769
77,5,2.13467071371961,0.100574299693108,0.706097441725433,4.96689996259453,48.001425915798,9.35134094178522,0.0968491043853474,0.543476318009198
47,5,8.07218457784729,0.124622778734192,0.784629356814548,5.25334163247327,43.1332005329939,10.1799460770249,0.0359642541501671,0.0647462871856987
24,2,2.05801577919337,0.00418534723576158,0.920516799902543,1.86225490838897,30.8628509929346,-24.6187063879294,0.0458898491691798,0.905034667346627
57,5,0.913723038334807,0.222169395292851,0.819182850420475,5.76412400308451,41.4541348724945,-3.13423287408694,0.00616820080933974,0.395569561282173
33,5,2.64101080821967,0.080331277572175,0.950656252447516,1.66929185384808,28.7867383700404,12.5706915137241,0.166670151232722,0.992051435867324
85,6,11.2772579534833,0.0174560124287382,0.323782328050584,7.15226743709657,49.029576548402,38.7645713340847,0.207047673120143,0.382157297804952
75,6,5.30820950500501,0.469531848074353,0.393446383997798,6.16313406081988,60.7091248612331,4.4627656368097,0.0278059549629688,0.369309328496456
93,12,12.4871287992125,0.296449046571481,0.796751396497712,13.236886902098,64.9370848905334,37.8179881465933,0.0282537098508328,0.0451599408406764
12,2,6.35254207646307,0.0034788138531205,0.83736163075082,3.83569788188478,30.8734255781655,-9.43890581061178,0.29967499746192,0.891689547570422
45,6,7.82312837548426,0.410540791669661,0.199758828151971,4.25753612220861,31.5560987033237,16.4943369780155,0.0920078178039738,0.341154328081757
62,4,4.38245101397193,0.268700755789568,0.0771995764225721,4.34122755487439,39.3707176356803,-17.4865174545815,0.0228764682542533,0.712815958308056
7,1,4.43313897431561,0.170223733177409,0.493742465274408,4.75916034040752,47.0888194855461,-3.80038240012458,0.202017628206852,0.163049906026572
8,3,4.87590256410591,0.0272124094190076,0.94056652369909,3.77875727448291,39.3211321605094,19.6353718151669,0.183378943978789,0.391822467558086
17,2,2.12749455634151,0.00901387562043965,0.632440251996741,2.8686854926334,35.3946932820883,26.5162243540204,0.379192670175257,0.913248490309343
92,7,4.13482311323517,0.0378825278021395,0.872574984561652,3.39316101647466,40.5357440063884,-10.0586505712889,0.0198047772981226,0.981203901581466
4,4,6.74239772299736,0.108310907197372,0.9697868921794,2.90720944019961,25.2891111759752,6.67326538561734,0.102059472027546,0.229034571442753
30,6,0.838204276781678,0.468219902333312,0.899523943429813,2.93992282042862,30.392410250836,-3.26610028990888,0.0722290777292469,0.579926076810807
