K:10
N:500
Gap:1.78944529443305
Rho: 
1 0.8 0.45 0.2 -0.3 0.7 0.75 0.5 -0.3 -0.1
0.8 1 0.45 0.5 -0.1 0.55 0.4 0.6 -0.4 -0.2
0.45 0.45 1 0.1 -0.3 0.6 0.3 0.4 0 -0.3
0.2 0.5 0.1 1 -0.5 0.35 0.1 0.1 -0.5 -0.45
-0.3 -0.1 -0.3 -0.5 1 -0.4 -0.3 -0.1 0.2 0.2
0.7 0.55 0.6 0.35 -0.4 1 0.8 0.45 -0.2 -0.45
0.75 0.4 0.3 0.1 -0.3 0.8 1 0.45 -0.1 -0.3
0.5 0.6 0.4 0.1 -0.1 0.45 0.45 1 0.1 -0.2
-0.3 -0.4 0 -0.5 0.2 -0.2 -0.1 0.1 1 0.4
-0.1 -0.2 -0.3 -0.45 0.2 -0.45 -0.3 -0.2 0.4 1
X:
21,4,26,5,3,57,2.79739698840882,0.00901387562043965,0.0183898382820189,2.81950149654464
97,6,26,5,1,79,10.769371482984,0.215711372893977,0.0871071754954755,6.39887321587255
57,3,24,3,2,22,7.71399985716179,0.0658938949927688,0.677204342093319,3.68661482515382
14,2,21,2,2,10,2.07240245561807,0.102965263753395,0.812258974183351,9.44060471917714
84,5,37,3,1,93,8.69632874132977,0.74593177048351,0.306942491326481,4.13328584547155
96,7,29,3,1,84,8.93072919722752,0.394651031201437,0.0739664272405207,6.16313406081988
90,5,27,4,1,91,10.6036984760876,0.0935953811276704,0.234410966746509,5.25334163247327
52,4,30,2,5,72,5.43694765569474,0.134044265607372,0.84857805352658,6.60112060876186
81,9,36,5,1,93,8.27449529365466,0.910097958001882,0.0671914976555854,1.84954983475299
66,6,26,4,1,19,1.87983800886973,0.132185905551731,0.0432123763021082,11.1596256055174
68,5,31,5,1,31,4.24841041675029,0.133604064118117,0.784636339405552,4.69624553534348
73,5,32,5,1,96,8.82746655384748,0.290891004715788,0.64493873459287,2.48235614297473
72,5,36,3,1,40,5.13445677145024,0.173136180499569,0.720051292330027,6.75919851637112
29,3,26,5,1,26,6.23688231870799,0.0883708766195923,0.188384909648448,1.98193200783311
5,2,31,3,4,20,2.97875484633785,0.165145672159269,0.974915998522192,4.25753612220861
79,6,35,4,1,76,6.37441492430447,0.355270375010973,0.583974878070876,2.63564703451713
84,9,33,6,1,94,6.01527525776117,0.331636786916035,0.171966925030574,1.82272180629223
8,2,27,3,2,6,3.38160307443436,0.0504818985937163,0.446884332923219,3.5639394708469
98,10,37,5,1,95,9.4842703607325,1.20187520695137,0.632440251996741,3.16016842786491
10,3,26,2,8,11,0.319548379141832,0.0241202013593345,0.93328161444515,6.28695651025496
11,3,27,3,7,22,0.306092423926463,0.0432818940410813,0.796158806886524,7.31475727020897
82,6,35,3,2,78,8.47401471362235,0.312995994918722,0.862369162496179,3.33114109939738
27,4,30,5,1,71,5.43284911919516,0.274278537825424,0.297955617308617,2.69056670819146
71,6,26,5,2,90,9.02117113951341,0.242395454774353,0.113092473708093,1.66929185384808
85,9,39,7,1,82,6.80085486603092,0.603313674075401,0.280909470515326,2.24341835172068
50,5,28,4,1,21,2.13467071371961,0.132504730136134,0.411041309358552,3.50779073803257
37,2,23,3,3,23,6.44390566740587,0.025050500236764,0.76691289851442,7.15226743709657
25,3,29,3,1,44,4.90684434567973,0.492322010898447,0.420101603958756,5.42881568612867
47,5,33,4,2,60,4.74872173623893,0.179885967624116,0.520432555815205,2.03321769454728
46,4,31,5,1,73,6.29287611006869,0.468219902333312,0.851710890652612,3.0037283863672
62,6,38,3,2,89,5.75944559365482,0.645429875204498,0.899523943429813,4.39725721694952
56,4,27,3,1,10,4.13959869980726,0.146980985533446,0.389473158167675,8.8354957167679
74,4,30,3,2,46,8.79957915369249,0.197495885415676,0.823839823948219,5.68192547988807
98,5,31,3,2,96,12.9008003041447,0.303437820159572,0.674436345696449,3.48197199593945
81,5,29,4,1,66,6.01003865893823,0.0485974288312718,0.284426186932251,5.7584824045105
79,6,26,5,1,73,5.886107186489,0.1161989151733,0.501397571293637,9.26312195473166
58,5,33,4,1,24,3.91895233637105,0.685506564999157,0.692833550740033,3.40895466944033
18,2,27,5,1,54,4.83598550732676,0.0228307383538477,0.257102740928531,1.48971362095013
98,6,28,4,1,92,11.2503757977683,0.281409303181547,0.0998722517397255,4.82693251280834
92,5,37,4,1,87,8.85770306449176,0.022468667360954,0.0739121849182993,3.99342040364759
18,3,25,3,3,9,2.21572841654704,0.18536664667042,0.434285643976182,4.99047017687956
92,10,34,5,1,70,5.3739127997981,0.564314979240337,0.457790677202865,4.95599120392023
98,10,29,6,2,95,7.90134680835993,0.192682070414278,0.0843547773547471,3.71070746725059
52,6,26,3,10,44,6.24576437711914,0.649361250424916,0.940533612156287,4.30851954367628
12,4,20,4,2,7,-1.33875317799653,0.135589626268484,0.631029083859175,12.4982021117114
47,4,30,5,1,53,5.94913228394738,0.260955568392503,0.231884363573045,1.9688604496619
48,6,28,5,1,32,3.82118693033765,0.696752305390734,0.732384138507769,3.6361230018897
83,8,29,5,1,65,4.40090643314023,0.490960243602699,0.205644697416574,3.50449382269754
66,6,36,3,2,26,5.28013365520821,0.394720958990461,0.629658814053982,3.8132925716243
72,5,38,2,2,59,5.08956153849048,0.235459323786979,0.853626693598926,5.55868789017174
95,9,36,5,1,86,8.63510190388237,0.745966287135849,0.646743202814832,6.59898006919397
68,4,23,5,1,80,9.83386662175165,0.20387862124689,0.0319121195934713,3.66254641729504
21,5,25,4,5,4,0.630437901430398,0.117447729222476,0.362701842794195,6.76461559222873
83,5,27,3,3,71,8.14829712227712,0.0636167277116328,0.725755198160186,8.47639920768539
9,1,25,2,5,16,2.31548227749156,0.00194311017164133,0.922445519128814,9.01577041211634
16,2,21,5,1,11,3.72856632439127,0.0450062227834787,0.122359310975298,4.25695154362163
32,2,22,3,2,17,6.48505506276218,0.0537890312261879,0.402566965203732,5.84046604944067
16,3,28,3,2,9,1.32771718571794,0.00265707413200289,0.106024431064725,4.52391436131939
3,3,23,5,2,20,2.28600205940694,0.00807639362756163,0.149333334295079,3.49500928889119
33,5,35,3,2,57,0.947784133456378,0.269719072374258,0.778284555999562,5.86125190947948
47,6,31,6,1,41,2.68242537718009,0.0581088254063105,0.42879807529971,4.80408361745224
87,5,32,3,1,77,9.34029493140666,0.105581492302008,0.231374141061679,3.57078044951543
14,4,33,3,3,24,-0.248514655268024,0.114622632157989,0.256512958556414,3.74456118196782
33,3,26,1,6,16,3.9561241511617,0.115970542305149,0.924127220874652,5.84263894908851
73,6,30,3,1,27,3.8975620177227,0.325504495984617,0.705572399776429,15.6402967218326
68,5,30,3,5,42,4.23946395442045,0.0261753655504435,0.493742465274408,10.0239109969994
55,5,25,5,1,76,6.66095034333894,0.0401385574647803,0.324977785348892,4.52671222869414
42,4,25,3,4,23,3.29128431734821,0.046795042947052,0.273527520010248,3.61604262790653
4,3,22,5,1,12,-1.21508274497386,0.0171184581302913,0.338442092062905,3.31680142469377
22,5,28,4,2,15,1.66392557967762,0.198515250337052,0.616823404096067,4.17107385574212
28,4,29,6,1,36,4.11269117258471,0.282425424073565,0.615380567265674,4.19446100759501
3,1,26,2,3,0,0.500518238455462,0.00821349621844544,0.470596111146733,3.83072059086495
81,5,31,2,6,91,10.1710146336467,0.426056177334344,0.967290475033224,4.49610145456365
26,2,22,4,1,11,2.17369424069857,0.0112200898583978,0.706097441725433,12.5947179556373
89,7,26,3,2,44,7.62163793467361,0.914465516331879,0.404325590236112,6.66401373700116
85,6,27,4,1,55,6.44431477913256,0.244645072399391,0.575361589668319,7.39801561252104
74,5,29,3,1,22,4.87590256410591,0.151480479980819,0.323181790765375,5.32143577304251
12,2,25,2,3,2,2.74982289650554,0.0256091306218877,0.703290792414919,5.99471908915302
19,3,29,4,1,20,1.7877591138211,0.189304759803921,0.242558858823031,3.21789948855932
8,2,19,4,1,4,1.93178589149468,0.0144736601627707,0.25293325423263,3.21090677889373
29,3,30,3,3,43,3.40283053152968,0.0594603605775764,0.281589951133355,2.28125053929275
74,8,31,4,2,51,6.11118976614787,1.47700005388799,0.900671317707747,5.00304754232846
62,4,30,1,5,81,8.93814792617551,0.227697007766153,0.795246198307723,5.45357677963263
8,4,30,5,2,62,1.78096828014647,0.0127745814388618,0.0610690794419497,1.86225490838897
49,5,35,6,1,92,4.66600524105563,0.0378825278021395,0.520373291336,2.89536304742822
12,1,28,1,4,12,1.09663308877393,0.00668586518093362,0.898957978235558,14.0096677595977
94,8,30,3,2,71,8.38591327741904,0.388000476852877,0.597785803955048,8.05274359515333
30,3,27,2,7,34,4.61781735154137,0.1871822436201,0.87848416576162,9.02937624688033
90,9,31,6,1,94,6.58435728151702,0.669154014872545,0.669296082109213,5.47250860534624
19,2,32,5,1,74,4.12408893685218,0.00899475142078065,0.534478112822399,5.46799629612944
45,6,28,4,3,29,3.83936875426956,0.311599501165304,0.610442632576451,7.72159109380659
77,4,28,1,6,58,9.08056952653831,0.112219610251486,0.485517583554611,10.4447044176382
53,5,33,4,1,57,3.82858105417707,0.040575812687166,0.670358109287918,7.39547790087957
7,2,32,4,1,18,0.220365053902773,0.00514443055726588,0.411611355608329,3.45792110911874
49,7,28,4,5,3,2.2118821889468,0.441220111658281,0.777915888698772,7.37324602683696
24,3,30,2,8,35,3.77931604056778,0.129216090776026,0.750832966528833,7.05733046797063
20,4,22,5,2,19,3.31394725410797,0.161134334164672,0.812007594620809,4.34091456130227
94,8,33,4,1,88,9.02195184487291,1.49928924060407,0.467163612600416,2.17142078029387
75,7,39,4,1,77,4.43313897431561,0.563810189688736,0.874246812658384,5.67797712014051
60,4,26,4,1,45,7.82312837548426,0.0358641780912876,0.357900482136756,6.17738301861788
42,5,23,5,1,4,0.80566695784273,0.0325684341016705,0.00805671163834631,5.26410328249077
90,9,39,7,1,87,5.01933624713101,0.228753546475175,0.00638716551475227,2.8686854926334
43,6,28,6,1,48,4.44057031545517,0.801636248784971,0.855377781670541,3.30178920074315
12,3,22,4,4,37,4.25461851784902,0.108310907197372,0.52794175548479,6.62212059731172
58,6,29,5,2,85,8.74252010582406,0.377665653098141,0.116307219490409,1.55696899147243
35,2,29,3,1,76,7.39000953778037,0.0441167239168356,0.893007138976827,4.64915994231123
61,7,28,5,1,28,3.0506184182625,0.123743361094967,0.178490117192268,5.24827458404233
48,4,34,3,1,37,5.53301587914465,0.211581769621673,0.88673903606832,4.96496464156129
91,10,35,4,2,56,4.90655900851839,0.320665420953858,0.219033022178337,4.66757592549714
33,3,33,4,1,37,4.95052473076707,0.245160699838795,0.882685784250498,4.54995137511414
8,2,30,3,1,29,1.91754803204774,0.118526623933576,0.893321399344131,3.39316101647466
42,5,34,5,1,30,0.342259988004041,0.127718602228477,0.350374615751207,3.29743289269067
5,3,19,5,2,15,3.61240545724228,0.127695228322409,0.107688822550699,2.21647221637106
49,4,30,4,1,55,4.46550568607419,0.0949968869099393,0.31946096685715,6.11489051761873
92,6,29,3,1,84,8.48927445244278,0.270666574350301,0.467073489213362,5.76124920655805
57,6,34,5,1,49,2.31242984775143,0.140712092863396,0.123498055851087,2.29835866090757
53,7,29,4,4,15,2.53438953314985,0.431871871908611,0.546469827648252,5.71805566208444
62,4,35,4,1,62,5.77930688305373,0.0992109146163378,0.10242009209469,2.5360432367414
62,5,28,3,2,22,2.48038600197561,0.0772702245270976,0.541406867327169,16.2553180469856
57,3,26,4,1,54,6.76409714218499,0.0169547734549269,0.221381739480421,6.62134642535844
81,4,38,3,1,95,11.2772579534833,0.390746398342258,0.834485391620547,2.72227769665972
76,8,39,3,3,77,4.82682691734017,0.251303635294291,0.431407802039757,3.92251407576149
81,8,33,3,2,30,2.71189587218737,0.0895341717827021,0.421834586188197,13.1198596881109
83,7,28,5,1,30,5.83332468768776,0.193244434416968,0.393446383997798,13.0330364428395
93,7,30,4,1,53,6.39566403678846,0.106727819773369,0.339437924558297,9.79816696604206
19,2,22,2,2,15,4.64374852592844,0.309020228673446,0.980402524350211,9.74632946466933
69,8,32,4,3,28,2.72380297220657,0.421372001969671,0.537483582971618,4.27615413005644
17,3,21,3,6,4,1.41239704295268,0.192416846218931,0.884013873990625,9.99034367965443
36,3,32,3,1,86,7.09032219441196,0.0680053377947351,0.335395480506122,3.16331329897333
46,5,30,5,1,54,2.64101080821967,0.135248371046242,0.213512758724391,3.66747562085496
91,8,32,4,1,57,8.48764397295065,0.436135602341543,0.491742093814537,2.55110473331848
35,5,32,4,1,6,-3.47457328147803,0.0832014930201694,0.578060515224934,5.48898986972127
79,9,29,6,1,59,2.65860766941617,0.266589489857474,0.00274491496384144,3.54731657415021
88,9,35,6,1,63,6.32654604473008,0.737445112275791,0.819182850420475,3.54354517433366
92,5,34,3,1,84,9.58202184928585,0.650286779241794,0.299182739574462,3.70273494406762
87,7,34,3,1,29,5.87176576048786,0.368849596260128,0.899816418532282,7.81709633600448
98,6,40,4,1,99,11.066955439762,0.22436693519235,0.788127570878714,4.51732138476029
1,4,28,4,4,21,-0.101290383331159,0.0782468372490257,0.400522704934701,4.92596065025958
18,4,31,4,1,15,0.571268151099123,0.11885832879974,0.723684201017022,5.74801490492906
60,5,27,5,1,26,4.13482311323517,0.0453398753888905,0.439522033557296,9.63656135396222
4,3,28,4,2,0,-2.99295327937467,0.124622778734192,0.677200605161488,4.45334834874562
90,6,33,3,1,92,8.68378581286801,0.528528064923519,0.722260712878779,3.28804748409921
32,5,30,5,2,27,0.706552103873961,0.0200437976128427,0.439613304566592,8.28578074613904
7,1,28,1,2,5,2.30886434245056,0.240647045717272,0.955742770107463,6.37861513185175
35,2,28,2,2,37,7.07289881453843,0.0779604860395738,0.600079838884994,3.37662898459311
74,8,29,6,1,70,5.42570823999487,0.744361463892174,0.212319819489494,4.31457463177545
77,7,36,4,1,43,3.09448108229716,0.215274873411956,0.356994130648673,3.97981217551065
91,8,30,6,1,97,12.1695971764621,0.797678701537562,0.216380869504064,1.82649828379119
56,3,30,2,1,48,4.58859891489219,0.0800574928289279,0.652822269126773,9.75399003682852
83,5,29,4,1,88,10.5108493390804,0.431662783170855,0.135078703518957,4.209200775201
95,5,30,5,1,91,12.4871287992125,0.29214053483561,0.723190264310688,2.9517524686675
43,5,25,3,8,4,3.18499260712148,0.164108314667828,0.0717182352673262,5.66729480483551
51,4,23,5,1,39,6.21358363917397,0.0886098974007297,0.215442995773628,2.84560553567088
47,5,34,5,1,77,5.29748705409294,0.237127038872543,0.18520181090571,2.70246493482472
15,3,19,3,9,1,2.40642106767932,0.0184450977249071,0.480863792821765,3.76854235862124
48,6,27,6,1,49,2.37553524259727,0.153265770059079,0.120604210533202,5.66745858623912
26,3,22,5,1,6,3.76726514417375,0.0527387667680159,0.162445631111041,2.73292785817737
91,6,27,4,1,54,8.51916181408088,0.153789832955226,0.448464706307277,5.7984650746498
71,6,34,4,1,70,4.38245101397193,0.151898929965682,0.694670088356361,7.27487750378228
24,3,24,5,1,10,1.84231736601144,0.00418534723576158,0.0706028211861849,6.08833711935692
96,11,41,7,1,96,6.92109074862543,0.234141784243959,0.0314806955866516,1.25094893896615
92,11,36,5,1,74,6.08146558449735,0.973954257968456,0.691352149005979,7.51221760205702
47,4,35,5,1,73,4.21306677599736,0.164124932605773,0.917714983224869,5.12253207452632
75,8,31,5,1,74,3.31202715420002,0.248131916149262,0.378339635208249,9.81446742647942
39,5,34,3,4,7,0.913723038334807,0.192121100601482,0.304473505588248,6.28563061008596
47,3,28,2,1,2,3.23542078572103,0.261471488130614,0.820876020938158,9.95970989496437
1,3,24,3,10,4,-1.92978912840528,0.0510687725123685,0.528869935777038,3.13722729718774
50,4,31,4,1,88,7.94589858124824,0.151812803931534,0.800762795610353,2.92676660763146
54,7,30,6,1,33,3.22526800734191,0.0706339792983471,0.00850359792821109,2.68196344060301
7,1,19,3,1,6,1.99732212835462,0.110001656011565,0.900997111108154,7.15728725185637
90,10,38,8,1,85,4.86248873960501,0.164984813309275,0.0174769908189774,3.18101275689139
80,5,38,5,1,88,6.79846615865596,0.128325717198607,0.640287332935259,3.03067301036345
18,2,28,4,1,30,3.08029017940424,0.0199164686532369,0.869419956114143,4.75916034040752
94,6,27,3,1,26,7.09987897750061,0.282590572711754,0.832992139272392,11.6782738827438
14,1,26,3,1,26,5.35837517926818,0.279231432581994,0.831021599471569,4.86889597422095
76,5,34,3,1,68,7.52906549652573,0.692766116434866,0.797388294013217,4.12400306483629
29,3,32,3,1,11,1.26847335829107,0.129176185582764,0.584055405575782,4.23661654343976
88,8,31,4,1,38,5.12086572076213,0.662635033453041,0.220443106489256,2.50878424275876
37,6,35,5,2,83,3.93790493864268,0.219290840542171,0.853252844652161,2.64426519987864
2,0,18,2,6,13,4.78620996663806,0.128726711147465,0.98924378096126,6.63510095173721
95,9,34,7,1,97,11.4534214157327,0.516184562796211,0.0712720360606909,1.526561638084
11,2,27,4,1,12,2.05801577919337,0.00240514695178717,0.185587169602513,3.79852711252201
14,4,31,4,1,21,1.47324700598744,0.233468648501414,0.456760325469077,3.69160816840407
55,3,31,4,1,56,5.26505759285533,0.0647306232713163,0.187237578677014,3.15974052147951
53,3,34,2,1,48,5.91399477671074,0.291179072101343,0.961961225839332,10.4559867818987
85,6,31,5,1,86,10.1441279467533,0.0613301565172151,0.043149288976565,2.56655855838265
75,5,24,5,1,64,6.30092040590626,0.104818760003965,0.382360851624981,7.29087126051386
22,3,25,6,1,70,6.78196083474626,0.334649735818359,0.309838315937668,1.0262894816476
93,7,29,5,1,68,6.44215991979849,0.0916011842473919,0.0162517100106925,2.97373312503411
10,2,32,2,2,27,2.46957251847184,0.410821862497783,0.941889069974422,3.39774599204514
50,4,31,2,2,79,5.31172716508921,0.13195074594114,0.756844479590654,3.1278986165983
77,8,32,7,1,89,6.57714639555601,0.192397569761354,0.0137218513991684,2.27702169369484
92,11,39,6,1,85,7.28089503361833,0.539387911986412,0.409145345445722,4.96857917258658
53,5,28,3,2,18,1.41634808712773,0.0926087093539536,0.0803397221025079,8.32041957993555
13,1,23,2,4,2,0.997256145474513,0.000597211201347075,0.221014777664095,7.35267644158194
76,7,26,3,2,6,4.53826691318056,0.418964002260423,0.345782510004938,13.2303962210105
71,8,39,4,4,91,5.84373119922286,0.682752395482892,0.787566984537989,3.17319745668331
50,3,35,4,1,74,4.12302020655836,0.0133124466519803,0.0985061258543283,3.09921907804719
90,10,28,8,1,97,10.0497291015023,0.363444381372488,0.376420554472134,2.30734269085975
33,5,22,3,15,13,4.08768642199473,0.311081384519463,0.381573061458766,2.85993319845224
52,3,33,2,1,68,7.20179153711462,0.540817316058185,0.720420252764598,2.90266891975978
19,3,27,4,1,10,3.06920339046329,0.153767773765139,0.725345368264243,3.24417917268318
88,5,39,3,1,97,11.3194667629598,0.421821234948138,0.659657671814784,1.77329567413931
12,3,31,3,2,1,-0.497549600414198,0.192452727106665,0.449294360121712,6.9482111236265
1,4,32,3,7,1,-5.50535478734125,0.0495299157919362,0.934488482074812,5.03026323432997
34,5,30,4,3,70,4.23932413525284,0.175594787180885,0.321111683500931,2.95201522860349
74,7,26,5,1,46,4.56138484179666,0.0423069341564934,0.0356959407217801,2.87116611382989
19,5,30,6,2,21,-0.843401676549598,0.00925829904044612,0.656377244740725,4.94742970151689
42,5,34,3,3,57,2.59741834684207,0.236979976518753,0.567564320983365,6.49634536883356
73,7,34,6,1,63,5.82345080164826,0.202581699348029,0.525586256990209,5.65084825344419
42,5,23,4,7,20,4.56812567731936,0.132059672148898,0.327500843908638,3.78633908048806
86,8,38,4,1,68,6.22864227024268,0.295670248557556,0.262996407691389,3.93982882433936
78,6,36,3,2,89,6.49195745419021,0.080331277572175,0.458171094302088,4.32298716866377
57,3,31,4,1,43,3.6922773048737,0.0404433163065161,0.434403786668554,6.66757455916834
71,6,32,4,1,38,5.73234828670682,0.237295915362167,0.727249434683472,4.20184355007633
26,3,31,3,1,42,4.17746837835981,0.393668964949852,0.707359704887494,4.94902292559294
49,4,33,5,1,78,7.14182811719965,0.271382274295335,0.830779010662809,4.38364291643458
87,9,28,7,1,80,5.94945544436484,0.289753336216065,0.0105548677965999,2.88526537327796
39,6,31,4,3,73,4.76680298683293,0.469531848074353,0.276850195135921,3.36867458472476
55,6,29,6,1,61,6.74196134707056,0.327291365702379,0.204645422054455,2.08276704491661
43,5,32,3,2,37,1.64376039918823,0.0952973283128813,0.890770473750308,5.61504830038322
2,2,33,5,1,31,0.00112533586815022,0.00653196245868925,0.735997584182769,7.23989952735876
1,3,25,4,1,6,-0.448000455015467,0.0966061780927703,0.588254572823644,9.72956766524482
78,5,38,3,1,77,7.83590972293008,0.11697811295744,0.204394716303796,4.10662549953812
67,7,29,4,3,44,3.84994981280124,0.0389326537260786,0.0264882759656757,5.20414090102646
42,3,22,1,7,26,5.75271113047059,0.0281058246036991,0.190923662856221,6.2383170163203
24,2,29,3,1,76,7.73275825448271,0.25853278277323,0.986253248760477,3.33547332018682
63,4,31,4,1,75,6.61918075652755,0.00840628077276051,0.101031475700438,2.99901128773931
78,8,30,5,1,86,6.35254207646307,0.39352319294349,0.685047099599615,3.68227029177385
95,5,28,3,1,63,10.7081774391685,0.307569690038192,0.282104131067172,3.10288077318157
39,6,33,5,4,60,2.32868975418276,0.0688600990688428,0.0771995764225721,2.48922770302171
75,7,35,5,1,97,10.4064097704348,0.783753871875715,0.796751396497712,2.71717521132079
50,4,34,3,1,42,3.81825078618127,0.14409661910031,0.294185077305883,3.1655389169617
66,8,28,5,1,75,5.86567027622114,0.660199312927359,0.768576234811917,5.89598416445372
65,6,27,5,1,26,3.15531802805188,0.113410974969156,0.614552932791412,6.59082324092167
26,5,31,5,3,57,4.71022937711643,0.571278611632222,0.751979281427339,3.09194150560175
97,9,42,5,1,85,6.73127695619431,0.296449046571481,0.024048792431131,3.09715065755217
59,4,22,2,3,56,7.40570085543998,0.103122857895772,0.528959057992324,9.21331700356079
82,6,30,4,1,79,7.78166991724063,0.82658132720263,0.8498711574357,6.38251202818596
78,8,39,4,1,76,5.0218851096542,0.774000119375897,0.325689522083849,2.18366484774675
54,6,37,4,1,66,3.40743214736768,0.281130112929943,0.199758828151971,2.51477077700815
79,4,30,2,2,35,7.33283703279976,0.164425266673788,0.521536130923778,10.5353451365388
14,4,24,4,7,4,1.31012823520411,0.0395573497517034,0.790602614870295,6.80872974482219
88,8,42,6,1,89,7.99048398793323,0.382362330777055,0.0402788841165602,1.31095325925297
81,6,28,4,2,87,11.1793004937074,0.565659537658618,0.46200971538201,2.05246474196805
78,9,35,5,1,79,4.40643714034471,0.530623852709466,0.300857327878475,6.38816648977389
28,5,23,3,14,4,2.3846857693625,0.146786426194012,0.442535722628236,4.21776987609233
70,6,27,5,1,73,5.87313337371724,0.0586542065562094,0.0299631461966783,5.53210836973514
63,4,31,2,1,22,2.78114609058842,0.0432985218940303,0.502036384306848,7.21343023736681
84,5,36,2,1,54,6.35505009633533,0.128351430525072,0.645587369799614,8.67484096020435
71,4,30,5,1,94,8.76421071071053,0.250913705666292,0.673170463880524,3.00939623856775
90,5,25,2,4,59,7.86340218934433,0.082841956987977,0.863647423684597,12.1335766713785
55,4,29,4,1,54,5.61365882466754,0.0753582693869248,0.750078146811575,5.70023557948545
26,3,28,2,3,11,1.06243984415892,0.0667753145098686,0.3922397675924,5.27260107015541
46,4,24,5,1,34,6.62223616858584,0.10373482236173,0.685451556928456,3.46227317131584
24,3,30,4,1,42,3.17514339096958,0.102685979218222,0.211085232673213,4.0816693718545
71,5,30,3,2,49,4.59948363526958,0.0539505677297711,0.910765616223216,8.16142952577483
99,7,29,5,1,97,11.3093388395233,0.357481037245548,0.0182879469357431,2.73264080588275
52,7,26,4,2,7,0.308200943277747,0.193406421447846,0.260213052621111,7.21965346164027
9,4,26,6,2,38,2.98043392836216,0.178505997861478,0.110612459247932,1.23913974275826
7,3,32,5,1,31,0.752844496010554,0.00301769478528417,0.278152465354651,3.88383428667467
89,9,28,4,2,65,5.48877866304154,1.18582066607879,0.528314779512584,6.18138572566933
80,7,35,6,1,96,8.88064010805109,0.910024621937067,0.727656936272979,3.06939560232574
69,4,32,2,2,67,5.8410575534601,0.0698544651674929,0.660872779320925,8.07198918214095
42,5,34,4,1,33,1.70967783938421,0.0973203149624169,0.132337810471654,5.6519007476827
14,3,30,3,3,14,-0.031755773350957,0.195874947578388,0.385287385201082,4.36116931144743
36,4,31,4,1,46,2.65507305483521,0.0658135314006358,0.402475063921884,6.46601368013987
89,8,29,5,1,77,7.84919719346272,1.19386198831009,0.647792269941419,5.21505634316778
64,6,31,5,1,77,4.67353380674108,0.385544117519116,0.314237307757139,2.75202453674807
35,3,30,4,1,25,2.8571065524042,0.0521877865539864,0.732289792736992,8.06860696150688
5,4,29,5,1,5,-0.211713281468073,0.162825340172276,0.596062720054761,6.68965633958766
19,2,30,3,1,60,6.15608903357724,0.142641373793595,0.95462379604578,4.61088190973791
88,10,35,7,1,99,7.00797317474493,0.230828637479547,0.043195032980293,3.29121708207094
33,4,29,4,1,14,1.48073786379527,0.109683768358082,0.564834557007998,4.41592153391917
72,4,29,5,1,94,10.7712218322624,0.0430012701544911,0.126372095197439,3.54211810464241
55,5,25,5,1,53,5.35694466469056,0.222828516958955,0.156709696399048,5.1212501318134
27,3,31,3,1,65,3.93137679379883,0.128829741501249,0.226795088034123,2.47348363148478
11,2,27,2,2,20,1.43377986669086,0.158606025041081,0.945315185235813,7.03792877932123
17,1,25,3,1,23,3.34030087033622,0.0105735448887572,0.871147968573496,4.4635777946075
97,8,37,5,1,96,7.34939872344659,0.220745219203658,0.11023383284919,4.64445014870383
89,7,30,5,1,88,10.1806936045819,0.410540791669661,0.716918914578855,3.34452665980563
85,6,27,5,1,96,13.9580215807705,0.438338329063213,0.478910621954128,2.22580011470031
60,7,31,7,1,77,3.43961139903123,0.0766246838029474,0.339919015299529,5.00658657266436
87,7,29,4,1,47,6.65337842855214,0.514091486090279,0.149314294103533,3.87291387200022
90,10,33,7,1,98,8.21704698735365,0.205131759230635,0.0405142509844154,2.15180060600741
26,2,28,3,1,16,2.98091614797866,0.237757320876059,0.974623797927052,10.5846759212454
19,2,22,4,1,59,5.21088275697806,0.00420857170104903,0.673166484571993,5.07886640948546
46,6,34,6,1,57,4.10110587096892,0.0804227035259828,0.105486701475456,1.50506139640591
76,5,38,3,1,90,10.1600017196776,0.296073604364622,0.928374576848,2.87937410810965
60,8,28,6,1,43,4.19725179234446,0.128083835233115,0.154627517564222,4.39589219765501
53,7,33,6,1,50,4.14897151659171,0.126696557737887,0.559299258748069,3.18788379314682
44,5,28,4,2,65,4.2615497838778,0.182497452468354,0.292317188344896,3.69594466438185
20,4,27,4,2,17,0.646412734889808,0.0194505589315668,0.175065657822415,2.2589197652922
96,7,34,3,1,77,7.72088404086954,0.156505244434811,0.022783606313169,4.12228568846301
78,9,31,5,2,63,7.14691483576174,0.486253011485046,0.163299725856632,3.73463921812169
13,4,23,3,11,0,-3.83796315818828,0.0186893587863885,0.297673859400675,11.4060664943853
49,3,23,3,1,40,4.43185763302639,0.109471553354524,0.850070344284177,16.6995793641351
46,4,28,3,3,11,2.52916129455489,0.0788799140136689,0.262914420804009,9.1228324419292
35,3,31,4,1,24,3.05101342634943,0.0127803626213393,0.224029196891934,3.59721141457638
15,4,21,6,1,1,-3.08620262402394,0.0303472179220989,0.401941341115162,4.92200772265744
75,6,26,6,1,90,8.88694880157377,0.352903243282769,0.0500520875211805,2.08782552940269
99,7,38,5,1,88,6.9392571865173,0.222217986116859,0.0998153400141746,4.0470574078548
10,4,22,7,2,5,-1.23401057376201,0.000494127609246991,0.375970936147496,7.75686236996608
24,2,30,2,3,19,4.30837894726982,0.0251927470089868,0.943976339651272,6.21647555528941
64,7,30,6,1,59,5.61069234181422,0.465644842039248,0.6023291235324,3.24660429200389
56,7,35,6,1,40,2.65350801822721,0.260240362248126,0.290270448895171,5.42749187893526
29,5,24,4,4,5,2.12749455634151,0.333451716451648,0.737436551833525,6.52769196379456
58,3,36,2,2,46,6.94060745705608,0.0957041654037312,0.567576541332528,1.83507442549825
20,5,29,6,1,6,-0.0590076967018804,0.207796410932436,0.552880615927279,5.31056065701369
8,2,31,1,1,3,0.889854579642559,0.209484255629334,0.893442045897245,4.9619546196029
6,1,28,3,1,6,0.450771358200315,0.00427077244967222,0.94056652369909,7.65857758669611
21,2,33,2,2,57,5.65779338708603,0.125707606435753,0.764797558775172,2.83866994124362
40,4,32,4,2,82,7.40989315251532,0.455897419692433,0.802894283086061,4.71666575393376
17,2,20,3,3,5,0.838204276781678,0.0551047548651695,0.584226722363383,4.07374411132395
58,5,35,3,2,86,6.74239772299736,0.40699004519493,0.242152483668178,3.41886385286313
63,5,27,3,2,9,3.45553019405128,0.24692014347643,0.3457269705832,9.1675284452285
43,5,29,6,1,73,6.57025992110739,0.231933706895191,0.136577266035601,2.16560618028827
45,3,24,3,1,10,4.86972264883496,0.115467807045206,0.802005019271746,5.67963904739093
20,4,32,3,2,35,1.10277329062605,0.111665220698342,0.831574422540143,4.96689996259453
67,4,29,3,1,54,5.65952829790879,0.401641728533653,0.951356154866517,10.9043818271173
45,3,32,2,3,87,8.07939820026653,0.188816759026352,0.920516799902543,3.63488553357033
75,4,25,4,1,77,8.33100497676612,0.246744102322239,0.430975851835683,6.05734006194573
89,9,29,7,1,95,8.07330736078191,0.149651090265252,0.181042597396299,3.99369897045564
95,6,38,3,1,92,11.9889796801218,0.312567006806113,0.710317880613729,3.86926312642222
11,2,32,4,1,7,-0.750531769757901,0.0103834770860462,0.722851798869669,4.55860554878181
51,5,24,3,7,54,6.96279787952741,0.17245131067466,0.502405681181699,6.94339166713402
19,5,29,5,2,29,2.91251786082647,0.48934238037266,0.25144503149204,1.76981153769482
3,4,27,5,2,23,0.637482403474748,0.158611521590501,0.634037936106324,2.15792966996117
66,6,27,5,3,58,7.38909581539675,0.21029922714338,0.740313093177974,4.69249722220795
74,8,41,5,1,95,7.08895830888494,0.996933845284969,0.739388405811042,3.35720801172057
33,5,22,5,1,19,1.69940521032183,0.170223733177409,0.0691948109306395,5.01446651044329
66,8,34,5,2,72,4.97177775123756,0.103412536394809,0.0120410521049052,2.37212403435732
62,6,29,3,5,38,5.78435896880756,0.250043907657939,0.508122855098918,7.63624053043678
83,6,26,4,2,60,9.92603451871768,0.257368359937075,0.693654359551147,8.97482859790453
58,6,35,5,1,79,4.84597740848903,0.45804017934908,0.932259352412075,4.15630808955971
52,4,29,5,1,86,7.49148942340649,0.1278320485726,0.166549940127879,2.98436937399609
12,3,32,3,1,30,0.46025411733129,0.233188443573865,0.652335892897099,5.93371481167124
13,3,29,4,3,21,3.71867319829538,0.0804209755733609,0.562144369352609,2.26602429046171
37,5,31,4,4,45,2.22205369153127,0.191558860464695,0.859178574057296,9.41179602740786
66,5,30,5,1,86,8.78606327060826,0.423867305719709,0.475789142539725,3.68278510197698
14,3,21,4,1,0,2.03964297488323,0.150437303702347,0.950656252447516,7.15544022010693
90,5,35,2,2,84,10.786118231157,0.168924343888648,0.197859589476138,4.74836912002357
15,3,26,2,4,3,1.11961314242132,0.0786083193592226,0.634197905659676,3.71743433738421
98,8,35,5,1,98,11.1609519945182,0.564264175916249,0.373050104128197,2.50656959089471
80,8,30,5,1,67,3.9869853293325,0.412789961767799,0.616501293377951,6.8287704704605
53,6,31,6,1,55,3.81264381809865,0.169720374862663,0.445209285942838,3.52869334959322
59,4,24,4,1,46,6.42492268707714,0.024863193174179,0.175081338267773,5.76412400308451
84,9,29,6,1,68,7.09288271140823,0.782689990684555,0.407042389269918,2.63349850940906
27,5,28,5,4,35,1.2922955420953,0.168833639472723,0.220888275187463,2.23667463008646
60,4,25,4,1,69,6.05020828869002,0.0174249379509629,0.0422004365827888,4.22898344536978
3,3,24,5,1,4,-2.55822152523036,0.0366706134518608,0.286292573902756,10.0949971957739
91,7,30,3,2,58,6.99368641929004,0.125398823875003,0.78095824434422,5.90980389091861
36,4,23,4,1,46,5.46015858600925,0.156964520225301,0.255816315533593,2.98741932030111
32,5,30,6,1,28,3.87983527380976,0.271584491640223,0.692827890627086,3.26237891486984
94,7,27,4,1,85,11.1397383175744,0.440701826920217,0.422075455076993,3.32556878084188
49,4,30,5,1,68,5.59033080663743,0.136804301291704,0.664621927775443,6.35285449844574
25,4,24,4,1,1,1.56896686341818,0.208212156232268,0.500258941669017,4.25380629351026
19,3,28,2,3,14,2.68020086837064,0.422535491620606,0.949493977008387,8.93794791701059
28,4,25,5,2,46,5.01534279666597,0.0621912563219666,0.747721198014915,3.15363795514267
84,5,30,4,1,80,7.74751786366273,0.19155814590745,0.555601912550628,3.99628353167197
38,5,35,3,3,62,5.84295614311972,0.492996519410467,0.715963162248954,3.37533121635468
35,5,34,3,8,22,2.3875150346691,0.178990056494924,0.480137110454962,2.06199710608724
53,6,26,3,3,4,3.20335545364147,0.250903147243533,0.139717811252922,3.77670273679713
87,6,36,3,1,93,6.9532364098351,0.326297848707739,0.577946729725227,4.34122755487439
43,5,31,3,5,53,5.15885441846949,0.295934135016782,0.954856163356453,6.84907961228365
89,6,41,3,2,83,8.68652328292423,0.372800013960755,0.570784544805065,2.03050975186593
77,7,33,4,1,64,3.75641660055846,0.297946144816208,0.421534656314179,12.1037193676644
92,11,34,5,2,75,7.36182634778443,0.258049772408666,0.0316366739571095,2.91381206284744
92,8,31,3,3,83,9.24293982368174,0.638403164656991,0.326070172945037,4.460290603725
41,5,33,5,1,90,3.98872064444707,0.172335173003376,0.446508034830913,1.94710355035936
3,0,27,2,5,36,5.96430569602516,0.179176528364204,0.706887201173231,3.24809439367658
15,3,33,3,2,19,2.05009771803862,0.135527825099416,0.618972588563338,6.10843297429895
77,5,29,4,1,81,8.73802455546135,0.251789512560767,0.300598069326952,5.44477477680833
73,7,34,3,2,27,4.96562137174691,0.807914100545359,0.785336697939783,3.77875727448291
91,6,33,2,1,62,7.37899077960146,0.366438540609038,0.19607972051017,7.12659218464014
78,8,27,4,4,42,3.67691688766108,0.154185334919021,0.208116870140657,9.29534197177578
5,3,33,4,2,12,-2.46135532103242,0.0306843350408599,0.414594814181328,5.02587500171807
65,5,24,4,1,23,5.38216190254871,0.249476626970547,0.438672574935481,9.4468194517319
51,5,35,5,1,89,6.60456853373446,0.610023413287634,0.774564788676798,2.40739447095491
43,4,29,4,2,46,6.48582583677635,0.102106158976514,0.789476146921515,5.53173543137139
99,11,28,6,2,50,7.18492948202777,0.257787370345298,0.455967512447387,6.79392234319258
91,6,30,4,1,89,8.86162411476886,0.0697374323461494,0.189335709437728,2.27865598537978
30,2,20,2,2,4,2.98720868714495,0.0140589758520946,0.19312147423625,7.01175132458307
19,2,30,4,1,81,7.4094045021809,0.284594256653193,0.9697868921794,2.74853355752791
74,5,28,4,1,51,6.29588158632232,0.0263855380163988,0.33470763429068,9.20801808936687
24,5,35,4,3,55,3.34606358671718,0.274264518133306,0.449307478964329,1.44670228329676
22,4,31,5,1,30,3.28362987583197,0.303301505758306,0.478552925167605,2.56682857725532
15,1,32,2,2,75,4.25178810093404,0.0294806538966526,0.911078329663724,2.58580166339945
53,5,32,4,1,70,6.53114072531789,0.937405151728183,0.796603030525148,2.70561196998588
53,6,25,6,1,52,3.55746952622536,0.100017249700613,0.21397569659166,5.4637287948378
93,5,36,3,2,98,13.5798096843171,0.30560815403119,0.537885227473453,2.99255560137816
18,2,33,2,1,13,0.250965954552423,0.00667500342542348,0.956826069625095,8.38169635601818
41,5,33,4,2,46,5.31080374648549,0.385040106179377,0.659704476827756,2.9952071023227
31,4,29,4,1,32,4.61752157074153,0.475457886212921,0.642429352505133,5.76332539006075
82,7,38,6,1,88,6.82781219607678,0.177242903028357,0.387008586898446,2.0044006310544
24,2,31,5,1,51,3.29907318415351,0.0124049809851553,0.744040462886915,5.0156441630414
21,3,27,2,5,2,1.85278203459216,0.0506632092874497,0.884948051301762,9.34900378233856
13,2,25,4,2,55,6.06689275520844,0.0478276350291159,0.216040183324367,2.79439839800058
67,7,31,3,3,78,6.08884724065976,0.47676311225378,0.193814764497802,2.99082905840151
99,6,41,4,1,86,8.83577360775937,0.222169395292851,0.107474242569879,2.90720944019961
22,3,27,3,2,16,3.71346067497881,0.245518006839532,0.472077222075313,4.64367627763817
82,7,31,4,1,94,9.29368494393492,0.730651937497914,0.381446958752349,3.23288751725291
28,3,28,2,6,2,1.89630752383113,0.0535131029319018,0.735716364812106,6.69692516085343
18,4,27,3,5,2,-1.16339415452835,0.0495504289915643,0.789632556959987,13.7584752510276
75,4,27,2,1,74,6.85891953152901,0.258514467384674,0.566635984694585,6.73365734596952
44,3,31,4,1,74,5.44771647056211,0.0327823414700106,0.341010036412627,3.53776582703137
26,5,33,4,2,40,0.822276614279914,0.650084321821267,0.573270015884191,4.29206554857136
64,4,29,5,1,92,8.47069171606125,0.0174560124287382,0.323782328050584,4.50029877677668
39,4,27,5,1,14,3.20024339283293,0.11975309648551,0.550056022126228,3.74592248438022
80,7,35,3,3,58,7.34074490959499,0.754177547949267,0.857978236395866,3.77921980981972
98,8,32,6,1,76,8.07218457784729,0.425397626103318,0.0414924416691065,2.12313591680437
46,4,25,5,1,45,5.78288285172348,0.0872263825731352,0.69076642813161,4.85366625042343
76,7,32,4,2,85,5.78535396532232,0.21626838204846,0.557200002251193,4.36261188387791
18,2,26,3,3,26,3.92378426306807,0.0184966232264904,0.353707221103832,1.88591662637219
86,8,34,4,1,53,3.1594682785933,0.236960892322215,0.0568539029918611,5.97744490835763
34,3,25,3,1,7,2.34863797108327,0.0260326545435752,0.3174241441302,5.96119332282793
17,3,31,4,1,21,1.56470505512555,0.0723846638575196,0.921759875724092,4.40163915011963
49,6,32,5,1,50,2.37977588833103,0.0682409578002989,0.0345710797701031,2.40865562137053
76,7,38,3,1,33,3.95811948800619,0.35124157599867,0.876445502974093,7.518964185387
23,2,26,4,1,18,3.17947933321424,0.0711351068194563,0.211270618718117,4.35551095171541
5,2,31,4,1,20,2.27759762564881,0.23996325720914,0.729333881521598,2.29963554321242
19,2,29,5,1,23,2.97158135478974,0.00768731902283052,0.793462636880577,3.4450856008952
61,4,28,3,3,85,9.08719390944791,0.253098273568173,0.822276460239664,3.67742355188764
97,7,30,3,1,81,8.00458847610004,0.519907967621619,0.702061577700078,8.65577639229022
14,2,30,2,4,40,3.59627965415679,0.0310304651269471,0.738067019497976,5.50598815443209
67,7,39,3,2,82,3.41160170285672,0.577323521800783,0.780555450124666,3.58912023811185
10,2,31,5,1,9,1.46996011559644,0.0757053414126858,0.657071525463834,3.6222757892855
64,6,31,5,1,88,5.66228659019078,0.143496217788197,0.0906620572786778,2.33851002006067
41,6,35,5,1,28,2.21488390775213,0.269851799112487,0.113675318425521,2.37399072555201
41,3,25,3,2,39,7.66637044535636,0.0856088364588587,0.851077478844672,4.97501682134845
33,4,31,5,1,21,3.35295872747771,0.201731044788587,0.872574984561652,3.86458944287633
4,3,32,3,5,20,-0.366563286273967,0.133765325765125,0.382475203601643,4.14971780690029
4,2,22,2,3,5,2.44412460405116,0.144249295350164,0.975199534324929,7.56395940017722
17,1,24,2,4,12,2.93856703096799,0.00018735479246625,0.162089549237862,5.42286793863907
83,6,39,2,1,46,4.02063994015096,0.246634682629931,0.841162111377344,11.6518292048948
42,4,33,4,1,38,5.39381957558685,0.116727306041867,0.309636905556545,2.47352554445521
39,2,29,2,2,32,4.85961080441127,0.0426404292229563,0.419292268808931,3.15555293133334
96,7,33,4,1,94,7.73734484943948,0.260590535810891,0.795827831840143,8.99034849648138
72,8,29,6,2,65,4.39558589049025,0.0982849131105468,0.0655382566619664,3.68266517536115
58,7,28,6,1,15,2.15384734112425,0.0933633094071662,0.0316891211550683,5.98734628217036
98,10,42,5,1,91,6.48763945461511,0.801782039883447,0.391398762818426,4.31309385130188
27,5,26,4,2,4,1.57775907789261,0.262582646672356,0.44683014601469,6.10784640726218
30,2,28,4,1,62,6.41670520630272,0.126578497118317,0.874744700500742,3.38783753180561
68,8,35,7,1,92,6.56909365744722,1.07879697990822,0.247665901202708,1.68602707812474
88,9,29,6,1,79,8.09605028143359,0.562058893747805,0.496303250780329,4.78841172237663
14,2,30,3,1,49,4.35085376198243,0.100574299693108,0.808204850414768,8.02980843453641
73,7,28,4,1,75,5.25240686896846,0.239907296829599,0.701370594557375,6.41232692034311
31,2,29,2,4,34,5.30820950500501,0.139410239199783,0.961981032742187,7.02388181560212
91,9,39,4,3,96,8.74222885917528,0.552458890216583,0.237545123323798,1.75216990463286
58,5,27,4,1,41,4.84222919464384,0.186936639238823,0.492488979594782,7.69383184999478
14,4,29,3,3,14,-0.235656486424118,0.395876273510602,0.666595536284149,5.35777728223284
36,3,24,2,2,26,3.99001791933302,0.133304997347295,0.964696681825444,7.01635947622335
22,2,28,3,1,29,3.01876061459638,0.0295106914446064,0.584367375355214,5.33168548922759
22,3,34,2,3,21,2.52614048578685,0.19484989879534,0.784629356814548,5.55442478950818
17,3,22,4,1,8,0.92928353017341,0.0641990420408547,0.120925756869838,3.40486250883711
40,5,33,3,2,24,3.53977922165356,0.828863237011147,0.615089376689866,2.78825336520405
19,4,31,3,3,10,-0.105455586526048,0.305919346156272,0.963555172551423,5.88970557701989
59,6,31,5,1,76,5.96847222543786,1.16194732946562,0.901131062302738,4.00576750244302
33,4,33,5,1,38,1.3305034922954,0.0542332448322267,0.72648171079345,4.44908526225927
85,7,27,5,1,71,6.63254977058171,0.209162949108261,0.408137368736789,6.0447490254122
68,7,35,4,1,74,3.92926472959075,0.395315264839096,0.689560793573037,9.57788134141037
46,6,24,5,3,74,5.52676750991895,0.138399735643308,0.100710342405364,1.6056234722295
86,6,31,4,1,67,7.01884042680841,0.116169045776043,0.185100000351667,2.44327390129807
66,8,34,6,2,85,6.08161744515469,0.210294938170093,0.115831680363044,2.17815696046587
56,5,26,5,1,49,4.31145392483934,0.229408471834588,0.806179078761488,4.91249615036934
58,6,32,3,6,31,5.9885609269692,0.268700755789568,0.697632791474462,5.77868652215604
5,1,15,2,2,0,-0.668306688727781,0.0034788138531205,0.393054652027786,6.76497919011198
9,1,23,3,1,15,5.29107906379664,0.0469132469055557,0.884790847543627,3.44516853627696
86,7,28,4,1,55,6.692835434759,0.27322982273877,0.556988374562934,6.9992920745677
67,4,28,4,1,45,8.93102074044468,0.146145466016605,0.897916622459888,3.62779582849149
36,3,26,3,1,61,5.53182346790852,0.0830245356773958,0.312005787622184,4.39575115409314
42,3,35,2,4,28,3.85685685818507,0.102011009075118,0.37155510741286,3.17257726475125
88,6,28,6,1,96,9.53067126984954,0.303142937588248,0.59098657942377,4.66994188354745
37,4,27,5,1,64,5.61962440848794,0.201202120621431,0.558957594214007,3.68843025232951
85,10,37,4,5,69,4.52626867057349,0.210690269469026,0.385231306310743,3.89386929314773
29,5,24,3,9,16,0.91153119812707,0.0691502391127869,0.450453757541254,5.38628869179731
63,7,31,6,1,48,5.21780922839609,0.496830124387002,0.500785046489909,5.21064488517878
12,3,30,4,2,47,2.35858476891295,0.0280579143436626,0.227059297962114,3.02978736303539
12,3,25,5,2,21,3.20409108424217,0.00745826618771394,0.169139230623841,3.08529572092717
84,6,34,4,1,98,9.65972089736273,0.106004716362804,0.278740467736498,3.97946435106648
78,8,29,7,1,86,7.89583993928549,0.405178893639146,0.413966698339209,3.11833203468171
34,2,29,4,1,85,8.59687924085317,0.119930080404874,0.83736163075082,6.02051085559531
57,5,36,4,1,64,3.24676071094782,0.0272124094190076,0.0714812935329974,3.83569788188478
77,5,26,3,2,59,6.6861170075778,0.186243676569986,0.637834871886298,4.88878318672904
47,5,35,3,2,63,5.58205714695195,0.194338087511199,0.299100845819339,2.16351423717682
24,2,26,2,5,3,2.60059972007021,0.00744947622374892,0.385635045357049,8.38624590716871
57,5,24,4,3,72,5.26725507317262,0.0898727571099575,0.0453970120288432,3.8471713922229
33,5,27,3,7,2,2.21370404322567,0.226006323693994,0.825266904896125,13.236886902098
85,6,39,2,1,85,6.90523886436933,0.963736732903511,0.864469261374325,3.79057982262544
75,6,30,5,1,76,8.83101988752143,0.136082075885497,0.233425390673801,3.73915128957765
93,12,41,5,3,98,9.37259239036421,0.919948154542238,0.235610311385244,1.88050041302883
12,2,32,1,3,41,2.61945160797546,0.0492928898893297,0.944833165965974,7.80170552274366
45,6,34,5,1,48,2.74572018701389,0.26769778951967,0.60565807740204,3.66538063488706
62,4,29,5,1,49,4.71468028036814,0.0208553957859555,0.19114633766003,6.09327883974629
7,1,29,4,1,56,6.50467843367547,0.0796483103185892,0.860527437645942,2.93992282042862
8,3,30,2,6,38,4.69069889623533,0.314338294545862,0.842349484562874,3.83208295250796
17,2,26,2,2,16,3.86757238169719,0.472951773067421,0.959324321709573,8.71259112978129
92,7,29,3,4,28,5.03759807000889,0.0465264176426828,0.167772970162332,12.3305540809329
4,4,33,3,9,17,1.14760098901683,0.147668839432299,0.655489335069433,3.30304419408086
30,6,24,5,5,17,2.45202880757852,0.0888807018054649,0.505989074707031,5.02844075645158
