K:10
N:1000
Gap:1.54233595766593
Rho: 
1 0.8 0.45 0.2 -0.3 0.7 0.75 0.5 -0.3 -0.1
0.8 1 0.45 0.5 -0.1 0.55 0.4 0.6 -0.4 -0.2
0.45 0.45 1 0.1 -0.3 0.6 0.3 0.4 0 -0.3
0.2 0.5 0.1 1 -0.5 0.35 0.1 0.1 -0.5 -0.45
-0.3 -0.1 -0.3 -0.5 1 -0.4 -0.3 -0.1 0.2 0.2
0.7 0.55 0.6 0.35 -0.4 1 0.8 0.45 -0.2 -0.45
0.75 0.4 0.3 0.1 -0.3 0.8 1 0.45 -0.1 -0.3
0.5 0.6 0.4 0.1 -0.1 0.45 0.45 1 0.1 -0.2
-0.3 -0.4 0 -0.5 0.2 -0.2 -0.1 0.1 1 0.4
-0.1 -0.2 -0.3 -0.45 0.2 -0.45 -0.3 -0.2 0.4 1
X:
74,5,31,3,1,70,10,33,2.23341895660268,0.157062163460068
28,4,33,5,1,79,6,27,5.12046377798829,0.220325965414615
50,5,25,6,1,22,6,25,5.30159547228126,0.872412543472342
57,6,28,4,1,68,8,32,3.15984307002093,0.416146637850857
3,2,24,2,5,13,5,26,5.67343014499931,0.0577950329752639
14,2,26,2,2,10,7,29,9.06785829990985,0.934074205443065
44,4,28,5,1,44,7,21,5.42065850071793,0.548631527895266
5,2,33,2,1,28,5,27,6.20318206281782,0.290048501210961
11,4,22,3,6,0,1,24,4.03623755225254,0.957568512711317
44,3,24,4,1,32,7,24,2.37927189790394,0.501248762456185
9,4,26,3,8,2,2,27,3.22981339284724,0.503169987795359
0,1,26,3,1,4,5,22,7.89070192294528,0.197457433434877
82,6,36,6,1,99,21,35,7.06320788829981,0.028794460115023
14,2,29,4,1,61,6,20,3.6072880812598,0.098227376700379
43,4,35,4,1,63,7,31,6.77870984467198,0.214665796131569
18,4,22,3,13,6,5,27,8.99358246254377,0.651270017590832
5,4,23,3,16,13,5,30,8.28688086731832,0.721969975400769
43,5,26,4,4,53,9,31,7.97772502071787,0.353029712547964
20,3,32,4,1,28,7,29,10.798626603001,0.0957968404766069
29,3,34,3,1,54,7,33,8.07654767655345,0.12789833440911
64,6,36,5,1,52,6,27,5.01031115288277,0.227213707375832
39,3,28,3,1,24,7,23,7.43487755343569,0.249640034501183
37,6,25,4,11,44,9,35,5.5032355276713,0.11938517249655
48,4,29,1,6,71,9,28,8.23945282250281,0.132089007413015
23,2,30,4,1,70,7,20,5.77133943691292,0.278093164942889
32,2,29,2,1,57,7,28,5.02332850681956,0.0564997416222468
24,4,32,3,3,76,7,26,4.41980969348719,0.126924860524014
77,8,38,5,1,72,9,33,5.82185328218035,0.403887530767775
35,4,29,3,3,32,5,27,4.93734072559835,0.533517794186407
81,5,31,4,1,89,13,36,3.42416260330659,0.0112578209955245
55,4,29,4,1,84,10,26,5.58067522245155,0.237789278373796
76,4,36,2,1,84,14,32,8.84597243864299,0.211736974295902
94,7,30,4,1,78,13,34,1.32162098550175,0.0131070843497378
11,2,31,4,1,67,6,25,8.61190778869737,0.189295277857546
8,2,21,5,1,6,5,17,1.34705535344652,0.111599252209999
58,8,25,8,1,80,10,31,2.79642227906519,0.268070673093873
99,8,34,4,1,86,11,35,6.55880838927309,0.816291579934669
33,6,33,3,5,53,5,32,6.95193404413019,0.238809100128272
88,5,37,2,1,93,11,33,8.94091508172299,0.350593238678953
47,5,25,5,1,51,8,31,2.45427759281462,0.0403708422090858
52,4,24,2,7,61,10,30,6.84155815955265,0.370793233604586
31,5,31,3,6,64,6,33,5.56501151829714,0.0513388086523122
66,7,25,7,1,72,10,33,3.61139843535345,0.0983785275602713
27,6,23,7,1,20,5,26,1.59135886490798,0.132078460417688
17,4,26,3,2,20,6,35,10.043013582644,0.428229329620904
44,5,36,5,1,34,6,32,4.99115468719162,0.0629110381705686
25,3,22,4,1,13,7,33,5.6758306298676,0.231167410670104
29,5,31,4,2,18,4,26,2.94996001899684,0.090982156173279
48,6,35,4,1,59,6,34,4.47637269514203,0.104865900124423
49,4,24,4,1,23,8,25,1.54581955061394,0.147949428181164
1,0,30,3,1,14,4,18,2.04983174748738,0.212663060730332
7,1,29,2,1,37,6,27,4.96899929417577,0.153351957444102
30,5,24,4,6,49,6,30,2.03582008140977,0.0324537205742672
67,7,29,3,2,44,8,38,7.96656814278783,1.10312776726888
88,5,29,5,1,78,15,28,4.18095013523519,0.0900998962310221
56,7,32,7,1,55,7,28,1.24674240784185,0.00930219807196409
93,8,42,4,1,92,11,30,0.309250747798959,0.0574966262960407
41,6,27,6,3,79,8,30,3.37150982036306,0.0172949709231034
57,5,35,6,1,92,10,34,2.67620553277322,0.0188740991288796
13,3,28,3,4,2,5,30,7.45681349315853,0.393417855238026
47,6,26,5,2,34,6,26,1.87310221657759,0.0944427287793805
37,3,34,2,2,69,8,24,8.39778172066075,0.922669131415915
95,8,35,4,1,69,10,33,4.77661864291373,0.365857150339902
48,6,35,6,1,90,9,32,6.11550778017784,0.00900520046707243
92,5,28,5,1,61,11,29,0.091538466966937,0.222760832159522
94,7,32,6,1,99,17,39,7.131626764651,0.0179249761858955
7,4,24,6,1,14,4,29,5.33773980999591,0.299652805308554
60,7,30,6,1,82,8,28,-2.63969013692936,0.0422966041369364
55,6,27,7,1,33,8,32,3.13396423335144,0.546822456145817
95,10,37,4,2,94,12,40,5.86769753154891,0.104500935762189
74,5,29,3,3,42,10,28,6.54455204595087,0.132993432111107
2,4,24,6,4,41,6,28,5.96617810962514,0.0982524906285107
54,8,35,4,2,43,5,34,3.17665286315826,0.243052375958043
44,7,34,5,1,32,5,35,4.11804074279752,0.0554038680857047
54,6,32,6,1,89,11,34,1.42097529251708,0.00276257970836014
50,6,35,3,2,25,5,39,10.6863593811095,0.427762111627913
43,4,27,4,1,37,7,29,4.47316736325653,0.640174578378135
14,3,22,3,2,12,6,29,5.09599881377966,0.537710747709665
42,6,25,7,1,41,7,25,1.77614814915751,0.164117175154388
98,12,31,7,1,93,11,36,-1.23398864465694,0.0324634769402621
43,3,28,3,1,41,9,33,8.80792323751417,0.493860466958042
74,5,28,5,1,82,14,31,6.06479223135416,0.233951725753698
36,4,25,4,3,14,8,27,4.64504827936564,0.0810391079867259
26,5,33,3,6,24,6,30,7.40503396273421,0.22029739570685
44,3,22,4,1,56,10,22,4.01650660197128,0.49287063020975
20,5,25,5,3,5,5,31,6.3454362692698,0.14160894008819
83,6,30,4,1,89,12,35,0.636509941096032,0.109722510795109
50,7,30,6,1,81,7,31,5.37454598989389,0.0584903876297176
99,7,32,5,1,92,11,25,1.07317491699682,0.121973106728167
91,9,40,5,1,93,13,35,3.84600100776575,0.0362646283930007
29,5,30,4,5,21,4,27,4.53615118522153,0.0631558426325649
26,3,31,2,2,7,5,30,8.24885188381561,0.203628962780565
41,4,31,4,1,83,8,25,4.10264355694855,0.0180618501250888
61,8,35,5,1,79,8,38,3.05825022142871,0.0386243013199419
31,3,20,2,4,15,6,20,5.35933709798695,0.806436274581322
40,3,30,3,1,29,6,26,4.24043757829464,0.325823568030003
97,12,31,6,1,86,11,40,2.64312607199127,0.0557696447940543
82,5,33,5,1,99,15,30,3.37625268131257,0.0444080282468349
16,3,24,6,1,13,6,26,6.09393596615941,0.0848570394694277
35,2,29,4,1,53,8,23,4.36518433482072,0.0742668529828897
0,1,29,4,1,63,7,24,5.96862041715226,0.0170808862894773
71,7,33,5,1,88,11,34,6.67141693669413,0.144553474732675
61,7,36,3,2,30,5,30,4.73024408272771,0.262921023870561
95,6,29,3,2,72,11,24,0.584128564614259,0.1508631616598
1,2,30,3,1,20,3,28,6.65472927861413,0.394847563912577
50,4,31,3,1,69,7,30,7.8416581704852,0.118007093435153
7,2,30,1,4,8,6,30,12.4677158211556,0.510414240395135
59,6,29,4,2,57,8,37,2.93289819552188,0.0598208057062482
93,9,34,4,2,79,9,33,7.12243191119478,0.463219163806173
10,3,31,5,1,6,2,23,3.09286783416367,0.228456296016204
87,6,27,5,1,87,12,26,5.48659118511566,0.131201412645169
38,4,26,3,3,14,8,30,2.71762994537142,0.125383507926017
72,9,28,6,4,88,9,30,2.18090557813433,0.315151806444603
18,4,34,5,2,46,5,28,2.67183868078454,0.00230938851312736
1,2,29,5,1,29,6,29,7.84279049600315,0.0603995533892885
58,4,32,4,1,69,9,23,3.51650239319056,0.235560819503168
28,3,27,4,1,12,6,29,8.75515899705453,0.270810098143968
18,4,29,5,2,44,6,26,7.21766182163917,0.0536028580550581
3,0,26,1,7,16,6,23,8.41874418327295,0.401670170701251
68,8,27,4,3,16,5,31,4.73359116601708,0.39435594154284
84,6,27,3,3,85,13,35,6.99213661020413,0.179430248510272
5,4,29,5,3,60,6,27,3.66595150059188,0.0343705899859724
24,3,30,4,1,56,8,35,8.29232036398884,0.0397098227404058
42,4,28,4,2,62,10,31,6.88039363287293,0.233107401746067
0,1,19,4,1,6,6,24,9.30594487926724,0.37894769523055
27,4,30,3,3,61,7,33,8.14571808948229,0.0639253223780543
78,9,32,4,3,27,7,35,5.42396909563362,0.455880204194641
84,10,28,7,1,66,9,32,0.3519366128086,0.244605954352498
93,6,39,3,1,98,16,41,10.5734364958913,0.131123607246975
32,4,33,3,1,62,5,32,5.02580445642312,0.0600563662592322
24,2,24,3,1,21,6,28,7.91695721749804,0.81916848379643
41,3,29,3,1,47,6,29,6.58099647188862,0.347529128638512
37,3,32,2,2,22,5,27,5.25332018626048,0.179844817834649
14,4,32,4,3,18,3,25,5.94919245835164,0.170905314502306
57,7,37,4,2,53,7,29,5.33253326367845,0.121393933548639
28,2,26,4,1,67,9,28,7.19171186526873,0.27272814498275
30,2,30,1,4,18,8,24,6.71323982682547,0.164736091159284
21,2,22,1,10,6,8,26,10.037657474712,1.19646030158553
86,7,34,4,1,73,9,30,3.17914762622539,0.569542263674303
61,6,34,3,4,71,10,37,7.06483990667167,0.0376994527177885
66,4,26,3,2,74,12,29,4.03761978410744,0.0529547380283475
91,9,28,6,1,78,10,34,2.88571226184053,0.221888032088742
8,3,24,3,6,9,3,27,4.52717312312431,0.276785763435739
97,8,38,2,1,52,9,35,3.18002493529212,0.422730399736216
13,4,33,4,1,47,4,29,4.55653649955913,0.247346728436551
12,4,22,3,12,0,2,23,2.93572969469973,0.6603570212295
52,4,35,2,1,48,8,29,8.9467378168273,0.628420440914267
83,7,31,4,1,80,12,39,6.77197340550925,0.0978243801509961
76,8,32,3,5,88,11,37,3.83156480060658,0.040252483333461
95,8,37,5,1,86,11,28,3.58211606588938,0.130288137355819
25,2,33,1,3,51,9,31,14.1986910668938,0.163815765525214
30,3,29,5,1,60,10,28,4.89497521004568,0.176132543467659
32,3,28,4,1,28,9,25,4.42636151622364,0.0555633277418309
39,6,34,6,1,82,6,33,7.61648743665168,0.153405845281668
30,5,30,5,1,68,6,32,8.88994642800372,0.188338276552566
65,4,31,2,2,86,12,31,3.36713759382518,0.133662110123595
4,1,18,4,1,10,5,26,8.11666358083655,0.328761000408533
74,6,28,6,1,84,11,26,2.73297827746397,0.277442122333425
85,5,34,4,1,91,12,31,7.73578426171201,0.143044513766654
22,5,29,3,15,4,4,29,4.81573263343704,0.0368773457134089
59,7,34,5,1,72,8,32,3.25812133300883,0.02083106145447
18,3,30,3,1,8,4,25,7.99626734144819,1.28961948122485
61,6,36,5,1,90,11,40,7.56415905380545,0.0979559635743499
95,10,36,4,2,86,10,36,2.49809696009865,0.0259696539650357
0,2,25,2,4,5,5,34,10.1018278121969,0.393639110007739
96,7,33,3,1,65,11,37,8.8176878869073,0.309956433473829
14,4,28,6,1,26,4,28,2.1759147749975,0.071744337095879
70,5,37,4,1,97,12,36,5.10211593671113,0.0845555230043828
75,5,37,4,1,79,8,28,7.04350712792825,0.213966073292871
32,5,28,5,3,61,9,33,4.56731348776595,0.0986868339043113
73,5,31,2,3,46,9,25,5.29741487890961,0.527845656002098
41,3,31,3,1,43,8,29,5.6096961360263,0.459045503733164
21,4,32,3,4,46,5,32,7.58067537289356,0.307957584726366
28,4,30,3,3,19,4,29,3.61343897797269,0.126367310411297
26,4,29,6,1,64,5,27,5.07768284920727,0.253976250755343
60,7,34,6,1,70,8,28,3.72033847155253,0.194955542879675
67,4,36,2,1,66,9,33,4.62302145214903,0.293775176618922
66,5,31,3,1,73,10,36,8.04599321793119,0.545935901316128
61,7,36,3,2,75,8,39,7.32838034153968,0.0657087567960843
37,6,33,7,1,92,9,31,3.27208597528425,0.00744411908090115
87,7,32,5,1,92,11,30,5.49396059597205,0.133496815338731
15,3,25,4,2,35,6,25,4.97019831871056,0.0829067885642871
93,9,34,5,1,95,10,38,1.82634232219162,0.0369687803322449
28,4,23,4,1,4,3,25,6.67522654986547,0.880870946108817
22,3,27,3,2,2,4,25,8.82019319112113,0.752313189166498
99,7,29,4,1,73,12,30,6.03012497915578,0.505529564318663
56,6,31,3,4,62,7,34,4.60922491107964,0.0731505604013634
31,2,20,2,3,11,8,26,9.03401744499573,0.551398820225156
21,2,28,3,1,51,8,31,4.63853527890641,0.163646209519356
93,10,28,4,10,85,14,42,2.92398911568716,0.0114925737725571
43,5,23,5,2,41,9,30,6.1452882103229,0.25861857504465
71,8,36,4,2,39,6,33,8.22879413704289,0.437427913283414
5,2,29,4,1,18,5,24,3.37059896644206,0.1216379677644
58,4,30,4,1,71,12,29,3.66021456487477,0.0529024073621258
40,4,30,3,3,23,6,24,4.84209647454389,0.545969139287406
38,5,24,4,6,20,7,34,9.91713918934492,0.267064065196294
70,6,27,6,1,79,9,30,1.8305362561231,0.27468658912808
96,9,37,5,1,87,10,30,4.70547170524074,0.131148136337288
35,6,29,7,1,71,7,35,0.897405214025405,0.010453387321381
96,6,35,3,1,74,12,32,6.3504689660861,0.6029604836052
46,7,30,5,3,24,4,25,0.622189556495927,0.199749648099776
11,4,25,7,1,18,4,21,3.8178273964595,0.394570748766369
99,12,37,4,2,86,10,42,6.73983302243616,0.0916851949709087
14,3,32,3,1,26,3,28,4.77711351826242,0.151743969065137
6,2,18,5,1,32,5,21,1.76516366629112,0.288026298899654
4,4,30,5,2,23,4,30,4.91699007827907,0.0390254389001783
59,4,32,4,1,88,14,31,4.22210776276509,0.00186139863240868
67,8,28,5,2,53,8,40,4.10014818079471,0.0895873683039099
17,3,27,4,1,21,5,29,8.06903426677917,0.139325412572362
59,4,30,2,2,17,8,30,6.84885631270914,0.806922031524491
92,10,36,4,2,59,7,31,1.6819584077966,0.240663220396939
35,3,33,2,2,53,8,29,4.68370460883584,0.12991558003705
37,4,28,3,1,20,5,32,2.36272213472538,0.166654477710836
96,9,34,5,1,91,10,37,7.21491044357534,0.326159425534982
40,6,31,4,5,26,6,26,2.99295356723083,0.343808931055221
68,5,30,2,3,37,8,23,5.80315860970028,0.841053461613965
35,3,27,2,2,39,9,31,9.01415645241828,0.317025210697877
98,9,28,5,2,80,12,35,3.02978413529327,0.0420360929429666
83,10,38,4,1,54,7,40,7.97504758527992,0.431950690669423
60,4,31,3,2,86,12,30,3.47877817816543,0.0487455163505723
40,5,33,5,1,58,6,32,1.61988777390484,0.0612256382496033
35,2,31,2,2,58,10,27,4.62066340744019,0.192193148531234
30,3,24,4,1,24,6,25,4.7255667139395,0.453610422534353
38,6,26,5,3,17,5,26,0.688980911099646,0.0947967012035927
5,2,28,3,2,12,4,19,6.61675311094359,0.677771149637336
73,5,37,5,1,99,15,34,6.29162006427087,0.00216194265522063
27,5,34,6,1,43,7,29,2.31316021625811,0.0234430525451899
11,4,31,6,1,57,7,34,8.93980016274289,0.0696645816788077
64,8,31,8,1,80,10,37,1.14992933870506,0.00029712007381022
25,5,29,4,4,48,7,34,4.18333992966637,0.00678351837943635
25,5,25,4,3,2,5,34,5.30090693524882,0.784608868840051
61,8,30,6,1,39,7,35,0.518352226748437,0.0292784235207364
29,4,27,3,7,48,8,34,8.60339897103492,0.132834022864699
70,5,34,2,1,56,9,36,9.40943403812267,0.682153914557928
93,9,32,4,1,39,9,39,3.41540367532456,0.096430707606487
81,8,40,4,1,65,8,35,2.39275295551601,0.176173099649039
33,6,31,5,1,31,4,30,1.56600459903869,0.129202284091707
18,2,31,2,3,26,6,24,5.26335414318064,0.18381253768571
90,7,33,3,2,75,11,31,5.92371536951354,0.209544648391343
60,8,36,5,2,44,6,32,7.01937284797617,0.451939565181173
38,3,30,2,1,64,7,31,5.98456056472481,0.171506888233125
69,6,32,4,1,33,9,33,3.79685952090766,0.0915101629216224
67,7,27,6,1,34,7,30,1.02046997478053,0.361723042175742
80,8,27,4,1,14,6,29,-1.99397739383673,0.470376204678273
73,4,24,4,1,68,13,32,2.70536515344678,0.172878682613373
39,5,30,3,3,13,4,28,1.55190890457407,0.355168950401177
80,7,34,4,2,93,12,35,7.19001272621449,0.0989001673879102
38,5,31,2,5,29,5,29,9.37664632285891,0.580237485902542
49,4,32,4,1,53,7,25,3.49940345841902,0.0901829252252355
19,2,19,3,1,1,4,22,3.08232466441976,0.994972133490831
92,9,31,4,1,39,7,32,1.22311643862891,0.217518980705695
85,9,27,5,1,70,8,35,2.92716091300583,0.205815580961376
17,3,26,4,1,31,7,31,6.47299573911561,0.058701383182779
23,3,21,3,3,20,9,28,5.31400706405451,0.537090446302825
85,5,35,2,1,65,9,33,10.8923239182893,0.699548078903315
80,9,30,4,7,79,8,29,4.22945179994645,0.415927629431194
24,3,27,3,1,6,5,26,2.5371056898804,0.258309370108326
55,5,30,5,1,66,7,28,6.15006844207805,0.0964114872040227
90,7,27,5,1,87,14,38,5.59199208220528,0.143613567110151
68,5,27,4,1,28,7,27,5.58500923358638,0.47634219189868
63,7,30,6,1,52,8,31,0.367567930275097,0.0633432653684968
48,6,37,3,5,60,6,28,4.63677870478407,0.0800321169250305
12,3,29,3,1,29,5,31,10.739751725795,0.713639633688045
42,4,25,2,4,12,6,29,4.43069785549861,1.00749436155298
95,8,39,4,1,99,12,35,6.66528034501013,0.207955873560834
24,2,30,4,1,77,10,32,8.91368226155365,0.10648515180219
4,1,17,2,1,0,5,26,6.49436698240927,0.681469028318459
44,3,34,4,1,91,9,27,4.30610247269429,0.00870365754235536
50,5,27,5,1,80,10,28,-0.421667353136191,0.0616506789810956
17,3,23,5,3,38,8,28,9.1182538636001,0.0980924073373899
15,2,24,5,1,21,7,27,3.37186018301643,0.0835838125785813
17,3,25,4,1,24,5,21,-0.0477656526174925,0.167304500355385
26,5,34,4,4,67,5,27,4.86482405935774,0.0757383549353108
95,6,26,3,2,81,13,31,4.34894276585464,0.306900627667758
9,3,29,5,1,29,6,25,5.5205542363584,0.186099904346022
62,4,33,4,1,65,10,36,9.71514130263468,0.139100128202699
84,7,35,4,1,50,7,32,5.65805655317825,0.210586698252243
44,4,29,3,1,58,8,31,4.15064221960605,0.271922949225384
43,5,28,3,3,27,7,32,4.61556091259762,0.167909766198136
53,6,30,6,1,59,6,25,-1.99127732863831,0.0741440971349582
97,6,33,4,1,98,21,41,6.15396503783177,0.0483960775891319
46,6,27,7,1,76,7,30,-0.17323815616992,0.190137459420341
71,7,32,5,2,50,7,25,1.89943177234518,0.370805001796639
76,7,28,4,3,72,8,31,3.65025754914243,0.427101323316791
22,5,33,4,1,32,3,35,7.91268815821331,0.161558635998517
42,3,28,3,2,81,12,30,5.09302735287466,0.0198554084636271
43,4,33,3,1,24,6,31,5.03053707515172,0.116209285217337
38,5,24,6,2,28,5,24,-1.29731226513848,0.115497584920377
14,3,29,4,2,34,5,28,6.60199620826853,0.0666975488549761
30,4,26,5,1,48,6,23,1.56961963157168,0.0912858153314636
52,6,32,4,1,63,7,31,8.78478061432444,0.381185164654112
23,5,31,5,2,51,4,28,3.82197368627421,0.118872535237768
96,10,42,4,1,60,7,34,1.33352169416622,0.0675890791462734
14,3,27,3,5,34,7,29,5.17754343659653,0.081754915532656
82,9,28,5,2,26,8,37,1.22412420947534,0.139750098111108
94,6,27,4,1,87,14,35,8.21888531706288,0.247389047411468
20,2,28,2,2,63,7,24,2.73870256715814,0.267504570296708
94,9,40,4,1,87,11,38,3.7430781082248,0.0437044324353337
88,5,35,3,1,90,11,27,5.68312305719141,0.18116260691427
6,1,17,4,1,3,6,22,6.65173198509102,0.169873477658257
36,3,27,2,2,8,7,25,6.24664714369737,1.12512794596361
73,4,35,2,1,85,13,29,8.75804445787786,0.198657084047398
51,4,31,3,1,33,7,28,4.53388688865215,0.501081212868399
3,3,23,5,1,2,4,26,5.36420640218652,0.0953219952551934
68,4,29,1,3,61,9,27,9.57384135201467,0.720356106958074
78,6,28,3,2,63,10,38,5.63590926682697,0.32180111388557
23,5,34,4,1,36,5,38,5.62772464244184,0.0252537444466725
4,2,25,2,9,11,7,30,4.50407875859591,0.213687794039699
26,2,28,1,6,15,8,28,4.20360891282719,0.233398800891576
31,6,32,4,4,77,7,33,5.77334542408562,0.122422898886725
40,4,25,6,1,30,7,27,4.96727955667256,0.732374431523395
86,8,31,5,1,90,10,33,2.77590842540155,0.233399561828676
75,9,40,7,1,95,10,33,3.03614052116441,0.0468137032585219
55,5,28,4,1,46,7,30,2.6872047011539,0.29998941992489
4,4,32,5,2,25,3,21,1.98398177170581,0.0952148241922259
35,5,32,3,2,32,4,30,5.07831422430352,0.121717697824351
86,5,27,2,2,61,12,37,11.4394811217944,0.609658120759185
53,5,35,3,3,71,8,28,4.64236027514399,0.393536178374148
69,5,29,4,1,87,10,32,5.01262443565081,0.467534161643477
64,7,35,3,4,70,7,27,6.00303084315043,0.491754904368377
33,3,34,4,1,87,10,30,6.60647719908743,0.00598788715433329
57,4,25,4,1,44,8,26,3.73000195085493,0.651987118149334
26,5,23,5,2,7,5,32,3.33385960773868,0.361906084535116
49,4,24,4,1,31,8,29,2.71393316082256,0.4856617427221
15,2,25,3,2,55,7,23,5.27460207325171,0.113914901274256
4,2,30,4,1,43,6,27,4.72314465617436,0.0521647577845303
34,5,32,4,2,47,6,35,8.56848424544265,0.26547825661369
13,4,26,3,2,6,4,30,2.70019746418671,0.119703674921766
68,9,34,7,1,93,8,29,2.85625370186665,0.168210396077484
46,5,26,4,5,33,9,29,2.05521975278457,0.111745363247101
30,5,26,6,1,54,7,32,2.10582317234363,0.0381296461446574
75,6,30,6,1,54,7,26,2.09800576223662,0.617011820400292
69,5,31,4,1,58,8,24,-0.213201386030643,0.147650513565168
28,5,31,4,4,46,7,37,9.31950139085671,0.054904185119085
34,3,25,2,2,25,7,32,6.64512056343622,0.286738333980295
37,5,30,4,1,45,6,36,9.04056748198949,0.429608228648961
31,2,25,2,1,5,5,24,4.92337476844484,0.486521493622518
51,4,27,2,2,31,9,31,4.18565403958772,0.0982023957030199
39,5,27,3,5,11,6,35,8.14432091697818,0.836093164938402
96,7,26,4,1,61,12,36,6.79245384594251,0.17982796958678
34,4,31,5,1,29,6,28,3.5451656259857,0.118906809017062
70,5,30,5,1,97,15,33,4.17073120764999,0.0754706761145033
78,4,28,5,1,94,15,32,6.50249174766576,0.0918643329059705
99,8,42,3,1,74,9,35,5.42538470147508,0.19350422022167
0,1,27,3,1,5,5,27,7.36385490960219,0.544129828757318
65,4,34,3,1,89,12,34,6.66313636938845,0.0342036829489538
59,6,30,4,2,43,6,31,6.82472583629238,0.271481850173998
11,3,30,5,1,19,6,31,5.31316635196876,0.0193580774357542
69,4,28,4,1,82,12,34,5.52127016751047,0.144663160783239
46,5,29,5,1,92,13,34,9.39793162109283,0.0306510484078899
33,3,34,2,1,71,9,30,6.29926265980082,0.310724064930084
33,2,26,1,3,41,10,35,7.17003971695341,0.418694771805263
44,6,31,4,3,39,7,33,4.73576213453057,0.291983862464062
43,3,27,2,4,11,6,25,7.0076174054057,0.355464439720733
26,2,32,0,4,55,9,30,6.89306020521895,0.102262941538356
69,8,28,6,2,87,9,30,3.04352686446036,0.0661523529561237
94,7,29,6,1,91,14,36,1.7123063662032,0.198152421963143
32,2,31,4,1,61,8,24,6.92406944839644,0.41843613933534
4,1,23,3,3,48,8,26,6.80046410283229,0.0795315376017243
22,2,26,2,3,16,9,25,5.51092569327331,0.350324575005085
3,4,34,4,3,57,3,31,3.56453503177574,0.00965801312122494
56,5,29,5,1,63,9,30,4.3145729217159,0.123001063824631
67,7,34,4,1,54,6,35,4.29782454424341,0.168887796811759
60,6,31,6,1,64,8,28,0.0690559781341591,0.0597935686819255
6,3,32,4,1,12,3,29,7.53915274531356,0.128048234735616
55,4,28,2,6,43,8,25,5.41882634276122,0.486962647011958
34,5,29,5,2,29,5,23,0.491677993146757,0.0636708264937624
23,2,33,4,1,78,10,28,8.38828264665046,0.0488593976683251
35,5,31,3,4,43,7,35,3.51786666729141,0.0715322464238852
40,5,30,3,5,41,6,25,2.5490502616843,0.0485385436331853
23,5,26,4,10,49,6,30,2.73674291651929,0.0760137444594875
6,4,24,6,1,19,4,33,6.86173528556715,0.119649459607899
7,4,24,3,11,13,5,27,5.42865815103371,0.211303677166554
2,3,24,3,11,8,6,30,6.82453299105013,0.0891794312046841
90,10,42,6,1,96,10,34,0.838376531159286,0.0849968952825293
1,1,25,2,2,13,6,25,10.6980973588984,0.26215002288923
83,6,36,4,1,98,15,33,6.61025544386098,0.0172303983387348
1,1,23,1,5,0,3,20,10.3299421324881,1.9446998782232
87,9,28,4,9,38,10,33,3.35410147796156,0.116954825149777
34,4,28,5,1,41,7,22,2.73398113064687,0.112496418063529
59,7,33,3,6,69,7,31,0.913641888043471,0.0820027887821198
36,5,23,6,1,9,4,22,0.219024780904299,0.49627843077988
11,3,23,2,8,14,5,26,8.78447453474549,0.730325923487052
7,3,31,3,1,6,2,25,5.7494572752567,0.227287132049653
72,9,32,4,3,35,5,35,2.08604675882076,0.361494041492647
6,2,28,2,3,32,6,29,7.52979837015496,0.137089989497326
17,3,27,4,1,13,6,31,8.04758349252891,0.316286338249895
25,3,30,3,1,17,6,30,5.58698138503907,0.143622799310833
95,5,26,4,1,93,18,32,4.02430769399483,0.177356122356658
99,6,40,3,1,97,14,40,7.31215718426615,0.0498776562744752
59,7,27,6,1,32,6,25,-2.50731116683758,0.122638828470372
80,7,35,3,5,90,12,36,5.75475552801412,0.0999592933803797
52,7,33,5,1,28,5,31,0.862912192505934,0.271364254167977
81,7,34,5,1,98,11,30,-0.365148013643914,0.00189529755152762
45,7,36,5,1,81,6,36,7.94517505741967,0.0664639972383156
37,2,24,2,2,13,8,28,5.03576482304503,0.873032636451344
15,3,25,5,1,22,6,32,8.45691806234334,0.162008483661339
83,6,25,4,1,56,11,33,5.77308775687303,0.170658071292564
33,4,32,2,5,43,6,29,6.96648153554224,0.614259838560754
48,4,23,2,2,3,8,32,3.11195404955498,0.691772623421782
4,4,19,6,3,4,3,22,1.12301036109113,0.0210089477359371
97,7,39,2,1,77,12,34,7.40963118571774,0.594895355837578
3,3,28,6,1,24,5,32,9.33863663457081,0.111094762105495
58,5,34,4,2,81,10,27,4.56381539288289,0.155300696846098
69,7,28,6,1,82,11,33,4.42237611665118,0.345621488745067
69,7,34,3,4,84,11,40,6.7515680366911,0.0570048817899078
43,6,36,5,1,85,7,31,-0.0448670277040346,0.0443897633677634
12,1,24,2,2,8,7,29,8.26842236850501,0.195895660192448
98,6,27,4,1,82,16,36,7.8971601354935,0.280842444507905
20,3,25,5,2,27,8,28,3.7927533831625,0.111563983024098
72,8,27,4,4,40,9,38,5.46052445955336,0.165901191532612
70,5,34,3,1,94,14,37,4.7399135528179,0.0663820842746645
77,6,34,4,1,91,10,28,3.03175095352762,0.0290136059047654
42,5,34,4,1,60,8,33,6.41139555509767,0.1957738075766
81,9,29,5,1,45,7,38,6.05852371311806,0.289530937973285
49,5,31,3,1,60,9,42,8.44891145024962,0.0710812206308957
48,4,29,4,1,83,10,29,5.23858299488651,0.410180465199976
17,3,32,2,4,45,8,33,9.56406921079212,0.0272616833695175
76,8,34,6,1,89,9,35,5.37885175977424,0.307665572025555
0,0,29,4,1,29,7,19,5.84477108470858,0.0288643008745946
40,3,25,2,1,17,7,30,9.45623293000956,0.988093640338827
18,4,34,4,3,29,5,29,7.41358232667153,0.0523351564055862
18,4,29,3,5,10,6,31,10.6361013212131,0.15850858669728
4,2,27,2,6,2,6,29,11.0730377228412,0.290786825569373
15,5,34,7,1,58,4,31,2.1230513061534,0.0484298725137562
19,3,30,4,1,35,6,29,5.35993309001416,0.0770707974443212
97,8,38,6,1,95,11,31,-0.266051783242773,0.00555598717433854
46,4,28,3,1,21,9,32,8.75501207394018,0.184004453170577
31,3,29,4,1,64,6,27,6.31932594075187,0.343508837035599
20,3,28,2,3,2,3,26,8.12572329907507,0.85440754886241
77,7,28,6,1,75,9,27,4.4102509640087,0.174137588623494
23,5,24,5,2,3,2,29,4.16397400527822,0.146884121248973
59,8,29,4,4,55,9,38,5.60894073497154,0.317638896162364
90,6,31,3,1,39,8,29,4.46922518151413,0.319852327684614
62,7,33,4,1,38,8,35,9.24883252231093,0.171026482712477
18,5,31,6,1,55,4,29,2.16619999467022,0.0587897119712654
8,3,27,3,6,36,6,29,10.4463973638088,0.265496956406835
3,4,26,3,4,0,2,25,2.46044086277736,0.268747978797955
46,6,32,3,3,40,7,41,10.5583225756821,0.312401722873303
82,7,35,4,1,99,12,33,6.97491000021905,0.0477248278912157
56,5,28,4,2,56,10,28,1.48432087192235,0.105870950967073
91,11,30,8,1,70,9,30,-3.36737036372408,0.0936612788354978
80,6,25,5,1,30,8,27,4.14546431869098,0.521200629589556
27,6,29,3,12,28,6,32,6.70593569599305,0.293900166627693
12,3,28,4,2,49,7,28,5.61401739809471,0.188871904693298
46,4,34,4,1,93,11,30,7.7430914242282,0.301802800492126
42,4,29,3,1,59,9,35,6.55444139520208,0.0654345368378013
46,7,37,5,1,74,7,39,4.29105124432119,0.0792909832671285
5,2,26,3,3,5,3,22,6.49215190818169,0.415792431374934
80,5,35,2,1,46,8,33,5.88359762106585,0.249889457767923
52,5,27,6,1,53,8,26,-0.1213261903325,0.324452373654324
29,4,28,4,1,16,5,32,7.13344218329702,0.166987248579971
78,6,26,5,1,85,9,30,-1.49725777440866,0.119445989956148
97,8,35,3,2,92,10,36,5.90413148858065,0.348786139423366
91,7,39,5,1,92,13,35,7.25520286908527,0.0336085831513628
28,4,24,4,1,15,6,33,4.06804558786755,0.168469487805851
37,6,35,5,2,40,5,28,1.64776106793619,0.166148260235786
32,4,23,5,1,5,5,29,2.69987525138839,0.0867215705802664
88,7,31,5,1,87,10,32,5.123002067327,0.684972735556001
86,5,35,4,1,73,10,29,0.372169139156087,0.237129212812263
46,6,37,3,6,84,8,34,5.81052224194373,0.100633225636557
26,2,30,4,1,39,6,22,8.46599600792398,0.419209052787578
84,6,37,2,1,85,9,33,2.6592208506241,0.339674680017608
85,10,43,4,3,91,11,47,5.20914104780187,0.0381433223374188
57,7,29,5,1,26,7,37,4.99158471477384,0.175965653239469
20,1,23,4,1,33,8,25,4.45892934700571,0.0813406476518139
70,5,35,4,1,94,11,37,9.38270281291653,0.232237517124715
27,5,25,5,5,47,8,31,7.49685298660669,0.0826904372560778
94,6,30,4,1,90,16,33,2.16811182183394,0.0753445060690865
14,3,27,5,1,23,5,23,3.7755049618052,0.0516754101836867
4,4,25,7,2,15,5,27,5.18203516010661,0.0236545054679481
41,3,21,2,3,15,9,25,8.05520942057988,1.39698508000913
71,4,28,3,1,58,12,29,2.96804776250267,0.0406949630068343
26,2,32,4,1,44,9,30,4.0024302843865,0.133754535927437
98,7,31,6,1,80,10,29,0.379065150345369,0.0123488693253223
76,9,37,5,2,88,9,39,8.24860088008278,0.0890270961681381
71,7,30,6,1,88,11,29,-0.0882818535487582,0.0367700153728947
63,6,28,4,5,65,11,31,1.57326814154565,0.108717089984566
89,11,34,8,1,76,8,31,0.682340517348564,0.023562710499391
90,7,36,5,1,97,12,31,4.84675626842567,0.0371819728752598
72,5,25,3,6,21,9,26,6.42012598919958,0.564781063670451
38,5,25,6,1,67,9,31,2.85487397829315,0.155560745042749
8,1,25,3,1,16,6,26,7.78942323253967,0.619730810137624
78,5,34,4,1,85,12,36,9.01823591944978,0.122373221092857
41,6,32,4,5,47,7,33,2.46059569110457,0.103714312775992
83,7,33,3,4,85,10,31,5.60267243042093,0.139630865189247
67,7,36,5,1,65,9,33,6.34554340552838,0.0961983512388542
31,3,21,4,1,11,8,28,1.874339485569,0.448852712733156
48,4,30,4,1,39,8,26,6.71216334097923,0.230937675616424
99,6,33,2,2,89,13,35,4.65752752348716,0.489344347424753
20,1,27,4,1,40,8,27,5.95208073184178,0.4579696903032
79,7,31,5,1,49,9,35,4.36780054908115,0.154188410029747
40,4,23,3,3,26,7,30,8.31892436626508,0.892532979256787
30,3,34,3,1,39,7,29,9.67638396711432,0.208080589319164
32,2,31,1,1,27,6,28,8.49641174043965,0.31677845189229
85,7,35,3,1,54,7,33,4.70081872052077,0.304295572684943
95,12,35,4,3,92,10,42,3.45182806321083,0.0505885773885772
0,0,26,2,2,7,7,24,5.41169065779899,0.0438672191302378
30,4,24,2,3,4,5,35,7.47523630836818,0.310101034264982
62,5,34,5,1,95,10,29,0.760819472679374,0.0203798218264915
91,9,34,7,1,93,11,39,3.51844470287214,0.32266531860337
44,3,28,4,1,43,10,28,4.40626643105382,0.142099494114518
26,2,28,4,1,62,8,31,6.76446186112748,0.548220923604602
26,3,30,5,1,41,8,25,8.41264972653587,0.266004873252437
41,3,31,4,1,81,8,27,4.2275087952542,0.160455169039778
47,6,26,6,1,44,8,34,6.7694213482364,0.166344162425958
62,4,29,4,1,96,12,28,5.7340753682532,0.0458883702801068
47,5,30,3,1,33,7,32,2.60829767197121,0.362748301124398
17,2,24,2,1,3,5,24,5.01620403563791,0.49508665174008
39,3,28,4,1,51,9,26,7.24020940887337,0.500539483015841
37,6,33,4,4,66,7,32,6.77168889475504,0.1298730293056
79,5,26,3,2,66,12,33,3.84835338212884,0.202113411316596
96,7,29,5,1,95,14,35,4.33306168323534,0.248320010480213
19,3,28,5,1,43,5,31,6.47729568502973,0.235284564540464
78,6,38,6,1,82,10,34,4.94834612629695,0.0665855488041416
86,9,30,3,4,44,10,38,3.88355400632678,0.331000148773867
61,5,27,5,1,40,8,22,0.483622194109859,0.274982615042727
90,6,30,4,1,91,11,34,7.72762979667369,0.226023982966992
89,5,26,5,1,85,16,30,1.50386787530384,0.0109684517374262
3,3,24,6,2,6,3,19,6.52478986555543,0.231384497991165
29,5,34,5,2,70,5,26,5.53413374500392,0.111041879048571
32,3,27,4,1,73,9,25,8.02484287014038,0.127883784589358
20,4,27,5,1,29,7,35,7.95352139355702,0.0894532901002094
31,5,33,5,1,32,6,38,5.60146598705819,0.015912580031613
73,7,29,6,1,81,11,34,1.51777162078326,0.0821761930128559
3,3,20,4,2,0,2,22,5.24878526378125,1.65309530233953
78,8,34,5,1,93,10,37,4.99602910892471,0.204164983228523
8,1,24,2,5,3,7,22,5.2700485545539,0.118628695607185
65,7,37,3,2,42,6,32,4.88937510043424,0.432513415873655
39,4,34,2,4,52,9,31,3.90993466981806,0.0903916800495252
95,8,28,5,2,83,11,28,-1.75657947102231,0.0482517324853688
86,6,36,5,1,96,11,32,5.24757498627797,0.209321653692725
20,4,26,4,4,14,6,29,5.95581486452163,0.0537306251935661
79,9,32,4,3,38,9,34,7.88302282218237,0.492629812543696
78,7,28,4,1,53,10,35,6.72052197156348,0.391239191384471
57,7,29,3,7,43,7,30,4.84295141249749,0.599926844673389
35,5,26,4,7,45,7,32,1.97670603768767,0.116926335380413
16,3,28,3,5,9,3,23,6.04093457086942,0.295791596396568
20,2,33,2,1,43,7,33,6.76483764343534,0.0366657712541421
45,4,28,2,8,68,10,31,5.71217306404454,0.118934984435327
91,8,29,4,3,74,12,34,7.26297294715756,0.168210306321271
17,5,33,5,1,49,7,33,7.32740890090035,0.0485320003936067
80,8,39,3,1,91,11,40,3.00828157028028,0.0601526912068948
61,8,26,4,6,38,7,31,4.83153302167398,0.958229561749488
9,3,20,4,4,36,5,20,5.93051542264483,0.574863999692858
4,2,29,4,1,24,5,22,5.31058361076885,0.0842486993642524
57,4,32,3,1,41,9,28,3.76320735327737,0.0518493924755603
54,7,34,6,1,49,7,32,0.165666667291831,0.0114571970343609
87,6,30,5,1,97,13,27,4.31256467303721,0.336470572733063
41,3,29,4,1,92,11,23,5.98606542416929,0.0622399307032973
4,4,31,4,1,2,2,28,6.71199707534325,0.170495035476051
93,6,26,4,1,91,13,33,7.77757075883904,0.152766395337738
74,5,31,5,1,85,11,27,2.09640972966195,0.0117196821295796
86,7,29,3,3,61,11,33,2.51572056564301,0.125932910409617
13,1,29,1,2,33,7,33,15.0796681247223,0.341931497900489
56,5,32,5,1,87,10,36,7.21679579794781,0.0779880478512496
7,1,24,2,1,1,5,28,7.86138619494275,0.667598409081036
34,4,32,5,1,72,9,25,1.47575750993372,0.0105854572029784
60,5,35,2,1,41,9,35,5.50307443710118,0.163723537931219
36,4,28,3,2,18,5,33,7.56420520564514,0.479291017146266
74,9,38,6,1,97,9,31,3.82410284268608,0.116055456486084
23,4,30,6,1,60,6,29,2.77136237367953,0.0823514233343303
74,6,37,5,1,97,10,35,2.72817140949955,0.0162560080253492
84,8,28,6,1,78,11,37,3.4473478564054,0.297739196558225
72,4,26,3,1,24,9,25,4.82636726718128,0.618294756362373
9,3,31,3,3,49,7,33,5.44661921191008,0.0245792062314794
40,5,31,6,1,24,6,30,6.18859176318074,0.146526360418648
64,6,36,6,1,98,10,32,7.06692143471313,0.0985016798910742
5,1,26,4,1,6,4,22,3.90100888458819,0.133469548192807
96,11,37,8,1,84,10,37,1.38120232201949,0.014602547744289
3,2,28,5,1,5,2,21,1.07110638692978,0.167150804307312
20,3,31,2,2,38,5,33,9.86273986450246,0.316804292601276
88,10,27,8,1,88,9,32,3.72879088762202,0.249963837199587
17,4,26,5,1,24,5,34,8.65051073193998,0.462386164793229
47,4,27,4,1,41,9,27,1.69885537931694,0.102821130654775
39,6,24,6,2,37,5,26,1.57929497088152,0.168608290958218
23,2,28,2,3,46,8,27,6.66291884973096,0.494760248323387
26,4,24,5,2,4,4,24,6.09162991706435,0.947766029535285
55,4,36,3,2,80,11,32,7.12665773793165,0.0375947744044933
11,4,32,6,1,24,5,30,5.98523508677933,0.0808862308040261
8,4,34,3,4,28,4,30,3.24843011304725,0.0741639153566211
5,4,30,5,1,12,3,30,3.12007801359282,0.064620600546055
8,2,31,5,1,61,7,25,4.25160952421827,0.0055158413009683
95,8,38,4,1,82,9,31,6.31939197775887,0.910156664851696
71,4,26,3,1,59,12,33,7.91461717426821,0.223976446305144
88,11,38,6,1,92,10,32,-1.21463381391789,0.00351422629319131
41,4,30,4,1,24,6,29,4.53247673818045,0.782732354435039
12,4,23,3,7,2,5,35,8.1752654128964,0.165640848339535
86,8,34,5,1,95,12,34,-0.51413945277549,0.0177525186445564
42,6,35,3,4,79,7,32,5.26599029125476,0.213881022074083
68,4,35,5,1,99,12,26,-0.475823171846623,0.0127240393845859
68,8,39,5,1,64,6,33,5.90047659765947,0.342795217864889
15,4,31,4,2,73,7,31,4.27936503381598,0.000708402367308736
6,2,29,4,1,29,5,30,5.890393024741,0.175189069231092
37,4,29,3,2,42,9,32,7.92593120363356,0.290792488249692
11,1,30,1,4,47,8,26,8.65125858772385,0.192945162826785
1,1,29,2,1,23,5,23,5.69638985087757,0.0853935134364292
33,4,22,3,12,9,7,30,7.73411502088901,0.209458294314075
62,8,29,5,4,46,9,32,5.04049386389662,0.12350165734256
40,5,27,4,3,53,6,31,8.20973096888259,0.191772282698741
44,6,28,6,2,49,7,31,1.31460402771647,0.0220915749669075
66,6,33,4,1,67,6,29,4.12275936566332,0.423494882394976
86,8,32,5,1,88,10,38,6.64319360068506,0.572688992569381
13,1,32,1,1,38,5,25,11.1044776853704,0.689946726398701
26,5,24,6,2,53,7,26,0.561988416153653,0.0244632205625753
29,2,22,3,1,14,8,25,7.88735589102968,0.926124093965561
7,1,31,4,1,43,6,30,11.6256705633606,0.174916316159451
26,2,32,3,1,66,7,27,10.6353916638774,0.380980392431325
36,3,26,2,7,15,8,27,11.3909119054137,0.303526435502547
4,3,23,4,2,12,3,25,7.57259327670866,0.424705114660269
55,6,25,5,1,15,6,28,0.803350705341741,0.0872342119691893
21,4,23,6,1,3,5,31,6.17124846707206,0.750253274994803
33,4,29,4,1,59,8,30,7.0870743173106,0.433371339437968
51,6,25,3,7,58,8,33,6.14638983179275,0.154265748686157
48,6,32,6,1,92,8,26,-1.5354248212102,0.0300684319305135
54,7,28,6,4,68,7,27,1.24764339737234,0.0120820478769019
27,3,23,3,1,9,7,26,7.01192066031706,0.421759479658163
1,3,31,6,1,41,6,26,8.33517758624378,0.103924928233027
10,3,31,3,2,48,8,29,7.12844072448139,0.0840180347440764
11,3,22,5,1,5,5,29,2.90178604433564,0.116701936931349
21,5,31,4,1,39,4,31,6.50827947241514,0.549628419438293
42,5,35,3,2,55,7,27,4.67595296120028,0.120639454689808
70,8,27,3,5,22,7,31,0.801119781680508,0.257199501613756
31,3,22,4,1,17,6,19,-0.392407646626257,0.134965585893951
21,5,25,5,3,25,5,26,3.62507205716971,0.240896140214729
76,8,35,7,1,83,9,29,5.06503494436221,0.0363362468779087
84,8,28,6,1,60,9,25,-2.45913995536826,0.0253894413392452
48,4,32,2,3,44,8,26,5.49399559267879,0.569644762637252
58,8,27,4,3,30,6,35,3.07858716195408,0.410957288907325
54,5,25,5,1,58,9,34,5.74709506285675,0.244164978609163
42,6,35,6,1,51,5,27,3.10424428821831,0.206878956396003
45,4,25,2,5,31,10,31,7.70217176982152,0.803620802196574
0,2,22,2,6,8,4,23,9.43873440079513,1.6094015674078
78,4,33,2,1,94,11,30,9.0877594818228,0.386549349853253
99,15,34,8,1,89,11,38,2.92471150993551,0.0098245230037719
22,3,25,5,1,76,8,22,0.0437442683457219,0.0199094176059589
11,3,24,2,5,0,2,23,2.62841685385574,0.403904690316444
17,3,34,4,2,52,5,25,6.52575935276115,0.276323583665046
53,7,37,4,3,49,5,30,2.47016311285238,0.0180717090843245
58,7,26,6,1,15,6,32,3.68863274732994,0.110566785672135
91,10,33,8,1,84,10,28,1.89726794188424,0.0337350865897507
76,9,37,7,1,95,10,32,-2.15107888766244,0.00297391676075408
57,8,26,7,1,45,9,35,0.235201918793899,0.00861281820277631
94,11,44,5,1,88,10,37,2.75739934000819,0.0358895873650908
24,5,23,3,5,10,5,38,8.53499195812604,0.592686526911491
17,4,30,4,2,34,4,27,5.6923819920947,0.118458062759601
10,3,23,5,1,7,3,21,5.2604452336622,0.519681636223054
80,6,32,4,1,87,10,32,5.8126193547049,0.672057154091233
17,2,22,4,1,29,6,19,6.02728015049035,0.463701219276941
43,4,26,3,4,50,8,30,4.19481246067679,0.175501754729751
49,3,26,4,1,47,9,24,2.67814821636643,0.0719266635132954
19,3,26,2,11,32,6,25,4.92843775740137,0.198572624929923
31,5,35,6,1,36,6,32,4.23626879365103,0.0151552404450348
45,6,27,4,3,46,7,30,4.41073540437494,0.266351781774986
81,9,32,7,1,91,11,43,3.8096887770386,0.0178415715591581
77,7,33,6,1,92,12,39,6.26884534297874,0.0414269008906558
48,6,33,3,3,65,8,36,5.70601547077215,0.300800500427115
1,2,28,4,1,24,6,32,5.87757696582869,0.00814784201793373
40,5,31,3,8,70,8,32,1.85954887037648,0.118932623066939
6,2,27,2,9,24,6,28,10.2058261927921,0.754714933848261
67,4,36,3,1,65,10,26,5.32635535685178,0.209201679338772
25,3,22,5,1,23,7,32,9.64214583921125,0.537712080838317
80,9,33,4,1,58,7,37,5.74706892163462,1.22083464910938
24,3,20,3,1,27,9,34,4.23705353593349,0.0509317811811343
46,4,27,3,1,13,8,32,8.58894474499465,0.429629552622742
15,5,28,3,6,1,2,26,4.45126460672007,0.314584885480556
49,5,30,4,1,73,9,29,4.15135541362657,0.293287595956329
9,3,32,3,3,10,4,24,5.4032496544086,0.0827712371263376
74,8,27,4,2,14,7,35,0.817138227796097,0.179076756047739
86,6,35,3,1,76,11,35,7.30595121793983,0.19922937475026
87,11,41,5,2,88,10,37,2.18349574502022,0.0167922769905999
75,9,34,6,1,79,8,35,4.11793776484782,0.1252657197183
90,8,35,5,1,87,12,32,0.471938421981801,0.0253368121854924
1,0,27,2,2,5,6,24,11.2964380132134,0.796456152531219
3,3,29,2,4,4,4,33,12.1560786306151,0.289680887701663
33,3,26,5,1,68,10,32,3.40788639590651,0.00234777047891121
60,4,31,2,2,36,9,31,10.3661813023637,0.484475424957877
98,9,39,4,1,88,9,34,6.59496494145627,0.486604876329607
35,6,31,6,2,42,6,26,0.702622824553194,0.0057914967770567
88,7,38,4,1,89,13,37,7.96704275956057,0.288702244554459
29,2,24,4,1,37,7,24,0.703576152280412,0.170531342504546
92,12,35,4,2,55,9,39,4.13872574922682,0.0967862773686647
90,6,30,2,1,61,9,30,8.05490164041906,1.30674813354487
95,7,30,3,1,57,9,31,2.78443972981521,0.358560033020838
60,8,28,7,2,53,8,26,3.74481265382762,0.104287009569816
64,6,33,3,2,87,9,29,2.09271005363827,0.0653171095489615
22,4,24,6,1,46,8,24,-0.470276887145392,0.104206131538376
84,7,39,3,2,85,9,36,3.95975237247003,0.0370723984669894
81,7,27,3,4,44,9,32,5.91445177435586,1.04836225969003
49,4,28,3,2,62,10,26,6.61835535576746,0.0909899327671155
68,5,33,3,2,86,11,29,2.64321582539845,0.113314423337308
98,10,38,4,2,99,11,33,4.8788508059797,0.379343494751906
87,8,34,5,1,95,11,34,4.78718084878397,0.0624257760355249
26,5,27,7,1,42,5,29,0.828890644936398,0.00687998929060996
85,5,37,5,1,98,14,35,2.73013442101743,0.00481381232384592
69,6,35,4,1,71,7,31,3.3234788439469,0.0810646818135695
41,4,33,5,1,77,9,37,8.17856837973825,0.0526196751743555
46,6,27,6,1,35,7,30,4.65133653338169,0.460738475210676
68,4,27,4,1,94,16,31,4.04443072810178,0.0386141088362598
47,6,33,6,1,52,7,27,4.54873173249294,0.202130821345516
44,4,28,3,4,22,7,24,4.64241109109872,0.17074475903064
1,4,22,4,2,9,5,32,4.96233375592735,0.371198665329671
16,4,23,5,1,11,5,32,4.73628602496298,0.0646930313669145
19,2,26,2,2,17,8,31,5.69709650120337,0.309604521131817
80,8,36,4,2,85,11,34,6.24639341633526,0.0128657886525616
80,8,29,6,1,57,8,31,3.13328914951121,0.331490124332461
6,4,24,5,2,24,6,34,2.49018619661118,0.0110205141325155
16,3,29,5,2,57,8,26,3.93084448301138,0.0561227230355144
75,6,34,5,1,87,12,34,0.271048904360379,0.0327676263081307
64,7,27,5,1,50,9,36,2.3062119008712,0.0825085409451276
10,2,32,3,1,68,8,33,10.9876101614345,0.0900158502627164
1,1,23,4,1,40,8,32,9.87766326437692,0.102104043937288
20,3,33,3,1,21,4,26,6.9851576916004,0.151615900686011
40,4,32,4,1,53,7,30,8.24638721443122,0.292525701447132
6,2,24,5,1,46,8,32,5.81849253766541,0.124309920938686
77,5,34,4,1,72,10,30,2.01379550089622,0.119920203695074
59,4,29,4,1,77,12,28,6.30490583602628,0.165415000985377
28,5,27,5,1,13,4,28,0.123451383362735,0.193908120280292
4,3,29,5,1,12,5,32,3.51115905305771,0.0599234549281872
50,6,31,3,5,32,6,26,3.77364859252787,0.0769713035551831
82,9,34,6,1,90,11,41,3.393667686232,0.0346434317762032
99,7,34,3,1,95,12,40,8.23413159701496,0.181690338522869
25,4,30,4,1,69,7,32,3.90644645857717,0.0559115934797777
70,5,26,3,1,32,9,26,7.96443088023226,0.481900791150934
4,4,22,4,4,1,3,33,5.42368417472955,0.171119245700538
69,7,28,6,1,62,7,24,-3.94919412263982,0.0767090449808165
79,5,26,5,1,46,9,25,5.02067420793325,0.468485038706517
81,8,31,5,1,70,10,36,4.00273147995673,0.31152127519131
9,4,32,5,1,42,3,34,8.71911024605767,0.109963488204876
41,6,32,4,1,9,5,34,3.90904332610522,0.210951050034466
79,7,39,5,1,85,10,33,7.29476296891296,0.247248306627128
68,8,30,4,3,54,8,39,1.20488070672206,0.226219660359177
76,6,26,5,1,61,11,37,4.18277947905994,0.34835366856069
27,3,24,5,1,19,7,25,7.77692217308501,0.326240696235302
36,4,34,2,3,32,8,29,4.68632392146818,0.107668530428782
52,7,25,6,4,44,10,31,-2.4214932473342,0.0503220557002351
43,6,27,5,2,22,5,25,-0.375706208335934,0.176177345904264
84,8,30,4,1,84,10,36,6.37589135174847,0.452729962279505
78,9,33,6,1,69,8,30,4.13874038265231,0.202225077886808
5,3,23,3,8,0,4,27,8.29779902079456,0.711774134322127
50,6,29,4,1,22,4,31,4.47285473685482,0.166019729338586
18,4,33,2,6,52,7,31,5.60066910026682,0.118130897521041
72,5,32,4,1,60,8,25,3.63916700482164,0.106154209640427
60,6,31,6,1,77,9,25,3.00281954393584,0.201597457508299
64,4,34,5,1,83,11,25,4.81118264837744,0.0105250893393531
4,0,31,3,1,52,8,25,9.96953628267178,0.490328408291048
94,7,41,3,1,80,10,34,4.88841538398775,0.0814164886251092
69,7,35,4,1,65,8,34,3.81634752900953,0.0200041804928333
3,1,31,3,1,19,6,25,4.72258772608807,0.0285773393698037
16,4,26,5,4,24,4,21,3.96112808885497,0.416771495228118
68,5,35,5,1,89,11,27,3.05008726193745,0.0816160493995994
24,2,34,1,1,25,5,29,10.4701177302279,1.01018743351439
41,3,24,5,1,67,11,33,6.79857179491368,0.179480448160623
81,9,32,6,1,92,10,35,1.80391803263214,0.098391227889806
54,5,37,3,3,81,10,36,5.4984953633647,0.0114036748113607
72,6,32,5,1,85,11,36,4.81615429767501,0.202171644651073
53,6,35,4,1,79,7,31,2.2146488684169,0.222264865868467
92,9,38,6,1,77,10,38,-0.103325017874447,0.0805438880079073
74,5,36,2,1,89,10,35,11.7223357204049,0.377747431842095
22,2,24,3,2,12,8,29,6.9271610925351,0.194024006359953
96,6,32,2,2,66,12,30,4.02286722328375,0.118606152995735
5,2,28,1,5,5,4,23,8.1447305860679,0.57585737245732
38,3,25,4,1,75,13,30,4.00411478183288,0.0202549106907099
12,5,31,5,1,8,3,31,2.11795367793437,0.141097758547403
16,3,21,3,3,10,6,29,5.30794694554337,0.106560563006871
28,4,33,2,4,54,6,35,5.56572676538619,0.0791778213674022
22,2,22,2,6,9,8,25,9.74800945449323,0.608445343064302
8,1,29,4,1,29,6,28,9.83593896279131,0.119461876922287
93,6,32,5,1,99,13,27,2.1331680542271,0.152790309279226
60,4,26,2,2,14,7,30,2.71165209495363,0.384712486972517
27,5,29,6,2,42,6,28,4.36505152067139,0.0281149831357704
55,5,35,4,2,85,8,25,2.84479532579817,0.182813910989764
24,4,24,6,1,46,5,28,-0.399263139067278,0.0797839732840657
8,2,31,3,2,37,5,13,3.2250002763934,0.208947476454753
95,5,26,3,1,78,11,29,6.17677769212151,1.01234438777307
87,9,38,6,1,84,8,30,4.90520331588564,0.420564634238786
59,8,27,9,1,90,9,28,0.646522483248337,0.0386238857153755
4,1,28,2,1,13,6,30,7.91798597520249,0.254466215603727
78,7,34,4,1,65,9,34,2.24159318415434,0.0462708849227056
48,6,30,4,1,53,8,40,6.03861971764356,0.170402990886942
1,2,19,4,1,1,3,24,3.48690400400665,0.603398589851493
59,5,26,2,6,41,9,30,4.98899280107915,0.417456860633051
71,5,30,5,1,80,12,32,7.91496715883188,0.0549879017053172
76,9,34,6,1,75,8,38,1.98962710370643,0.0203576154891923
80,8,36,7,1,97,10,35,-0.508532716380683,0.0184199153765244
92,6,29,5,1,96,14,27,-1.25085622900699,0.0180905169108883
84,8,30,4,5,54,9,27,1.39612354842068,0.266282428743991
4,4,25,6,4,23,6,31,3.45407851040076,0.0242768396856263
1,0,25,1,2,9,5,29,9.65794009712289,0.928052396926672
40,4,25,2,4,45,8,30,5.42690166856679,0.293955799647349
16,3,25,4,1,9,5,28,6.9883860464737,0.387550808437715
15,2,30,4,1,18,4,24,5.01334968364403,0.184759198841863
46,4,31,5,1,39,8,25,0.773032488891218,0.116854482796043
41,6,35,3,3,44,5,28,5.10997634669436,0.281753010338846
54,5,24,4,1,22,9,31,1.32964476758871,0.237113558394804
72,7,30,6,1,77,10,25,-0.120862320661643,0.0895733799636225
86,5,30,4,1,92,13,34,2.54752862208305,0.0803699600510299
91,9,33,6,1,68,9,33,6.34766457755832,0.155318483826704
61,7,34,5,1,79,9,34,5.92696630022628,0.189809774503785
55,3,35,3,1,85,11,27,9.19733839273201,0.126713389181532
72,5,26,4,1,77,11,27,-0.454487717998113,0.06290898041334
22,2,27,3,1,15,6,25,7.98328666370469,0.368903033231024
44,5,33,3,2,72,7,29,6.2413190319009,0.625215130565441
53,6,25,7,1,47,7,30,-1.21743191857551,0.260247033303968
24,4,25,6,1,22,5,22,-2.54297087392657,0.0918207697012106
58,6,28,4,3,84,10,31,3.80543885336698,0.251944635965644
1,3,26,3,4,5,4,31,5.19799244371329,0.473121471216387
49,4,34,4,1,59,7,25,1.23717852019684,0.0553954219212756
73,4,32,3,2,64,10,25,3.55817027751956,0.0845876404406873
33,3,22,3,1,3,5,22,5.50829727648867,0.706569772171688
31,2,31,3,1,11,5,26,3.53834330082545,0.146109239547513
14,5,27,4,4,24,5,31,4.02786593137959,0.29365314691265
75,5,32,2,2,83,13,40,11.2347335777988,0.523960641518933
5,1,23,2,5,18,8,27,10.1592606308243,0.184414650070223
66,6,34,5,1,83,9,35,3.45239337995063,0.0414580416399986
85,9,29,4,1,25,7,32,4.26784382992178,1.00242057204583
56,8,36,4,3,73,7,38,7.40861834324433,0.243289702794257
76,7,29,4,3,71,11,37,3.88262865304272,0.0163154329781418
35,6,35,4,2,63,6,37,5.04375290086202,0.0367479820810159
57,8,26,7,2,33,6,23,0.869773281251099,0.251136810508299
6,4,28,6,2,52,7,32,4.33568076942682,0.0548782657200696
6,1,24,4,1,12,5,25,9.19847426917759,0.831121579739135
90,6,34,3,1,84,9,34,9.0971577758349,0.363135987406081
76,7,26,7,1,74,9,27,-0.727948313336791,0.0823393329046667
41,4,30,3,2,12,7,31,5.52263013465413,0.193389102573249
16,1,31,1,3,13,5,18,9.53579371017684,0.985588995660056
66,6,25,3,1,6,6,29,1.16449470807474,0.246951726021919
47,5,30,4,1,37,6,26,2.11264515255626,0.200317157421935
5,1,25,2,2,3,6,29,11.9484312996781,0.513952657559371
92,5,35,4,1,82,11,33,3.02594515347088,0.0420277701508477
34,2,31,2,2,72,9,29,11.4896263080117,0.307751976641569
5,4,30,4,1,5,2,28,3.93528384157099,0.156721648527309
3,3,24,5,3,29,6,31,5.33775767479682,0.0701501108705997
85,7,40,4,1,99,10,33,5.62356996458685,0.144734622095712
35,4,24,3,5,18,9,30,6.06085485927824,0.443649660774922
75,5,34,4,1,91,14,34,8.34387303135134,0.286873995315957
96,8,30,5,1,90,11,35,1.71872081653991,0.194989219356997
31,2,33,4,1,81,11,29,6.77820799317652,0.0534443196374923
83,10,28,5,4,73,8,29,-0.72564043860121,0.271241990838873
54,6,36,3,1,58,7,39,3.97570682404125,0.141673701233231
38,3,33,4,1,80,9,29,2.70484012997034,0.0302697568920441
71,8,31,5,2,73,10,32,3.82519958494279,0.24508835094862
35,6,27,4,5,30,5,29,6.13570466758819,0.691201119186515
21,2,31,2,1,17,6,25,8.06986972443164,0.414234603905046
97,11,34,4,4,85,11,37,5.46165640549419,0.31365222087011
77,5,26,3,1,16,8,28,4.64543200456051,0.249797373766753
43,5,27,3,4,30,8,31,3.47371849001589,0.326923919365484
81,6,27,5,1,91,13,31,3.02665855723808,0.0143713492863799
99,6,33,4,1,91,11,27,4.14454658924621,0.045871022157371
92,12,39,6,1,99,12,39,1.87110256514017,0.000204898892725562
87,6,26,3,1,71,11,34,6.18523615993267,0.84835782642932
21,3,31,4,1,14,6,27,4.32809004585621,0.155300499638543
78,5,31,2,2,76,12,31,3.02633856872763,0.0712310131639242
17,4,26,6,1,17,5,17,0.4320527417377,0.0437362194482411
97,6,27,4,1,73,10,29,5.69197488936527,0.793928489047003
59,6,36,5,1,93,10,31,8.90299093755132,0.0581542003847091
47,5,35,2,2,22,5,30,6.15427173681055,0.659517960742905
24,5,25,4,7,8,4,26,2.80487455290537,0.409174598732448
1,0,31,1,3,60,6,25,8.79935879815935,0.124274006584812
49,4,29,6,1,52,9,32,2.44601104626491,0.102115907814829
55,8,33,4,6,81,9,35,1.29680990624699,0.0333319829078391
14,2,33,3,2,66,6,22,3.42143100594608,0.0505990375531837
0,2,18,4,4,7,6,24,7.82025051205069,0.642992660837406
44,4,29,3,3,20,5,24,6.45022824333481,0.313996552712026
2,2,26,2,5,3,6,26,4.76871457216434,0.116434553638101
83,6,33,5,1,84,13,30,5.41379455572813,0.0544426420237869
7,3,28,5,1,18,5,25,7.79395866613596,0.0565029678400606
31,6,31,3,10,53,7,38,9.5336067996022,0.115752909276779
70,4,29,4,1,65,10,25,0.269435788451212,0.104926626197994
32,3,27,3,2,35,6,24,6.70104253563102,0.862816801252675
93,7,33,4,1,81,12,35,0.908676405806371,0.116058966494165
57,4,31,4,1,83,11,25,5.92423045909116,0.0304121463559568
71,9,29,4,7,79,9,35,1.14425666829797,0.14588776580058
25,4,26,3,6,13,5,29,6.34751356725086,0.66549233763122
73,5,28,5,1,44,10,33,6.36046699054258,0.322805865191597
81,7,35,5,1,97,13,32,1.28039718688074,0.0567307512974367
8,2,31,3,2,47,8,33,8.01218212669365,0.0176745259668678
47,4,34,4,1,76,10,36,5.02803884420284,0.00828059285413474
58,6,28,3,3,7,5,30,6.41844567681217,1.07164064824997
7,3,31,2,5,26,3,28,4.17861993917276,0.177549934004176
48,4,28,2,1,8,7,33,5.56610668971985,0.510712095980948
18,2,31,1,3,17,7,33,11.7306439010723,1.37272514069552
92,10,39,7,1,86,11,34,3.66256793102822,0.0291784553555772
29,3,26,5,1,53,8,23,5.33867261687795,0.205931996239557
23,4,26,3,6,11,7,33,6.95367077094465,0.171824741642922
61,7,27,5,1,56,8,36,5.22201541076936,0.270925900941398
78,8,35,4,1,62,8,36,3.59222841734745,0.0526946583995596
58,6,35,3,4,79,8,28,4.68655170421848,0.306409951521757
87,7,29,3,3,73,9,32,2.35664132254549,0.192407463524886
15,5,23,4,11,1,3,24,-0.306962287613795,0.32139129260436
47,6,32,5,1,36,5,26,5.35214380683427,0.349310636499381
83,6,35,5,1,93,14,37,1.78655182710932,0.0199087061919272
96,9,30,6,1,79,10,25,2.34678995725899,0.198351433629234
73,6,27,3,3,71,11,36,2.32192601806105,0.08023265545305
46,4,23,3,3,63,12,33,9.2386682446464,0.515814385355866
83,5,27,4,1,90,16,27,6.27879559837998,0.408440576379603
0,3,33,4,1,23,5,33,3.9961846102287,0.0387043838854879
64,5,30,5,1,80,10,30,4.23362532151984,0.0872907807352021
31,3,32,2,1,47,8,38,7.94126871988672,0.0789753075969547
37,3,27,2,2,34,10,29,9.45478284808683,0.38242849189732
29,5,32,3,8,29,7,31,10.5965534364747,0.164091128390282
89,6,36,3,1,96,13,39,6.53508639688945,0.0774933050852269
50,4,28,3,2,43,7,27,8.73851867999576,0.769462810126587
81,5,27,4,1,34,11,33,2.35813493948563,0.402205098399377
52,5,32,5,1,30,6,27,0.957999790427397,0.202882798603002
28,3,27,2,2,7,5,29,9.48998475415321,3.20555757619163
50,5,26,6,1,78,9,27,1.95101914011322,0.1639081396861
78,7,27,6,1,64,9,25,-2.23762228155867,0.0418123246636242
63,5,31,2,3,45,8,30,7.50749025673721,0.843425068962288
53,5,34,4,1,51,8,30,5.91519061098161,0.14515477581881
0,4,26,4,11,17,5,29,8.96679404436023,0.129181025084108
62,4,28,5,1,53,11,30,2.0539684646351,0.0195652243366957
18,3,20,3,2,1,3,24,8.42510041027399,0.5423675123149
47,5,31,5,1,64,9,37,7.74678146964142,0.201660211653191
48,3,30,3,1,85,12,33,10.7516692581855,0.120071665616706
22,5,29,5,1,5,4,31,7.71255477320728,0.218229845621365
38,5,33,5,1,39,8,30,4.05537095462022,0.0335606115404516
61,8,31,4,9,56,8,35,7.63525464400396,0.073821698082611
50,4,30,4,1,80,8,24,1.77767176028583,0.174052937318977
97,11,35,6,1,78,7,33,4.4610256749239,0.435647335219328
63,5,34,3,4,57,11,32,6.8079599597545,0.0520799179794267
32,4,26,5,1,17,7,26,7.64445431490681,0.196480085829946
87,6,38,5,1,96,10,26,2.29323215051656,0.152944661560468
89,6,29,4,1,68,10,29,1.06252199573836,0.217993806318721
44,3,28,3,1,45,10,30,4.08918292937163,0.205574082432988
94,9,40,4,1,83,9,35,3.4979297886142,0.0975849500391632
21,3,24,3,1,2,5,26,7.82744772796787,0.225584400108758
75,5,24,2,2,13,7,27,8.91927376004887,1.66507374811779
44,7,30,4,3,39,6,37,2.11499290374214,0.0987744085723534
10,1,29,3,1,48,7,24,5.56717768884563,0.123576504178345
59,6,32,3,1,24,5,32,2.80353379525882,0.230724744466554
63,5,37,2,3,91,10,34,8.82022678474227,0.0545897815609351
19,3,21,5,1,1,3,24,1.85001807913759,0.219958076243031
45,4,28,5,1,65,11,29,5.28335032897208,0.0639959365362301
85,8,36,6,1,89,9,27,2.30823581046909,0.125894144992344
55,4,27,5,1,67,10,28,4.53789848264358,0.0960653434740379
3,1,20,2,2,0,3,26,8.24184514557365,0.767436332958651
3,4,30,3,8,16,3,32,11.2803808853779,0.401355863062149
14,2,23,3,3,3,5,17,6.19903567796821,0.557597676726216
63,9,35,4,2,50,5,35,8.39649380940639,0.288164446352723
53,5,36,5,1,59,6,26,-0.280839282574755,0.103841624804772
21,1,20,1,11,8,7,23,9.27652072919615,1.21473196900016
63,7,34,4,1,88,10,37,5.15448367976083,0.0154537221820269
59,5,26,6,1,63,9,25,2.11332470673985,0.0624637511791661
22,5,30,4,4,44,6,28,0.877870173397191,0.101910841884091
45,5,34,5,1,84,11,32,8.71358313400634,0.0395752302138135
39,4,31,3,2,67,8,28,2.85768510374264,0.0573877485003322
50,6,36,4,1,52,5,29,2.58665643814053,0.470894775332368
71,8,33,3,4,45,9,37,2.32991403151435,0.0726112351768266
4,4,27,3,6,2,4,30,4.22559874417146,0.339385941148478
1,1,29,1,2,7,5,30,13.5861179694042,0.938266364339382
59,4,29,2,2,57,11,34,5.68038491090409,0.397385076133019
23,5,27,4,7,46,7,34,7.9915778549445,0.187642160559747
97,10,38,4,3,82,11,35,7.79530251780024,0.154845844954252
58,8,29,4,4,58,7,36,0.397972393048487,0.19761991034143
20,3,24,2,8,6,6,25,3.19900392508838,0.470429059562689
44,7,28,4,4,47,8,42,5.47379132333756,0.0619013856630772
51,3,33,2,1,64,10,33,11.3511944135829,0.210174466239962
75,5,36,2,1,85,10,42,8.97406621518179,0.108861534507014
67,8,26,6,1,24,6,30,-2.57487882282998,0.328940909856999
69,6,29,4,1,46,9,37,6.32007876134903,0.246240309429097
16,2,18,5,1,27,8,32,6.3232935415915,0.0754731236124334
54,4,33,4,1,88,10,25,6.56039664008364,0.356194089145815
92,5,26,4,1,39,12,34,7.05409928455718,0.924070887943936
28,5,34,5,3,37,7,31,6.4141044521279,0.0882975419517606
13,2,22,3,1,1,3,21,4.9545723798557,0.570144355306432
36,4,28,3,2,9,4,27,2.64869929570817,0.301680338558483
12,4,23,5,1,32,4,26,4.42405766455571,0.506266579942262
25,4,30,4,2,56,6,30,4.85056644689057,0.0957938153296709
7,3,33,3,2,39,4,33,11.0514292723524,0.586699512520527
81,7,30,4,2,85,11,32,6.48105874015014,0.500609183197326
75,10,34,8,1,96,9,33,1.91588573391497,0.0201952430652454
67,5,29,4,1,75,10,25,6.02379688416379,0.508204658960408
38,4,29,5,1,46,7,29,7.66427759337449,0.23011713355754
66,6,30,3,2,48,6,31,2.60526450941494,0.381502226981605
76,5,29,5,1,90,12,29,2.51855002329384,0.033918745117262
65,4,32,3,1,58,11,32,7.46197332887089,0.0718829251127318
69,4,32,5,1,82,11,23,6.33550630431006,0.130045380395553
42,4,30,2,1,7,5,30,6.76630132279434,0.206109043314322
76,6,29,6,1,55,10,32,5.24280201869214,0.426746559308326
19,5,29,4,4,23,4,30,7.54787194759795,0.564768769281143
63,4,33,1,1,59,10,37,9.55860411881419,0.291280302441421
49,4,34,5,1,94,10,26,6.26841376070075,0.224283733860332
29,3,28,5,1,28,7,26,4.45693751090352,0.129226738534652
44,4,34,3,2,58,10,29,7.40066795472848,0.02234534547424
20,3,26,3,2,48,7,28,2.50492603386865,0.140965485014021
15,3,29,3,3,20,5,27,8.4793413794509,0.7468292787251
41,6,33,4,2,44,4,31,0.764046978698937,0.155211131437682
52,4,27,2,4,55,10,27,8.42381191332732,0.246474272328171
12,4,28,4,2,12,3,29,5.57465424594634,0.413163839352733
68,5,26,2,6,72,10,28,6.76396270405989,0.765183148782016
64,6,32,3,1,71,9,39,4.44752781475651,0.287175182009789
42,5,29,4,1,48,7,33,6.10915474956018,0.519512699430293
0,2,28,3,1,15,5,28,6.51753519158972,0.376284807462766
19,2,30,1,6,57,8,31,6.07946459284568,0.110633769305423
74,5,28,2,2,15,8,32,6.83068727946103,1.71377914715419
70,8,34,5,1,77,9,37,2.36952110398014,0.0052200586221845
12,4,22,3,5,0,4,30,3.40522865626354,0.303601811862293
88,7,38,4,1,98,11,35,7.05466430835678,0.120360728236847
16,3,33,3,1,13,6,33,8.76931203671199,0.11587789680934
