K:10
N:2000
Gap:1.58735704519719
Rho: 
1 0.8 0.45 0.2 -0.3 0.7 0.75 0.5 -0.3 -0.1
0.8 1 0.45 0.5 -0.1 0.55 0.4 0.6 -0.4 -0.2
0.45 0.45 1 0.1 -0.3 0.6 0.3 0.4 0 -0.3
0.2 0.5 0.1 1 -0.5 0.35 0.1 0.1 -0.5 -0.45
-0.3 -0.1 -0.3 -0.5 1 -0.4 -0.3 -0.1 0.2 0.2
0.7 0.55 0.6 0.35 -0.4 1 0.8 0.45 -0.2 -0.45
0.75 0.4 0.3 0.1 -0.3 0.8 1 0.45 -0.1 -0.3
0.5 0.6 0.4 0.1 -0.1 0.45 0.45 1 0.1 -0.2
-0.3 -0.4 0 -0.5 0.2 -0.2 -0.1 0.1 1 0.4
-0.1 -0.2 -0.3 -0.45 0.2 -0.45 -0.3 -0.2 0.4 1
X:
48,4,29,4,1,83,12,36,21,1
91,9,32,3,3,78,12,40,23,5
5,2,26,5,1,9,4,20,19,3
70,8,30,6,1,90,10,35,21,2
31,2,32,1,5,46,7,26,25,2
54,5,36,5,1,84,10,32,24,1
67,4,32,4,1,57,12,29,20,1
50,3,31,3,1,50,11,31,22,1
18,5,28,5,5,16,6,28,21,2
87,6,27,3,3,71,14,36,23,2
39,4,23,3,8,36,7,29,23,3
15,2,20,5,1,12,7,25,21,2
65,8,28,5,4,65,10,37,22,2
26,5,33,3,5,50,5,32,23,1
47,6,34,6,1,91,10,33,21,1
66,8,26,6,2,76,9,32,19,1
24,5,22,7,1,12,3,25,19,2
21,4,33,5,1,17,5,27,21,1
2,1,28,3,2,5,6,28,23,1
11,1,32,4,1,55,6,27,23,3
96,8,42,5,1,84,11,35,20,1
87,7,28,4,1,34,10,35,18,2
16,4,31,5,2,54,6,26,23,1
1,3,28,4,6,16,6,30,22,1
36,4,32,4,2,83,9,29,24,2
15,4,26,5,3,27,6,26,23,2
86,9,29,4,5,60,8,28,19,3
57,6,33,5,1,72,8,29,21,1
71,4,35,4,1,99,14,28,22,1
41,3,31,2,1,66,9,33,22,3
98,11,31,6,1,64,8,35,17,1
15,1,28,3,1,47,7,29,24,2
92,8,32,5,1,84,11,39,22,3
3,1,25,4,1,38,7,29,21,1
4,2,23,2,8,20,6,23,22,2
67,6,33,6,1,90,9,28,20,1
58,4,28,2,2,21,8,26,24,8
40,6,25,7,2,19,6,22,17,2
23,2,28,3,1,11,6,29,23,4
21,5,31,3,3,23,5,34,22,2
43,4,25,4,1,30,9,32,21,1
94,6,36,3,1,92,13,32,22,1
76,4,35,3,1,65,8,28,21,2
10,2,33,3,2,19,5,26,21,1
35,4,33,5,1,91,10,29,21,1
10,4,34,4,2,55,6,34,22,1
49,3,33,3,1,69,11,32,22,1
4,2,30,3,1,10,3,26,21,3
71,7,39,6,1,93,8,28,20,1
13,2,23,3,2,11,5,24,22,3
38,4,33,2,5,20,7,29,24,4
71,8,27,4,6,39,9,38,23,2
8,4,32,4,3,1,2,28,20,2
84,9,36,5,1,97,12,41,19,1
46,6,33,3,7,45,8,34,23,2
37,4,30,4,1,75,8,28,21,1
24,2,28,1,2,5,6,28,23,3
57,8,35,5,1,47,5,29,21,3
21,2,21,3,1,29,8,27,24,4
64,6,34,5,1,40,6,29,19,1
95,7,40,5,1,98,12,32,21,1
55,6,25,6,1,64,10,35,23,2
67,5,32,2,2,56,8,33,25,4
54,6,28,6,1,36,7,24,18,2
45,5,31,5,1,46,6,23,22,3
39,6,24,4,6,39,8,36,23,3
95,8,41,3,2,86,10,30,19,1
66,4,33,3,1,48,11,29,23,5
12,4,28,3,12,5,3,25,22,4
60,4,33,2,1,21,6,27,25,6
48,7,32,4,2,22,7,33,21,2
59,4,32,1,2,57,9,32,22,2
86,9,37,7,1,98,11,39,18,1
90,9,35,4,4,92,9,32,20,1
93,6,27,5,1,62,13,31,20,1
5,2,17,4,3,27,7,26,21,1
81,9,29,4,4,56,8,35,19,1
8,1,20,3,3,24,6,24,22,3
62,4,32,4,1,70,12,29,23,3
33,3,27,3,2,6,7,26,22,1
97,7,31,4,1,92,13,32,20,1
91,7,30,2,6,78,14,36,22,1
33,3,30,3,1,12,5,25,20,2
70,5,31,4,1,52,11,29,19,1
18,4,24,3,7,1,5,28,19,2
15,2,25,4,1,9,6,24,20,1
70,6,34,3,7,79,10,32,20,1
24,2,22,2,7,12,6,22,24,3
20,2,32,1,2,17,6,31,22,1
22,5,22,4,7,13,7,30,22,3
70,5,28,5,1,80,12,36,22,3
62,4,24,3,4,15,9,28,22,2
65,6,37,5,1,96,10,34,22,1
37,6,33,7,1,77,6,25,18,1
40,3,30,2,1,5,4,26,22,5
2,3,26,5,1,38,6,31,20,1
30,6,26,7,1,55,8,28,19,1
9,2,31,4,1,43,8,27,25,1
51,3,32,4,1,89,13,27,20,1
15,2,20,2,6,0,5,25,20,2
61,4,27,4,1,62,10,25,21,2
61,4,33,2,1,22,9,34,23,4
65,7,29,4,4,75,9,36,23,1
53,5,28,5,1,42,8,28,20,1
43,3,22,2,2,1,5,21,23,9
14,4,29,6,1,23,4,31,23,1
59,4,35,4,1,76,11,33,20,1
89,6,28,4,1,37,11,32,19,3
10,5,29,5,1,27,3,31,19,1
47,4,22,3,1,56,11,35,20,1
1,2,30,4,2,43,7,26,20,1
48,4,26,3,2,18,7,27,23,7
30,6,25,7,1,29,4,27,18,1
39,5,27,4,4,18,5,26,22,2
50,4,25,2,3,29,8,29,23,5
99,7,28,6,1,92,14,27,16,1
15,2,26,3,1,11,7,22,19,2
58,7,30,3,5,43,7,34,22,4
85,7,30,4,3,90,12,31,22,3
38,6,23,5,3,1,4,27,20,2
44,3,29,4,1,62,9,22,19,1
10,2,22,4,2,1,5,24,18,2
51,3,25,4,1,82,13,29,22,1
13,3,28,2,12,28,7,28,25,4
47,7,33,3,8,77,9,39,26,2
97,8,29,5,1,95,15,34,17,1
70,9,29,7,1,54,8,36,22,3
34,4,27,3,1,1,5,29,22,7
78,7,30,4,1,34,8,33,18,3
5,3,30,3,2,2,4,28,20,2
11,3,31,2,7,20,5,26,23,2
22,4,32,5,1,54,7,36,25,2
9,3,32,5,1,39,6,24,23,1
29,3,28,2,3,11,5,24,20,2
57,5,29,2,2,9,7,32,23,6
34,5,29,6,1,75,7,32,20,1
14,3,28,4,2,39,6,24,20,2
68,4,25,2,1,53,9,30,22,4
72,6,25,3,1,12,6,25,17,6
6,3,31,3,5,18,3,24,22,1
82,8,34,4,1,61,10,37,20,1
27,3,24,5,1,30,7,20,21,1
72,6,39,3,2,93,11,36,25,1
79,5,30,3,2,55,10,27,19,2
60,8,26,7,1,67,6,32,20,2
78,9,33,4,5,50,7,29,22,4
38,5,30,3,2,11,4,31,21,5
88,7,26,4,1,63,10,35,21,4
57,4,35,4,1,91,10,29,21,1
98,5,30,2,1,65,13,36,23,5
95,8,29,3,3,72,9,34,22,2
99,6,31,3,1,58,9,26,18,1
55,5,31,3,6,33,7,26,20,1
88,7,29,3,2,52,9,35,20,3
10,3,31,3,1,5,1,27,22,6
96,8,34,4,1,65,11,35,23,2
55,4,29,3,1,67,11,34,24,3
41,7,29,5,2,52,6,32,21,1
77,5,26,5,1,88,12,26,16,1
26,5,32,6,1,70,7,32,20,1
46,5,30,4,1,26,5,26,20,3
78,7,25,4,2,63,9,31,19,1
25,5,29,4,4,2,4,31,20,2
0,1,17,3,2,12,6,28,23,4
13,5,25,5,5,31,7,32,18,1
95,12,43,4,2,70,8,38,23,3
2,1,18,4,3,6,6,22,20,1
82,6,29,3,4,50,11,27,23,5
77,8,35,7,1,84,11,34,19,1
41,4,26,4,3,58,9,28,22,2
86,7,30,3,4,58,12,35,23,2
84,5,30,2,1,67,11,37,22,1
94,10,31,4,3,82,12,40,20,1
68,5,24,4,1,24,9,31,20,4
71,7,35,4,1,43,7,33,20,3
90,9,30,5,1,63,9,33,21,5
5,3,30,5,1,18,5,28,19,1
28,5,22,4,2,8,5,31,20,5
24,5,27,4,3,41,6,33,23,1
50,5,24,5,1,7,6,26,21,6
89,8,26,4,1,71,13,45,20,1
38,5,23,4,5,40,7,28,19,1
95,10,31,6,1,75,10,38,18,1
98,9,32,5,2,94,14,35,22,1
55,3,28,4,1,44,9,27,22,5
1,1,18,5,1,2,3,20,21,2
70,5,36,4,1,92,14,33,23,1
30,5,34,5,1,44,7,27,23,1
26,2,28,4,1,73,10,28,21,1
65,8,35,5,2,72,6,32,18,2
35,5,30,6,1,84,10,33,19,1
26,2,29,4,1,37,7,28,22,1
38,5,29,6,1,28,5,22,20,2
81,5,30,5,1,49,10,31,21,1
97,7,41,4,1,85,10,30,18,1
74,5,28,3,1,45,11,30,23,5
46,5,36,3,2,47,7,29,19,1
54,3,30,4,1,39,8,21,22,6
99,7,28,5,1,88,12,36,21,2
7,3,21,6,1,32,5,27,18,1
19,1,32,3,1,62,10,28,24,1
57,4,33,4,1,75,8,33,20,1
50,5,25,6,1,66,9,24,19,2
53,6,30,3,7,64,8,31,24,2
0,1,31,4,1,8,4,20,23,1
59,5,25,5,1,32,8,29,18,2
80,8,37,4,1,95,11,38,24,1
28,3,24,2,7,11,7,23,24,4
91,7,38,5,1,99,16,37,24,1
1,2,30,5,1,22,6,27,22,1
80,5,25,3,3,61,11,26,19,1
66,7,38,7,1,91,11,34,19,1
59,5,26,5,1,28,7,25,20,4
47,4,33,2,2,44,8,31,21,2
49,6,26,4,2,14,6,33,18,3
84,6,28,5,1,62,13,29,19,1
40,4,26,2,8,46,9,32,23,3
90,6,25,3,3,50,11,27,20,6
72,5,28,4,1,77,12,33,19,1
91,7,31,3,2,73,12,35,23,3
84,6,29,5,1,88,9,31,19,1
90,7,32,6,1,81,9,28,17,1
14,5,27,5,2,3,4,27,21,3
82,6,32,5,1,86,10,30,19,1
55,6,36,5,1,89,10,42,25,1
13,5,27,4,8,7,2,22,22,2
86,7,35,4,1,42,8,33,20,2
24,4,34,4,2,63,8,32,24,1
98,9,35,5,1,97,13,36,20,1
38,6,29,6,1,22,5,28,20,1
62,7,32,5,2,80,9,34,23,2
37,5,34,3,3,21,6,31,21,1
20,3,20,5,1,44,6,26,19,2
45,3,26,1,1,38,8,34,22,2
96,6,28,3,3,69,12,30,19,1
71,5,30,2,3,41,11,32,21,2
5,2,25,3,3,22,5,26,20,2
86,10,35,5,2,96,10,35,18,1
20,4,28,4,2,20,7,30,21,1
86,5,27,2,3,41,12,32,23,4
31,6,36,4,3,74,6,33,20,1
97,9,43,3,2,94,11,39,21,2
25,3,29,2,2,30,5,32,21,2
9,1,27,3,1,19,6,28,23,6
51,4,26,4,1,27,9,28,20,4
22,2,20,2,3,0,4,25,23,3
85,7,36,4,1,81,10,36,23,2
11,1,19,2,2,0,5,20,20,3
76,5,26,5,1,74,11,21,19,1
12,3,34,2,6,19,5,27,20,2
32,5,28,4,6,49,6,31,22,4
21,5,31,4,5,69,8,32,22,1
20,4,24,5,1,36,7,32,23,3
2,3,20,4,3,3,4,26,23,4
59,4,25,3,1,17,10,29,19,1
71,9,32,8,1,79,9,38,19,1
66,5,29,3,1,24,9,37,23,4
99,9,28,7,1,50,10,36,21,2
46,4,24,3,2,7,7,31,23,9
87,8,28,4,2,68,11,38,20,1
67,7,26,7,1,93,9,28,18,1
11,3,20,5,2,20,6,21,17,1
71,8,39,4,3,85,8,35,20,2
76,6,34,5,1,97,13,31,23,1
95,6,29,3,1,80,11,36,23,10
75,5,28,4,1,64,10,32,20,1
70,5,36,5,1,96,12,28,18,1
94,11,36,6,1,76,10,42,21,1
58,5,31,5,1,71,10,29,18,1
36,2,21,3,1,12,6,22,24,4
66,5,32,3,2,60,9,34,21,1
98,10,28,5,1,48,11,38,22,1
84,10,30,5,1,21,6,33,21,4
8,2,33,4,1,77,7,27,22,2
97,6,32,3,1,63,10,32,21,2
69,4,33,3,1,93,12,29,22,2
28,3,25,3,2,24,6,21,23,4
44,3,22,4,1,29,7,25,21,3
87,7,27,4,3,85,13,31,21,2
35,4,26,4,2,54,8,29,18,2
70,7,31,3,3,24,9,35,22,2
18,4,23,5,1,4,3,24,21,3
3,1,29,1,2,3,4,25,24,3
95,6,37,3,1,59,11,33,20,2
18,4,21,3,27,13,6,26,23,5
75,7,26,3,3,14,8,33,21,4
92,7,39,3,1,96,14,39,24,1
40,3,35,5,1,92,10,28,19,1
37,3,29,3,1,44,7,29,20,1
3,2,28,2,2,18,3,28,21,4
91,6,26,6,1,87,12,29,19,1
7,4,27,4,3,26,6,30,23,1
18,3,29,3,3,22,7,28,24,1
37,3,24,1,8,31,10,29,23,2
12,1,29,3,1,71,9,24,24,1
15,5,34,4,5,22,4,29,23,1
47,4,23,4,1,18,6,27,20,3
73,5,34,2,1,35,9,33,26,5
23,2,28,1,2,27,8,34,24,4
72,9,29,6,1,31,7,32,18,1
75,7,31,6,1,58,11,33,20,1
93,10,34,8,1,94,13,41,21,1
70,9,31,4,1,36,5,33,18,1
61,7,29,3,4,39,6,32,22,4
21,4,27,5,1,57,7,30,20,1
88,7,34,5,1,95,10,33,20,1
88,6,38,4,1,89,11,31,21,1
72,4,28,2,3,68,11,30,21,3
5,1,27,4,1,7,5,23,23,2
55,6,26,4,2,31,7,33,19,3
40,3,22,2,6,38,10,30,22,4
53,5,31,6,1,46,9,34,21,1
76,6,29,5,1,43,8,28,20,5
9,2,19,3,2,2,4,21,23,7
66,8,29,5,1,28,7,32,20,1
63,4,28,4,1,71,11,35,25,2
90,7,41,3,1,62,8,28,19,4
39,5,29,6,1,66,9,35,20,1
84,5,29,2,1,52,9,34,24,5
96,11,32,7,1,92,9,39,20,1
23,3,21,3,2,10,7,34,26,3
32,6,26,6,3,46,5,25,17,1
78,5,35,2,1,28,9,36,25,5
97,9,35,3,1,86,11,44,23,1
19,4,23,5,1,2,2,25,20,6
24,5,23,6,2,12,4,18,18,2
55,4,27,4,1,48,10,29,20,1
58,5,35,3,1,76,10,35,23,1
22,2,24,3,1,51,8,22,22,1
68,5,36,4,1,93,12,38,25,1
78,8,30,5,2,89,12,37,22,1
54,4,36,3,1,83,9,27,23,3
98,7,32,2,1,45,11,33,20,2
22,3,24,3,2,6,5,27,22,2
31,6,25,4,8,3,5,30,22,3
56,7,33,7,1,74,7,24,13,1
10,3,27,5,1,28,7,30,23,1
37,4,23,3,8,7,6,26,22,4
17,5,35,7,1,38,5,31,20,1
40,5,24,3,6,3,4,28,20,3
51,5,31,3,2,64,8,32,24,6
73,4,34,3,1,99,14,29,22,1
82,7,32,5,1,76,10,33,18,1
28,3,32,3,3,33,8,31,25,1
70,5,34,4,1,94,14,31,21,1
45,5,31,6,1,37,5,28,21,1
12,3,24,4,2,12,4,25,22,3
92,6,32,5,1,84,10,22,15,1
3,3,33,3,2,24,3,29,23,2
36,6,33,6,1,45,7,35,19,1
98,8,32,3,2,42,9,32,20,4
75,4,24,5,1,84,14,28,18,2
85,10,38,4,4,91,8,36,20,1
44,5,32,5,1,65,8,35,20,1
25,4,23,3,4,10,7,33,24,3
19,4,34,3,1,13,3,28,22,4
18,1,23,4,1,40,9,29,22,1
68,4,34,3,1,80,9,29,20,1
53,5,28,3,2,45,8,29,20,2
82,10,31,5,1,86,10,42,20,2
25,2,32,2,1,23,8,32,23,2
71,8,32,6,1,34,6,34,19,1
46,7,28,6,1,51,7,38,19,1
7,2,31,3,2,38,7,32,21,1
9,2,22,2,10,23,6,24,24,5
68,5,27,5,1,91,13,30,22,1
57,7,27,4,2,39,6,30,18,4
29,5,23,7,1,6,3,24,17,1
77,8,35,4,1,28,6,33,23,2
51,4,34,3,1,65,9,24,18,1
35,3,25,4,1,31,7,20,23,5
91,11,36,7,1,66,9,39,20,1
46,4,30,4,1,13,6,31,19,3
10,5,25,5,5,16,3,23,19,3
27,5,30,4,3,21,4,31,20,2
64,7,28,5,1,72,10,40,22,1
26,5,23,6,1,12,6,33,22,1
54,3,35,3,1,55,10,26,21,1
58,7,29,5,3,34,6,24,19,3
1,2,22,3,4,1,5,30,25,2
44,3,34,3,1,59,7,26,23,5
88,7,32,5,1,94,14,34,19,1
71,7,27,4,1,56,9,37,21,2
3,3,20,5,1,2,4,24,21,1
29,4,24,3,2,3,5,27,20,4
45,3,24,2,2,3,6,28,23,4
84,6,28,4,1,70,12,30,18,1
62,6,38,5,1,66,9,31,21,2
95,10,45,4,2,98,13,46,19,1
72,4,26,4,1,81,12,26,19,1
23,5,23,6,1,23,5,31,19,2
30,4,25,3,4,11,7,27,21,2
61,8,30,6,2,52,7,29,18,1
26,2,33,1,1,15,6,31,24,5
37,3,29,4,1,83,11,31,21,1
35,5,31,4,1,34,7,34,22,1
53,6,24,3,5,15,7,35,20,2
33,4,32,3,1,52,9,33,23,1
47,7,26,6,3,75,7,26,20,3
88,6,29,4,2,46,9,24,18,4
11,5,23,6,2,13,4,26,21,1
1,4,34,6,2,83,6,29,23,1
64,7,29,4,2,20,5,35,19,2
2,2,26,4,1,51,6,22,24,1
4,4,31,5,1,50,4,30,21,1
75,7,30,4,3,91,11,32,23,1
99,11,34,6,1,99,14,40,20,1
74,9,38,6,1,68,6,29,21,1
9,4,27,6,1,68,9,32,22,1
12,3,22,6,1,3,5,24,21,2
18,2,29,5,1,24,6,20,22,2
82,9,38,6,1,62,8,36,21,1
77,5,24,3,1,81,11,26,17,1
11,2,27,4,1,39,6,27,24,2
90,8,37,4,2,97,12,32,18,1
99,7,31,4,1,90,12,30,21,1
29,4,34,4,1,17,5,30,20,1
17,2,27,2,4,29,6,23,22,5
82,10,28,6,1,87,9,37,20,1
28,4,28,3,8,51,9,33,21,1
89,5,34,3,1,91,14,29,22,3
24,4,31,5,1,87,9,31,23,1
93,6,29,3,1,51,12,35,22,2
28,4,32,3,3,33,6,26,20,1
92,9,32,5,1,43,7,31,19,4
37,5,22,6,1,38,8,34,19,2
21,2,33,4,1,28,7,27,23,2
6,0,20,2,3,1,4,15,21,4
2,1,22,3,1,12,7,30,24,1
24,3,32,3,5,36,6,24,21,1
13,3,27,5,1,47,5,29,20,1
44,3,24,3,3,9,7,26,25,4
4,3,24,3,14,12,6,32,26,2
41,5,23,6,1,32,6,26,16,1
63,7,30,4,8,80,10,36,23,1
21,5,32,6,1,14,5,31,19,1
0,3,28,5,1,21,6,23,20,1
53,5,29,4,1,40,9,27,21,1
6,2,22,2,14,5,7,25,21,2
90,7,31,6,1,84,12,36,20,1
63,8,30,7,1,52,6,25,14,1
78,9,36,7,1,87,9,27,19,2
84,5,30,4,1,48,9,27,23,4
12,1,31,3,1,40,7,28,21,1
59,6,36,4,2,92,11,39,23,2
64,5,30,3,3,61,11,29,23,3
91,10,36,6,1,97,10,32,18,1
32,5,26,5,1,30,6,29,21,4
53,5,26,3,2,7,6,33,23,6
57,7,30,4,9,47,7,28,22,3
69,5,34,4,1,55,9,33,21,1
90,6,33,4,1,79,12,32,20,1
26,5,27,7,1,25,6,25,16,1
67,8,35,3,2,77,7,39,24,3
23,3,33,3,1,27,7,35,21,1
59,6,31,5,1,34,7,31,20,3
9,3,30,5,2,65,6,26,21,1
42,3,25,3,2,38,10,29,23,2
68,5,25,5,1,73,12,26,19,1
88,7,34,3,1,74,11,38,21,1
76,7,27,4,1,16,9,35,21,3
2,3,20,4,10,7,5,25,20,1
25,3,26,4,3,22,8,28,25,2
83,7,26,6,1,53,9,25,18,2
59,7,38,4,1,51,8,40,23,2
16,3,32,3,3,45,7,34,23,1
9,2,28,5,1,11,7,26,23,1
96,10,38,5,1,93,9,37,17,1
94,8,33,3,2,60,11,36,20,4
75,8,39,5,1,71,7,31,22,1
78,9,39,7,1,73,9,37,19,1
41,3,21,4,1,50,10,27,18,2
2,0,17,2,2,0,4,25,22,2
36,5,32,3,5,39,8,30,23,2
54,5,37,4,1,79,9,33,23,1
2,2,32,3,1,27,6,32,23,1
10,1,31,4,1,64,8,29,23,2
24,5,34,3,4,4,1,27,22,2
44,6,36,4,1,26,4,31,21,5
40,3,29,1,2,7,7,26,23,6
71,5,38,2,1,48,6,31,21,2
6,4,23,4,11,3,5,27,21,3
70,9,29,6,1,36,5,32,21,2
10,3,32,6,1,22,3,25,22,3
45,3,28,3,1,80,9,28,22,1
20,1,27,3,1,49,7,24,22,2
88,8,35,4,1,85,8,38,24,3
46,5,30,6,1,31,5,25,17,1
29,4,27,4,2,55,9,32,20,1
67,8,34,4,2,46,7,36,20,3
30,5,32,7,1,26,5,27,20,1
68,8,35,4,2,79,8,31,22,2
56,6,28,5,2,50,10,30,21,2
65,7,31,5,2,68,8,30,19,2
21,2,21,1,12,1,7,26,23,4
38,3,35,5,1,72,9,26,22,1
10,3,32,5,1,14,3,21,19,1
77,5,33,4,1,91,9,31,21,1
50,3,23,3,1,47,10,31,19,1
43,6,27,6,3,78,7,27,21,1
78,9,38,5,2,78,7,27,15,1
78,7,36,5,1,95,9,29,19,1
62,6,35,3,2,78,10,39,22,1
99,9,40,3,3,99,12,33,20,2
82,6,32,5,1,62,9,31,19,2
39,4,25,3,2,2,5,29,22,7
7,3,33,3,4,49,6,32,25,2
36,3,29,3,1,38,5,26,24,3
34,6,31,7,1,75,7,30,21,1
4,4,31,3,5,1,2,28,20,1
85,9,34,5,1,52,7,31,18,2
92,11,30,4,2,55,9,40,21,2
87,6,30,3,1,57,10,31,21,3
3,3,26,3,21,1,3,25,23,6
2,3,27,4,3,8,5,21,20,1
77,9,28,5,2,57,7,30,20,3
13,3,19,4,2,0,2,20,17,4
69,6,29,3,2,64,8,35,22,2
6,1,25,3,1,26,5,25,22,1
92,8,29,6,1,98,14,33,21,1
93,7,29,5,1,93,14,38,20,2
46,3,24,2,4,21,8,26,22,6
67,4,34,2,1,45,9,32,22,4
1,2,31,5,1,35,7,27,20,1
50,6,37,4,3,59,8,35,23,1
1,1,23,4,1,22,5,23,19,2
26,3,28,4,1,20,6,28,19,1
58,4,36,3,1,85,10,33,22,1
7,4,31,5,2,8,4,32,25,1
15,4,33,3,2,15,3,32,26,6
70,4,27,3,2,72,13,29,21,1
2,1,25,1,4,0,4,24,22,2
98,10,39,5,1,79,10,32,22,2
64,6,31,4,4,82,9,29,22,3
95,5,27,5,1,68,14,30,20,1
21,2,28,3,1,16,8,30,24,7
98,10,35,4,3,67,8,30,20,2
97,10,40,6,1,99,11,42,21,1
49,6,30,6,1,39,6,29,19,1
32,4,28,3,6,22,7,30,21,1
63,7,26,7,2,84,10,31,21,1
30,3,26,1,3,5,7,33,27,5
98,10,31,6,1,51,9,35,18,1
0,1,25,2,4,36,9,28,24,2
52,5,30,3,2,78,9,31,22,3
17,1,24,3,3,52,9,25,21,1
22,4,25,3,4,2,5,28,23,11
30,6,26,6,1,29,7,34,19,1
62,6,31,5,1,90,9,29,21,1
28,5,26,5,2,43,7,32,23,3
51,3,27,3,2,36,9,25,22,5
1,4,24,6,1,39,7,32,20,1
71,7,37,4,1,76,8,27,18,1
27,3,25,2,4,0,5,27,20,3
62,8,27,4,4,39,7,40,24,3
55,7,30,3,7,65,7,35,20,1
46,4,28,4,3,25,9,25,18,1
67,5,28,4,1,32,9,32,22,4
60,5,29,4,1,67,11,30,21,1
15,4,28,3,15,37,7,31,20,1
78,7,40,4,1,69,10,32,19,1
9,4,22,6,2,8,6,25,19,1
70,7,35,4,3,56,8,28,22,2
97,13,35,5,1,63,9,38,17,2
40,5,31,4,2,44,9,32,23,1
80,6,27,5,1,62,11,27,21,2
3,3,20,6,1,9,5,22,20,2
39,4,30,4,1,74,10,28,20,1
66,8,30,5,2,48,8,35,22,3
29,2,25,3,2,37,8,22,22,5
88,6,39,4,1,80,11,33,21,1
46,5,28,3,2,9,7,32,23,6
11,3,33,3,1,12,3,28,23,4
97,7,35,3,1,99,17,38,25,1
46,7,33,4,1,7,3,32,21,2
21,5,31,3,2,9,2,29,23,8
23,3,28,3,3,11,7,28,24,5
15,2,33,4,1,49,7,29,24,2
9,3,29,5,1,34,5,28,20,1
54,4,24,4,1,21,7,24,19,1
66,5,29,3,1,65,11,38,23,1
48,3,30,4,1,59,12,25,19,1
35,3,29,2,3,39,6,27,23,2
4,4,29,5,3,16,5,28,22,1
22,3,23,4,1,16,6,30,22,2
6,4,32,3,5,26,3,30,20,1
82,8,33,4,2,42,9,34,21,4
80,5,30,4,1,58,9,28,19,1
92,10,36,7,1,97,11,42,19,1
13,5,31,4,5,27,4,27,22,5
30,5,35,3,3,27,4,31,22,1
0,1,24,2,7,6,6,23,22,3
2,2,22,5,1,9,6,27,20,2
78,6,36,5,1,98,11,26,20,2
82,8,39,6,1,96,11,36,19,1
96,6,32,4,1,84,13,31,21,1
70,7,30,5,1,85,8,32,21,1
82,6,39,5,1,99,12,27,17,1
85,7,29,6,1,70,9,25,18,1
72,5,35,5,1,76,10,31,21,2
7,0,31,3,1,35,9,27,23,1
93,6,37,4,1,98,15,36,23,1
60,7,37,7,1,96,9,29,20,1
62,4,32,2,1,85,12,34,24,1
77,8,37,5,1,79,8,33,17,1
59,5,24,3,5,37,8,23,18,1
46,3,28,2,3,27,8,25,20,1
90,5,32,1,1,32,9,32,23,7
62,7,37,6,1,90,9,28,19,1
4,2,17,4,2,3,6,20,20,2
60,5,33,3,1,36,6,31,20,1
61,5,27,2,4,13,9,30,19,2
0,2,28,5,1,39,6,28,20,1
60,5,35,4,1,89,10,24,21,2
46,5,23,6,1,29,8,30,20,2
35,3,34,3,1,82,8,26,20,2
70,7,26,4,3,13,8,36,22,2
58,4,35,4,1,84,9,22,18,1
13,4,30,5,1,33,5,26,19,1
38,4,29,3,1,20,5,27,22,6
86,7,26,4,1,76,9,32,19,2
87,6,36,5,1,99,14,35,21,1
48,5,29,6,1,74,7,24,16,1
94,8,32,5,1,73,11,35,20,1
15,2,32,5,1,36,6,23,19,1
28,6,27,4,5,38,5,30,19,1
51,4,26,4,1,25,8,28,22,3
96,8,38,6,1,99,16,34,17,1
37,4,22,4,2,33,8,33,20,2
58,5,35,5,1,66,8,28,19,2
87,8,32,3,3,84,8,34,22,6
26,3,23,4,1,11,6,18,23,2
45,3,30,3,1,45,9,29,19,1
38,4,23,3,1,27,5,30,23,7
54,5,31,5,1,86,11,32,21,1
50,3,24,3,1,20,8,29,22,5
3,1,23,4,1,7,6,26,21,2
71,7,30,6,1,85,12,35,20,1
2,4,26,5,2,21,4,27,19,2
66,5,24,4,2,76,11,27,21,1
60,5,29,3,1,14,7,30,22,6
60,7,33,4,3,56,7,34,20,1
49,3,27,1,2,41,9,33,20,3
61,4,23,4,1,25,10,25,20,1
67,4,27,4,1,65,11,32,23,2
5,2,31,4,1,36,7,31,24,2
25,4,30,5,1,62,6,28,23,1
65,6,27,4,2,45,9,32,19,1
90,6,27,5,1,70,11,25,20,1
1,0,32,4,1,32,5,19,19,1
60,8,35,5,3,83,10,35,20,1
17,5,21,7,2,28,7,29,19,1
44,7,35,5,1,17,5,32,18,1
9,1,26,3,1,1,4,24,22,1
90,10,32,7,1,93,9,35,17,1
83,6,30,2,3,44,8,29,21,2
82,10,32,8,1,86,10,32,16,1
88,5,25,3,1,62,11,33,21,3
95,13,31,7,2,83,10,30,18,2
75,5,38,2,1,60,9,29,24,5
20,4,22,5,1,19,5,30,21,1
31,4,32,5,1,46,9,31,24,1
55,6,30,5,3,70,9,30,19,1
36,4,32,5,1,63,9,31,23,1
59,7,37,6,1,67,9,31,22,1
15,3,34,4,1,38,5,28,24,2
80,7,27,5,1,55,11,27,18,2
17,4,33,4,1,20,5,27,20,2
20,4,35,4,2,56,6,29,19,1
22,3,33,3,1,46,7,35,24,1
93,12,37,8,1,96,10,36,20,2
74,8,33,4,5,91,9,32,18,1
16,2,28,1,2,5,6,30,25,5
64,5,30,4,1,38,7,26,22,3
87,7,33,6,1,95,13,37,21,1
49,4,28,2,11,25,6,22,19,3
54,4,25,2,4,65,9,28,22,2
10,1,19,3,2,21,8,24,23,2
99,6,38,4,1,92,14,34,21,1
0,2,32,3,2,15,4,27,21,2
88,6,38,4,1,91,12,28,23,1
5,4,24,3,14,2,3,27,22,4
60,4,27,4,1,67,10,33,20,1
85,6,29,3,2,79,13,37,20,1
27,3,32,3,2,60,8,28,25,2
58,5,32,4,2,91,12,33,23,1
13,5,31,4,4,18,3,26,18,2
70,5,31,2,1,24,9,32,23,6
24,2,29,1,2,12,7,33,23,4
26,2,22,1,7,10,8,31,26,3
62,5,26,4,1,21,9,35,23,3
63,6,28,6,1,33,5,27,18,2
83,9,35,6,1,98,13,40,20,1
76,9,30,6,1,63,10,35,20,2
42,6,36,5,1,58,7,35,22,1
88,7,41,5,1,92,11,38,21,1
61,5,31,4,1,77,10,29,22,2
35,2,23,2,1,5,7,30,21,5
64,6,34,3,1,70,8,35,24,5
70,7,26,4,3,28,7,33,19,1
86,5,25,5,1,55,13,28,17,1
39,3,27,2,3,56,10,30,24,5
31,4,32,6,1,51,5,24,21,3
11,1,29,2,1,38,9,29,22,1
67,7,39,4,2,63,8,30,21,1
23,3,29,2,2,31,6,29,24,5
24,5,30,4,8,9,5,32,24,1
96,9,31,5,1,59,9,29,18,3
31,5,33,4,1,60,6,39,21,1
51,3,33,1,3,82,10,26,24,4
49,6,32,4,1,21,7,34,20,1
47,3,26,4,1,27,7,20,19,2
12,4,27,5,1,20,4,28,22,2
12,4,33,3,8,27,5,31,22,2
12,3,24,5,1,6,3,24,21,7
53,5,32,3,2,63,8,26,20,1
13,2,30,2,2,27,5,31,22,1
39,5,29,5,2,18,6,26,19,2
6,4,31,5,1,23,3,28,21,1
31,2,31,2,1,49,8,33,26,4
5,0,21,1,2,5,6,30,23,3
59,4,30,3,1,36,7,28,23,2
76,6,27,3,4,65,10,29,22,2
29,3,32,3,1,44,7,32,22,2
44,4,29,5,1,66,7,23,19,2
77,7,28,5,1,47,8,30,18,1
25,3,27,2,6,53,8,28,25,4
29,4,27,4,2,39,6,28,18,2
6,3,28,5,1,51,8,26,22,1
46,6,29,6,1,66,9,35,20,1
21,3,20,3,5,21,6,29,21,1
54,4,25,5,1,72,11,31,19,2
99,11,35,5,3,90,13,38,21,1
82,9,37,5,1,97,11,36,22,1
30,4,29,4,1,48,6,28,21,1
41,3,24,2,3,22,8,26,21,2
46,4,29,3,2,30,9,26,20,1
23,2,23,1,1,3,6,26,20,4
38,4,26,3,1,24,9,35,25,2
77,7,36,4,1,47,9,38,24,3
55,7,29,3,2,45,7,39,22,3
30,3,24,4,2,34,8,23,20,1
32,5,25,3,8,2,5,29,20,3
2,1,32,3,1,29,7,30,23,1
49,4,28,4,1,68,11,35,23,1
87,5,31,3,1,98,18,33,21,1
90,8,35,5,1,72,10,37,20,1
8,4,30,4,2,22,3,31,24,7
59,6,24,6,1,70,10,33,20,1
3,0,27,2,1,31,6,27,25,4
37,4,25,2,2,2,4,27,22,6
70,6,25,4,1,35,8,32,22,3
71,4,36,2,1,93,14,37,25,1
97,10,41,6,1,95,9,34,18,1
12,4,30,5,1,22,5,28,19,1
21,3,28,4,1,5,4,21,20,3
11,4,33,3,5,7,3,28,24,2
61,7,36,5,1,48,6,29,21,2
71,6,35,4,1,90,10,39,21,1
40,4,28,3,5,63,8,30,25,2
10,4,27,4,1,27,6,33,23,2
24,2,33,1,4,63,7,27,26,3
36,6,26,4,6,19,5,32,24,3
80,5,25,3,2,77,12,28,21,2
76,5,34,3,1,69,12,33,19,1
96,6,41,2,1,97,13,39,23,1
36,6,33,7,1,63,5,26,16,1
91,8,27,3,9,64,12,34,19,2
44,5,23,5,2,63,8,28,22,2
79,5,29,4,1,60,9,29,22,3
17,5,22,6,1,4,3,28,19,2
60,7,38,4,2,67,8,32,24,1
52,6,26,4,2,5,5,32,21,6
48,3,29,4,1,30,10,29,22,1
96,10,33,4,1,83,9,40,19,1
5,4,31,6,1,7,1,25,22,2
42,6,23,5,2,15,7,33,22,4
69,8,30,5,4,89,11,36,20,1
64,4,25,2,5,61,13,33,21,1
71,6,30,4,3,76,12,33,20,1
37,5,33,4,2,61,7,32,23,1
36,3,23,2,2,3,5,26,21,5
44,4,34,4,1,92,10,29,21,1
68,5,26,4,1,44,10,32,21,4
76,4,28,5,1,64,10,27,18,1
88,6,26,5,1,53,12,27,18,2
28,6,28,6,1,39,5,33,19,2
70,6,34,5,1,93,9,32,21,2
12,5,23,5,4,6,5,29,23,2
97,7,38,4,1,92,11,30,22,1
46,6,35,5,2,80,9,33,19,1
30,3,21,4,1,15,7,26,20,1
76,5,36,4,1,77,9,26,21,1
18,2,31,4,1,74,9,29,22,1
89,10,31,7,1,97,11,33,18,1
66,4,30,3,1,44,7,30,23,3
6,1,20,4,2,9,8,23,24,2
67,4,36,4,1,80,13,31,24,1
9,4,35,5,3,71,7,34,25,1
98,7,31,4,1,93,12,29,20,2
83,9,27,5,1,47,9,35,19,1
56,6,35,3,5,38,5,28,19,2
44,6,32,4,2,20,6,32,22,1
96,5,32,2,1,66,11,33,22,8
12,2,21,3,5,6,7,28,21,1
35,3,30,2,2,9,6,29,23,2
91,7,27,4,2,39,11,31,20,2
28,4,24,4,3,5,5,26,18,1
24,2,24,2,3,25,7,26,25,4
4,1,30,2,2,14,7,28,25,2
74,9,29,4,2,27,7,40,23,3
90,6,27,4,1,63,9,26,16,1
27,3,23,3,4,5,6,24,21,2
19,5,23,5,8,47,6,29,18,1
96,8,32,4,1,89,13,49,25,2
48,3,33,4,1,74,12,29,21,2
16,4,26,2,7,13,4,28,22,4
31,4,22,3,2,3,6,35,23,3
22,4,29,5,3,21,5,24,20,1
23,4,22,4,2,21,7,32,19,1
6,2,26,4,2,51,9,29,23,1
35,5,23,7,1,37,8,27,19,1
19,3,23,5,1,10,6,26,20,1
53,6,31,6,1,95,10,32,21,1
73,6,25,5,1,54,11,33,18,1
98,8,34,5,1,99,17,38,18,1
30,4,22,3,6,2,6,32,22,2
84,8,34,4,1,59,8,37,21,4
27,3,30,3,4,38,8,28,23,1
92,10,33,4,3,78,8,35,22,4
85,8,40,5,1,64,8,35,19,1
88,8,28,4,1,58,8,30,21,4
22,4,33,5,1,47,7,25,21,1
26,5,34,4,5,71,8,33,25,1
68,5,31,4,1,68,11,27,22,1
16,1,29,4,1,60,8,24,22,1
54,7,31,5,1,65,7,40,20,1
88,5,28,4,1,78,11,29,23,4
43,6,30,7,1,85,9,31,17,1
0,2,20,5,2,37,7,21,19,1
18,2,25,2,5,23,8,28,23,1
41,5,33,5,1,43,5,21,18,1
83,9,35,4,6,95,11,37,23,2
48,7,33,4,2,45,4,33,19,1
36,3,25,2,4,20,7,28,22,4
27,2,28,4,1,26,8,30,23,5
92,10,30,8,1,87,11,35,15,1
94,6,30,2,1,69,11,36,19,2
13,5,21,7,2,23,4,23,20,1
40,5,28,5,1,15,4,24,18,1
1,1,28,2,4,9,6,21,24,4
28,2,23,3,2,32,7,22,23,4
26,2,21,4,1,26,7,18,19,3
44,6,32,6,1,46,5,23,18,1
3,4,26,5,3,29,4,27,21,1
55,4,24,5,1,25,9,28,22,6
94,10,30,6,1,70,11,36,21,2
91,6,30,4,1,84,13,31,22,2
9,1,26,3,1,2,4,23,22,4
3,1,28,1,2,2,5,29,22,3
75,6,31,4,1,48,7,29,21,2
77,6,28,4,1,61,12,35,20,1
13,4,20,3,6,0,1,24,21,8
7,2,25,4,2,6,5,20,23,1
42,7,37,6,1,76,8,32,21,1
24,5,29,6,1,36,5,30,21,2
46,4,29,3,1,24,8,29,19,1
20,4,30,4,3,8,6,29,19,1
74,5,36,4,1,77,12,30,20,1
15,5,33,5,1,23,5,33,18,1
57,7,28,5,1,45,5,31,20,4
48,4,33,4,1,43,7,29,23,2
40,6,31,3,4,25,4,29,21,4
46,6,30,6,1,62,5,29,18,1
82,10,35,6,1,70,8,36,19,1
32,4,31,4,1,24,6,28,21,3
5,2,30,3,3,61,9,31,23,1
37,6,37,6,1,81,6,37,24,1
20,2,31,2,1,6,4,24,22,6
20,5,30,5,5,13,5,29,21,1
47,4,34,3,1,45,10,30,21,1
18,5,24,5,4,9,4,24,17,2
4,4,29,5,4,44,7,33,23,1
70,4,34,4,1,57,9,29,21,1
32,3,28,2,5,17,5,21,23,10
6,4,28,4,3,4,5,29,19,1
75,5,32,4,1,83,14,31,20,1
47,3,28,5,1,46,8,28,19,1
50,4,33,4,1,90,9,29,20,1
91,7,28,4,1,64,9,30,17,1
36,4,25,3,2,25,7,29,21,1
11,2,29,4,1,41,5,25,20,1
71,6,37,4,1,93,10,30,18,1
42,6,31,6,2,76,6,29,22,1
45,4,34,3,1,73,9,35,23,2
68,6,29,3,3,53,9,34,21,1
29,3,30,3,1,57,8,30,21,1
46,3,26,5,1,30,7,19,18,2
53,4,24,4,1,75,11,27,21,2
24,4,32,3,2,11,5,35,25,6
97,7,38,2,2,76,11,30,19,1
76,7,33,4,2,98,11,29,20,1
39,4,22,6,1,52,8,22,18,1
35,3,34,2,2,47,8,32,24,2
57,5,37,5,1,98,13,38,22,1
90,6,38,4,1,75,11,33,21,1
12,4,24,5,2,23,6,29,20,1
51,7,27,5,2,22,7,34,22,1
11,3,29,2,9,4,3,23,24,6
33,4,31,5,1,71,7,30,21,2
33,3,28,1,5,40,8,32,22,3
45,4,28,5,1,61,10,26,22,2
20,4,26,4,3,9,3,28,23,3
34,6,28,6,3,33,7,32,24,1
67,5,24,4,1,15,7,24,18,3
71,6,37,2,1,32,6,33,21,3
27,5,33,5,1,18,6,33,23,1
12,4,31,3,5,21,5,24,22,5
42,6,31,3,3,42,5,31,21,2
80,8,41,3,1,72,9,43,25,3
20,1,23,1,11,7,7,23,25,5
54,5,25,3,5,42,8,29,22,4
58,4,34,5,1,62,8,21,18,1
66,5,31,3,1,28,7,28,21,6
42,6,33,4,5,34,7,35,21,1
62,6,37,4,1,70,8,39,23,2
78,7,31,4,1,54,9,34,20,3
99,10,40,5,1,90,12,38,18,1
91,10,31,7,1,96,12,38,21,1
6,2,23,5,1,33,7,29,21,2
74,6,30,4,1,78,11,30,19,1
13,1,31,3,1,28,8,26,26,2
35,4,34,4,1,61,8,35,21,1
46,3,25,2,1,30,9,35,27,3
48,4,36,5,1,83,9,23,21,1
9,3,23,2,5,1,4,31,26,6
53,4,23,4,1,50,10,34,21,4
72,7,27,4,3,78,12,37,22,1
84,6,27,5,1,75,10,29,20,5
44,3,25,2,1,31,9,36,22,3
87,6,27,5,1,84,13,33,21,1
5,3,33,5,1,28,5,26,24,1
6,3,21,3,4,0,1,23,18,3
27,4,30,6,1,51,8,27,22,1
57,4,32,3,1,65,9,27,22,2
85,5,31,1,3,75,14,33,25,5
26,5,30,4,3,3,1,26,20,2
90,6,30,3,1,87,10,30,19,2
20,4,31,3,5,21,5,32,21,1
26,3,21,2,4,15,9,33,20,2
25,2,26,3,2,20,6,17,18,1
40,3,35,3,1,62,9,32,24,1
36,5,34,4,2,51,8,31,22,1
59,5,27,4,3,67,12,35,22,1
74,6,34,6,1,98,13,29,21,1
64,4,30,3,2,88,11,26,19,1
75,8,39,5,2,98,10,33,21,1
49,4,28,4,1,68,11,30,19,1
9,2,19,3,4,0,4,26,23,4
0,3,30,2,5,7,3,25,22,3
39,4,27,3,5,50,8,28,19,1
69,4,34,2,1,64,11,35,25,4
90,6,31,4,1,81,13,34,20,1
59,7,31,3,4,22,5,31,20,3
49,3,28,2,2,6,6,24,24,5
81,5,26,4,1,55,10,28,20,1
47,3,34,1,2,28,7,27,26,4
28,5,24,5,4,9,4,26,21,2
57,7,35,5,1,56,6,31,20,4
84,8,33,6,1,94,10,37,18,1
42,5,34,4,1,42,5,30,21,2
7,3,31,3,1,7,3,27,20,3
31,4,35,2,4,66,8,35,26,1
80,8,27,5,3,53,9,28,21,5
22,5,31,3,2,1,3,31,22,7
98,6,27,4,1,59,14,32,19,1
85,6,27,2,2,20,8,30,19,3
3,3,30,4,1,7,5,30,24,3
97,6,26,3,2,79,11,31,17,2
12,4,34,4,1,5,3,30,23,2
51,4,32,4,1,69,9,32,23,2
82,8,30,5,2,61,10,34,19,1
92,8,33,3,4,73,9,31,22,4
88,6,32,3,1,49,9,31,18,2
65,6,38,5,1,70,8,23,19,2
45,5,31,2,2,34,7,35,21,3
2,2,19,5,1,23,6,21,21,3
9,3,27,3,3,12,6,26,22,4
85,9,36,7,1,97,9,37,19,1
41,6,33,6,1,33,5,31,22,1
60,6,25,5,3,49,10,28,19,2
99,6,33,3,1,96,19,33,20,1
25,2,27,2,1,47,8,28,20,2
79,5,31,4,1,61,11,35,21,3
68,4,34,4,1,89,11,24,21,1
63,8,33,5,1,55,7,35,21,1
23,3,30,3,1,13,7,29,21,1
17,2,31,2,1,28,7,30,23,1
56,7,33,7,1,73,7,25,15,1
84,10,30,4,5,69,8,36,17,2
55,4,29,4,1,79,11,37,22,1
48,6,33,4,2,60,8,41,24,2
62,5,38,2,4,92,9,32,21,1
37,6,23,7,1,69,7,26,21,1
69,6,33,5,1,86,9,31,20,1
1,3,31,3,3,11,3,27,22,1
81,6,31,4,1,93,14,31,19,1
78,7,30,5,1,47,8,27,16,2
46,3,26,3,1,9,6,22,22,8
45,5,29,5,2,63,8,25,20,1
31,5,27,6,2,42,6,26,19,1
36,6,29,6,1,33,5,29,16,1
28,3,25,3,1,7,7,31,20,2
67,5,36,3,1,52,10,32,23,1
29,4,31,4,1,78,8,31,24,2
85,5,38,4,1,76,9,25,20,3
85,9,29,5,1,27,6,32,22,3
65,7,29,4,3,58,10,41,19,1
90,9,36,3,1,46,6,30,22,8
79,9,38,5,2,90,11,41,22,1
3,2,19,3,7,24,6,24,21,2
76,8,33,4,1,21,6,33,19,3
37,2,33,3,1,80,9,22,20,1
46,6,38,5,1,51,7,36,23,2
14,3,31,3,1,11,5,26,19,1
95,6,36,5,1,96,12,29,19,2
11,4,33,5,1,54,5,28,21,1
40,4,35,5,1,88,10,33,21,1
80,6,25,3,6,47,10,27,20,2
63,5,34,4,1,89,12,36,20,1
67,6,25,5,1,85,11,27,21,2
67,5,35,2,1,55,9,35,21,3
79,7,39,3,1,72,9,34,23,3
64,4,26,3,3,49,12,31,23,3
62,8,33,5,2,64,7,32,18,2
10,4,25,5,1,37,7,33,21,1
15,3,29,5,1,40,5,26,19,1
96,7,29,4,2,88,13,37,24,2
67,5,24,3,1,34,9,33,22,8
9,4,30,4,2,7,2,23,21,6
49,7,34,4,2,61,7,35,23,1
20,3,24,3,3,10,5,31,23,4
3,3,25,4,1,12,5,27,22,3
81,8,31,4,1,48,7,34,19,2
97,6,28,4,1,56,13,35,21,1
42,3,21,4,1,48,11,30,23,2
6,3,30,2,9,18,4,24,20,1
44,5,32,5,1,74,8,37,24,1
95,7,32,3,1,59,9,32,23,2
34,3,25,3,4,14,9,25,23,4
63,6,25,3,1,4,7,32,22,5
92,8,31,5,1,54,10,33,22,2
2,4,32,4,2,17,4,33,21,1
17,2,31,4,1,50,8,26,19,1
90,7,38,5,1,99,15,38,17,1
67,7,34,6,1,70,8,33,18,1
15,2,27,3,3,15,5,23,21,2
4,2,28,4,1,13,6,28,22,2
44,6,27,3,6,28,6,28,20,4
15,4,27,4,6,38,7,28,22,3
68,7,36,5,1,51,8,34,23,3
36,4,30,3,3,44,9,31,24,2
30,4,28,3,1,6,4,25,20,3
53,4,35,2,1,72,10,35,22,2
40,5,31,5,1,70,8,30,19,1
27,3,26,3,1,30,6,23,22,7
39,3,26,2,6,15,7,23,22,1
47,7,24,6,2,27,7,26,20,3
11,2,29,4,1,17,5,26,25,2
4,2,25,5,1,50,7,28,20,1
77,7,31,5,1,58,7,30,21,4
57,4,30,4,1,93,15,32,22,1
54,4,36,4,1,95,11,30,22,1
22,4,27,5,2,20,6,26,18,1
85,7,41,5,1,98,10,26,19,2
85,8,38,6,1,98,11,34,22,1
74,5,31,5,1,76,9,27,21,2
16,2,29,2,2,17,8,28,23,2
84,8,30,4,1,69,11,40,18,1
94,6,38,4,1,91,12,35,23,2
12,2,29,5,1,14,6,28,23,2
7,4,29,6,2,14,5,23,17,1
10,3,34,4,1,20,5,29,21,1
77,5,27,2,2,77,10,31,19,1
88,7,37,4,1,76,9,29,22,1
24,4,33,3,3,77,8,30,22,1
78,8,33,6,1,65,8,34,21,1
78,6,30,4,1,41,8,30,18,2
48,5,36,4,1,62,6,30,20,2
46,5,29,4,2,46,9,27,19,1
44,5,27,4,2,3,6,33,22,3
94,8,34,5,1,63,11,35,19,1
54,5,29,6,1,91,12,32,21,1
15,1,25,3,2,27,8,20,20,2
79,5,32,3,1,66,9,32,24,2
32,6,28,5,4,49,8,33,22,1
59,5,32,6,1,58,6,27,19,3
43,3,33,4,1,77,10,23,19,1
92,8,34,6,1,95,11,37,20,1
60,4,28,4,1,61,11,28,20,2
98,6,35,3,1,91,14,34,21,2
75,4,25,5,1,88,15,31,19,1
69,6,36,6,1,77,9,32,20,1
27,4,24,5,1,12,5,27,20,3
17,3,27,2,3,1,2,25,20,3
65,7,30,4,3,81,8,30,22,1
51,6,30,4,2,52,6,32,23,4
69,8,40,5,1,96,10,37,22,1
14,3,27,4,1,33,7,34,21,1
89,5,36,3,1,81,11,27,21,2
18,2,29,1,8,41,8,27,22,2
1,3,32,3,8,16,3,25,24,2
88,7,35,3,2,90,11,34,21,1
23,3,27,3,2,3,5,28,21,2
88,5,29,4,1,55,11,26,20,2
58,5,25,2,9,42,11,31,23,6
81,9,34,8,1,93,11,37,21,1
49,3,22,4,1,16,7,23,21,5
10,2,29,3,1,11,5,28,22,4
2,0,31,4,1,23,7,24,22,1
51,4,25,2,2,9,6,25,21,5
78,6,37,4,1,69,9,30,22,1
63,7,36,3,3,34,5,27,21,6
93,9,34,4,1,80,10,42,22,5
95,10,30,4,7,66,9,33,20,1
13,3,33,3,2,36,6,32,25,4
36,2,31,1,4,38,9,26,23,2
87,10,31,6,1,56,7,32,16,2
7,3,26,5,2,12,5,19,17,1
12,4,28,3,2,16,5,34,24,4
92,7,29,6,1,65,12,31,19,3
40,5,33,4,3,20,6,31,21,1
73,7,30,7,1,78,10,32,18,1
34,3,23,3,1,9,7,33,23,2
78,5,25,5,1,75,10,27,20,3
69,6,36,3,2,89,12,37,23,1
47,6,36,4,2,80,7,32,24,1
64,7,30,7,1,35,6,30,17,1
9,4,29,4,4,19,6,30,22,1
46,6,26,6,1,31,7,29,20,2
8,4,24,6,1,24,4,27,21,3
64,8,39,3,2,24,4,32,20,2
72,9,38,4,2,47,6,31,21,2
55,4,30,2,1,35,8,32,20,3
74,6,28,5,1,88,11,30,18,1
16,2,29,2,2,23,6,20,22,5
28,4,33,3,4,76,9,34,20,1
21,2,26,2,1,1,5,25,24,7
91,6,28,3,1,55,12,39,21,2
84,6,38,5,1,86,11,30,18,1
90,10,34,5,2,90,12,36,23,1
62,5,31,2,1,73,11,41,26,3
54,4,32,2,1,51,7,31,21,4
66,4,29,2,2,58,11,27,19,2
50,7,35,4,4,62,6,35,22,1
90,6,33,4,1,88,14,37,22,1
13,5,29,6,1,6,3,27,18,1
9,2,28,4,1,13,5,20,19,2
12,1,30,3,1,14,6,26,21,2
25,2,22,2,6,35,7,21,22,2
71,5,37,1,1,68,8,33,26,4
74,4,29,2,1,66,10,30,20,3
79,5,31,3,1,71,10,32,21,1
51,3,23,3,2,29,10,23,21,4
37,3,28,2,3,50,10,33,25,2
66,6,28,4,2,20,8,30,22,5
79,8,38,5,1,60,7,29,18,2
96,8,28,3,1,44,8,32,19,8
34,3,29,4,1,69,9,31,19,1
91,8,28,6,1,75,9,28,18,1
98,8,33,6,1,99,15,31,18,1
5,2,31,3,1,33,7,32,23,1
77,6,33,5,1,66,11,30,17,1
55,5,26,5,1,59,8,22,20,4
10,1,24,1,2,12,7,32,24,4
80,5,34,4,1,96,13,35,21,2
19,2,18,4,1,38,10,29,21,2
5,0,26,2,2,16,8,25,26,3
55,6,31,4,1,64,8,28,21,1
39,4,24,4,1,62,9,29,20,1
11,2,25,4,1,23,6,30,21,1
39,6,24,6,2,39,7,26,17,1
64,7,27,6,1,32,6,22,17,3
36,3,34,4,1,88,11,34,25,1
59,8,31,4,1,48,6,36,20,2
43,3,30,4,1,54,8,31,21,1
23,5,29,6,1,57,7,35,18,1
94,7,28,3,2,77,12,36,23,5
86,5,29,2,2,45,10,28,22,6
52,5,32,4,1,67,9,28,21,1
35,2,32,2,2,42,7,27,22,1
3,2,30,4,1,7,4,24,24,2
3,3,30,5,1,16,3,27,22,2
0,3,34,3,9,36,5,29,20,1
37,6,30,7,1,36,6,29,21,1
11,4,23,3,32,23,6,28,20,3
62,5,31,3,1,19,6,28,22,7
46,5,29,6,1,69,7,28,18,2
88,5,29,2,2,64,12,31,22,2
90,6,40,5,1,91,12,28,23,2
47,6,32,4,1,59,8,33,22,2
32,6,27,6,1,24,6,32,22,2
79,7,30,6,1,46,7,29,15,1
42,4,25,5,1,61,8,26,20,2
33,4,22,5,2,21,6,16,16,1
9,2,22,2,1,3,4,25,21,5
35,4,32,4,1,31,5,28,23,6
48,5,36,5,1,84,9,29,19,1
46,5,29,3,8,44,9,32,25,2
35,5,25,4,3,33,5,32,23,2
65,4,31,1,1,34,9,32,20,2
23,3,29,4,1,28,5,27,22,1
14,2,31,3,1,35,7,36,26,2
21,2,27,2,4,26,6,25,24,6
62,4,33,1,1,69,9,34,22,4
98,6,28,2,1,71,13,42,22,1
82,9,33,6,1,91,10,40,21,1
57,4,26,1,3,20,9,28,20,1
16,5,25,5,2,5,3,30,19,1
72,8,30,7,1,92,11,34,17,1
40,3,32,2,2,41,8,27,23,3
54,6,33,6,1,60,6,21,17,1
33,4,24,2,4,6,6,30,21,3
6,3,34,2,2,17,2,29,24,9
43,6,35,3,9,65,7,30,23,4
81,5,34,3,1,94,14,37,25,2
95,6,31,2,2,92,12,29,20,1
73,8,34,7,1,96,9,34,19,1
92,10,29,6,1,90,10,38,17,1
83,8,36,4,1,59,9,37,23,3
87,8,35,6,1,99,11,35,18,1
8,4,24,5,1,9,4,33,21,3
66,5,28,2,1,23,8,34,22,4
5,3,27,5,1,14,4,23,19,1
2,2,26,4,1,26,5,29,23,2
56,6,35,4,3,66,7,27,22,1
53,5,28,5,1,70,9,34,19,1
37,3,29,4,1,62,8,29,19,2
90,9,30,4,5,87,10,35,20,1
31,3,28,2,5,28,7,30,21,1
93,9,43,4,1,85,9,39,20,1
38,5,33,5,1,67,6,25,21,3
24,3,26,2,4,9,4,24,21,5
3,0,16,4,1,16,8,23,21,1
60,6,34,6,1,91,9,30,19,1
79,7,34,6,1,90,9,29,19,1
56,6,32,5,1,42,6,31,21,2
30,5,31,5,1,50,6,29,19,1
76,5,28,4,1,39,8,26,19,3
71,6,27,6,1,69,9,31,21,2
14,4,30,3,7,12,4,25,20,1
87,10,29,5,3,43,9,34,18,1
51,7,37,6,2,91,9,32,21,1
96,9,34,7,1,88,10,37,17,1
9,1,26,3,1,41,8,31,24,2
73,8,37,5,1,69,10,31,21,1
5,3,21,3,5,1,3,26,23,4
89,6,27,3,3,58,11,34,21,2
20,3,23,4,1,31,6,24,21,3
16,5,30,3,5,2,3,30,22,3
64,8,28,6,1,22,7,34,18,1
97,10,32,6,1,62,11,36,18,2
13,4,34,4,1,10,3,29,23,2
60,4,24,2,3,12,10,28,24,7
42,7,36,6,1,72,6,29,18,1
35,2,20,3,1,39,8,28,21,3
30,4,34,5,1,47,6,27,22,1
45,4,33,3,2,63,9,36,24,2
48,4,31,2,4,22,7,26,25,3
59,4,26,3,1,60,9,33,23,4
65,7,28,6,1,92,10,32,21,2
48,4,32,4,1,81,10,35,24,3
58,7,33,5,1,70,7,32,19,2
55,5,28,5,1,36,6,24,19,4
61,8,26,5,1,51,6,37,21,1
21,3,22,2,2,5,6,32,24,4
67,5,33,5,1,89,12,36,20,1
8,3,31,2,2,3,4,33,25,8
15,2,27,2,2,1,5,29,24,8
95,6,27,3,1,57,10,26,20,2
89,5,28,4,1,93,16,31,20,1
85,8,27,4,1,37,8,32,22,7
68,6,33,4,2,78,9,28,18,1
9,1,27,2,4,51,6,23,21,1
15,1,22,4,1,16,6,15,21,3
3,4,23,3,7,3,2,31,22,5
44,6,34,4,4,64,6,29,22,3
55,5,25,6,1,75,8,28,19,1
80,5,24,3,1,52,9,25,18,5
87,5,25,4,1,75,13,32,22,1
70,6,26,3,3,19,8,32,20,4
57,4,24,4,1,45,11,30,22,1
94,7,29,5,1,92,12,35,21,2
58,5,26,3,4,74,11,30,19,1
34,3,34,3,1,74,10,33,24,1
93,9,37,4,1,90,10,34,20,2
62,7,27,5,1,48,8,32,20,1
54,7,35,5,2,44,5,26,19,2
81,5,38,4,1,82,10,29,22,1
85,8,27,4,2,43,8,26,16,3
59,5,28,4,1,57,8,31,22,2
17,5,27,5,4,18,6,26,17,1
94,5,36,2,1,83,11,28,22,5
82,6,30,5,1,54,11,29,21,4
95,9,32,3,3,71,9,31,19,3
41,5,30,3,2,21,5,27,23,3
66,7,37,6,1,84,8,33,18,1
29,4,29,3,11,43,8,33,24,1
55,7,38,6,1,89,9,31,17,1
61,4,33,3,1,86,10,31,22,1
79,6,29,3,4,75,12,33,20,1
54,7,31,4,3,47,9,32,23,3
39,4,30,3,2,18,7,27,25,3
87,8,26,6,1,57,12,31,18,1
52,4,25,3,4,48,8,24,18,2
73,7,26,3,5,21,8,32,19,2
29,6,30,6,1,77,9,35,21,1
99,6,30,5,1,94,12,30,18,1
34,2,27,3,1,52,9,31,24,3
70,8,27,5,1,69,8,34,19,2
72,5,29,2,1,72,11,33,23,4
72,6,28,4,1,24,6,26,18,2
94,7,39,4,1,99,14,35,19,1
71,6,31,4,1,69,10,33,19,1
92,6,32,2,2,86,13,35,25,3
7,1,32,0,3,28,7,31,27,2
87,7,26,4,3,88,14,38,19,1
76,5,35,5,1,95,11,33,20,1
39,6,35,5,1,23,4,28,20,2
22,3,26,4,1,41,7,32,21,2
71,8,31,3,7,37,6,30,20,1
24,2,30,2,2,42,9,27,25,3
87,9,32,4,3,56,7,27,16,2
18,3,23,3,3,35,8,32,21,2
72,9,39,4,3,50,7,34,24,2
62,4,28,2,4,32,10,28,23,7
23,4,28,3,6,12,7,30,23,3
19,2,33,3,1,32,7,28,23,1
23,3,31,2,3,29,7,30,25,2
3,3,27,5,1,32,4,22,20,1
14,1,27,4,1,60,9,22,22,1
3,0,30,2,2,56,6,21,25,2
15,4,29,5,1,9,5,30,23,3
14,4,31,3,2,11,5,30,24,3
72,7,36,4,1,82,9,36,20,1
5,2,22,2,4,0,1,20,18,6
16,2,28,2,4,24,6,28,23,1
14,2,30,5,1,85,8,22,22,1
91,8,30,6,1,93,14,35,17,1
81,9,33,4,4,68,8,35,19,1
48,5,25,6,1,26,7,29,20,1
26,6,32,7,1,67,6,33,20,1
8,1,33,3,1,18,4,20,19,2
84,7,38,3,3,66,8,30,21,2
51,5,32,3,3,41,9,26,18,1
92,10,37,4,2,89,9,40,21,1
76,7,31,3,2,46,9,39,24,3
12,4,34,4,2,39,3,29,24,1
48,7,29,5,1,18,5,32,19,1
77,5,35,4,1,98,13,32,19,1
52,4,30,3,2,39,7,21,21,5
96,10,35,7,1,89,12,31,16,1
85,8,40,5,1,98,10,30,20,1
78,9,31,8,1,87,9,39,18,1
81,5,28,4,1,76,12,34,18,2
12,4,32,4,3,10,4,27,23,1
36,4,35,4,1,32,5,24,22,5
29,5,31,4,6,68,9,36,25,1
3,2,23,1,7,4,5,26,22,6
66,8,32,4,2,33,6,30,19,3
79,6,28,4,2,48,9,27,18,3
95,9,35,3,4,90,13,40,22,1
77,5,32,5,1,71,9,27,18,1
64,6,37,4,1,91,10,36,19,1
34,5,27,4,1,19,7,33,22,1
65,7,33,3,3,78,10,41,21,1
63,6,25,5,2,68,9,28,17,1
93,8,38,3,3,84,10,30,23,2
24,4,23,4,3,8,4,26,22,9
78,5,28,1,5,37,13,30,22,5
41,4,32,5,1,60,7,24,20,2
84,6,28,5,1,85,14,33,17,1
54,4,32,3,2,42,10,31,24,4
86,10,29,6,1,71,8,34,19,2
87,7,29,3,5,41,10,30,19,1
60,8,33,4,1,23,7,42,21,1
71,7,29,6,1,87,9,32,18,1
66,4,26,3,1,74,13,28,23,4
61,4,34,2,1,33,8,32,23,2
73,6,28,4,1,64,10,35,23,2
64,7,25,5,2,59,9,34,21,1
59,7,34,5,1,56,8,39,21,1
95,8,33,3,4,95,11,34,20,1
73,7,34,4,1,57,7,27,22,4
37,5,23,6,1,9,6,25,17,2
5,4,26,3,5,2,3,31,21,4
99,13,29,4,6,37,8,34,19,2
7,1,28,1,5,2,6,25,23,3
67,4,34,4,1,94,14,29,24,1
92,6,35,4,1,96,12,29,19,2
16,3,34,2,3,49,7,32,25,2
64,5,37,3,2,64,9,25,20,1
89,6,30,5,1,80,12,32,20,1
27,3,32,2,4,9,5,26,21,1
93,7,33,4,1,72,10,26,18,2
25,2,32,3,1,23,8,25,20,1
78,6,25,5,1,32,8,25,19,1
45,6,35,4,1,23,5,30,22,4
99,8,39,3,1,95,12,40,23,1
55,4,34,2,3,49,10,29,21,1
63,4,35,4,1,94,14,34,22,1
34,5,25,6,1,28,6,24,22,2
52,5,36,5,1,69,8,25,18,1
32,6,28,4,3,13,5,31,21,3
51,5,25,5,2,84,12,31,23,1
16,4,20,5,2,12,5,24,20,2
62,6,27,4,1,32,6,31,20,7
40,6,29,6,1,36,6,28,17,1
98,9,42,6,1,99,15,39,20,1
52,6,29,4,5,46,6,29,19,2
88,6,30,3,1,83,12,38,22,2
96,6,39,4,1,99,16,37,24,1
98,6,29,5,1,87,16,28,19,2
34,2,26,2,3,69,9,25,22,2
75,6,29,5,1,59,9,26,17,2
43,4,32,4,2,80,10,30,20,1
56,5,30,3,2,24,9,37,23,1
40,6,23,4,11,45,8,35,21,2
59,4,27,5,1,33,9,27,21,2
59,5,28,5,1,41,10,27,18,1
81,5,37,3,1,77,10,34,21,2
46,5,26,4,3,58,8,27,18,2
9,3,31,4,1,32,6,35,21,1
78,7,28,3,7,81,11,35,24,3
55,7,32,7,1,92,8,27,17,1
18,3,32,3,1,39,6,30,24,4
74,4,37,3,1,91,12,32,22,1
62,5,30,2,1,14,6,28,20,4
97,9,35,6,1,99,10,33,19,1
47,7,35,7,1,86,7,35,21,1
56,6,34,4,1,57,7,31,22,2
16,4,33,4,2,15,4,28,19,2
30,4,34,3,1,18,4,33,21,1
76,8,29,5,2,26,6,29,17,1
14,2,27,2,1,6,4,25,24,9
45,3,26,3,1,20,8,30,23,5
76,6,33,3,2,73,8,33,23,2
38,3,29,2,1,44,8,32,25,4
36,5,30,6,1,83,9,30,21,1
56,3,23,3,1,20,8,25,23,6
3,1,21,4,1,4,5,19,22,3
11,3,22,4,2,28,7,27,24,4
17,4,27,3,3,2,5,32,21,1
20,4,33,3,5,28,7,28,21,1
31,3,28,2,3,3,6,27,25,6
18,4,35,6,1,82,7,31,20,1
26,3,33,3,1,63,7,29,21,2
97,6,29,4,1,92,13,26,21,2
23,4,26,3,14,16,6,30,21,2
47,5,33,4,1,57,6,33,22,1
33,2,32,3,1,20,7,27,23,1
30,5,35,4,2,79,6,30,23,1
7,2,31,3,1,58,8,28,24,1
20,3,30,3,3,5,6,30,23,1
22,2,31,2,2,54,7,24,22,1
16,2,28,2,6,10,8,26,21,1
30,2,29,3,2,30,8,26,22,1
32,4,22,5,1,31,6,26,19,1
86,9,31,5,2,71,8,29,21,2
43,3,24,4,1,44,11,25,21,1
38,5,25,3,4,1,3,28,20,6
23,4,26,4,1,3,4,25,22,6
9,3,31,4,2,20,5,24,23,2
66,8,28,4,3,60,9,41,23,2
80,9,42,7,1,96,11,36,18,1
93,9,30,6,1,51,9,33,18,3
7,2,29,4,1,39,6,24,21,1
87,8,28,5,1,76,9,35,17,2
19,2,25,1,2,19,5,30,22,3
23,3,21,4,1,3,5,25,22,5
3,2,29,4,1,6,4,22,22,2
50,4,24,2,6,42,8,28,20,1
80,6,33,2,2,85,9,30,20,2
95,9,30,4,1,54,10,42,23,2
35,2,22,2,3,14,10,25,20,2
60,6,33,3,3,58,8,32,21,1
4,4,22,5,2,1,3,32,21,4
52,7,29,4,2,9,3,30,21,5
50,6,32,3,5,36,7,32,21,1
88,7,34,5,1,86,11,25,18,1
18,1,25,1,4,25,7,28,22,1
91,5,28,4,1,75,13,35,22,8
81,8,33,4,2,93,9,34,21,2
17,5,32,4,3,52,7,34,21,2
88,9,29,7,1,93,11,36,20,4
95,8,32,5,1,95,12,35,21,1
32,2,25,3,1,26,8,32,21,1
50,3,26,1,2,28,9,31,25,3
8,3,33,4,1,34,4,29,24,1
33,3,32,4,1,30,8,26,22,1
74,5,36,4,1,68,10,33,21,1
25,4,28,5,1,33,4,27,21,2
2,3,27,2,20,21,4,26,25,3
19,1,22,1,1,1,7,28,21,5
48,7,28,7,1,31,7,31,18,1
11,4,32,4,2,39,6,33,26,2
78,8,34,5,1,58,7,29,19,1
5,3,31,5,1,6,5,29,20,1
4,0,23,4,1,12,5,21,23,3
96,6,37,3,1,84,14,35,23,1
92,8,28,4,5,82,10,30,20,2
91,6,33,4,1,92,13,32,19,1
44,6,35,5,2,45,5,26,22,2
66,5,26,6,1,65,10,25,18,1
60,5,37,5,1,94,12,30,21,1
85,6,31,3,1,65,8,34,20,1
53,4,33,5,1,85,10,32,19,1
87,9,30,7,1,79,10,35,16,1
65,4,24,4,1,51,11,32,19,1
78,9,28,4,3,39,6,32,20,8
12,2,26,3,1,9,6,31,22,4
53,3,33,3,1,73,11,26,22,1
11,2,29,3,3,46,7,26,23,1
13,2,32,3,1,32,7,20,19,1
99,6,32,3,2,97,14,32,20,1
34,3,21,5,1,23,7,25,22,2
99,8,35,6,1,98,15,34,22,1
19,1,31,0,1,20,7,33,25,3
82,9,35,7,1,95,8,35,20,2
54,5,27,6,1,41,9,33,20,1
22,5,24,5,1,10,5,29,20,1
99,6,33,5,1,93,13,28,18,2
71,6,32,4,1,72,9,29,17,2
88,9,34,5,1,79,7,33,20,1
27,3,33,1,2,28,7,33,24,2
18,3,25,3,1,4,3,26,23,8
93,5,27,2,1,16,11,35,20,3
26,3,31,3,3,55,9,29,22,1
91,9,38,5,1,72,9,31,21,2
86,7,30,4,1,60,10,30,17,1
24,4,21,5,1,37,8,29,21,2
1,3,29,5,1,41,4,28,22,2
59,7,32,6,1,89,10,31,21,1
75,8,39,5,1,88,10,48,24,1
14,4,30,5,1,9,3,22,17,1
57,4,34,2,1,41,8,28,22,3
8,0,25,4,1,3,5,20,20,2
79,6,29,4,1,92,11,29,19,2
82,7,28,3,4,40,10,35,19,3
49,6,29,4,7,24,7,28,20,2
75,6,25,3,2,7,9,34,22,3
98,13,31,7,1,77,9,31,18,1
12,4,23,6,2,9,5,20,21,2
12,4,27,5,3,22,5,24,19,1
98,14,45,4,1,96,8,43,21,1
62,7,31,6,1,33,6,28,17,1
36,5,28,4,1,7,5,32,19,2
73,4,31,2,1,48,10,34,21,4
44,4,27,5,1,24,8,26,19,1
79,8,42,4,1,81,9,37,21,1
14,3,29,5,1,33,8,29,22,2
38,5,28,6,1,49,7,31,21,1
90,7,30,3,3,50,9,32,21,9
97,6,35,5,1,83,11,28,17,1
73,8,37,6,1,86,9,28,18,1
7,3,29,4,3,19,5,21,20,1
3,4,20,5,3,0,3,24,22,2
24,3,31,2,2,34,6,32,27,3
13,4,35,3,6,31,4,29,22,1
39,3,27,5,1,85,9,24,22,3
36,6,26,4,5,33,5,26,21,7
70,6,35,4,1,90,9,30,20,1
12,3,32,4,1,32,4,20,21,3
36,3,24,3,2,46,11,31,23,1
20,5,28,5,1,40,7,33,23,2
46,6,27,4,12,34,8,35,24,2
38,3,25,3,1,7,7,26,20,2
39,2,25,2,2,31,9,28,21,1
4,4,23,4,11,2,2,25,18,2
57,4,36,4,1,72,10,33,23,2
12,3,29,2,3,11,3,26,20,2
19,4,34,4,2,70,6,32,23,1
10,3,34,2,4,54,5,29,21,1
37,2,22,2,3,54,8,24,24,4
67,9,27,6,2,67,7,32,21,3
9,1,27,2,2,1,4,24,25,7
36,3,33,2,1,62,8,30,22,3
27,6,33,3,2,2,1,29,22,6
39,3,31,2,3,57,10,31,23,1
53,7,30,5,2,46,6,25,21,4
86,6,39,4,1,88,12,36,21,1
35,6,26,6,3,68,9,32,18,1
2,3,24,4,1,2,2,24,21,3
39,4,23,5,1,24,7,27,18,1
52,3,30,1,1,46,10,38,22,2
10,4,33,6,1,67,7,29,22,1
41,3,31,4,1,78,11,34,21,1
99,11,43,6,1,98,11,38,21,1
25,3,21,5,1,27,6,27,18,1
40,3,29,3,1,41,6,28,21,2
10,4,28,3,4,0,3,30,22,6
11,3,29,3,2,7,3,26,20,3
52,4,33,4,1,70,8,27,24,2
44,3,33,3,1,64,9,28,21,1
55,7,27,5,1,54,8,37,19,2
37,4,31,3,2,38,6,29,22,1
63,7,30,6,1,42,6,29,16,2
67,6,27,3,5,72,12,39,20,1
75,9,35,4,2,88,9,39,21,3
77,6,33,3,1,70,11,37,21,2
0,3,22,5,1,0,5,28,21,2
4,2,21,3,4,3,4,20,22,4
72,6,25,5,1,43,10,27,21,3
15,4,31,5,1,62,7,32,20,1
53,3,28,3,1,12,7,26,22,3
54,6,29,5,1,18,7,30,19,2
43,5,25,5,1,66,9,31,22,2
80,6,27,4,1,53,10,31,21,1
28,3,30,4,1,46,7,27,21,1
97,9,29,4,3,90,15,39,20,2
58,6,28,6,1,67,9,31,20,2
31,4,35,2,2,12,5,33,26,6
77,5,35,4,1,65,12,34,22,1
0,1,27,3,2,55,8,25,20,1
24,4,32,3,2,35,5,30,23,3
84,6,34,4,1,68,9,29,19,1
64,6,34,3,5,70,8,31,23,2
36,6,28,6,2,74,9,35,19,1
21,5,30,5,4,47,7,34,22,1
67,5,36,5,1,46,8,30,17,1
52,7,33,6,1,55,5,28,22,1
59,5,30,5,1,92,11,28,22,2
44,7,37,5,1,28,5,37,20,1
39,3,32,4,1,64,8,26,23,1
98,6,27,2,1,29,10,31,22,5
47,4,22,3,2,33,8,29,21,6
16,1,28,2,1,25,7,28,25,5
30,4,27,3,4,41,5,29,20,1
37,5,28,5,1,46,8,37,20,1
25,3,34,3,1,26,7,32,23,1
3,4,32,6,2,46,4,25,20,1
24,5,22,3,5,1,3,28,23,4
74,5,30,4,1,52,11,29,20,1
13,2,26,1,5,13,6,25,22,2
52,7,33,5,4,58,6,27,21,1
91,6,37,3,1,85,13,33,19,1
5,4,23,6,1,8,3,28,19,2
38,6,24,5,2,9,6,34,22,3
43,6,31,5,2,32,5,25,19,1
85,9,39,4,1,81,11,37,19,1
36,4,35,3,1,31,7,29,22,2
23,3,22,2,3,3,6,30,26,4
24,2,28,2,1,7,7,28,25,4
88,7,38,4,1,92,9,32,20,3
36,2,30,4,1,54,8,27,19,1
18,4,31,4,2,35,5,25,21,1
92,7,28,4,1,52,11,32,22,4
51,6,28,6,1,29,8,29,17,2
5,3,26,3,6,2,4,23,24,2
90,7,29,5,1,64,11,34,18,1
43,4,27,5,1,76,11,31,21,2
53,5,30,3,2,5,6,34,24,4
3,0,24,2,2,8,7,28,22,1
12,3,32,3,3,33,6,25,21,1
97,10,28,5,4,87,13,38,18,1
70,6,34,5,1,88,9,28,19,2
39,4,32,5,1,53,5,28,19,1
24,2,30,4,1,18,5,20,19,2
14,2,25,3,3,17,5,22,24,2
16,3,28,3,6,54,7,26,21,1
76,7,34,4,2,64,10,28,22,1
46,4,25,2,3,6,5,24,22,10
93,7,36,3,1,63,10,31,22,2
3,2,30,4,1,7,3,20,21,1
13,1,23,2,3,21,6,26,23,3
65,5,30,4,1,45,9,33,21,2
18,4,24,5,2,22,5,25,22,4
17,3,34,3,2,63,8,34,25,1
60,4,23,4,1,25,8,21,21,3
4,3,20,5,3,24,6,27,23,1
47,3,26,1,2,5,8,29,23,7
9,2,20,2,4,0,5,28,22,3
87,5,25,5,1,94,18,31,21,1
94,8,40,5,1,99,11,34,20,1
98,12,40,5,1,86,12,37,16,1
18,3,23,4,2,39,7,28,21,1
74,6,29,4,2,56,9,31,22,4
76,9,34,8,1,98,10,33,16,1
51,7,28,7,1,28,7,34,19,1
12,3,23,4,1,13,7,29,23,3
41,6,30,4,3,19,7,29,20,2
53,7,36,5,1,56,6,35,19,1
29,3,33,4,1,65,9,29,24,2
86,5,37,5,1,98,14,28,20,1
25,4,23,4,4,21,5,27,23,4
39,4,22,3,3,4,6,22,19,2
78,6,28,3,2,70,12,37,21,2
9,3,28,4,1,1,1,21,21,8
24,2,23,4,1,20,9,26,22,4
5,4,30,5,1,20,2,29,21,1
88,10,30,6,1,52,10,36,22,1
44,6,25,6,1,38,6,26,20,2
98,10,38,4,1,89,12,41,23,1
48,7,37,4,2,69,7,36,22,1
20,4,31,2,4,23,6,38,26,2
51,4,27,4,2,86,12,29,22,1
4,2,27,3,2,1,4,31,22,1
70,4,30,2,2,57,10,28,19,2
5,2,19,2,3,0,4,27,25,7
50,4,32,4,1,70,9,28,23,1
70,7,28,5,2,90,10,31,20,1
3,3,18,4,4,13,6,29,19,1
10,1,27,4,1,63,9,27,20,1
63,6,32,5,1,58,9,29,21,2
17,4,33,3,3,47,5,27,21,1
49,7,33,5,1,69,8,40,22,2
81,5,34,3,1,74,9,30,20,1
54,5,27,2,3,16,8,35,22,2
28,5,30,5,1,55,5,32,19,1
23,3,34,5,1,91,9,25,23,1
59,7,29,6,1,28,7,29,16,1
78,5,24,2,2,56,12,34,22,2
74,6,25,2,2,25,7,31,20,2
50,4,30,3,1,34,8,33,22,6
90,9,28,4,4,57,8,33,19,1
8,3,33,2,7,46,5,30,24,1
46,4,33,5,1,47,6,22,19,2
92,5,27,4,1,63,11,23,21,3
98,7,27,6,1,87,10,30,20,2
21,2,34,4,1,29,6,24,22,2
31,4,23,4,1,30,7,30,19,2
38,5,26,6,1,32,6,20,17,2
37,5,27,5,1,5,5,28,18,2
92,8,38,5,1,96,12,29,20,1
72,5,26,4,1,92,13,29,22,1
25,5,23,4,3,19,5,35,21,2
23,4,24,4,2,14,4,28,21,8
8,4,25,3,20,0,2,23,22,5
22,1,30,1,2,11,5,23,25,6
15,3,33,3,1,28,4,27,22,1
27,6,34,5,1,49,4,32,17,1
33,5,36,3,1,8,5,33,24,7
43,6,31,6,1,49,6,25,20,1
66,5,36,4,1,70,9,35,22,2
83,7,28,6,1,71,12,31,21,2
96,7,27,6,1,71,13,35,18,1
59,4,25,5,1,68,10,24,20,1
38,5,28,3,5,22,7,35,21,1
64,6,25,5,1,30,8,27,17,1
69,5,32,5,1,91,14,34,20,1
35,3,32,4,1,74,9,24,19,1
54,5,28,2,2,17,7,33,22,6
70,6,36,4,1,41,7,29,22,3
11,2,32,4,1,63,9,29,26,1
9,5,35,5,2,40,4,27,19,1
41,3,31,5,1,93,13,32,21,1
72,8,35,4,3,55,9,37,20,1
25,3,24,2,5,16,8,33,22,1
32,4,22,5,1,15,8,27,16,1
55,4,30,5,1,88,9,28,22,2
53,3,25,4,1,72,14,28,19,1
6,2,28,4,1,24,5,26,21,2
49,7,26,4,4,6,4,29,19,1
65,7,34,5,1,59,7,32,19,1
89,8,30,6,1,79,10,25,16,1
32,6,30,6,1,24,6,33,23,1
99,10,32,4,2,82,10,36,23,1
89,5,32,3,1,97,18,37,24,1
31,5,29,4,2,22,5,29,21,3
74,8,34,6,1,38,5,28,16,1
23,4,25,3,17,4,6,32,25,3
48,6,24,5,1,28,7,33,23,2
95,6,30,3,2,68,12,28,19,2
54,4,32,4,1,76,9,27,21,1
71,8,35,4,2,53,7,29,22,3
94,6,39,3,1,97,15,38,22,1
14,1,23,4,1,47,10,27,25,1
68,6,35,6,1,95,9,29,19,1
73,8,34,5,2,66,8,26,18,1
65,7,29,5,2,61,7,26,19,3
48,5,30,5,1,80,7,29,19,1
78,8,38,3,2,90,9,33,20,1
19,5,29,6,1,45,4,30,18,1
69,8,35,6,1,95,8,32,21,1
2,1,31,4,1,18,5,25,24,3
98,6,30,4,1,81,13,25,17,1
15,3,29,5,1,35,7,31,22,1
55,6,30,3,7,49,7,33,21,1
0,3,21,4,3,1,3,22,18,2
39,4,26,5,1,37,8,32,19,3
40,4,35,4,1,81,8,24,20,1
30,4,24,3,4,3,7,29,21,1
53,5,27,4,3,82,12,33,24,1
41,4,23,3,6,58,9,28,18,2
14,1,25,4,1,53,8,26,21,1
83,5,28,4,1,77,11,29,21,5
32,5,29,4,2,5,4,30,22,2
37,4,27,4,1,62,8,28,18,1
54,5,35,5,1,84,8,32,22,1
33,5,25,5,1,11,5,25,17,1
52,7,38,4,4,82,7,30,22,2
47,4,36,4,1,49,6,27,21,3
12,3,30,3,3,7,3,24,23,5
65,5,27,4,2,64,11,30,19,1
42,3,27,2,5,47,9,31,23,3
81,8,34,6,1,88,10,38,23,1
88,6,27,5,1,85,14,35,19,2
31,5,29,5,1,47,6,32,20,2
68,6,28,5,1,41,9,28,20,2
95,6,26,2,2,84,15,39,21,1
94,6,36,4,1,99,15,31,21,1
62,7,26,7,1,28,7,32,17,2
69,8,27,5,3,69,8,34,19,1
60,8,37,6,1,82,8,38,17,1
28,3,26,3,2,4,6,26,21,1
66,6,29,3,1,43,9,40,21,1
47,7,27,4,3,5,5,32,19,1
30,2,21,4,1,23,7,19,21,5
42,6,27,6,1,52,8,29,20,1
39,4,22,3,3,12,7,33,25,5
92,11,36,5,3,96,13,44,23,1
14,5,23,7,1,43,6,27,17,1
41,6,33,4,2,24,6,33,24,4
57,4,33,4,1,63,10,24,21,2
84,7,39,5,1,98,13,34,19,1
47,6,29,4,3,71,7,28,20,2
65,4,32,3,1,56,8,28,23,6
92,6,32,4,1,90,13,29,20,1
61,6,36,5,1,91,10,33,21,1
15,4,24,5,2,11,5,28,19,3
44,5,36,3,4,64,7,30,23,4
0,3,32,4,1,28,5,33,23,1
76,6,29,3,3,48,11,32,20,2
16,3,28,3,4,20,5,24,21,4
27,3,24,4,1,5,5,23,23,4
54,6,31,4,3,68,8,28,22,4
36,3,31,2,2,18,8,30,24,3
9,1,30,0,8,5,7,26,24,3
74,9,35,6,1,94,11,42,19,1
7,4,31,6,1,34,4,25,22,1
3,2,29,3,2,19,7,28,24,1
23,4,33,5,1,52,6,23,19,1
62,7,37,6,1,89,7,31,21,2
22,5,24,6,2,42,5,28,19,2
71,8,31,4,1,14,7,35,20,5
55,6,31,5,2,79,8,30,20,1
40,3,30,3,1,31,7,22,19,1
16,4,32,4,2,10,4,28,19,1
75,5,32,3,1,80,12,38,25,3
71,6,39,4,1,72,9,29,20,1
55,4,34,3,1,23,7,29,20,1
37,5,30,2,11,45,6,29,20,1
30,4,33,5,1,28,4,25,20,1
19,3,25,5,1,69,11,29,20,1
95,10,33,5,3,90,11,34,21,2
12,4,33,4,2,23,6,27,24,2
90,9,28,4,4,58,9,30,21,3
79,6,40,3,1,61,9,33,24,2
15,1,31,3,1,26,7,23,23,3
91,7,39,4,1,99,14,35,23,2
20,4,30,4,1,30,5,31,21,2
49,3,25,1,7,21,10,25,20,3
56,5,35,5,1,54,9,29,18,1
98,6,34,5,1,93,16,32,23,1
84,7,29,4,1,62,10,31,17,1
83,5,33,3,1,94,14,38,23,1
20,4,21,6,1,2,5,29,21,2
62,4,32,2,2,78,12,31,23,3
70,6,29,4,2,58,11,34,23,4
20,2,33,2,2,38,6,20,23,3
68,7,27,4,3,31,9,31,21,2
18,3,22,5,1,29,6,25,22,1
92,11,44,4,2,80,10,38,22,1
16,4,28,3,3,0,4,33,22,3
89,8,34,5,1,48,7,31,21,6
4,0,28,1,3,43,8,30,26,1
44,4,23,3,8,21,8,27,20,1
67,4,32,5,1,67,10,25,20,1
98,15,38,7,1,99,11,43,18,1
91,6,34,4,1,94,13,41,23,1
64,4,25,3,1,61,10,28,21,5
30,5,33,5,1,44,5,20,17,1
37,4,35,5,1,35,6,26,23,3
87,5,37,3,1,99,13,31,22,1
38,5,23,5,2,53,8,28,20,3
97,10,28,4,2,37,8,36,21,2
49,6,24,6,1,61,8,27,17,2
49,7,31,4,8,74,7,32,23,1
86,8,31,5,1,78,10,35,22,2
21,5,22,4,6,3,4,25,19,2
73,8,28,6,1,77,10,32,17,1
81,7,36,3,1,76,7,34,19,1
67,7,39,5,1,60,7,29,20,2
46,6,31,3,3,27,5,33,21,7
90,9,30,7,1,65,9,35,17,1
15,3,22,3,4,9,4,27,20,1
47,6,33,4,1,75,8,36,25,2
26,3,29,2,3,1,3,24,21,4
68,6,33,6,1,86,10,31,22,1
85,9,40,4,1,59,7,31,21,2
6,2,33,2,6,37,7,31,22,1
72,5,34,5,1,88,9,27,17,1
29,6,32,6,1,17,3,27,20,1
35,6,26,6,1,49,7,36,23,1
65,4,31,3,1,91,14,31,23,1
85,5,27,4,1,91,12,28,19,1
34,4,32,5,1,41,6,21,18,1
9,2,32,3,1,51,6,26,20,1
45,4,23,5,1,48,8,23,21,2
60,7,28,6,1,86,11,32,20,1
65,5,25,3,6,63,13,33,21,1
64,5,26,3,3,65,13,32,21,1
2,4,23,7,2,38,6,26,17,1
77,6,31,3,3,65,9,26,23,3
31,4,30,3,1,16,5,29,22,2
3,3,27,4,5,2,5,24,19,1
31,6,36,6,1,73,7,35,20,1
71,8,34,5,1,62,9,32,21,2
21,5,28,6,1,34,4,29,18,1
93,7,29,3,1,58,9,36,21,4
84,8,31,7,1,57,8,32,21,3
93,8,34,3,1,62,7,32,22,10
46,7,36,5,3,41,6,26,19,1
10,2,23,3,4,20,6,27,23,2
98,7,42,5,1,99,19,35,20,1
67,5,31,4,2,58,11,31,22,1
19,5,33,3,5,31,4,32,22,1
56,7,31,5,1,72,8,37,18,1
91,6,31,6,1,83,9,29,19,1
74,4,30,2,2,48,9,26,20,1
40,3,25,2,1,7,6,27,23,12
18,2,26,3,1,22,7,27,25,2
5,3,26,3,3,1,4,31,24,3
8,2,24,4,1,5,6,23,22,2
61,6,38,4,1,84,9,32,19,1
13,4,30,6,2,58,7,28,22,1
29,3,29,3,3,46,7,27,21,1
19,2,26,3,1,4,4,20,19,4
72,7,39,4,1,85,7,29,20,2
99,10,41,5,1,97,13,43,23,1
26,5,26,4,4,20,4,28,20,3
50,7,32,6,1,60,6,26,21,2
6,2,19,4,1,0,3,25,20,3
39,4,24,6,1,36,6,25,19,2
30,5,34,5,1,40,6,24,20,1
82,5,29,2,2,76,12,35,21,3
98,9,32,4,2,89,14,38,19,1
30,2,20,1,5,11,8,30,21,3
82,6,29,5,1,85,12,29,20,1
5,1,32,4,1,63,8,31,24,1
39,3,25,1,1,14,6,30,23,3
37,5,28,4,1,6,5,30,20,4
48,7,29,7,2,80,10,33,19,1
19,4,29,4,2,2,4,29,24,5
46,4,33,4,1,82,8,32,20,1
61,6,28,6,1,57,7,21,14,1
37,4,22,5,1,56,7,25,19,1
58,6,32,4,1,64,8,35,23,2
87,10,42,5,1,98,10,36,22,1
55,5,30,3,1,58,10,30,20,2
61,6,33,7,1,69,9,27,19,2
38,6,35,6,1,63,8,32,21,1
58,6,27,6,1,46,8,30,19,2
98,6,37,3,1,85,13,39,20,2
17,1,33,1,3,41,7,26,24,3
43,4,29,3,2,46,9,32,25,1
39,6,32,4,3,62,7,36,24,1
48,6,27,4,9,23,8,30,20,2
51,6,26,4,1,7,6,31,18,3
3,2,31,2,11,19,6,30,23,1
12,3,33,2,5,7,4,26,21,2
98,12,30,6,1,84,10,34,17,2
83,7,34,3,2,88,9,36,22,6
45,5,33,3,9,38,8,31,21,2
18,3,33,4,1,41,6,31,23,1
54,7,26,7,1,69,8,30,17,1
67,6,29,4,1,66,9,35,20,1
13,4,28,5,1,32,4,26,18,1
49,5,30,3,1,26,6,31,19,3
94,8,32,4,1,78,9,28,18,4
90,9,32,3,1,46,8,38,19,2
98,7,29,4,1,73,11,33,18,2
46,7,29,7,1,85,9,36,21,1
0,0,26,3,1,13,6,22,19,2
16,5,31,6,1,43,5,21,18,1
85,5,28,3,2,77,15,33,20,1
57,7,37,5,1,81,7,31,20,1
79,5,26,5,1,48,8,24,15,3
4,4,30,4,2,15,4,34,21,2
85,7,35,3,3,87,10,36,25,2
75,8,34,3,2,44,5,33,21,2
4,1,31,2,1,8,5,28,23,1
38,3,26,4,1,79,12,29,21,1
79,7,36,5,1,83,10,35,18,1
31,4,36,3,2,11,5,33,25,2
4,3,33,3,1,10,3,31,25,3
43,3,22,4,1,36,8,26,21,2
23,5,29,5,1,48,5,28,20,2
69,6,35,2,4,84,11,34,21,1
22,4,33,4,1,18,5,32,25,3
