K:10
N:500
Gap:2.12866009276597
Rho: 
1 0.8 0.45 0.2 -0.3 0.7 0.75 0.5 -0.3 -0.1
0.8 1 0.45 0.5 -0.1 0.55 0.4 0.6 -0.4 -0.2
0.45 0.45 1 0.1 -0.3 0.6 0.3 0.4 0 -0.3
0.2 0.5 0.1 1 -0.5 0.35 0.1 0.1 -0.5 -0.45
-0.3 -0.1 -0.3 -0.5 1 -0.4 -0.3 -0.1 0.2 0.2
0.7 0.55 0.6 0.35 -0.4 1 0.8 0.45 -0.2 -0.45
0.75 0.4 0.3 0.1 -0.3 0.8 1 0.45 -0.1 -0.3
0.5 0.6 0.4 0.1 -0.1 0.45 0.45 1 0.1 -0.2
-0.3 -0.4 0 -0.5 0.2 -0.2 -0.1 0.1 1 0.4
-0.1 -0.2 -0.3 -0.45 0.2 -0.45 -0.3 -0.2 0.4 1
X:
48,6,5.10722706629145,0.180107160228047,0.348502940498292,2.82343987702124,26.6034108059954,13.6689206365516,0.0763721788404927,0.487189766485244
91,7,11.7580544189817,0.226384717727754,0.177335578249767,7.38980036498545,53.1385257881622,18.5665722422036,0.0240736763046361,0.0314942160621285
5,4,4.98712804974188,0.454930840970433,0.651676608948037,2.62495273124596,20.004462794606,-23.9421275047115,0.0724965147632075,0.570839454419911
70,7,4.48040778570125,0.289589522628787,0.811313572339714,6.38134020734673,37.0156429244757,9.23442612123279,0.00108658936061158,0.40356137836352
31,4,3.95153562758877,0.0509519414044917,0.900990802561864,4.27254545788557,38.1534453684998,30.1685342975949,0.0933390004518342,0.704058375675231
54,3,3.90826221341586,0.0254469601204619,0.240186274982989,3.45936221445108,48.1035884956647,23.0587882122652,0.159730358413401,0.582639698171988
67,7,3.96930601693474,1.03739533335307,0.168342021293938,6.11717437454124,47.0005113607119,22.2987108747516,0.018804552736393,0.140391194727272
50,4,5.15418224060341,0.17764570795812,0.538804196519777,6.45193489287276,53.5692052486174,3.47998759022371,0.0659530838951469,0.204959511756897
18,5,1.5773457156914,0.453955629353827,0.431090616388246,2.63579970168836,20.5419548034373,2.55787535914473,0.0260323166381568,0.667544589843601
87,7,5.32214808990904,0.480968740282065,0.377190337516367,5.77199138922654,56.6793020675831,7.10557269759728,0.0176683061434544,0.0268982108682394
39,3,-0.159364631161816,0.113183187870505,0.255547719309106,2.28731888240602,29.0925952473872,-8.03202997406137,0.0381965673839377,0.96072285156697
15,2,-1.88277362173081,0.0400751990964636,0.714311647927389,2.30316712333553,25.9756301993844,-31.3167872170341,0.195219443916323,0.985909320181236
65,5,7.94421913519147,0.131004058742157,0.238733594538644,9.09213316431633,44.7960019449876,2.09948962010361,0.292544911039953,0.579932674998417
26,4,-0.770432018283374,0.0360344313318233,0.996343443403021,1.90826620243542,34.2240595698497,-2.97985556776691,0.153719726755264,0.981297940947115
47,5,7.14245809105352,0.0401673887741397,0.608085510786623,2.75627470794394,22.7831453501205,6.88784365771296,0.0745178929488075,0.605314362095669
66,5,5.03863351855674,0.236442023179236,0.100048685446382,4.21991346499313,42.267278113751,21.9072603757871,0.08626680150208,0.384153681108728
24,4,5.19316458457082,0.04341632546857,0.992528204573318,3.72547847777482,33.1361912957379,8.30687820361681,0.238263566965673,0.65027209976688
21,3,7.08428041041472,0.189348452015522,0.221088766586035,6.52599583921061,35.2195900596982,-15.4695995466473,0.0370772354539549,0.00911729037761688
2,1,4.62087446456923,0.0012220679782331,0.969881613040343,4.06257476659031,30.8555160301482,-15.998042216314,0.526455786466601,0.65608499571681
11,1,3.17890302685313,0.00489995726634796,0.59120994922705,2.36807567781142,28.5800338214512,-2.99773944208601,0.196976806773784,0.865943690761924
96,8,11.7866971601488,0.0678723364835605,0.834318241570145,9.14406719448367,57.0782035643695,40.040373937929,0.113143445421549,0.218031309312209
87,8,7.79025714071561,0.0863619165872675,0.779575931141153,4.14842191743415,33.4332909128104,24.888623606874,0.131251525967838,0.888024416286498
16,3,5.11589691172809,0.0147304764250293,0.724909336073324,2.57917465100443,27.5594599618065,32.465789039164,0.126529384865881,0.451949492795393
1,4,2.293199513728,0.254100583483207,0.48838265798986,2.69985095130585,16.1875493045275,6.00686882357694,0.0991051581646216,0.715810951311141
36,3,8.05016851472334,0.0284555895486847,0.164660650538281,6.14979738951272,32.730711066124,2.59118874838083,0.159610204203966,0.555055351229385
15,3,-0.301055216812181,0.0153067277278751,0.992984461598098,1.766506971419,29.5701257900657,-3.6808572161576,0.134007247998835,0.898036446189508
86,7,2.38196432072323,0.309832287941802,0.610535133397207,7.45781180012782,63.0716892398156,13.5630757633908,0.0045640676566126,0.308582525234669
57,5,2.24796961635769,0.318920172282678,0.509977128589526,6.78276094279317,55.6967832753508,12.8153479735658,0.037064081709832,0.413341854000464
71,5,10.2808629178013,0.00596640515141189,0.329771738266572,4.72222611210473,43.1459393504489,32.5478654333891,0.192235643594506,0.285447113681585
41,3,6.59280779832327,0.107399001019076,0.32531623612158,6.7661494289196,57.4395541221211,0.339055010007681,0.041819268866523,0.118506128201261
98,11,14.9758995726728,0.709411212732798,0.309432018781081,9.45237157814112,56.4906544417377,16.3772929081988,0.000554403606397507,0.0535117634572089
15,3,4.21760210817721,0.123684678925201,0.290021280990914,2.62965587783299,33.1550304661909,0.976149292792529,0.170612219673689,0.182895256904885
92,10,7.60320942428421,0.817242961334896,0.148988750763237,8.22461665573306,45.2804489700032,32.8396952217374,0.0601320177316666,0.218933770200238
3,3,7.55146815073687,0.154420888400637,0.694143874337897,3.18882092075259,28.2012237135127,2.91028146110517,0.0335786815629232,0.0930914299096912
4,4,2.12428383783948,0.0845349165130623,0.996960430638865,1.9244942331528,22.514141913571,5.89905968576446,0.0393333356245345,0.560415189480409
67,5,4.52100800622251,0.19861732570193,0.0698102524038404,6.3633774699666,40.3303783992113,1.98560367538253,0.0179262038524156,0.755925603676587
58,7,5.01100863780182,0.446784868349737,0.311297623673454,4.1305633013142,27.6748624844532,27.4058840740598,0.0433761439751834,0.275408512214199
40,4,5.13888319099131,0.0436130028838995,0.915755500318483,3.17456481900258,32.9088304740128,2.37569858247864,0.0527145489118993,0.350580924889073
23,4,6.64680259687229,0.0821644004900008,0.799825949128717,4.01080246052619,22.4339441814436,10.6713718401008,0.129860482919486,0.778598927427083
21,5,5.02211430601787,0.31854503856853,0.586201769066975,4.25288168515619,33.4734080984762,32.8040887962047,0.0521723001264036,0.129760367562994
43,4,0.913987920342441,0.308979447454888,0.140540345571935,4.01910631074707,40.655014365935,1.82010165461321,0.0201973060531846,0.529531410429627
94,7,2.75138847808289,0.199970636763685,0.402624529553577,6.22361625609323,58.4041328653568,8.70204871571826,0.0111057138070464,0.187029549852014
76,7,5.36759874785998,0.19312616692737,0.850612292531878,5.79821331511096,41.170901924436,-5.23155020385505,0.0400829853955656,0.421413917094469
10,4,6.94354088756265,0.0728804901009426,0.801284258719534,2.42696028842398,15.0694949002646,-12.830828666241,0.075324396412344,0.636631982168183
35,6,1.02410167050709,0.934931506772813,0.546115715289488,2.90134355401727,27.1966108467928,-7.00380286275497,0.000817693750991426,0.0783273358829319
10,3,5.00290352610613,0.224922953810637,0.650208332110196,3.00620043312139,27.0879471117091,-20.7862882704506,0.0150657061021775,0.047287768451497
49,5,1.46579940405996,0.0435041291639209,0.717517628334463,3.3780185820772,35.7783392822253,22.1788208971939,0.106674010581793,0.939915267052129
4,4,1.48961772122161,0.174777991978192,0.683104675495997,1.9171608287302,14.0977301884885,-10.6859975053062,0.00337356398813426,0.873366494197398
71,5,1.39186494363404,0.067669336861003,0.733056853758171,6.65446867982197,52.6642515211689,0.511726820789052,0.0130503677763045,0.606934739509597
13,4,7.4811047949315,0.118231963133439,0.911503993440419,5.65955509131983,30.4098925635878,15.9152850427027,0.0935100256715818,0.0218810215592384
38,3,0.943566608125612,0.264672728244889,0.215112838661298,6.2477564276302,50.4369771518779,-1.79406238238373,0.0629877499770373,0.484777493635193
71,5,3.21070230800609,0.337335078500885,0.206010340480134,4.88759930676108,49.135463791726,-20.9394468529522,0.0632977997418493,0.60903504723683
8,4,2.5831651210805,0.161865544272587,0.914797284640372,2.13604397757442,22.3748905697691,13.0916597484634,0.198880614145639,0.890060095582157
84,5,4.72624360446609,0.0142556715290993,0.619678121991456,5.65299668217323,56.5829538673805,15.6555460242875,0.106820380404116,0.758345083333552
46,5,2.0428231037149,0.151950566796586,0.847886106697842,4.56382323614834,37.1174105342427,-6.8003408495463,0.00495629711076617,0.355969650670886
37,5,5.65308877086958,0.0425813009257903,0.648623156361282,3.00765128273313,21.0369959469288,11.6695626482458,0.264128184119675,0.933635379886255
24,2,2.51641484746836,0.245629368579576,0.198961606016383,4.13742015534632,36.997352427133,-22.0104330077428,0.0225379331968725,0.0175894880667329
57,7,11.0715525288796,0.322223741550672,0.608913976466283,8.96097787708455,39.5905366619006,15.6990493474769,0.129655646249176,0.119239208986983
21,5,2.89847514777541,0.45541470076651,0.801860266830772,3.70693735677047,24.970043051802,-8.82091406980844,0.0078385183122009,0.130777333397418
64,5,6.55113823936988,0.0589640841353685,0.645881168777123,4.95431992487011,41.6814508847914,8.25572197224325,0.187937797415163,0.952442750101909
95,9,9.11871972630786,0.0827884809114039,0.961749254725873,7.82046439970602,65.0548303994747,32.7520012473801,0.0994419096927059,0.688692183233798
55,7,8.15863929861018,0.610039267191821,0.152402038918808,3.77990227880589,26.1677281400882,2.10633287037247,0.0620293422136456,0.889588770456612
67,5,8.96439466535544,0.104058810363504,0.394627001136541,4.66807602844279,32.3771818453265,-10.0676573555149,0.116770132587256,0.837386563885957
54,7,8.86249394295265,0.287623170985583,0.405146784847602,7.26221376203311,38.4895514945987,39.5124905226123,0.0669858460314572,0.348841795232147
45,3,2.84226201014851,0.0719454430509359,0.385218480834737,4.9260069630424,37.6459641453773,0.115498004469083,0.241796836058114,0.730170613154769
39,4,3.77507969237783,0.123610580805689,0.674345097038895,4.77939389182519,40.886808417616,-0.902383654224899,0.0334502937737852,0.108478353358805
95,8,4.24052753169628,0.407801005872539,0.0973989942576736,5.42192816015714,51.2492348805646,33.2390602036884,0.084276117568727,0.38616891624406
66,4,9.10344989455247,0.040884658228606,0.165527258999646,4.52392387561727,45.8045247954586,8.84829945391371,0.226750793481681,0.372337654232979
12,3,-0.217113846224361,0.206906369411129,0.68279221188277,3.10833467308983,37.4729969394412,-19.9911781211581,0.134354059580238,0.57750415080227
60,4,2.34474554482027,0.139192276983522,0.280814938945696,4.93880288667675,47.2120506367879,-1.78970186499535,0.0210604267194867,0.353830782230943
48,3,4.23771406080323,0.0607813852191498,0.530419395072386,6.91360666486415,47.7661794666157,-3.72167085502434,0.0603868891485035,0.0989226156380028
59,4,3.30430692859206,0.109812645823695,0.273005635011941,3.12794523791176,30.8354632144262,-6.80648737650389,0.132047704882444,0.850329339271411
86,7,4.74476209986386,0.114044606219977,0.551055282587186,7.87037810425827,44.2712576772243,18.5508948505901,0.160737494184616,0.907740064198151
90,9,7.68396757428544,0.548453798037036,0.0718045560643077,4.98544883708168,31.9212979275913,10.9160870713328,0.0834069198142296,0.887485917424783
93,5,5.15994506745156,0.103860329953022,0.147058264119551,5.50708938139358,71.3362849316439,10.8575705181252,0.147025790508145,0.882386364741251
5,3,-2.59478566336152,0.0805694424780086,0.941848071990535,2.18256003443041,28.7296007428025,2.44518956571237,0.205261204197052,0.631894252728671
81,6,10.554323385534,0.0570065615365853,0.568063062150031,15.4748764752041,80.0361859478342,37.9978628926153,0.135927706673266,0.000265493988990784
8,1,6.48812046701427,0.0290490498300642,0.250659975456074,2.8968419757486,28.529331597347,-5.33719042832321,0.2285758518305,0.920793295605108
62,4,7.92618947298193,0.0790990509558469,0.0279706409201026,6.59712796883345,43.8605017822433,10.6492284470995,0.0659232548438013,0.549378965748474
33,4,5.00025628831001,0.124676164006814,0.542887339601293,3.46995926370784,27.0246680347834,-8.07609589778939,0.103144006147505,0.913844456663355
97,11,11.6052133949311,0.171731115551665,0.841409042011946,11.1609196839556,47.716325072344,30.719467316861,0.0298071049619466,0.362343347631395
91,7,6.17694456923812,0.0995188255265149,0.8010156203527,3.92171028215186,49.8646143248655,18.5887296869822,0.154761732920053,0.949340001679957
33,4,1.23013131935099,0.15294328421397,0.320825099945068,3.20987712943259,38.8516013923077,13.1373868614224,0.0523202470969409,0.501551319146529
70,6,9.61926226932647,0.453341570196158,0.00517366849817336,11.0954910139303,47.1352518298021,24.9012843342332,0.11324407508449,0.481180275557563
18,5,8.66331476212944,0.138948675128631,0.629621588159353,2.81760732270056,25.2093461669099,18.5741465195709,0.0717434870968473,0.360889157745987
15,4,7.79953446324742,0.176913615804113,0.649569354951382,2.8115383073289,20.8472939330002,8.1704848941553,0.0889648470054281,0.218933240044862
70,6,4.88301095264032,0.0396041877102107,0.926473830128089,3.63173882173973,37.8599624848415,14.45863655529,0.0244688648264855,0.350831336341798
24,3,-0.373078251936347,0.104962533456273,0.941067928215489,4.38775556035486,38.0969868840101,2.64547238791495,0.0936444560467142,0.19127589953132
20,3,1.21290234569549,0.363250851988489,0.0847230274230242,4.01727713791674,29.1269643085675,-12.8177398111316,0.0310521631035954,0.471538500627503
22,3,2.3428168152592,0.0332694618264213,0.954984602052718,2.96816285201609,34.4097365154264,15.585697744268,0.10380789110208,0.390272929798812
70,8,5.55100215177943,0.163641577586532,0.606060474179685,5.71406713659983,39.2385207480106,50.4556139345961,0.0818329197983274,0.572573700221255
62,6,1.82597080523116,0.117162020062096,0.709108569193631,4.2124483430999,29.9503452608755,12.268794032809,0.00544739860414548,0.782181427115574
65,4,3.0654988525523,0.129804256488569,0.405653500929475,5.64043141533198,49.2261458355805,-19.524776000585,0.0814045782158983,0.940261522773653
37,3,2.39353625724841,0.131287498632446,0.606635738397017,3.3789163265554,46.5256327234064,-19.360809296461,0.010603114683181,0.424074178328738
40,6,0.80537219534331,0.479730619562274,0.878593006171286,4.70546913199543,32.2870813858196,0.0959026022114191,0.00272499606944621,0.316480685491115
2,3,-0.258263126687659,0.195744463791421,0.548718952108175,3.32703360163429,27.1921327603972,-7.00955366032129,0.180019482403042,0.770831802394241
30,2,-2.06116819607464,0.189514844429214,0.120858965208754,2.95204990940502,40.3838787855887,-1.13616865719195,0.135883445102246,0.564843479078263
9,3,1.52310186580117,0.426608091237926,0.28679585782811,3.64597956803846,36.04090540002,9.90470197763151,0.285633029026871,0.346538168378174
51,5,6.27611983726309,0.0828201688127592,0.866946252062917,8.04136457658708,44.4074531075591,5.47949063529772,0.222990979451979,0.639907843433321
15,3,4.79737902740171,0.0113151475015826,0.916776922764257,3.68870509934616,27.8936103217789,15.0824619888069,0.306685554964428,0.556567378807813
61,6,10.5773141239144,0.0947182809468359,0.841873381752521,5.00661814236944,35.0324001678994,-6.22495489469425,0.140549891317725,0.754649893613532
61,5,2.04545912819003,0.0978663300629705,0.889018585206941,6.4720279865868,44.0287712167481,2.27425724300367,0.0106776791624725,0.453470269450918
65,4,1.93104481806846,0.323619923543859,0.268745935754851,7.54531713798495,68.6139711297715,8.71626578164203,0.173997660159113,0.367814620025456
53,5,6.37893892755925,0.378009757471687,0.312144154217094,5.65747696425049,33.7984453215867,-7.16798749280983,0.0399482427164912,0.680807196302339
43,3,3.68958840335916,0.0822374406197603,0.0754746969323605,5.0555527467647,49.8105038407927,19.701525093007,0.16010030209178,0.442429962102324
14,3,5.26952415812036,0.116329026641324,0.424428578931838,3.06826087412745,22.4497742680659,-25.0039556481517,0.0961282504680467,0.481736409012228
59,5,6.79385310625054,0.377456177987062,0.120964406523854,6.49050740920093,42.0827532090918,-16.4589277170824,0.0723160626324725,0.75258138612844
89,9,2.97756431604292,0.262130410632792,0.877998819109052,5.50311259521502,45.0999536674482,23.4710766257092,0.00541828344576061,0.0978568647988141
10,4,6.1054742302774,0.534140661049764,0.193113185232505,5.59587317853176,30.5153975591016,25.9028422891021,0.158286494380775,0.231858434854075
47,7,5.33672683506301,0.631473924787251,0.202148630982265,6.13708249582467,27.8275293191777,18.5633841600853,0.0500014190281727,0.186834296910092
1,3,3.66345090484885,0.436615300809449,0.214526530820876,2.38070802020855,20.2092168103551,4.97660620773366,0.137156663830848,0.595997003605589
48,5,2.83823086275361,0.0864010440418497,0.703951365314424,4.30551834690025,37.5424995391688,30.0706328237649,0.181300377278569,0.697231127182022
30,4,4.53045788943024,0.360936955062157,0.571637659799308,4.46968647652981,31.5749477959402,-25.2532281585667,0.00393783212029541,0.221766090719029
39,4,-0.230348838103316,0.299657376698033,0.235656304983422,3.85377603381856,38.9387969365386,-6.34497166587499,0.0247990713590007,0.818880621576682
50,6,4.99352936780397,0.320411555458534,0.446359209250659,5.82581124793235,37.9527672958087,16.7949519962009,0.0190120125248542,0.338111081859097
99,9,4.0692984515656,0.263800730219784,0.670519846491516,6.31985701004838,43.7159035174459,5.28932922941174,0.0604050738736987,0.631953237811103
15,2,0.455381506274031,0.0191982780189522,0.947795046493411,2.09909586953477,28.7796752536279,-27.684613665239,0.113182021300764,0.321097027510405
58,5,9.7002176773714,0.318808822882104,0.0230166523251683,7.27898584164138,44.2218707877309,22.9105690518617,0.0472462564241141,0.0408873278647661
85,6,3.45486084926825,0.0554221049083468,0.488691178848967,3.92345230664678,46.1331160367168,21.206428698186,0.20929935889921,0.837624101899564
38,4,3.08591905614519,0.0380121287621367,0.64489030931145,3.37423880133787,28.4776083756741,4.7541171813555,0.240387245441291,0.832984004868194
44,6,2.42477333724226,0.6524946312105,0.309776713838801,4.44427619997265,30.7385658002924,-2.22938147977063,0.0201574817412284,0.0984193522017449
10,1,3.06813940518135,0.00229483668226749,0.808745184680447,2.93451393919253,35.9857974427093,2.39603231684824,0.0968142522456956,0.625089367618784
51,6,4.37229195076115,0.23101823360956,0.870660975808278,5.81623815914331,40.5525330520091,2.85039089175164,0.0451695627532899,0.698788579553366
13,2,5.99921127064161,0.13286874035839,0.179673246573657,4.52647239144768,27.2663707359418,-33.1228371229693,0.0502650384325534,0.771601752145216
47,5,8.74667569811085,0.440605329328632,0.09525505034253,5.05833014565972,27.2366312343866,-13.8937132448701,0.0964946060624407,0.259876267518848
97,9,3.10825314839294,0.381605324210814,0.742833406897262,10.4439500620142,82.4195583150281,32.8698693607941,0.00271246016176422,0.0872321384958923
70,6,11.4366898150974,0.489433407762504,0.183524988824502,9.81377815769765,43.7151410818713,-17.1604876203737,0.0260883045382798,0.158379647415131
34,5,0.579213602943264,0.164489164133556,0.829905420308933,2.39842134377303,23.4316534452853,5.00811245682587,0.0434200597461313,0.7238563306164
78,6,11.2927583113784,0.409580719634736,0.00394933274947107,12.9829331136629,50.6301046765643,18.342775550794,0.0629891623742879,0.666104893898591
5,4,1.47382575463606,0.530188630883508,0.361236596247181,2.75650373586566,25.7090512612678,29.2219964373816,0.0941067812643827,0.129701715195552
11,2,7.31107628870048,0.00478854656505609,0.505043888231739,3.76689930453533,30.6255871015754,22.7911445233775,0.166580487220528,0.345475097419694
22,3,-0.970162040328039,0.0463007247308269,0.978124575456604,2.99608310249362,36.9179076001251,-14.5118073575233,0.0588849584944025,0.661640174686909
9,2,1.47676410691682,0.128112200137211,0.334443190367892,4.52490645328331,43.8278474026888,8.92520594029566,0.443268131066985,0.551130931591615
29,5,2.24768331114481,0.207298660007907,0.710944134742022,3.39779381378795,33.0117753329152,11.6293563575362,0.133712737909974,0.832877404754981
57,4,3.41092783960841,0.156726767541841,0.517752795945853,6.49527976060178,45.8082408849944,-20.9039659081623,0.0869421895551396,0.660117061575875
34,4,6.61797763815517,0.191919434003069,0.197490940103307,3.85641875012037,26.9478872625829,-21.7066753736871,0.0191735859494656,0.139992067124695
14,3,-1.14632794904492,0.116056115715764,0.45018839254044,2.59673692375637,33.4162376367266,15.4634071402836,0.0423514515627176,0.243035944411531
68,7,6.39587090775827,0.188944644749838,0.804702817928046,7.06204867591775,44.4383128451706,10.4687645639309,0.00902506425274057,0.182647357461974
72,5,5.58629535486401,0.0249398846031292,0.482446467969567,5.90545545390502,46.0844349049728,15.6180984044752,0.0697651589247298,0.649777321377769
6,0,4.35805989865128,0.037193499166564,0.156110992189497,2.98925463989708,26.5503904067388,-4.77809600492802,0.219650190497253,0.860204840777442
82,9,8.03356528824163,0.499874022768295,0.20702745183371,7.69692577410058,51.7788276336506,57.8847844051693,0.203856156012955,0.202464400557801
27,3,4.14071780009728,0.177548827576006,0.0654238052666187,5.02226950117395,42.7750644855522,6.82406747476427,0.380861407493353,0.608557608909905
72,5,5.42468453319761,0.0887583720032126,0.0827113692648709,3.55870757855397,33.4909948172114,-1.60952780506472,0.0641780164092779,0.545085740974173
79,6,2.85525798689854,0.131386001361534,0.539091172162443,6.20269499828129,61.233076655276,21.5145895901753,0.0156820397833104,0.208857964491472
60,6,3.15028082865363,0.483312895966178,0.111506103072315,4.27408278695629,44.1966138712006,16.5612436584691,0.154283686346355,0.571425722911954
78,8,7.00628706472177,0.668953976096743,0.0650453681591898,6.67950349888969,47.5013959583995,44.021432814577,0.146591316188537,0.268963246839121
38,5,2.67961391000122,0.14386402699165,0.62108770548366,4.59557318902632,34.2346685201537,11.4374913908436,0.0259349237196147,0.21373812132515
88,5,3.09344492674332,0.125057892990299,0.160581636242568,8.84402928073143,64.7275268854743,12.1747833094999,0.0618381899315864,0.469410836463794
57,4,5.38995591778144,0.215880440352549,0.313408592715859,7.95132997035852,54.3762748091023,10.4270685534134,0.0522948808263647,0.00786605337634683
98,10,4.30796269195181,0.125003351713531,0.66201772284694,5.0454578238494,40.4634904746375,42.387735755228,0.157575780144873,0.964286133181304
95,8,3.71831628663905,1.10339930533776,0.333143487805501,12.6109113868914,64.3953519783257,3.99822277446158,0.0120929940603673,0.213651241268963
99,10,10.0658628855288,1.54775699592176,0.111314482288435,8.58117358758524,63.0927364892216,18.8005607980849,0.00210662591271102,0.173734062351286
55,6,8.70008907939707,0.712959634787533,0.123004944762215,7.3981019175994,33.2949044397213,2.4916529201941,0.0258855061139911,0.176978690316901
88,8,11.8516643664643,0.24771108290993,0.129393244860694,5.21893139337933,29.9917137304532,7.31182599181015,0.11803738027391,0.706698438851163
10,4,5.25901999779734,0.125019958708435,0.944115413352847,4.53109743805758,24.3380736758219,-10.7982962624055,0.173538159124478,0.727757661370561
96,10,7.79608643925278,0.585333453465159,0.166608458617702,8.24407105879957,43.8072006955497,34.3253285582492,0.0617378488183022,0.444083316950127
55,7,5.72946421586122,0.215865003167394,0.730087680509314,3.03969234032907,35.9582980343857,19.5010581003041,0.0269452231470495,0.0938390830997378
41,5,5.50882582654562,0.113674841006286,0.519191699102521,2.82407402846857,32.1311179678654,22.9928297114014,0.0481491939630359,0.358331883791834
77,7,4.47139324363336,0.117172689293511,0.488751271506771,3.32890409350612,40.1169646332577,48.2204598864598,0.0777234510476601,0.525723898317665
26,2,7.33955318287036,0.127275209524669,0.118767616106197,4.09690779486338,30.3786149918743,-28.2550494689428,0.167712384215379,0.666544652776793
46,3,3.40210383139884,0.0924759922781959,0.133648753864691,4.69914250822355,37.1590118130818,1.93319920998384,0.0539801841136068,0.431010809261352
78,6,7.85670210955113,0.412747645729637,0.0234221615828574,13.0339801733353,70.9622311807547,26.5401237817025,0.0570852542556485,0.0205107149668038
25,2,0.720625774557734,0.0410497775301337,0.805728912819177,4.62125280361404,53.2644381794208,13.7384685104691,0.0973786730277252,0.167170687112957
0,1,1.83200960650608,0.0272142012157143,0.957694840151817,3.28406750052035,35.1217644608468,-8.42338437491776,0.114315932519258,0.427569455699995
13,3,-0.305056258620501,0.0784860490821302,0.601652661105618,2.44952413311879,34.9114685233058,12.9040095548079,0.22740007842562,0.861291516106576
95,6,5.4388075663951,0.0631392674986273,0.67799502494745,9.21309010542263,79.8730792878226,22.5286310363018,0.0140589471906424,0.107951292069629
2,2,3.05442792755432,0.0453007788164541,0.44058475131169,1.88900654620099,21.3563770627508,-16.7265093373933,0.218463020572875,0.921820173971355
82,5,10.0782582132579,0.036918660858646,0.162010170519352,5.77850305777652,39.393891766465,12.6809064155424,0.0616083449218422,0.939502985682338
77,6,7.39062348851476,0.370576762247414,0.0970421966630965,6.47859420525935,52.4138923161426,19.1607741367948,0.0346972903236747,0.0933620280120522
41,4,5.44623298068615,0.0919675249606371,0.475799441803247,3.69177768212937,40.3780967510719,13.5045272825966,0.488297824718454,0.428715001791716
86,6,5.86679693444404,0.149848747299984,0.0234522346872836,4.93585715679342,51.3442354009238,18.4870261470323,0.212166913618573,0.870812601642683
84,6,8.93215148316828,0.38903908378759,0.0046310902107507,13.5974989008201,53.0152761700076,26.182870861796,0.00529643061194526,0.137396869482473
94,6,11.0665198312847,0.0620125867426395,0.353322057984769,6.22546521719214,44.9084740692312,-5.91580584469145,0.0793204614850593,0.772349603008479
68,7,11.5496140685288,0.0807833895087242,0.839837203500792,6.21848621039997,36.6139735514232,11.8349341769564,0.048778554610908,0.545415362110361
71,5,1.3017790916145,0.167362341657281,0.162510026246309,3.48694118232705,39.1561508515273,-3.41727370686873,0.037816788488999,0.901845728512853
90,8,7.84591898276118,0.131089332027949,0.860523731680587,11.6321358498301,56.5675240380375,28.4637768670716,0.0338939917747288,0.25500710378401
5,2,1.60025143987714,0.31060337111235,0.178325141081586,3.43415932206012,30.8747627859559,-10.1120872718407,0.0516716039132748,0.521834376500919
28,6,7.83347108893803,0.375188525279468,0.283608271740377,4.3896091494188,25.731488865166,21.1744397149641,0.124396105665238,0.732076500542462
24,4,1.4848349274344,0.0335144185228273,0.857199054444209,2.25869493537301,20.9402094376121,-2.95175813497997,0.179482508069816,0.97340158210136
50,4,1.72167001425881,0.0418148048920557,0.812990921316668,4.83946751457105,52.0349372727468,13.4910432814334,0.0357415137346834,0.633755359100178
89,5,4.91537841198258,0.0141871882369742,0.646892189746723,3.58019604553635,37.7282827391705,-5.37110564926105,0.165820193654838,0.957275302382186
38,3,6.16648162524769,0.265895536158907,0.0204363795928657,5.93871571962655,45.6806252697462,8.79753509947228,0.0573395690684278,0.446284632664174
95,6,6.47117344746834,0.414581322759101,0.0801510531455278,16.2850889751197,66.215916788323,8.07526703451471,0.108709838144006,0.257267208537087
98,9,6.45078185544094,0.158222269383259,0.575123597634956,9.0576305153101,48.7693279863892,19.0854878328149,0.0116625262706693,0.45870502316393
55,4,6.58436483923469,0.267617337860841,0.235256118001416,6.62405219105644,40.5292783968944,-19.4170612625346,0.00264513720758259,0.167625296162441
1,1,6.54884355737709,0.0276579967978223,0.462218304630369,4.0633334602916,35.8414158158564,23.1508708089675,0.771083861161919,0.312297176104039
70,4,7.36419070426142,0.0455370791023597,0.58408098295331,7.91503976183944,47.9373296931677,-6.04189395917401,0.0924957654063063,0.451969757676125
30,2,2.01536208000701,0.0101094791898504,0.937289369525388,3.64566392604156,38.2080812692989,-10.3591423751341,0.0838778364430082,0.334522617049515
26,3,3.61137889401608,0.172679383889772,0.411192266037688,4.47858282996057,42.890611849736,2.07907847546502,0.368150520309515,0.41790232853964
65,6,4.22813176103187,0.566265468661408,0.0450639030896127,7.16052969245591,45.2992820239073,34.0914119212237,0.0104185470379889,0.0821329781319946
35,4,7.26279427039491,0.070446603698656,0.422624559840187,4.7641070092738,27.8432706486567,-0.123636845140062,0.0620300048496574,0.691879858030006
26,5,3.42317297953947,0.587028827952379,0.738160254899412,5.70443578275913,37.3489276461897,10.4448868313188,0.0551232717465609,0.281559968134388
38,6,2.15471739673957,0.895990801456958,0.129204224795103,2.46698240966568,22.7458569351722,-6.14365010485321,0.0489022228866816,0.848402501316741
81,9,5.01009668981686,0.759526992174697,0.143071482656524,4.85841099689262,37.8690428908669,24.8161650354766,0.115445108893783,0.579300979850814
97,10,8.6443026760077,0.221044235153797,0.5672838462051,6.7951788084828,40.4876846332955,35.0437515449735,0.0261031317524612,0.304785236949101
74,6,9.1930077752398,0.185182132310214,0.159912549424917,8.9434276167115,50.0375854259656,19.2804994099003,0.10004449551505,0.601208082400262
46,3,7.90000524229558,0.00531848732030336,0.427730387542397,3.82852726132821,43.2894017006449,31.5946289132696,0.231147823158011,0.467432260978967
54,4,0.0586458731464425,0.2695833285784,0.245618705637753,3.65037907848756,52.0006644861337,3.46552523024042,0.0478781392797828,0.488055422436446
99,6,3.58043269279886,0.0428498010151088,0.232682544272393,3.74201360700296,61.4864966331108,29.8991157388332,0.0956785961943579,0.764896821696311
7,3,6.22256394487935,0.14096723718103,0.38874657638371,4.25579444975786,31.160110178703,-7.44574093433689,0.189165400519016,0.664480842649937
19,4,2.07041503889187,0.733218800234509,0.385278984205797,5.14067067263917,28.5917769973141,-0.242124807475195,0.00296666319482028,0.0240961022209376
57,5,2.5955536769081,0.512890966588116,0.338948943419382,7.0430130617577,60.5318730043176,9.49245796340132,0.133823133535208,0.26375950849615
50,6,5.39737532439747,0.190849172872233,0.676056291209534,2.8169076243928,30.8473581579093,11.8248448380319,0.116325758672775,0.597545675933361
53,7,5.92543119508633,0.341559747689146,0.616260255686939,3.74560077784081,36.4276976085365,29.2374522762751,0.0935205679636946,0.668964745476842
0,0,6.26866327260287,0.0289407989475876,0.312270469032228,4.20444525315302,33.0957029189835,2.83900391824738,0.0890438360643829,0.218076039105654
59,5,5.27676906715472,0.51580847983942,0.00628132605925202,4.24804374369764,33.7337705874944,-1.95519136193869,0.0258471490560465,0.788721636403352
80,7,10.3476526309612,0.0795726899523288,0.371686469763517,5.49511366400962,45.9534621301647,48.8995296237114,0.0244469206780195,0.38721248251386
28,4,4.768303113108,0.0523182082688436,0.682255384977907,1.96618475384901,25.7113409190612,12.5059799761694,0.102738926369221,0.373076145071536
91,8,5.20081874764759,0.339123831120062,0.657248255098239,7.65769065069145,55.14177634979,7.19338278555667,0.0484037367161363,0.290077164303511
1,2,2.74101737488464,0.00675592210609466,0.975776026723906,2.38328957445568,26.9508279162458,-4.70324132647425,0.433881216098495,0.635323129128665
80,7,4.08324074217038,0.484331110005683,0.433224753011018,5.98852444237835,39.1668100582213,-1.9833688531895,0.00464072306640446,0.0480349638964981
66,6,4.95204553447352,0.110236868145876,0.382159529719502,3.79611660165927,27.7042426483927,14.7870903472235,0.0422191274818033,0.552514789160341
59,3,1.54454119598077,0.229951836391094,0.00706290081143379,3.33863893834534,46.7231395419402,6.25929097039185,0.0666511083953083,0.562781405635178
47,3,8.34956301814082,0.00995868619065732,0.463811214081943,3.3144358346029,32.142419766704,-17.5029448154322,0.389424132348454,0.941052340203896
49,4,6.15971919981012,0.0812866110345283,0.699638152262196,3.46695526299841,40.2755890551796,5.58413679586083,0.0745036797770114,0.149850336136296
84,7,5.3835578621951,0.617892737003201,0.387379489839077,8.956387710072,49.4169251688427,-7.20165365970518,0.00265603493899107,0.389387723756954
40,6,6.16846361850409,0.476275926900512,0.54207648918964,5.18525480725761,29.8870557483417,1.47988129512,0.0780178184579027,0.450750048505142
90,6,6.1389213379718,0.255419248704541,0.0338555385824293,7.25847791369334,57.6064596901276,14.6097782654129,0.0729258798331634,0.345010082703084
72,7,9.21900762322826,0.651690457450384,0.150770544307306,11.4209635722629,52.6337922744514,16.7536453649591,0.0028890579007566,0.0121452533639967
91,7,3.92852006618933,0.104189735837281,0.878781443694606,4.39568567917855,45.9880539229544,-5.74575854186841,0.108099566488982,0.624009103048593
84,5,5.98697516499458,0.0285410097567365,0.208369589876384,6.93448600671783,54.5128404654225,19.1512048299,0.310630869103556,0.975035255309194
90,5,1.66551131750484,0.0313710668903825,0.476544084958732,6.21310772343092,64.4122914899177,16.9288203462063,0.084920193716408,0.967915619490668
14,3,5.01494680181075,0.0799667559969491,0.780363220954314,2.88073835854446,30.9093722544075,6.89182876154919,0.106199061121316,0.194735011085868
82,8,5.21449345215414,0.405402315759516,0.199356902390718,5.52688250723346,41.2214939112612,35.8019529077955,0.0370729004964232,0.777562495786697
55,5,6.78234551161488,0.151640486903489,0.636296090902761,7.14393262765445,42.3976757432096,-8.19961430577785,0.107973000030489,0.439437515567988
13,1,0.981945359457289,0.113437877542393,0.422608469845727,4.48382741698231,49.1746567717049,-3.67860756641563,0.103692097212644,0.722597822546959
86,5,8.54489307462905,0.016430375748314,0.779750219546258,8.9244616094929,63.4069808608405,16.1353740626975,0.301022285206204,0.661221316084266
24,2,0.862474958559302,0.048182048843776,0.61385220172815,2.41340255923281,27.1541886845036,-29.2975326705938,0.0542687710840255,0.745352271711454
98,8,5.26518773104506,0.812312191310239,0.0191889188718051,10.9463525563859,70.578359057708,36.6497611722444,0.00713746496476233,0.266817906405777
38,3,-0.279787282642369,0.0596349107299784,0.620610447367653,2.43980942179443,36.8963263661526,7.45736103424343,0.0329451402649283,0.750335731077939
62,7,8.06688371712345,0.229171847336039,0.793469576863572,7.10146034442332,48.4568587892372,17.7190125003477,0.0811278241696258,0.0410814124625176
37,3,2.13435692608968,0.396297751904881,0.136311726411805,3.61781073377497,38.2454125796713,-11.3345030054657,0.0068659780391665,0.123301219195127
20,4,4.65502292776818,0.0999979669213912,0.972294712904841,3.46578870352745,22.9330791600117,-2.61008496136123,0.319009883684998,0.65406788745895
45,5,3.82023527087518,0.0399327596929148,0.959909667028114,3.23304574306807,31.6046990237465,6.73243753239605,0.264527702505205,0.675323039991781
96,8,3.4075804232845,0.203371708000769,0.579396328656003,7.45404216061265,65.0540710834181,49.2635540845381,0.191854809588733,0.681093099992722
71,6,1.58765172860991,0.592197206305498,0.338054429274052,5.67809603390011,51.6935385661078,-13.7709855432893,0.0504207245898136,0.791826314292848
5,1,0.910422241372206,0.00424940523225814,0.925088297110051,3.04102681805513,37.8510856089026,6.72124704918569,0.372927392066872,0.655154944164678
86,9,4.49716119957463,0.656809138568276,0.438715820200741,9.0960547603094,52.5009608045668,23.3688462648124,0.0567481425834307,0.675593087915331
20,4,0.63100881529734,0.370197161338151,0.359903835458681,2.13362631338954,23.4662242794045,-15.6092909228352,0.162999230801108,0.544197063660249
86,6,3.0024613458984,0.0578290562843904,0.911260118009523,3.58794764159971,39.8978609977732,-6.75360949099229,0.0720534981186402,0.982234040740877
31,3,3.6340583583933,0.00496056512929499,0.680918742902577,4.33939784721558,35.5961380276479,4.21860951782169,0.263790526042197,0.552777458680794
97,9,7.51951521102057,0.102777443709783,0.472899171989411,6.78012225708164,40.8678457410409,43.3404013623098,0.0170324708800763,0.456206403905526
25,6,8.84198781734655,0.495375312378115,0.121239026775584,2.88599937606735,14.6878234325892,-4.93407714446507,0.128172757099838,0.875968812033534
9,4,2.39953990266821,0.0494516707258299,0.974116868106648,1.74790571413932,16.4469436086091,0.929363936974751,0.14517896286303,0.988400642760098
51,5,7.75748251963547,0.372137033261278,0.136995378416032,7.06344492398071,42.8713765816921,29.0198328818777,0.217527968610141,0.191494222497568
22,3,2.89412726796844,0.0121565762674436,0.765046390006319,2.40228980729327,34.6233249473319,11.136566105688,0.321188439328505,0.664448874304071
85,9,5.49653985184863,0.265779720348042,0.694827232742682,4.60218138346934,34.7061182572449,11.7405975150658,0.013870483331475,0.870559664210305
11,5,6.21838703348008,0.0859475104371086,0.86304676393047,2.82247296018664,21.6179691293335,24.1183415498797,0.142088701750484,0.740952553693205
76,6,8.44521117016993,0.04345441411715,0.548968628980219,3.75636869152376,45.5413664242665,25.0031271708749,0.361757052482522,0.851387474685907
12,5,5.78830305073684,0.0995242778444663,0.96303008380346,3.36321565421604,23.6291773052162,15.799037713624,0.257149430165503,0.755391792859882
32,5,8.63071226148247,0.140914751746865,0.749712023185566,4.78150629104047,23.1796042877522,9.15167955144972,0.10071922847581,0.274367250036448
21,4,-0.576634237045536,0.683086704896921,0.533389820484444,4.18222374213464,35.1333979003362,0.537194832923514,0.0271856864890138,0.294740264303982
20,4,1.92604930543381,0.392717514631754,0.687256525736302,3.28254562672098,26.4173337935761,-25.1454499095129,0.0988927495623839,0.409116078633815
2,2,0.16962071131258,0.297990992421958,0.283135043689981,2.31712518101925,24.0124106811472,-12.3899425156439,0.046633957680587,0.618263210635632
59,4,8.29341332745578,0.00494428727101688,0.771139335585758,6.43511130641257,55.8363386784677,21.5889080836027,0.227992110500548,0.875365510815755
71,5,1.4202607226823,0.0200340793235227,0.655567877693102,2.65519885030623,43.3443016711944,19.4301783350972,0.0798155648806671,0.493553481530398
66,5,9.07606986521409,0.339867804887447,0.0351253193803132,5.19356731491186,37.5570421259501,2.52117769147448,0.146299838638845,0.354822483845055
99,7,7.66185430828374,0.117132471408695,0.385881938738748,7.63691089111709,74.7685342416029,19.1514921902192,0.0356185926124454,0.14240636723116
46,4,3.94613793862824,0.0260365104966377,0.82061440940015,2.27502658322954,26.4997890088488,-2.88499459410198,0.0599691729526967,0.955860090907663
87,6,7.55766439173883,0.048905577743426,0.476131614530459,5.0714742001062,39.8787751933847,2.71829509488044,0.0390652246773243,0.454208113951609
67,7,3.48105740677621,0.0632481202483177,0.776803096523508,3.12913128678035,30.129968236627,22.543193555098,0.029519425984472,0.589921237900853
11,1,-4.24756628510362,0.00857315148415562,0.933366968296468,1.39393867434517,24.7209175026339,-33.352942637813,0.0399601613171399,0.42597547150217
71,5,5.43344438535576,0.0432548238895833,0.892229630146176,8.17174962362643,72.0499348756896,25.4903822074242,0.0344720028340817,0.382718140492216
76,6,2.42225368080327,0.0989036512328312,0.758842739043757,3.09743513881081,49.0707929608974,13.4181746121981,0.11928272274834,0.961059873923659
95,7,3.70182488584981,0.321709958825934,0.259895395254716,10.2225587835851,64.9029796696483,27.5715964810205,0.0386312656426262,0.22674683528021
75,5,9.20979785280017,0.00747760350350291,0.46964133461006,7.00276135440609,51.8082067437923,26.3697016682836,0.181843281528893,0.375578725477681
70,4,8.02183498342846,0.0611685479859937,0.0924691269174218,4.87165229426196,36.0473578460041,7.91449105693398,0.346922924045626,0.919330985983834
94,9,10.2655097316996,0.59252699135446,0.139067703858018,7.46800350828385,42.3044250265976,8.91215230206813,0.00513457730189289,0.0970439331140369
58,4,0.92288603163435,0.0356168061261997,0.507752854842693,2.75502450778156,36.9123208181721,1.52803274275018,0.121705156933041,0.769443456083536
36,5,-0.114349633966252,0.436153648865825,0.586568580241874,2.95414973218533,33.8967425774832,-11.2809787307798,0.00452138192415929,0.325201554223895
66,4,8.4617853206825,0.0510249750223011,0.207945895148441,4.31623808718431,45.8431069460214,4.01605485201526,0.0396949947346002,0.0955893190111965
98,9,4.56420271692467,0.239502367785874,0.871649039909244,7.34306462197282,68.9254195198145,27.2321207582179,0.0143519392665042,0.254558150889352
84,6,8.07308603804436,0.0221158725919613,0.741915202699602,7.49995837863611,62.2639273387778,26.8986578843886,0.068672042991966,0.445166227174923
8,4,7.68398872080097,0.254526689638126,0.811189770698547,4.42667196752237,22.7425714529367,-21.337941664088,0.129694381861675,0.485004479531199
97,8,5.76055647593874,0.374325964787986,0.513952397974208,14.0230006238277,68.1321227224228,25.2906618187244,0.0157540726225422,0.127299237065017
69,7,8.19980003275743,0.60335568009519,0.0872859975788742,5.03469986731288,39.2192582030903,9.89704424458369,0.0640616500935391,0.314163251081482
28,3,-0.000331937345764644,0.0662524393898755,0.470505823148414,2.09444882709804,23.5884646556694,-8.30961688480372,0.184628909612894,0.943701939191669
44,4,7.17181366338247,0.0475979362381622,0.92743743211031,6.66755054691424,38.3229653496248,5.31021273989187,0.067191925784573,0.22042314754799
87,6,7.11914102101249,0.0487816663226113,0.357212893664837,6.01267417594508,54.7449762037895,39.5746651852623,0.0401664726670545,0.249414352700114
35,4,7.19844553217041,0.0235137742711231,0.379187307553366,2.38288812696448,19.5539178052128,-3.40637604948201,0.150634767233141,0.927238559816033
70,8,4.46608241268131,0.869649806473047,0.125838679494336,3.73945351173043,29.2997960393611,0.433551576961401,0.0058581700630338,0.784527063835412
18,2,1.65959119471644,0.134117912292471,0.218282162677497,2.90031517543827,34.4457082128134,-19.5344620030112,0.213914323399279,0.930185987614095
3,3,-0.632045929060682,0.20493824033879,0.460306145716459,2.6470926673289,20.3550690090719,-8.74240216860844,0.0256894695572555,0.593069036258385
95,10,10.6750335252232,0.573281569466379,0.184429256012663,7.37443642994535,52.9624642645648,40.6505448033435,0.174671722940149,0.184426788473502
18,2,7.46432433126941,0.0700299220262511,0.141140516614541,2.50998134505839,23.0596935788295,-6.97345128526291,0.262072062824006,0.653504012851045
75,8,6.45869143739018,0.198898674549946,0.620844294317067,5.60830327016143,43.006842812976,28.3150695063199,0.0386919658165425,0.559566953917965
92,5,5.03070429078392,0.0149905636805192,0.761994702741504,7.13241230197499,65.1363218490028,6.47839628969979,0.0194321322461046,0.357426478527486
40,4,7.09884880179383,0.390901411316917,0.0550380740314722,6.42519504764893,37.9487905893713,15.6036332040558,0.0595432087313384,0.155515908496454
37,3,0.795842024448072,0.31038998857953,0.190458691678941,4.19481647485057,38.1642070656333,-10.0394244402726,0.0406298523768783,0.295950866304338
3,3,4.09863039009482,0.0260683638377461,0.936921802116558,1.84933982590875,21.9325173531753,10.9325452837299,0.216189007634733,0.49036452639848
91,9,10.9825022588512,0.510567750295109,0.230941312387586,9.47692721672018,46.6697913259973,9.56512109791123,0.0361495830309981,0.569248943822458
7,3,-1.39731907336276,0.0357921207657164,0.957107523921877,2.13103968961222,16.1891069056325,1.16666358818141,0.199466792299392,0.960451813880354
18,2,3.8164957762568,0.00979478189609181,0.397101681679487,3.00573984943794,31.6373855205316,5.50297573161501,0.332469755394344,0.912100125104189
37,5,4.34157270700144,0.23342979698323,0.547917514573783,3.04110590283426,24.4875282477039,2.07265839403549,0.109171131528438,0.896427556872368
12,2,0.856727878181429,0.0213744500936492,0.853094245074317,1.39282167396976,22.0853380605924,-9.20576902982603,0.308255776022446,0.884544057771564
15,3,4.32032292288562,0.120734810130671,0.378900327021256,2.64445470235958,27.7646126671393,-2.18073537326319,0.112271260931612,0.359498761827126
47,7,1.84020209085141,1.26752428377146,0.567227772204205,3.9313902693908,36.2528953761759,-5.20177216302995,0.025067295264349,0.144967522239313
73,5,7.77733931199917,0.247558303864133,0.205692712916061,7.57428593911328,70.4474321544586,-3.96453471563377,0.00444883168675005,0.0615158525761217
23,3,6.34882875012806,0.167440825141966,0.17392424447462,5.44143685365849,38.0220269273871,-13.4719417690552,0.0781802800441992,0.527497051982209
72,5,6.86158974230796,0.0316528264665976,0.275088008726016,6.93677654382641,45.4392429973451,20.460641295949,0.0863217217171367,0.821222750470042
75,7,2.57993885880059,0.525355028422707,0.0707877357490361,5.47049787528407,46.513375502367,19.1258221200739,0.0322581988293678,0.610266692237929
93,9,9.11782615089373,0.0969115073094144,0.530735211679712,6.47768884264202,41.603751349827,51.2621050348199,0.241846833071579,0.593043942470104
70,6,9.88608287218795,0.0317239897558466,0.635164371924475,3.86228790374191,31.487852257275,9.25695943802539,0.0112229946978132,0.792561266105622
61,5,2.17392906023799,0.461001315598792,0.090398252941668,6.27301353558474,38.1419369053313,-6.59286864595251,0.00717877941206098,0.591796700377017
21,4,6.59482127070513,0.58934805560934,0.166222172090784,3.7116695464495,24.3119094339245,-17.7751547970247,0.161594309090617,0.327985014999285
88,7,3.57623545791818,0.480800732483572,0.216984216123819,6.60856256961229,47.6400151172614,-0.601100750551348,0.000699908193200827,0.341410439228639
88,8,4.83249090711562,0.237051109074357,0.722852517850697,4.02184411566423,41.4686625752095,15.9188927509834,0.0674433608539402,0.465104801347479
72,6,7.18143755455963,0.185064201699086,0.25077796773985,5.4287140959758,42.2693566911655,14.1432354692562,0.0612463866105054,0.874872555723414
5,1,-4.12696114960706,0.188179248617469,0.489740843418986,3.62684360973834,42.1253856556385,-27.503159113137,0.00565446415911994,0.294627870433033
55,7,9.00072413999229,0.21587393292107,0.846452025696635,7.58490252795707,43.9373022159632,31.65254834648,0.0122720463265136,0.0974001064896584
40,5,5.4045596310251,0.0680073837283999,0.636727388482541,4.32014813265154,34.4643028454952,31.1297723438166,0.100893601491572,0.470788301201537
53,6,1.97885624300805,0.0646229063068147,0.983399526914582,3.63265710657259,37.1991956742162,7.33634438764353,0.0281300262548029,0.488551297225058
76,8,3.07022142042721,0.149796314537525,0.825294989859685,4.10865263297866,33.6514848784357,27.744428705683,0.0895385691854072,0.886492064688355
9,1,5.55273585670251,0.0909545532194898,0.425635563908145,4.77979999520933,44.6510420201328,-8.31431236156975,0.294964472051579,0.67665404593572
66,5,4.96948980608048,0.1349784177728,0.663957418175414,9.37439862446951,57.1653125421101,8.69924984115235,0.158692678555647,0.189388480735943
63,4,8.02827350760226,0.00668310944456607,0.860273553756997,7.24167679979202,64.3087119396322,30.45602675824,0.212429305712197,0.709290074184537
90,6,4.97577066300249,0.13999661966227,0.466412416659296,10.0269020700513,58.481330451127,3.94466015320907,0.0405195048544556,0.597307770047337
39,4,1.41210075298045,0.316718338046897,0.573099894216284,5.03401720529436,49.7981516660405,-0.802896691652107,0.0741175433578801,0.391795805189759
84,8,3.255302665783,0.770077384966326,0.111257710959762,5.05257421842525,48.6317838818554,34.3240612768351,0.0983476849230838,0.797522887121886
96,5,8.40107112240123,0.306899740583006,0.0224788768682629,8.4361324905991,72.7850958487685,-3.53299585244764,0.058002994209528,0.221286701969802
23,5,8.1720367885824,0.389464937130413,0.501691218698397,7.16641107086422,31.1132721311444,-1.32360146374893,0.0758035379419935,0.179453843273222
32,2,6.68831793315124,0.0187609314452857,0.417570900637656,3.30948275076843,31.0990959597083,-24.0371854227527,0.0304200849495828,0.695420512231067
78,9,10.1810310290582,0.584985224964255,0.378723727772012,13.1826872883916,41.5008058405425,13.6126379293351,0.0700188839766097,0.224212154746056
97,7,3.39521968010259,0.188527952195374,0.231658886419609,4.08931435122134,53.6906588556092,17.5373327176082,0.00420531770214438,0.557174361310899
19,4,3.5174138740317,0.291558657762337,0.876720090629533,2.6352145949091,20.0552538382041,-39.3524032384723,0.08695084330144,0.914898614399135
24,6,2.87457446818166,0.416310119421637,0.931201090104878,3.09725977187525,33.3616016332646,11.1657186157924,0.0603075077757239,0.0828458063770086
55,4,5.1773837745914,0.0890076884783734,0.159294202923775,3.65190636737338,36.0542384356561,-8.62944743865148,0.0726261823519471,0.945520751643926
58,6,1.6114746151052,0.357860673197961,0.693200172623619,3.13429120275917,37.7269087427406,-9.23840503886282,0.00972030154279131,0.223749444354326
22,3,0.607036279115439,0.262108536426652,0.331930327694863,2.58298276297603,30.8312646770814,-20.6336447207378,0.0616547812707722,0.528912533074617
68,6,2.2888156267883,0.215133078618649,0.521410377230495,6.56953733868122,50.0001750727018,11.4643339746483,0.0425968787632883,0.794766799546778
78,5,5.60838679047076,0.128626087331213,0.0863134353421628,5.01761519733814,54.8614854854855,23.0987749680714,0.152138640102984,0.551955885486677
54,6,7.13170378590961,0.153051685425453,0.415157882729545,6.56845380865901,36.9331469272621,28.2953205053402,0.12558060651225,0.690308769699186
98,11,12.9811870450997,0.504575428997582,0.24434838606976,8.30642017601575,54.5480278756794,43.3957000490417,0.00176165433253739,0.103979778243229
22,5,8.61304830555961,0.815586151513171,0.0453592510893941,6.59979957919332,27.2844142568291,24.917467530286,0.0485036998055875,0.00118939974345267
31,5,8.64818135308628,0.642103633346194,0.195558581734076,5.43744408368968,26.3962183328272,-4.24781471754742,0.00770051005302664,0.227204314433038
56,6,9.3092612418492,0.0843010166427121,0.565150785725564,4.01220477165733,25.9314263772156,10.1607104618097,0.19838428403342,0.719324738252908
10,4,4.92670207625725,0.109422180918045,0.88984897127375,2.35431693340927,16.3792328013246,-26.1608213666267,0.0251967589075868,0.775773821398616
37,4,6.46658079088983,0.368338119683272,0.208390828687698,4.63437810514214,41.9231762689656,-10.484374929451,0.0522552818059921,0.204948053462431
17,4,3.60885490978431,0.0737530691353622,0.967437931802124,1.94637672244954,21.0093466061973,-7.54764734578739,0.0133779509924352,0.465582984965295
40,4,3.29851452507974,0.0686417249962687,0.70534498617053,3.34603523462547,37.6406460814175,29.0981874113586,0.142808473288062,0.406938860192895
51,4,1.82093170193113,0.166777274571359,0.456757801584899,5.38845613366688,51.0876607144849,9.05607155786828,0.236620574990723,0.352089931257069
73,8,6.19324267025044,0.128310652915388,0.797830087132752,4.32746058809609,32.1316089567422,33.9008739605232,0.0384549991227686,0.612360268132761
82,8,3.06146248232188,0.248429533549327,0.493568914011121,2.81751267300258,36.6711773972904,27.0679206059236,0.0406466654023343,0.720756505616009
28,4,8.88386430834745,0.0902277528821882,0.52816018788144,3.03318081517528,22.2687217830913,8.17292194469119,0.329348283244257,0.754366147564724
70,6,2.55117016431902,0.072804473573342,0.93606384517625,5.57059848329738,53.2998126622627,30.7542328980717,0.0520899704191834,0.784334025345743
45,3,8.70366663315301,0.19076857412115,0.0518262940458953,10.6873915620433,45.9838373531952,-12.6264657855073,0.186377802482786,0.233498533023521
12,4,5.25493519153637,0.034122087768958,0.884546792833135,1.76069105468394,17.4964175178265,13.6338973965084,0.221359387972404,0.744680061237887
92,6,6.94796703543435,0.0255776561168485,0.341581599554047,5.37169409791661,54.3774198905946,22.5481260956796,0.141166698834767,0.885104147484526
3,4,2.99008021564291,0.0856384342302236,0.952586086466908,1.60133375969018,13.2548174619607,-3.32980732918789,0.213097168808838,0.814193118596449
36,4,3.413053951939,0.399629069936878,0.166482897242531,3.40510140820681,29.4382387685916,-1.71384641729645,0.00966649120560569,0.554230605950579
98,7,6.41172710732977,0.272610625008795,0.0755449312273413,9.89249943699938,58.0601308478465,9.05031162487405,0.00137311946600676,0.553929198998958
75,5,10.2689239441392,0.291620889435265,0.0478138905018568,8.92977216151993,52.5790533967288,-20.5071179394852,0.158110314226689,0.309224479598925
85,8,2.67541417335978,0.300939795084971,0.548210767330602,4.62451438108217,39.7946102901904,13.425546008246,0.105918214279683,0.88658033311367
44,4,3.41213958187156,0.0149918139371191,0.824728198116645,3.505505780271,29.2083399833114,9.6631486518197,0.287275226105261,0.908401498571038
25,4,4.22224159540938,0.375627876496925,0.272766468347982,5.06744410793812,34.9995516914194,21.9259186697128,0.0514067604672164,0.049604254309088
19,5,1.36605432038291,0.428770426639772,0.833130223676562,2.67930208329297,26.4286441029303,3.8420001016248,0.0214801284484565,0.38091733539477
18,5,6.12021582790892,0.139285457669757,0.974464940140024,2.80801835421135,26.1950478464515,4.36081809480523,0.352862257581361,0.371355419512838
68,8,4.89709198738671,0.25087201896936,0.637722271960229,2.82790412282288,22.3900250630398,5.07913035034274,0.0481641734018922,0.977936828741804
53,3,5.90490936335035,0.0820481121180322,0.334491796325892,9.19184100633287,79.0180208691915,16.0969046490788,0.0928413941482914,0.0743347136303782
82,5,3.04884582469,0.203770806425276,0.0460591982118785,5.83915847931535,46.308755473079,-15.7899478615437,0.04406837974675,0.909907661844045
25,5,-0.214112116655879,0.132725744741037,0.96277824183926,2.09833332503477,17.4083013245855,-10.5955763352407,0.00652544254885266,0.602333600400016
71,7,5.70832384351861,0.828691702294064,0.0762827610597014,5.61265648620795,33.0665305694772,-10.0804829840597,0.0128381985239685,0.751282945275307
46,5,8.82676898805572,0.306723925485915,0.229586079251021,4.41711809167558,33.5629833355077,1.72430470675561,0.10472562778321,0.48014613147825
7,1,1.90985162755313,0.00153703091915528,0.941409079823643,2.10753815761904,31.0929341561497,-11.0624344395333,0.0528119168338713,0.731330337468535
9,2,-0.0768236439305703,0.214129808532021,0.20027554105036,2.72313325194284,30.794283734825,-13.9734357143154,0.0797154466173786,0.837307481793687
68,7,5.4873871575208,0.232314388722855,0.883785562356934,3.77655586025992,32.8458093574112,-7.06196362961231,0.0688831862993538,0.911602747160941
57,4,2.61435168579921,0.137349966331385,0.0798257603310049,4.30672868126001,46.2057857128662,0.270967862449205,0.0436001761816442,0.913841993780807
29,3,6.58201340547319,0.000990083091892302,0.929080350324512,4.91851648575896,39.6879018655644,1.65803544480114,0.115915438528628,0.138379352167249
77,7,9.30905351996812,0.488797428996718,0.102523003006354,7.87881770303774,53.2727131760445,8.66975844301593,0.0319594788365066,0.348126208642498
51,4,7.88369091449494,0.0181654957123101,0.812612572684884,4.17848003769281,48.2644585033277,6.10942255495054,0.0420502221677452,0.291640870040283
35,3,4.41537912908192,0.191128557537425,0.366874009137973,4.44340246722038,37.5154130622096,-26.5173013955029,0.0761353090531661,0.174831612734124
91,6,2.9526684982325,0.0936736697331071,0.773298206040636,5.15710149594909,62.6278898792292,8.81253387668413,0.128790701921554,0.932589968433604
46,6,1.532118212663,0.208978357155727,0.667706250678748,2.23520577886207,29.5004735142147,20.1214135471879,0.0311273731291294,0.70821700617671
10,3,0.772794415753669,0.358445449245578,0.231861211592332,3.81182544197785,35.8976568052467,7.2086164478586,0.233842845185501,0.677791242022067
27,5,5.4923624911425,0.0527224298428139,0.980208751978353,4.87768839406558,36.4810692525673,16.0387019282786,0.223523035887668,0.860403821337968
64,4,5.96681181560874,0.241987304984334,0.0830462905578315,8.58834031136597,56.9922921797248,11.5385789266229,0.00753070354878392,0.108449092134833
26,4,1.55795632608937,0.0429109750882666,0.986004285747185,3.61670957382451,40.5526740499152,12.8270902389001,0.0896901363464904,0.0980420734267682
54,4,1.89929585803778,0.09790044437082,0.784220620291308,4.82230205918681,48.7271757808906,-8.42229263556676,0.0278796304482967,0.135100869229063
58,4,2.83807611680193,0.0368680424289778,0.665564699098468,4.15368369734645,36.9278568641881,-17.5320812208325,0.0753734813961101,0.968469046289101
1,0,6.21481932911651,0.0132354904392147,0.686721021542326,2.79215356431081,26.2243259880205,-33.2377749276105,0.300551132840996,0.827182324836031
44,6,7.42776334483366,0.229971978570077,0.296559164300561,5.13983933502077,29.8933325346434,26.4521914252406,0.0388469139114022,0.183283010032028
88,6,11.7503266917126,0.0956985840982873,0.176397882401943,9.11837753349229,48.980164758903,9.26933315390496,0.246536750247075,0.698012820677832
71,5,4.49246110028117,0.192239593936804,0.153397683752701,9.06816551206297,50.2169310812384,3.05836928739843,0.0179368680808693,0.479186719050631
3,2,-0.771254481852907,0.127148269210011,0.410203410778195,1.040719481263,24.8884961623504,1.65938571991525,0.174266682929339,0.810255504678935
29,4,1.00541832701589,0.228066702364805,0.236930869054049,3.89445666027093,31.2641571475032,4.33326424466339,0.0957224637227965,0.601709436392412
45,5,5.85825070511772,0.156604239833541,0.620880144182593,3.17602031223963,31.2113035588051,3.58675404032382,0.210360723102805,0.596023907884955
84,6,2.45963429916701,0.310649839219379,0.0268309130333364,5.62023822357316,43.5582451491938,6.03635905040283,0.0731226630466891,0.818269448820502
62,5,2.16391922492884,0.319121282304379,0.340751202311367,3.9367013537243,52.606996586184,1.0780795431559,0.137216198067637,0.669051304925233
95,7,11.3289240755078,0.303111289151687,0.164100569207221,10.9532945056704,48.5960064763994,2.44514505624224,0.0904972823294711,0.689762406749651
72,5,9.79376170672258,0.0456174183636904,0.289555503986776,8.04306184163423,62.9003371584515,40.6582198835148,0.147638709275963,0.114569203695282
23,5,8.1557266012027,0.0969083101954311,0.593990619992837,2.89622746805395,23.3243237384681,23.5117045640779,0.112096825636346,0.575850650202483
30,4,6.82658562229464,0.178643958148419,0.314168610610068,3.34098838985768,27.1788121780075,-2.23196417373164,0.139966793908718,0.388957450864837
61,5,4.37842307174894,0.455093828008926,0.0213155625388026,4.67532573105081,42.9918756080078,4.74251225862948,0.0469439893495291,0.201258355751634
26,5,2.26038737944402,0.706883677561534,0.479990588501096,3.67626305960909,39.8391409813005,2.89311068042909,0.0510289351455867,0.0670790523290634
37,3,7.63267119869752,0.0126284849694208,0.411238107364625,5.62083486043153,52.5670433755219,21.6738211897311,0.740965126040292,0.400806163903326
35,4,2.83760834014704,0.0766793842194602,0.911495834589005,2.20298601582102,29.2140531770808,4.61138623105472,0.0369388019176075,0.553205265663564
53,7,3.36069727922585,0.45971486668796,0.631409492576495,4.66150858198813,27.5988220322792,-2.38648799123625,0.00121092498288214,0.509270633105189
33,3,7.03117003347345,0.0136470206216544,0.729899310739711,2.85426116248881,28.3664630870377,4.97838172821923,0.14730512957715,0.506411714479327
47,7,5.66783707693569,0.489838772432363,0.550184282939881,6.98772551835587,38.5772541293164,32.6545274391911,0.0521290031261742,0.0191202578134835
88,10,4.93527396649764,0.229274266621771,0.888636120595038,5.58635136021457,43.6342028152135,22.4178001428334,0.0391803808510304,0.626848084852099
11,3,0.968659582177801,0.0151114293363944,0.994752870174125,1.72953235003222,20.0240833046532,-25.5942996040017,0.0662842335179448,0.701560476562008
1,3,5.96192748577204,0.101136949262582,0.382478327024728,2.52724375179391,16.7668526512781,9.99162168505036,0.507078476624826,0.737274160142988
64,6,4.33419053058011,0.048527774125512,0.985932948766276,6.9126699709233,44.5281731850315,15.5269586118313,0.110377673521162,0.613033744972199
2,0,3.92405258912935,0.062368368303372,0.296441211830825,2.70968022642898,26.3415603248984,-28.5761297524123,0.233451316679332,0.924783122492954
4,3,5.41072966135288,0.444255734307176,0.328664297005162,3.64578122024928,30.7007848401629,-10.3298077115895,0.0423618726432324,0.0924741737544537
75,7,4.27688939367235,0.466037477811283,0.354037411045283,6.17476011322225,37.7723725115996,5.90208075207403,0.0908964710268092,0.730288206133991
99,6,7.29975538931544,0.205931042310524,0.0987713118083775,10.0065389864469,70.2960185526194,-9.28754695947571,0.0258076773722911,0.489698671037331
74,7,6.098471022156,0.78744843411715,0.306019536219537,8.5117180484865,52.4828780558649,5.15513693386715,0.0058022668088882,0.139130152063444
9,3,4.14501017564064,0.302687129228118,0.569076483137906,3.45144675258584,25.1466534774196,-13.0183265869092,0.155787133619096,0.519761321134865
12,4,-2.21638084988814,0.0527337556231451,0.983477921457961,2.41540131767,32.4751520935335,18.6244138533526,0.15046248025352,0.380696770735085
18,4,5.83367009920118,0.0875876654172316,0.532553349621594,2.3523258409088,16.0044746303014,-8.71104723859457,0.0856673753778351,0.893178365658969
82,8,10.4977003751266,0.435412189902222,0.139936871826649,6.11532479327435,37.3512522206485,15.5648817725599,0.00254431534558535,0.141736084129661
77,9,7.38940211900675,0.179378364676972,0.948457282269374,4.10385424887772,37.5859122637,16.3257094079093,0.0212521958164871,0.264617768581957
11,5,2.9856342075229,0.494587205795056,0.514842146076262,2.97308704990204,23.6064751209535,12.2244470008142,0.156670986569336,0.395518381148577
90,7,10.4224983091555,0.0287700636104866,0.661528693279251,9.53880861929751,66.7952509042255,48.9215870385239,0.103503168928893,0.514171320479363
99,9,11.5833745728821,0.199293496490071,0.164484133478254,7.02746021893059,39.3363242279247,21.5041254544258,0.0165816691417239,0.118481065845117
29,3,5.13002253379796,0.0963354175910354,0.270829027052969,2.54963062142575,28.0755839094761,-8.14253218397486,0.0221991827711463,0.757345586549491
17,5,5.83272258100435,0.823213439392758,0.315371814649552,5.45845788906042,23.2647547821982,-16.705481646137,0.0638390607666224,0.468755305744708
82,5,8.80389692926308,0.00567342729335768,0.873836738057435,5.19877619289284,44.2408830358288,-5.84819472968564,0.223529608054261,0.706762933637947
28,3,7.35835731720947,0.0450209486298263,0.338641201611608,2.9781422754807,22.9048715973911,-10.3788956067564,0.0171311119229509,0.725863011786714
89,5,9.31569688614183,0.0110345417633653,0.792942218016833,5.91291946370497,55.3774334953129,-5.44520522588819,0.05910988971591,0.511022963793948
24,5,-0.0346119962866442,0.109264079581428,0.952860641293228,1.65960237056597,21.0158340879188,5.05976730764752,0.165575513384784,0.969847879139706
93,8,9.30185816591876,0.0942975812358782,0.53108506789431,6.95647907158094,46.2524036700559,24.9444141841635,0.0870105140126876,0.795433830004185
28,5,1.7263476279967,0.79110686598432,0.564559166086838,4.39940870596784,28.652490375617,-23.7100990768781,0.00983532247096795,0.388546052388847
92,11,9.20188990747826,2.1937800750192,0.0217641689814627,8.15433363627357,35.7205000948396,22.5812276219038,0.00520472391109223,0.101547992555425
37,4,1.78800894546783,0.261511930486861,0.575101338559762,6.45469974400998,53.8350603003975,9.22073149814299,0.106326848171176,0.705220983130857
21,5,6.33239304188584,0.599781930880779,0.487973819719627,6.04394536095128,29.249519852804,-2.06359424684812,0.00173151837145917,0.0406382165383548
6,3,-0.634664323001503,0.501795738448805,0.619532312266529,4.79992650048209,34.3553469661704,-21.6270586763778,0.0117090837477958,0.381708510452881
2,3,3.01116808269547,0.0967009542509913,0.59896404761821,1.71123044176652,22.293987555844,-7.86995777413253,0.038523883651942,0.279642853885889
24,2,2.65200121484634,0.021933685255108,0.866047640331089,3.68813748512961,43.7353722764684,-18.041567290559,0.0490119196474552,0.313404103042558
13,3,7.57060170532605,0.182495818695727,0.122898197267205,3.62592132767525,28.9498509716274,19.5876359652683,0.324851970357781,0.71758740209043
44,6,2.4258521711958,0.384663761106736,0.807983580511063,3.10345149546437,31.1804126294661,3.51321341312645,0.01167235175115,0.0719549334608018
4,1,3.26583720219385,0.00761875111475392,0.935158731881529,3.11517069664459,33.5394176836295,-19.8377868287817,0.0731230652462514,0.583876750199124
41,6,1.26720809914005,0.119770869263448,0.88298917748034,1.19047597509159,21.197460756225,16.3921057580722,0.132781019616396,0.994065036298707
63,4,4.01873855607666,0.249975929026234,0.0843213421758264,6.06423588111579,63.941461210025,3.63320060733999,0.044823393644765,0.520699197426438
21,3,-0.769063320807115,0.342782602867785,0.373329933965579,2.6838696500666,33.2379258606449,-39.4823764074735,0.0481807781383395,0.658566553378478
0,1,0.647335570043381,0.0370903806760907,0.837561559397727,1.65109770924468,18.2073718083616,-41.7768301975991,0.0829032975575362,0.911128408275545
53,5,9.15450049142164,0.0946183239575475,0.402389466762543,7.29255116026896,40.5896541692387,16.8037214221815,0.113150687275089,0.293501843931153
6,2,3.57818138790451,0.108024296967146,0.506839769659564,4.16119226964506,32.4968158971046,-8.37978325955833,0.109917836166443,0.273628115886822
90,7,6.67106173039641,0.119496240477117,0.168618115130812,6.62522019493221,57.7492892259188,34.8999143947182,0.0323893586173654,0.704737815540284
63,4,5.37688527693384,0.171206676634029,0.193647868698463,6.23384907920338,56.7190918058488,-8.55316817851021,0.124119940395923,0.500378722790629
78,5,6.34866253526796,0.0582877303556048,0.63481757696718,6.15749970519429,68.2175913172323,10.3807811432215,0.031770510179922,0.207293603569269
84,5,7.53465505403295,0.230808065346023,0.0148972659371793,8.63920735537944,66.0459262874535,10.2408837315738,0.0511430038139224,0.173658073414117
12,3,3.94347936321738,0.120536980568431,0.327381273033097,2.70499831631951,23.0194489801361,-23.766531207918,0.0444740338250995,0.699639244005084
59,7,11.3170853025021,0.347236682878942,0.800084895454347,6.15860670900985,28.045975231604,-3.75660605892589,0.00512706195004284,0.152192584006116
64,5,3.5070830621596,0.33907428033531,0.180505385156721,8.7176038873986,49.4266808126913,-0.345153224196252,0.1384260520297,0.514246081467718
91,6,11.534669862319,0.226035164192992,0.0659250130411237,20.674507889125,71.1827030117289,12.0728902387456,0.0849161942447436,0.210605145199224
32,4,3.94515366971014,0.15108175156638,0.66008912702091,4.69130169592136,45.0969587834943,-0.841924421041547,0.128076285305889,0.495166763896123
53,5,7.90413546695031,0.0356108678532484,0.939846086315811,8.07237984242258,41.8438276289107,11.1201122493471,0.134401514563234,0.292506948346272
57,4,5.80274846393735,0.0738062300952151,0.151521293446422,3.37871406818018,38.5281849322625,4.43298998143409,0.0210815202910453,0.691251573385671
69,7,4.41154085703507,0.650038915189141,0.286940314341336,8.24187284170725,46.0973527287568,13.6391057507028,0.0265736435074359,0.516798227094114
90,7,8.88267577914557,0.0504718589873217,0.507917606737465,7.95190525883288,42.1944445669838,15.3318937687182,0.00464814420943971,0.687992854276672
26,5,3.9759438793469,0.25451157054745,0.923896771622822,4.58925042260187,34.4587062129154,15.3608167586486,0.108085700772227,0.477640940574929
67,4,3.47367357296378,0.0109523117635119,0.436813231557608,2.95730908924733,36.7195169950395,-0.975267100856128,0.118840875193001,0.99004867603071
23,4,5.87507906252131,0.0267222649446209,0.968733343295753,4.89661086584494,27.8453740131708,14.1021610260727,0.221886607060645,0.195831104880199
59,4,8.50944735027404,0.0155140680027889,0.347602649824694,3.94707760852499,42.446065175131,14.2935962870026,0.0801178388232895,0.368131278315559
9,3,-0.0399031402201526,0.498156751950687,0.463004369521514,4.20214690663656,40.3110245303111,8.24233773593841,0.0351904979441315,0.0871875160373747
42,6,6.72283059125888,0.175836777839783,0.933600898599252,4.50654800698509,26.9897939257014,12.0914862163483,0.266845508465979,0.478098104475066
68,8,6.30730176424083,0.445444293764836,0.559808126650751,4.23181418784479,33.9729735367234,13.3939954172081,0.0581474673002958,0.412044154945761
88,7,8.75407381196385,0.29045167354748,0.186963987303898,12.185255214798,45.9306607041877,20.4348424120846,0.0117606936953962,0.08182198763825
76,6,2.96701995774924,0.357663877147033,0.488292951369658,6.4005628922552,64.0598748694358,0.849774772135533,0.0103179619647563,0.0550984663423151
2,3,6.84299022583951,0.100161558599211,0.913649697089568,2.82839362491259,20.2040300458639,-24.3910696665803,0.0666872440371662,0.620553591521457
25,4,8.31293556230238,0.141752286232077,0.543145636096597,4.35300923587627,25.8863490244167,-6.44140009524291,0.017011135071516,0.526440263260156
83,7,9.6961988961857,0.430533837506032,0.0921410201117396,10.5482358882525,54.9387589771044,6.41219306721266,0.0282288449350745,0.529465159401298
59,5,3.82064078811341,0.430280923822379,0.061304357368499,3.90250908624061,40.182279290276,1.55496806984205,0.00283953957259655,0.142563137924299
16,5,4.96750872550671,0.488715694730586,0.161852170713246,3.43985164237217,18.3488198165952,7.31469044380258,0.105569081190498,0.421883087605238
9,3,1.08265331835677,0.130280566782652,0.540682856459171,3.4383616583448,31.6391857203602,7.70127442211053,0.083566960036279,0.49670210108161
96,6,9.11807473041465,0.0393317382549867,0.453806014964357,14.8581804980825,82.6445912110465,30.8517210248804,0.191052690326216,0.840200912440196
94,7,3.53349142450484,0.122375773033127,0.823395081330091,6.95020267145799,61.5416380006783,27.4228482659914,0.103300984106482,0.488065014360473
75,8,5.37219801812652,0.396591864039606,0.805596675956622,7.24891701238453,56.8326091818829,29.7894144825772,0.0254758142601725,0.015297268750146
78,7,2.40838168793632,0.367682727514936,0.297960814088583,3.17131216360706,44.6953649097026,15.5153195711948,0.00661073175536391,0.27633710578084
41,6,5.34141929370978,0.0740192350931466,0.77123294188641,2.49961187873891,26.5550047060729,33.1490929930032,0.0516581270378083,0.438792390516028
2,1,5.28414719089101,0.000530656663118283,0.887886854587123,3.09997681050327,27.4557287526593,-1.52598432380646,0.391005115748799,0.710661562392488
36,5,0.561120661592212,0.277602367558259,0.459957433398813,1.91588960639201,18.020497127716,-20.9314176962474,0.0124932376202196,0.96151886950247
54,5,3.15796473276008,0.151229177834466,0.300738977268338,3.24076411880933,38.9487329176632,20.9441475707116,0.119462158775928,0.602998830843717
2,4,4.40202198873673,0.045811458196279,0.821672487305477,2.28925062515877,10.9323912342702,9.74935760397068,0.317556838674431,0.878535249037668
10,3,1.87647187261424,0.182642454736608,0.73488830961287,3.21694419665262,32.698379115884,-4.45346121600972,0.106693981209959,0.268351106671616
24,3,1.61272306013914,0.170114264823496,0.574690631357953,3.20143661724708,38.0008795710265,-4.59367713059725,0.154900245173814,0.746246902039275
44,6,9.2801928486035,0.219703453582454,0.842724644346163,7.32639164418592,36.3742000680133,2.63040171723542,0.0653900925961201,0.330593537073582
40,5,8.41624050940238,0.164027507184073,0.399052926106378,4.37859000662759,32.2478080990525,23.2124452661026,0.356930038870728,0.623436245834455
71,8,6.38274202049985,0.997845554709313,0.27365913009271,4.98126702411276,42.4553021898725,21.8684606614704,0.0165825101559479,0.00446767592802644
6,4,2.03414425377088,0.1102925601881,0.995531565509737,2.56985926095997,18.2384853813347,-14.9376876625227,0.0590745403897017,0.903184246970341
70,7,9.31558265815167,0.279124401266429,0.547460767440498,12.3453566893156,55.9827331899294,30.9959402190029,0.0254907844166458,0.0144688962027431
10,1,-2.80280493537811,0.184899257718328,0.422738725552335,4.64627152850888,40.6141806494284,-25.1902897900116,0.0312120177317411,0.447430221596733
45,6,3.75341267982668,0.384570628895216,0.233724195277318,2.55613829161635,20.6992830625683,-0.433506922912795,0.0134186200331897,0.783893841085956
20,3,-1.3832906802587,0.110899520572275,0.697519570821896,3.31551981217487,32.1769863966649,-6.24747106140101,0.211244098818788,0.692772091832012
88,7,8.25865633567323,0.20647785415754,0.335547653725371,14.6220813297586,66.6518579780717,15.4135612676766,0.100263345144213,0.43146589375101
46,7,11.0914190148395,0.175124215650114,0.769540653331205,5.75820863629412,30.8521098181967,20.1451308890737,0.17310552856976,0.845987315755337
29,3,5.76519121096742,0.114589761476964,0.41957923467271,5.78543321182689,44.2187114761804,-6.36060239987182,0.0517944245133549,0.0282790053170174
67,4,7.00377771767754,0.161219089175574,0.156898453366011,6.42481140067162,62.1539911117191,11.6190998910936,0.12529740910557,0.124166123569012
30,4,0.670152684247963,0.117229211002957,0.593030263436958,3.37868291403993,24.4832180899703,6.00455307526271,0.0584882529452443,0.700923323631287
68,5,4.36158995576101,0.114016746388452,0.101468276698142,6.02881819674072,50.6834280119738,27.9037197384559,0.0686243239790201,0.37115814932622
56,7,3.64492026076084,0.256618052943352,0.828841093927622,5.14310279835811,43.0473531185073,24.4574640879552,0.0180353385363699,0.215666798641905
65,7,7.62528091473361,0.128460537490153,0.657460389658809,3.37507536271737,25.0263734554857,-5.71867053386868,0.0310119199100882,0.588193243136629
21,5,7.0762987951103,0.309448620293963,0.787339252885431,4.05339889072118,31.3890610668459,3.23827893196916,0.0182354774326086,0.0735278085339814
38,6,3.0831291657126,1.16380966914104,0.172912231180817,3.69808414601741,29.8685511808931,4.31441773305531,0.0226747916545719,0.574790904531255
10,3,3.03269583563349,0.0552285426529124,0.965830203145742,4.71169243888769,31.9960075770349,-6.97370102053299,0.0761002678382111,0.252706970553845
77,6,6.40718574493061,0.396281996720886,0.254013944650069,15.0546576674938,57.7951486138224,-2.59270266550988,0.00264324842883071,0.0713583356700838
50,6,4.54936318956026,0.176243753627616,0.42941529629752,2.52890518854101,29.6488779100261,23.0282393229938,0.0940178958657098,0.716830051038414
43,6,2.66600410625255,0.231037341280583,0.742907505016774,3.66110359724072,35.8104999180181,11.5637479415959,0.11236114045185,0.874449067981914
