K:10
N:500
Gap:2.6630808398074
Rho: 
1 0.8 0.45 0.2 -0.3 0.7 0.75 0.5 -0.3 -0.1
0.8 1 0.45 0.5 -0.1 0.55 0.4 0.6 -0.4 -0.2
0.45 0.45 1 0.1 -0.3 0.6 0.3 0.4 0 -0.3
0.2 0.5 0.1 1 -0.5 0.35 0.1 0.1 -0.5 -0.45
-0.3 -0.1 -0.3 -0.5 1 -0.4 -0.3 -0.1 0.2 0.2
0.7 0.55 0.6 0.35 -0.4 1 0.8 0.45 -0.2 -0.45
0.75 0.4 0.3 0.1 -0.3 0.8 1 0.45 -0.1 -0.3
0.5 0.6 0.4 0.1 -0.1 0.45 0.45 1 0.1 -0.2
-0.3 -0.4 0 -0.5 0.2 -0.2 -0.1 0.1 1 0.4
-0.1 -0.2 -0.3 -0.45 0.2 -0.45 -0.3 -0.2 0.4 1
X:
74,5,8.1752654128964,0.151743969065137,0.0434470120817423,5.0027440017297,48.7420531168679,26.9484040168994,0.175107566445115,0.535993961151689
28,4,3.35410147796156,0.166654477710836,0.865157653810456,3.53962681026585,37.5996434656185,0.83178860738966,0.0654799452517182,0.595121188322082
50,5,8.97406621518179,0.193908120280292,0.606604027794674,8.06412370584351,58.6314044386975,17.268023882405,0.039370454242453,0.00550423166714609
57,4,8.99358246254377,0.115752909276779,0.0254584862850606,6.19384400116777,41.4471993509759,11.678989792701,0.0322643124032766,0.451375999255106
3,0,3.393667686232,0.0987744085723534,0.275131947826594,2.940147045393,34.1589386125668,-21.5399715275925,0.0569404141046107,0.622358249500394
14,3,1.85954887037648,0.168210396077484,0.857517798664048,2.58428991225147,21.5660281364132,-14.1439861851013,0.0106338335867533,0.355115897487849
44,6,2.70484012997034,1.19646030158553,0.0899750937242061,2.88409543474325,35.3488314501657,12.7811930177026,0.00471503716584031,0.368364599300548
5,3,4.85056644689057,0.113914901274256,0.809594599530101,2.36355487408242,20.9403146351353,11.1230637960689,0.22664486261687,0.808502744184807
11,4,4.70547170524074,0.494760248323387,0.806667363271117,2.99729416438841,26.0493333684547,-1.39820318649568,0.055372157599777,0.0464732949621975
44,5,7.32838034153968,0.291983862464062,0.335317941149697,3.82211621077423,30.3271286904042,13.1353192019004,0.0783428990240109,0.272977062733844
9,4,5.98606542416929,0.0894532901002094,0.628463023109362,2.64054189246788,16.6060807326326,14.7080067537552,0.172289388533795,0.937443102244288
0,1,2.32991403151435,0.119920203695074,0.183374106651172,3.43180064572987,27.1154147686015,-3.81683207213649,0.284622555954342,0.978617581306025
82,7,6.92406944839644,0.224283733860332,0.504465197678655,7.69453401468635,64.8003436297471,22.2077632421157,0.0704365383791638,0.591449873521924
14,4,1.48432087192235,0.831121579739135,0.115534165408462,2.55035839837086,21.1979135641454,5.78958508094571,0.0810903328428877,0.368324829731137
43,3,4.86482405935774,0.204164983228523,0.00630330899730325,4.11762621008257,36.0196233495873,-5.47750290185629,0.239737653160904,0.88985740323551
18,4,8.26842236850501,0.120639454689808,0.601001864532009,2.79323887136311,25.9467707920127,27.6634264938765,0.0557257950305939,0.192237121751532
5,3,5.24878526378125,0.24508835094862,0.379387054592371,4.65155020355132,23.1245536218825,-0.955432127302842,0.0340394211933017,0.23430043971166
43,7,1.89943177234518,0.769462810126587,0.643438227009028,3.80167160495538,36.7797055942266,12.8898924883146,0.0983439496676338,0.464672515168786
20,2,6.3504689660861,0.0420360929429666,0.507539363112301,2.52687511406872,28.1003228948679,3.71574749100603,0.115975657716795,0.264337030006573
29,2,5.6096961360263,0.192407463524886,0.298048308584839,6.64995398436341,50.880367331533,9.57152813655169,0.117579954206468,0.0549888422247022
64,6,9.0971577758349,0.510712095980948,0.0796383926644921,10.4826415435128,63.0675930688466,25.1976522868249,0.0339941413146056,0.147316089365631
39,5,6.89306020521895,0.130288137355819,0.603651508688927,3.37330808246654,32.9932754059873,18.5228283336441,0.0916944072539819,0.721863596234471
37,2,2.11795367793437,0.0872907807352021,0.365800124360248,5.2650012158803,50.9241978988766,4.54557502760259,0.0534862295860977,0.304681233130395
48,4,8.34387303135134,0.0624257760355249,0.6187273634132,5.04888887779033,35.1440479602878,-12.7708159641204,0.0415929004084319,0.714489299338311
23,3,-0.213201386030643,0.358560033020838,0.399912755703554,4.51303360401287,35.3007550730522,5.56556563066777,0.0733772748107922,0.123815479455516
32,3,6.52575935276115,0.0805438880079073,0.203504118369892,4.39442097737635,31.132295944196,6.78158486527102,0.312150619150036,0.897439333377406
24,2,-0.399263139067278,0.0203576154891923,0.711043886607513,3.34667386072029,41.6123654159824,16.0558230152184,0.32831359503973,0.863863261416554
77,7,8.61190778869737,0.126924860524014,0.527759025106207,9.28017573254494,63.6582617168932,40.217017444379,0.35558705674451,0.160254581365734
35,4,4.25160952421827,0.0826904372560778,0.645045801997185,2.01776138546433,18.1536802943857,-4.53569711869661,0.0334540888667107,0.809908240335062
81,4,7.91496715883188,0.0835838125785813,0.103491715388373,5.62171505991861,44.2827996819671,-14.7844362390113,0.107120974518255,0.989745979895815
55,7,5.03576482304503,0.0960653434740379,0.772063612937927,2.68253261624544,32.7699139923176,26.8952736919646,0.0341234262567014,0.480338951805606
76,9,7.40503396273421,0.201597457508299,0.691709431353956,5.14937162124285,28.7201961891471,21.5461839598863,0.0372464284766465,0.558657186338678
94,8,10.8923239182893,0.0570048817899078,0.744731645332649,12.031113199414,72.6259567172141,40.2496279812628,0.0834371988619578,0.450528554385528
11,2,1.24764339737234,0.202130821345516,0.21747146663256,2.57635722267587,21.4566474064869,-7.39222501454823,0.113300181082906,0.95365676167421
8,4,3.51650239319056,0.307665572025555,0.900581437861547,2.9721175980037,26.3108384014349,-5.70716731459519,0.0933451223145139,0.234336298424751
58,3,6.33550630431006,0.0367700153728947,0.17969001387246,3.10492364958059,33.7002504861054,-4.24581933786339,0.0431271571666002,0.608686895342544
99,7,9.71514130263468,0.459045503733164,0.187116137007251,10.3714284991385,80.1826387176712,17.8251133171085,0.0264678364619613,0.00357137969695032
33,4,8.04758349252891,0.393639110007739,0.108029909431934,4.95429863610382,31.6918943032796,-4.95775313876566,0.0113303777475791,0.0682212165556848
88,6,7.78942323253967,0.301802800492126,0.0331402383744717,6.16172413395306,53.2163044960027,6.10926773330435,0.109326144303651,0.797270700102672
47,3,4.78718084878397,0.139750098111108,0.108525861054659,4.10754435238203,47.3703086547844,14.2040631597032,0.0754090373505699,0.191528319614008
52,3,6.82472583629238,0.116058966494165,0.229823688976467,5.49399179918992,52.1369445331791,-0.0506145966076179,0.149287738642635,0.712592134252191
31,5,3.33385960773868,0.408440576379603,0.637474811635911,2.56426306119509,22.6754881844153,5.3347866980756,0.00254024684497785,0.292316636769101
66,4,6.7694213482364,0.0520799179794267,0.329620376927778,5.92671597361845,56.9569427728415,15.8924828833577,0.214082339952204,0.885277251712978
27,2,0.165666667291831,0.12789833440911,0.381768353050575,2.43934653445582,42.8638266252481,-10.057967043256,0.0910289327801862,0.337171423016116
17,5,2.29323215051656,0.618294756362373,0.365784274647012,3.54323551905383,20.666451032087,10.6349291111863,0.0183544196654111,0.0645207904744893
44,3,5.35993309001416,0.111599252209999,0.074524367460981,4.96549331099066,49.090852547141,10.7545160342328,0.0735008583362115,0.4643291272223
25,4,1.97670603768767,0.403887530767775,0.792513641994447,4.22473668614948,35.4361163571239,-4.98091232127676,0.00693542431423457,0.314926196821034
29,4,5.42368417472955,0.14588776580058,0.80539005366154,4.60909397520315,36.3815084476942,7.00583971022497,0.243472052858133,0.353344182018191
48,5,2.64321582539845,0.317025210697877,0.609441316919401,7.77280789046376,44.6596610554828,-2.26838840764025,0.136338192685963,0.55800234246999
49,5,5.01262443565081,0.599926844673389,0.089099548291415,4.9167041722304,36.6687822672686,5.89308419085328,0.0181263712251327,0.502871588803828
1,1,-1.21463381391789,0.033918745117262,0.847841569455341,2.56625009649277,32.8978339250546,-3.76748584520304,0.102497625445473,0.485396584961563
7,3,2.5371056898804,0.202113411316596,0.8493224196136,3.79322298106727,37.4761169582855,-1.27027771252163,0.0584404150024056,0.399165459210053
30,3,4.00273147995673,0.0701501108705997,0.673666864866391,2.59632912304344,35.8992266630096,1.80435803785339,0.272888900513265,0.74771311879158
67,4,7.53915274531356,0.301680338558483,0.00201249262318015,7.65660167446705,57.4145300879211,17.8340899596431,0.0328333079814911,0.0175846703350544
88,5,10.2058261927921,0.0487455163505723,0.383009983459488,9.60484072899131,65.9251336347529,18.1447844210864,0.0826866857681111,0.343557197833434
56,4,3.73000195085493,0.193389102573249,0.25981024093926,4.52800902810097,45.0185409821229,-13.2333808878222,0.00242511141113937,0.422675651498139
93,12,6.48105874015014,1.37272514069552,0.0315436848904938,5.78290291365161,45.3045695022766,29.5662212437995,0.00761704156175256,0.659812775673345
41,5,4.53789848264358,0.139325412572362,0.921482019592077,4.14270035045062,41.9800066002549,19.0321393953036,0.0259290747059583,0.345111781964079
57,3,1.20488070672206,0.119703674921766,0.27835566457361,5.37794768964977,58.9850643940881,12.4833478486982,0.0187663432033785,0.434994161128998
13,3,2.92471150993551,0.131148136337288,0.764488258166239,3.10428557213334,24.0126488267805,10.7129254749177,0.0439319559372962,0.113920966628939
47,4,3.72879088762202,0.325823568030003,0.238049472449347,4.49732975741402,49.1613098172473,3.00344853958136,0.0360015587822448,0.647818118566647
37,4,3.00828157028028,0.0477248278912157,0.981456455541775,3.1410943863331,31.8345541073238,1.4088119439795,0.184207784562352,0.98626005416736
95,6,9.0877594818228,0.31152127519131,0.0731217483989894,8.65181591926961,59.959894435947,-6.47367969515823,0.0741924635092628,0.499366856878623
48,6,2.50492603386865,0.470894775332368,0.204029018059373,4.30944151991846,36.3352388816556,26.1342672705416,0.0301338649658168,0.64578189374879
92,8,15.0796681247223,0.116434553638101,0.607971624005586,16.1459577951211,72.5563336268544,43.7909409181494,0.0927095678544656,0.20375212514773
94,5,8.33517758624378,0.210586698252243,0.105347103439271,16.0137971483492,89.9698468195053,16.7307814225691,0.0697102505671692,0.0759348312858492
7,1,3.48690400400665,0.170402990886942,0.157686724793166,4.96927844373854,30.0074642188789,-11.3512016364123,0.0760032332460296,0.296010703081265
60,6,10.6353916638774,0.171026482712477,0.502230458427221,7.21200874292761,41.5338673499126,20.8080464513801,0.138678131694129,0.155136671848595
55,4,3.11195404955498,0.381185164654112,0.171716223936528,6.54580326744859,62.502366224303,6.06647134730732,0.0340565865393728,0.140345495892689
95,8,3.68863274732994,0.293287595956329,0.591412431094795,4.29997411190728,36.2171850685467,2.54770885169357,0.0231257427571778,0.801973218098283
74,7,3.76320735327737,0.155560745042749,0.821132539771497,3.94295207899669,43.1916052081094,-4.67251360962599,0.0102074198152393,0.667268826859072
2,1,3.62507205716971,0.000708402367308736,0.986544609535486,1.59519665205085,28.1058574026221,-8.60541496629652,0.0980800739670321,0.678871324751526
54,5,4.23705353593349,0.303601811862293,0.349346342030913,5.74203121063964,46.0942488417633,21.2867255044635,0.101176272787049,0.28311485867016
44,4,2.85487397829315,0.0742668529828897,0.475256123114377,4.63831199844686,36.0687281068001,7.32753766302661,0.204417522308924,0.896521508228034
54,7,9.39793162109283,0.872412543472342,0.345627995440736,6.45194387463124,42.3340134672206,8.12204879596621,0.00398025340400636,0.00280611775815487
50,4,5.96862041715226,0.0346434317762032,0.870931448880583,6.29339252751236,38.5606508305417,2.06382008716624,0.0471634593326598,0.471339046955109
43,3,7.92593120363356,0.211303677166554,0.135407416149974,9.27679214890739,51.4607502977753,-21.4312698322834,0.0779265970492935,0.24480609735474
14,2,-1.49725777440866,0.0170808862894773,0.996123197721317,2.16063012771481,31.2017446196133,-1.05225049651341,0.0884587021610378,0.287886695470661
42,5,4.4610256749239,0.625215130565441,0.0903733833692968,4.89382569008099,41.5884318636167,14.4360068631951,0.0628202867694199,0.187476871302351
98,12,11.2964380132134,0.144553474732675,0.625750415259972,6.00737457643558,33.0096295907803,18.9749844447908,0.0023174081929028,0.792911788914353
43,4,7.72762979667369,0.182813910989764,0.395228809677064,6.97057831393658,55.2051727804107,9.40135571639244,0.149460766642335,0.11098915617913
74,6,6.70104253563102,0.0418123246636242,0.715913533233106,4.0172494416881,39.0569121580527,16.8742321341869,0.0778299639890802,0.528982973191887
36,3,5.69709650120337,0.104500935762189,0.284514896338806,7.26809834887067,61.0566363302085,19.4419041416365,0.270594148511503,0.257355252513662
26,3,3.45407851040076,0.422730399736216,0.178368178429082,3.14018436355637,30.001807877343,-13.5440051765366,0.00202952302061021,0.265947302104905
44,5,4.24043757829464,0.130045380395553,0.803304729051888,3.72250224382004,28.0179071564301,-6.19968257275527,0.0482736250851303,0.636794195510447
20,2,4.47316736325653,0.209201679338772,0.403248275863007,3.86090357568448,37.6408814550826,-10.1871113069879,0.14721214076212,0.561341594904661
83,9,5.68312305719141,0.237113558394804,0.456260428531095,3.00060428829993,32.711000027041,34.4733592427311,0.0433352039195597,0.469111934537068
50,5,4.54873173249294,0.592686526911491,0.08163130027242,5.52047269185227,47.6643123254072,21.4903350750965,0.141694541453364,0.64981805649586
99,7,7.95352139355702,0.0665855488041416,0.640859817620367,6.70279608238231,52.0972200504138,19.1548092523257,0.124852607953818,0.691061849240214
91,8,8.42381191332732,0.730325923487052,0.0217464833986014,10.2731907560949,47.6998576095236,22.4022854328941,0.00712489665921908,0.0998645208310336
29,5,7.84279049600315,0.192193148531234,0.799819389590994,4.27107537869271,33.6976001750453,26.1178859281354,0.161509708875421,0.486398975597695
26,3,1.71872081653991,0.417456860633051,0.402129875263199,4.42134648823109,35.6051300149605,-7.8225268214338,0.0576439436990768,0.502746966434643
41,6,5.30159547228126,0.249640034501183,0.605488882400095,5.48975493840583,38.0375727295048,37.4512519862058,0.339590704424267,0.487423161976039
61,6,5.53413374500392,0.413163839352733,0.159632857190445,7.57262014543146,43.7576992698952,27.3153693363768,0.0426267818459657,0.244527370203286
31,4,4.4102509640087,0.0808862308040261,0.906727454159409,4.13997090616822,39.5854481838861,5.17738887373397,0.0291940982919186,0.34805368934758
40,6,5.09599881377966,0.468485038706517,0.754455406451598,4.49620544163945,30.3140411749756,-5.23707057128725,0.0585320291109383,0.242639017989859
97,7,11.0514292723524,0.428229329620904,0.0452445419505239,9.6355328604683,54.7985745753244,6.47567718078059,0.0650473245419562,0.344053478678688
82,8,4.84675626842567,0.175965653239469,0.953940434614196,7.58987442881158,57.9268816390355,25.2875105952228,0.0630777034442872,0.244011768372729
16,4,2.73398113064687,0.306900627667758,0.639274211833254,2.17213477016058,19.3494393724029,0.266634998243322,0.0945038931494485,0.652318526990712
35,6,0.760819472679374,0.328761000408533,0.859677150379866,2.4725288426113,28.9867008160902,14.5013411346104,0.156604723437669,0.605686185881495
0,2,6.31939197775887,0.23011713355754,0.484738251427189,3.64830793729882,30.2223708612483,-2.26564889920046,0.0827257414306414,0.0991557552479208
71,7,4.18277947905994,1.04836225969003,0.225209432654083,5.51399733708897,45.8361724312802,0.494883636917033,0.00859352680154014,0.218737039947882
61,4,8.11666358083655,0.118007093435153,0.0819903982337564,8.30679164065536,49.2489272527116,8.02740379681986,0.0397964377887547,0.592715027509257
95,6,7.24020940887337,0.230937675616424,0.0445905465167016,8.76652206825267,65.7815914946728,17.4655207654893,0.146507986999097,0.496235925704241
1,3,-1.99397739383673,0.667598409081036,0.198670186568052,1.77113486284565,10.2540401763527,-22.096113648621,0.0058375206310302,0.652730560861528
50,6,4.64504827936564,0.290786825569373,0.830561114475131,3.50228021133604,34.8898790978383,3.13912324697777,0.132409347682716,0.475788982817903
7,4,4.26784382992178,0.416146637850857,0.842512391507626,2.91992286757455,23.8861460932545,-4.77455503496284,0.084843631177665,0.791790921008214
59,7,4.43069785549861,0.0803699600510299,0.769058275735006,4.54862643948174,35.052493931511,30.5330969647567,0.0130906236357987,0.689435042906553
93,8,7.8971601354935,0.0791778213674022,0.951209178660065,5.90439475953842,48.0620226372818,13.0833738990527,0.0208656622937659,0.0667174065019935
10,1,2.60829767197121,0.123001063824631,0.112940102582797,4.48427654606089,42.3996349686344,8.93683793796348,0.095364594548465,0.434512434992939
87,7,8.90299093755132,0.196480085829946,0.250173832289875,5.53213797408584,48.2374312157047,14.4585442732742,0.013660350209102,0.394157339585945
38,6,4.96233375592735,0.537710747709665,0.542728375410661,5.12093717891425,27.1052976976103,12.562622973009,0.0628493503125549,0.163134623784572
72,7,9.24883252231093,0.299652805308554,0.111532707232982,4.19860370116668,32.1743248695902,16.5309729464941,0.0348681530915201,0.836576222674921
18,5,5.86769753154891,0.156721648527309,0.733288634102792,3.65068883515677,17.6044830014471,18.5162189919072,0.0860662933254798,0.334435033844784
1,2,2.04983174748738,0.0564997416222468,0.965145258465782,3.62820294574175,28.5730490384877,-18.1809213967969,0.303923425061588,0.74187292647548
58,5,3.93528384157099,0.0936612788354978,0.875380113255233,3.68493081856945,36.5733198882925,-8.47717315970736,0.160885684600348,0.836692914599553
28,3,4.16397400527822,0.0561227230355144,0.964652145514265,4.72128522712476,42.2088449866475,14.4411930574352,0.0398444432299584,0.40372049366124
18,2,-0.51413945277549,0.0362646283930007,0.669674823526293,1.20463552159111,21.3603678505572,-6.52633253329912,0.0316892711445689,0.882067521568388
3,3,7.0870743173106,0.0813406476518139,0.727855669334531,3.38764892915135,27.778692306623,11.6823300132857,0.291010121761218,0.815813972149044
68,4,6.50827947241514,0.104287009569816,0.0414554222952574,4.65367427255726,42.1996337488478,10.3523448403354,0.0304405524861068,0.280076923780143
84,5,4.13872574922682,0.0363362468779087,0.354349977103993,3.76312097804449,51.0708977980753,24.3476891404895,0.0356424639932811,0.906279877526686
5,4,-0.17323815616992,0.682153914557928,0.605344431474805,1.80885364036129,21.9410382270216,-10.7775096376764,0.0358728018801587,0.318319910205901
24,5,5.82185328218035,0.233398800891576,0.363549144007266,4.4941274479071,31.9955189048476,39.9507730522807,0.105295936852218,0.108245768584311
42,6,8.49641174043965,0.300800500427115,0.262950778240338,3.3162865686353,30.7452004042293,26.0007314997797,0.208402915888056,0.530641460092738
0,2,-0.421667353136191,0.376284807462766,0.134578993311152,1.97430599985478,17.5382538581301,-29.3978646724689,0.0429859436117113,0.298185390187427
27,4,7.77757075883904,0.353029712547964,0.421685489593074,4.2652660805737,25.4639810577368,-22.5075135950087,0.00502816354855895,0.117456073407084
78,5,7.56415905380545,0.146109239547513,0.295670107472688,5.92740969003431,46.8599020306596,-11.610840899662,0.0415877798627668,0.817253189627081
84,9,7.99626734144819,0.251944635965644,0.852019146783277,10.8445094460431,60.7984746508664,27.8953249055226,0.0166733790654689,0.0398603908251971
93,15,9.55860411881419,0.455880204194641,0.355007572332397,5.45529207025714,43.2385067639536,33.7080713887826,0.0421045633032918,0.471410188823938
32,5,7.63525464400396,0.0842486993642524,0.784883680287749,2.17979440704615,23.6283282664877,23.6249604825685,0.0844254789831949,0.842145947972313
24,1,4.42405766455571,0.00555598717433854,0.552213718416169,1.89903808569732,29.8901863997348,-3.39515704701554,0.0889746117272103,0.842953074956313
41,4,2.6872047011539,0.0253368121854924,0.969800649210811,3.8431099777501,39.4275507775166,9.31228128708493,0.167929896890166,0.568463075207546
37,4,5.92371536951354,0.0918643329059705,0.449993476038799,2.94731046684586,26.1851393745641,9.64139841431778,0.15826277117336,0.805027702823281
14,2,0.372169139156087,0.106560563006871,0.825709079857916,2.08527784003395,27.3524997699481,-20.6688090789874,0.269622386420581,0.86384463775903
57,7,1.91588573391497,0.1252657197183,0.742170095210895,1.68671125245037,28.8626073630323,27.3528780305364,0.149855843314746,0.738045170437545
28,5,3.40522865626354,0.104865900124423,0.953252164879814,2.25244400875583,25.5620982908648,2.78339527412332,0.19848279840404,0.917791198706254
30,5,6.72052197156348,0.410957288907325,0.333467111457139,5.79940354550444,26.4415428961355,1.70255787894713,0.136885574455829,0.758135799318552
21,3,2.69987525138839,0.0821761930128559,0.916329114465043,3.49896926944941,33.8067318094314,-1.28951085063795,0.128068034439803,0.737492274027318
86,7,4.02286722328375,0.322805865191597,0.16151219420135,3.79712069612839,38.5204444656056,8.36185425781472,0.0120265562725003,0.584992775926366
61,5,4.68370460883584,0.0335606115404516,0.933588535059243,5.11909802100442,44.2492171308861,11.5422786767853,0.0841648749965143,0.329699397087097
66,5,2.11264515255626,0.0581542003847091,0.779453967465088,4.17806471866018,41.5368339563874,9.06292924755283,0.0243636122141897,0.829636457376182
91,6,5.47379132333756,0.189809774503785,0.474356448976323,9.89260915824414,64.1089006550441,9.96522536453669,0.0167472571600229,0.362414016621187
8,2,4.32809004585621,0.0128657886525616,0.930385740939528,2.69145127894548,34.2209350897089,4.83846287006782,0.141778582887474,0.634009511908516
97,9,4.11804074279752,0.154265748686157,0.80582467187196,5.90191002825194,55.9110810531552,33.7395318701693,0.00737862930462621,0.370548947481439
13,1,6.15427173681055,0.0557696447940543,0.145057083340362,3.8739357103193,26.4389840301138,2.26873680321181,0.113820965025098,0.603383607463911
12,3,-0.103325017874447,0.414234603905046,0.714734639041126,2.69939357308697,30.9534298406347,1.91458243821575,0.196563599809053,0.437957893591374
52,4,7.73411502088901,0.350593238678953,0.000541054410859942,6.28171660418546,36.5995091507491,-2.53258709106346,0.028393138592485,0.0995020905975252
83,10,10.1018278121969,0.125894144992344,0.691827134927735,6.99408219594562,41.4912444038007,47.7935332629746,0.0888054882134211,0.431313422275707
76,5,3.02978413529327,0.202225077886808,0.656242771307006,4.61948747788074,63.4374900591549,3.88738566313399,0.0531147383153439,0.703074549557641
95,7,6.55444139520208,0.146526360418648,0.279867500299588,4.60499938233382,52.742529538699,20.3833482464644,0.0572815323714167,0.655916757881641
25,2,0.367567930275097,0.00216194265522063,0.773204716155306,1.24569195371656,28.0626010141386,5.51430908455145,0.284745325016641,0.93522480642423
30,2,6.49215190818169,0.132993432111107,0.243299992755055,7.20899943373065,41.5626825696296,-2.51484561729022,0.139867662490067,0.421146350447088
32,3,5.2604452336622,0.161558635998517,0.332597966305912,5.33537113980853,36.2403223543869,-15.8803797460143,0.013275894812457,0.465881698066369
39,4,5.7340753682532,0.174137588623494,0.287032115040347,4.34154875954566,42.5561365268742,8.39573889181596,0.188822445637527,0.82155854604207
30,4,4.91699007827907,0.1957738075766,0.360555477207527,4.28232226773819,24.5119748487547,14.7303234521672,0.114737206431322,0.40528082754463
65,8,4.50407875859591,1.66507374811779,0.39770891983062,4.73588729506653,35.6012296095845,-4.10354280332223,0.0116838112316335,0.102281712461263
4,1,3.40788639590651,0.0105250893393531,0.865833275718614,3.48682762774537,27.1585380883904,-19.4534699647799,0.317999866588001,0.775752917397767
74,6,5.70601547077215,0.429608228648961,0.231702160555869,9.37800609577367,57.7648611482655,2.73702426104789,0.0028785896487534,0.248242887901142
85,10,9.87766326437692,0.994972133490831,0.325131910387427,7.90119369471239,42.9727234508938,7.99894032013193,0.00120387067590098,0.0100879252422601
22,5,0.561988416153653,0.651987118149334,0.377920261351392,3.24080139380506,24.1790011309116,11.0718452996522,0.0417671191040427,0.740719201043248
59,5,9.83593896279131,0.0444080282468349,0.96706317528151,6.04188232908578,41.1896792792459,7.18467912902318,0.171301756232026,0.562206721398979
18,2,5.18203516010661,0.246474272328171,0.0574439042247832,2.41074252806001,18.7057456484327,-19.7736509222392,0.0326129239518195,0.607373366830871
61,8,5.6758306298676,0.922669131415915,0.454741119407117,9.47008922795816,54.0472770651977,29.0904370717982,0.101543841599942,0.0479436328168958
95,6,5.69197488936527,0.0636708264937624,0.485563330352306,8.00057527759922,57.6028143759948,7.55217116897244,0.0225099535206376,0.798445262480527
0,1,-1.29731226513848,0.122422898886725,0.684921600623056,2.67926023093707,27.1724516488207,-34.7121752020604,0.1383922140072,0.924862533574924
96,7,5.06503494436221,0.0553954219212756,0.755970504134893,9.75088976801121,65.3463895749502,18.8364990588196,0.174890476829352,0.9076523904223
14,4,2.39275295551601,0.227213707375832,0.990949767176062,3.32337996895989,33.0873315226969,6.8040624498006,0.0512622820709938,0.3730610657949
70,5,7.82025051205069,0.0420277701508477,0.561090055387467,5.98865694622887,56.9230364236231,38.3701739297959,0.441659490287209,0.654645064845681
75,7,11.2347335777988,0.537090446302825,0.292000207817182,12.2051801056593,52.3188620187075,6.56950313196051,0.0149556478804928,0.00779210403561592
32,5,7.52979837015496,0.49508665174008,0.318193953018636,3.96014000149187,32.200559968978,27.1925011421436,0.165536182332706,0.127232147846371
73,4,4.81573263343704,0.341931497900489,0.0555995600298047,11.8580218297577,90.3629276000246,21.570279221462,0.0352227741386741,0.0129203388933092
41,5,9.01415645241828,0.0890270961681381,0.757358729606494,5.73530289654365,42.2010030522296,38.0174168518802,0.185582407182994,0.413608152186498
21,5,7.32740890090035,0.0616506789810956,0.991554043022916,3.98799870113136,20.3755397907357,7.06766684122483,0.162636696839729,0.358212840510532
28,4,0.703576152280412,0.0567307512974367,0.987120475620031,2.99485596189178,26.9605496978783,4.33772852318193,0.105404633103167,0.788053879514337
26,2,-0.1213261903325,0.0057914967770567,0.813644246198237,2.19112378232922,36.0772737642005,16.6409238600601,0.654243729784529,0.971132372738793
60,5,6.65173198509102,0.394570748766369,0.292251334991306,11.3752053049778,55.222625669965,-7.66484193999004,0.0152474905829877,0.151899999007583
67,4,8.41264972653587,0.0468137032585219,0.734643195522949,5.81901156253938,49.6017620430409,-2.19222833261009,0.0764865815799633,0.327715547988191
66,5,2.92398911568716,0.0437044324353337,0.813316504703835,4.68074203763244,51.7197780008509,21.429863848953,0.0528972564730793,0.905343725113198
61,4,5.33773980999591,0.0127240393845859,0.765821972163394,4.77306923256012,46.8473125515311,2.39043030454323,0.178721523462775,0.759401346324012
37,6,2.09271005363827,0.515814385355866,0.533600894967094,3.47884886799347,35.0358881734766,30.9702840422351,0.0253061623152102,0.0539767646696419
87,7,3.47371849001589,0.226023982966992,0.235890254378319,4.01486771494009,34.9838942021478,11.7505247529698,0.0722420965364754,0.907603334868327
15,4,-0.0882818535487582,0.796456152531219,0.141318571288139,1.99844940767968,16.3502626612732,-17.2909872250506,0.0258763467840321,0.705039804801345
93,6,3.37625268131257,0.380980392431325,0.015698526520282,6.09548504282996,49.3404720349186,6.15622956468411,0.0051412686681141,0.554404365131631
28,2,4.0024302843865,0.00687998929060996,0.909909286070615,5.50789126568607,52.1717533299031,7.0891450631326,0.260093674237344,0.407460602000356
22,1,2.23341895660268,0.0151552404450348,0.908385558519512,2.57361135040387,36.0737474147505,-16.4867359004866,0.0454684301813678,0.752284085843712
99,7,13.5861179694042,0.415792431374934,0.0401878952980042,22.2461675142367,60.1002178047517,13.9219800949777,0.162502495377305,0.357784665888175
56,6,9.64214583921125,0.765183148782016,0.01886116550304,9.60168174882143,47.9814946241181,29.6757345622432,0.114929942875625,0.220091330586001
31,2,3.66021456487477,0.0143713492863799,0.715180479222909,2.80671796851147,31.711676213962,0.433517882001281,0.111929335813494,0.974889571079984
21,2,5.52127016751047,0.219958076243031,0.10596373071894,4.36226593690339,26.3144242616243,-18.2520318833746,0.0197625322733074,0.672219809610397
93,11,12.1560786306151,0.452729962279505,0.500214077997953,10.9816387945508,43.5532093317033,14.4750871444506,0.00226799910888076,0.0273880278691649
43,4,5.93051542264483,0.118130897521041,0.578289258060977,5.77925536594086,42.0693511867388,1.34380584812294,0.0459190915804356,0.142930968664587
71,7,5.59199208220528,0.0619013856630772,0.79738032608293,5.51782404187214,46.3587803872047,28.0310787651079,0.352080385924733,0.743720127735287
5,3,-1.99127732863831,0.0918207697012106,0.965841890312731,1.89594335168356,21.6278277108944,4.5456316191993,0.111576658483119,0.644885158166289
58,4,6.06085485927824,0.014602547744289,0.964871187927201,6.1459191212904,53.0538109122347,12.8857150212848,0.372827469350255,0.787483400665224
40,6,7.06320788829981,0.521200629589556,0.247627622913569,4.34959678654026,27.4610319037605,18.0566669756941,0.0526033262950724,0.179048269521445
38,5,5.01031115288277,0.386549349853253,0.113091329112649,4.26758669513176,31.572380000412,12.0472426973293,0.113467529505016,0.933963359100744
70,7,10.4463973638088,0.574863999692858,0.0490381680428982,14.2440223063224,46.4239905033867,6.55084651244687,0.0111172039527446,0.182364345062524
96,10,4.40626643105382,0.6029604836052,0.101759048411623,4.73111506544222,49.2751738995869,35.5214018750318,0.00116325236143479,0.334228260209784
35,3,7.19001272621449,0.137089989497326,0.069371635094285,4.7239059618317,33.9037617913134,7.23857231925713,0.0588907861150801,0.150657145772129
96,8,4.36780054908115,0.361723042175742,0.251503403065726,5.54038223520124,48.3522728447685,18.1892739910638,0.00125620975159109,0.269972783047706
46,5,6.58099647188862,0.152944661560468,0.359628285514191,3.25943855090342,26.1787477686979,7.35461649279369,0.010783892031759,0.768815932096913
11,4,0.397972393048487,0.288164446352723,0.883375939680263,1.29722530526207,13.7916294633007,-9.45167650219754,0.118464281592042,0.832929030526429
99,11,8.4793413794509,0.793928489047003,0.0578084231819957,8.09830959782128,53.2548607745505,33.8193868057451,0.00591104123741388,0.158138809725642
14,2,6.29162006427087,0.168469487805851,0.525285601848736,4.06548577818977,35.174042116122,-2.48225356615141,0.0286600884981453,0.12454897351563
6,1,0.235201918793899,0.152790309279226,0.336487316759303,4.41104592952038,36.1550184069915,-18.7267352067774,0.165801327059556,0.411462449934334
4,1,6.17124846707206,0.227287132049653,0.0706863927189261,3.18287636930222,27.4686306696393,-18.8473823407926,0.115171533632548,0.451753512024879
59,4,6.76483764343534,0.0195652243366957,0.944620883557945,7.8330677521586,62.8386505201608,19.3472648069825,0.0961661031427694,0.125731475651264
67,4,9.48998475415321,0.143622799310833,0.196330928243697,7.32363510792495,47.2338596835189,-4.66314235360524,0.0604641112498939,0.0759704548399895
17,1,-2.54297087392657,0.18381253768571,0.402144950581715,3.65261218355014,35.3370654827497,-34.5144305840466,0.109179274081708,0.83306594309397
59,5,2.94996001899684,0.206109043314322,0.720285553717986,5.65887552442511,53.1803418225007,5.33357422851963,0.0107766238506883,0.103383503854275
92,9,9.43873440079513,0.108861534507014,0.57728782761842,4.96335122407815,41.900026935569,35.6061262699841,0.0552856918890029,0.711363078793511
35,3,0.682340517348564,0.121973106728167,0.449329760624096,1.97113977597637,30.6801820541567,4.13569111232922,0.165443514837863,0.992688900325447
37,4,0.471938421981801,0.0600563662592322,0.66503516654484,3.56612422052326,34.9254399476644,18.3271216022825,0.231462442676041,0.788279900327325
96,11,9.45623293000956,0.513952657559371,0.103773609967902,8.8819898677878,51.1836759569697,46.370310797053,0.183842248515341,0.439675125526264
40,5,0.622189556495927,0.122373221092857,0.624946668278426,3.74982717895341,35.5317576416601,28.923334933454,0.0332881293725222,0.300537790171802
68,9,4.96899929417577,0.315151806444603,0.783712481148541,5.37735433630769,31.4360379506557,16.5896984311185,0.0311513624619693,0.146832296391949
35,2,5.46165640549419,0.0163154329781418,0.737000789027661,5.04121685616939,46.3225119728289,1.48511005922391,0.392672512473023,0.933996151434258
98,11,5.17754343659653,0.348786139423366,0.660660656401888,9.00010574680952,63.9411363043592,37.9658413355288,0.0830976274753821,0.356024913256988
83,8,5.74706892163462,0.164736091159284,0.482093090657145,6.65941747423451,53.7200847680454,49.4262044452703,0.283804966492539,0.491576984990388
60,6,8.06986972443164,0.0753445060690865,0.632584956707433,7.09856765143766,51.3051717006763,43.7608605150888,0.484617387105651,0.561077586375177
40,5,4.12275936566332,0.073821698082611,0.838281048694625,2.0138139024704,27.1127456245994,24.4372416859804,0.0541402966249734,0.886508518829942
35,3,6.03012497915578,0.0900158502627164,0.346760546322912,5.13811928210988,37.7070646371589,11.5591660309056,0.140308450500603,0.730589119950309
30,5,4.62302145214903,0.129202284091707,0.780804864829406,2.80466765531178,19.7325416006308,11.667547736315,0.0434426493477076,0.290484191616997
38,4,8.06903426677917,0.470429059562689,0.141119960928336,8.6919828151043,46.9557073114621,-6.07378867315653,0.0611970429774374,0.394121393095702
5,2,-1.5354248212102,0.491754904368377,0.642439312068745,4.37145716291348,35.3374017350658,-6.85407614638827,0.206256212658229,0.222563197370619
73,7,8.24885188381561,0.153405845281668,0.746464957715943,9.81544222166248,68.5987566486631,40.3520292402942,0.0651264936197549,0.00349327898584306
27,4,-0.375706208335934,0.545935901316128,0.108757406938821,3.81331621495957,38.4078637837126,18.9626230056016,0.0146750986110419,0.486927961232141
11,2,7.25520286908527,0.231384497991165,0.106349961832166,2.90650132181638,29.1000740705133,2.25003736045835,0.110169672496141,0.122169352369383
64,4,4.63853527890641,0.0324634769402621,0.543802029220387,3.14224196896541,38.45548357494,5.37402307433887,0.0116796626778574,0.811526347650215
25,2,4.23626879365103,0.139630865189247,0.111574518727139,4.64143859097275,31.011774469048,4.78079623573715,0.225513421545241,0.415320890955627
25,4,7.12665773793165,0.154845844954252,0.629598633851856,3.03432741395556,29.7216219072197,20.1221256010745,0.194346208303216,0.20263237063773
61,8,4.15135541362657,0.230724744466554,0.941691547399387,3.16732293077176,27.3524184329627,8.58267891904081,0.00566028103968068,0.338800710625947
29,5,0.271048904360379,0.57585737245732,0.510120501508936,4.19809518376148,34.8595307544834,26.7005173512922,0.149017942999541,0.562661413103342
70,5,7.40861834324433,0.205815580961376,0.183643845608458,6.67316007059933,46.5089246527063,-15.3361089309461,0.0344376551918685,0.106181325158104
93,8,7.79530251780024,0.096430707606487,0.38530310895294,4.40326750889514,34.2618971810365,22.9811488578222,0.250273416365001,0.915268037235364
81,9,6.36046699054258,0.12350165734256,0.991146777989343,4.47663207936397,32.5906790448966,-0.0606327445611221,0.00494741679384741,0.362355321412906
33,4,4.56381539288289,0.519681636223054,0.396171202417463,3.79603501319521,31.4817551368517,-22.7326130757443,0.00125802434545919,0.231929754605517
18,4,-0.120862320661643,0.391239191384471,0.812083119759336,2.29029337940239,28.7046530561037,-3.34462430471057,0.0138786744246267,0.362676039570943
90,6,5.67343014499931,0.0952148241922259,0.140054794959724,6.90256267051639,55.6397035689619,36.3476117351261,0.0939223976763797,0.500350602436811
60,8,10.9876101614345,0.247248306627128,0.44345393916592,4.76162673755265,32.0108848787473,27.3110312601528,0.0306055231485516,0.12446520733647
38,4,2.09800576223662,0.0754706761145033,0.608616889687255,2.02950754892749,28.4590253345127,8.22637654522778,0.0637079196982086,0.968758364673704
69,4,2.62841685385574,0.177356122356658,0.0390370222739875,2.9026134144439,43.1591002881494,-0.306647923864933,0.0475974462926388,0.988630753709003
67,5,8.78478061432444,0.247346728436551,0.234938537236303,15.3084489777554,77.7034132387934,24.3281759053214,0.0317444999702275,0.122231046203524
80,9,5.74709506285675,3.20555757619163,0.108297801343724,5.41649412688493,33.7432811049228,2.48053182015754,0.0165712436661124,0.715255967108533
73,9,5.20914104780187,0.713639633688045,0.220375785371289,7.09325258330845,34.3726017378975,26.4725602228111,0.0735240109222842,0.525229850085452
39,6,7.74678146964142,0.699548078903315,0.500904080225155,7.30695066185971,32.8887141125129,-4.99876404782022,0.0642866681795567,0.583859143778682
80,6,3.3234788439469,0.0518493924755603,0.898976064985618,3.86180155313511,52.2513013472006,17.8777678089639,0.0429333863314241,0.844571319175884
38,3,0.483622194109859,0.198351433629234,0.565596931613982,3.73933999997772,50.8119966588456,11.890160401998,0.188465620568934,0.289448802592233
49,3,5.35933709798695,0.0386141088362598,0.4469738334883,5.24404967927197,49.1238548019292,11.488834149922,0.137230741507829,0.663061065366492
19,3,4.17861993917276,0.410180465199976,0.46676130220294,4.6207238870734,29.6655137008774,-29.7055990241863,0.0407562159939023,0.231252708239481
92,10,4.13874038265231,0.958229561749488,0.256012088619173,4.97509198158144,37.6015991614365,5.09173935067843,0.0245491514913738,0.959976389771327
85,9,6.64319360068506,0.217518980705695,0.531218057032675,3.81434463843118,29.8087389349828,9.01242581499877,0.00274014016613364,0.718092750525102
17,4,4.45892934700571,0.27272814498275,0.751341103808954,4.51047313285652,26.7492627864217,7.12123307918127,0.256995783145949,0.721466913120821
23,2,5.41169065779899,0.116055456486084,0.0631386344321072,3.1936085781371,22.8881301181708,-10.8330014080976,0.0393144915346056,0.500738787464797
85,7,5.12046377798829,0.167150804307312,0.780204374343157,6.74469088314984,68.6087783454672,21.3526817883642,0.164339499353411,0.357435319572687
80,8,4.9545723798557,0.880870946108817,0.351623874856159,5.46942457823859,55.4568743453438,15.2959101357356,0.0169317942112684,0.303004534216598
24,4,4.65133653338169,0.081754915532656,0.978232940891758,3.37619463396424,34.9915356902039,7.60095530073476,0.065838161483407,0.0164686692878604
55,5,4.83153302167398,0.244164978609163,0.480491202324629,3.76461289588352,34.4516866593995,3.31704513713677,0.0311253800522536,0.543325047707185
90,7,9.1182538636001,0.0573877485003322,0.511298853205517,7.46574102879666,41.836534001704,25.6365844755905,0.0318213263060898,0.718311349395663
68,8,4.99115468719162,0.291280302441421,0.783675381680951,6.27396000993845,41.5555157753459,17.7221750717189,0.0810111849604335,0.901046455604956
63,8,7.96443088023226,0.209321653692725,0.955575821455568,8.81609989395573,52.7381796932528,38.6611297127675,0.268814325506303,0.440425708657131
48,3,6.18859176318074,0.262921023870561,0.021165985846892,8.62021215455296,64.7816731458528,21.6869888342368,0.0705206179659777,0.16072631883435
12,1,-2.23762228155867,0.0180905169108883,0.839815114391968,2.20133250991955,31.5191193458433,-3.23040479613091,0.0768398027447222,0.862496660789475
42,4,8.23945282250281,0.0200041804928333,0.908516607480124,4.50187800594875,43.1752080246911,15.0455612115092,0.347440802003394,0.688266584416851
95,6,7.17003971695341,0.1508631616598,0.086850869236514,10.4510900580618,55.6102309836314,13.379187322646,0.0281698390518829,0.686979847261682
24,2,1.31460402771647,0.0202549106907099,0.835748977260664,2.30936288001728,26.9002503638679,-5.56792256423077,0.283312185836916,0.960108481580392
4,1,0.379065150345369,0.0386238857153755,0.822344324318692,1.64178784511465,25.3169910479726,-7.06645223157762,0.32517434133399,0.999202864477411
44,4,4.10264355694855,0.313996552712026,0.402409839909524,6.40278437804496,47.6918486662925,-0.464834997368824,0.0821975688408029,0.200067817931995
50,6,8.39649380940639,0.448852712733156,0.143767469096929,6.44085428706135,47.9627160191199,22.95588980507,0.0746539158034432,0.464789562625811
17,4,3.7755049618052,0.424705114660269,0.430283481953666,2.50350296508739,27.7744924610587,9.02052098548792,0.0649983905255795,0.256448292871937
15,2,5.49396059597205,0.0397098227404058,0.674617474433035,3.54679585620253,35.77600734427,-0.909026550567818,0.0395414098736873,0.405655941925943
17,3,4.03623755225254,0.163723537931219,0.847763548139483,4.57769978689187,28.0119807972335,-4.29019915019204,0.203259621365907,0.443877686280757
26,5,3.83156480060658,0.208080589319164,0.749278814531863,2.55055601463362,21.7644596156788,21.2810083334653,0.0292315495165525,0.1877379368525
95,9,10.6361013212131,0.172878682613373,0.28589161625132,5.31029132621632,39.998961472443,31.9227341443268,0.134266060586543,0.859895190456882
9,1,3.17914762622539,0.000204898892725562,0.680636693257838,1.3330444392844,19.3737022184278,-15.9306301702074,0.232694583559845,0.99953947449103
62,6,8.31892436626508,0.170495035476051,0.320962320780382,8.5554600682813,56.8013182632173,40.5214311053803,0.217967810438659,0.14516912936233
84,8,6.80046410283229,0.316286338249895,0.215557076269761,4.79085612288798,40.5042480942127,17.6793218852049,0.12498760735196,0.58975839545019
44,4,8.39778172066075,0.32139129260436,0.00450812978670001,4.63603261167501,37.8677241069847,3.90971680906865,0.230607205619708,0.458046359941363
43,4,2.35664132254549,0.210951050034466,0.154265270102769,3.10396826427858,41.3914478439417,20.9472530586006,0.0598171059973538,0.388562013627961
53,6,4.47637269514203,0.570144355306432,0.593054008437321,5.42727039756003,47.5300028311539,8.18686598078858,0.0360246899072081,0.203131230315194
97,6,4.68655170421848,0.0544426420237869,0.536345177330077,7.03753943619377,57.2399345973051,16.1446971359428,0.277545840276365,0.801850906573236
46,7,4.22945179994645,1.9446998782232,0.531963213579729,4.57184844755585,41.3670380436003,-1.67787833059429,0.000135624243497308,0.0877395342104137
71,6,4.30610247269429,0.546822456145817,0.285108925774693,5.1236017631702,45.7776635244891,-11.947408286271,9.03440173715353e-05,0.0985629211645573
76,8,11.7223357204049,0.267504570296708,0.633419137215242,16.8291660897026,58.8067340857798,24.5096131780471,0.0974877958143962,0.164436771534383
22,5,5.02580445642312,0.349310636499381,0.833727387478575,3.69024163780108,20.1655334011255,-4.72723164259058,0.0774619948076916,0.397839636309072
42,6,8.65051073193998,0.350324575005085,0.285387064097449,5.93211098070046,27.0944347853923,9.75994309957633,0.11800722060305,0.712073858594522
43,7,4.44752781475651,0.379343494751906,0.765821883222088,3.01963101335158,26.287092334821,-6.36992376160137,0.00062069776467979,0.269433041801676
38,4,0.123451383362735,0.37894769523055,0.147260445635766,2.93903002823928,35.9955052392607,4.6101728510554,0.095684954426707,0.569513971684501
14,3,5.30090693524882,0.19350422022167,0.65313684544526,5.88313103592264,45.8935997340514,15.4687045230903,0.284036615360417,0.168353683082387
30,3,3.10424428821831,0.179480448160623,0.374720321269706,3.84504682810468,33.2543021820278,-2.54319902565378,0.0886211609425855,0.926070663146675
52,6,8.45691806234334,0.144663160783239,0.588554502464831,5.66824345422047,39.3567137874799,26.7650295246479,0.227942492614005,0.802612587809563
23,5,5.75475552801412,0.34835366856069,0.401897311676294,4.68559188467601,23.5244426316757,15.5523528695139,0.0607614831533283,0.0656782556325197
96,10,6.76446186112748,0.343508837035599,0.529144933680072,10.3131125171906,63.6172830542584,39.8426990498037,0.00393363228067756,0.15491931210272
14,3,0.764046978698937,0.226219660359177,0.848560396349058,2.47591354305106,33.1406946300861,-1.10910876661026,0.251550185481522,0.468618496321142
82,7,4.81615429767501,0.339674680017608,0.685876242816448,5.0654913326238,46.6187750645382,0.184461810709498,0.0495626808609813,0.72479739994742
94,7,11.3909119054137,0.0967862773686647,0.421321683796123,6.05541626570437,50.9184994846317,18.9809963500011,0.112214557636054,0.695752332452685
20,4,3.7430781082248,0.356194089145815,0.551662661368027,2.7602966698249,19.6883962521731,-4.40799465375473,0.00950006172060967,0.442241467302665
94,8,4.06804558786755,0.0989001673879102,0.932748353341594,4.53046696467485,48.3420477948862,16.2975786455477,0.0208973778193814,0.28106363886036
88,8,11.7306439010723,0.0577950329752639,0.661978766787797,10.647432148244,50.3881668039126,34.0412632050025,0.220085083113761,0.702532405033708
6,2,4.82636726718128,0.218229845621365,0.112840743036941,4.39171944880963,28.4791547449129,-4.60728963996504,0.0135773330461234,0.227142232237384
36,3,1.82634232219162,0.0304121463559568,0.84113832633011,2.7877305295253,31.4823313265417,-5.84315806611001,0.222941463997169,0.911662712926045
73,5,8.82022678474227,0.0367479820810159,0.72054592333734,10.0053470202876,66.2932100233387,14.2091658897922,0.363362968505776,0.631370777497068
51,5,1.12301036109113,0.403904690316444,0.56766577064991,6.42674164676286,49.1056804904633,-3.43293652128435,0.0871999199473725,0.597687485860661
3,1,5.42690166856679,0.00351422629319131,0.96776983840391,2.56685392998221,32.2647110976355,12.4400830114638,0.483427207519241,0.347067683236673
68,5,6.41139555509767,0.26547825661369,0.428900632308796,8.13555842440884,70.1163512961723,12.0227805173132,0.10976025059444,0.287842279998586
78,9,5.88359762106585,0.754714933848261,0.297005998902023,6.78070459962948,49.8980814628274,28.8221718408056,0.0551303867716342,0.259834179421887
23,2,5.23858299488651,0.0337350865897507,0.451349439332262,2.13931712644153,17.6767009474487,-15.3851700645653,0.088397050737859,0.995493880240247
4,2,3.37059896644206,0.393536178374148,0.178327024914324,4.98847103820917,34.2703295585239,-3.81843586059569,0.0952834152574551,0.270684206392616
26,5,3.84835338212884,0.208947476454753,0.996107443701476,4.98354630449023,31.2231195092195,12.6652623162762,0.0620791679248214,0.501423115842044
31,3,7.12844072448139,0.254466215603727,0.324271322228014,6.92257579516073,43.7452992693477,-4.15510160267668,0.106168743311883,0.0333964317105711
40,5,8.80792323751417,0.619730810137624,0.121862871106714,10.1778773250606,41.9520364821806,4.64698848323567,0.0121958694200339,0.0198077012319118
86,5,10.5965534364747,0.0110205141325155,0.160297537455335,4.87331204259914,46.4988193931524,20.9608796873627,0.133452774114431,0.845345557434484
75,6,3.7927533831625,0.243052375958043,0.373017431935295,6.52119088139025,62.281923975622,23.950431679086,0.0130450888071209,0.327030082698911
55,5,5.44661921191008,0.548220923604602,0.0310988130513579,4.62967967934833,34.8861124922826,-2.0467257270374,0.0244686800520867,0.416039559757337
4,2,-1.75657947102231,0.0366657712541421,0.810256551718339,1.1580874891729,15.7779866824514,-20.9636379237754,0.112948976472139,0.999831413151696
35,5,1.56600459903869,0.0696645816788077,0.815207561012357,1.46425005714591,15.4726705498466,-12.3168164965446,0.0143223886378109,0.998173888074234
86,8,3.90904332610522,0.339385941148478,0.703731677960604,8.24492164008089,68.8719474649936,35.0949531827912,0.0186066496185958,0.107423639390618
53,3,4.73576213453057,0.0343705899859724,0.50836048508063,6.0394391162721,43.6223846407668,-4.21595256301645,0.168203554500555,0.957743790000677
69,4,3.13328914951121,0.023562710499391,0.413898235652596,2.67145334256747,35.4473068914853,4.50918432823143,0.0519230881240219,0.700962805887684
64,5,4.18333992966637,0.0986868339043113,0.625427434919402,3.2843720841522,42.6754396524803,8.95910627612532,0.0238494673278183,0.581228987080976
33,2,2.96804776250267,0.0371819728752598,0.540855997707695,2.63460851586334,31.5713953135478,-16.9059770238411,0.0737676541524444,0.973013502312824
57,4,3.74481265382762,0.0503220557002351,0.959788131527603,4.29954185931777,53.0636310823453,11.36876046978,0.157832143931933,0.297716351458803
26,3,2.49809696009865,0.0112578209955245,0.86919362610206,2.77733973732676,27.7377149523733,5.3364244498767,0.348968605756101,0.929790825583041
49,5,7.54787194759795,0.0376994527177885,0.571019278140739,4.5284587075955,35.5120335032705,33.5576435956838,0.410358334125436,0.860788385616615
15,4,7.47523630836818,0.0664639972383156,0.882605429505929,2.99990925166051,23.1590893702586,9.47428051465899,0.271384257996891,0.543559608049691
4,4,-1.21743191857551,0.133496815338731,0.996131784515455,2.27336056505173,27.4132282881078,19.4768661634357,0.180536053693833,0.731730930972844
34,4,0.584128564614259,0.181690338522869,0.602951172739267,3.54052532653247,37.264758593454,3.04914871912161,0.0473656867165118,0.666544966865331
13,3,1.874339485569,0.0816160493995994,0.916751622688025,3.67655390148902,35.5976879963561,18.7633459582294,0.436482255508132,0.698870412772521
68,6,8.44891145024962,0.0529547380283475,0.798492139670998,7.39341246338035,47.8958679019538,18.655405711929,0.241559275812729,0.825174399651587
46,6,8.42510041027399,0.423494882394976,0.142545620212331,7.56118457222687,31.6787304192983,8.43004293846097,0.0968585004988027,0.619864077772945
30,5,4.88937510043424,0.306409951521757,0.86022975249216,5.30933177155934,30.9927319389101,4.12864637459478,0.0792416195343149,0.200838734162971
75,6,2.6592208506241,0.221888032088742,0.704034764319658,6.00269270525219,71.9922349004151,22.776588540731,0.0246392234140553,0.0263349069282413
69,6,6.65472927861413,0.384712486972517,0.174489302095026,8.10806817375216,43.6568222384011,11.3566896478987,0.011375465725355,0.0114378596190363
28,3,2.90178604433564,0.421759479658163,0.0452103933785111,3.33346666750765,26.4013840210178,-7.78429871108954,0.155722017577829,0.762607645476237
34,2,6.79857179491368,0.143044513766654,0.00837695715017617,3.36157341562602,34.3755192410406,-5.53397027241284,0.0779440057790564,0.489613336278126
37,6,6.9883860464737,0.18116260691427,0.851114048156887,5.90596222997231,35.8599217894858,30.4160245842267,0.155991429791954,0.74261457612738
31,5,5.33775767479682,0.174916316159451,0.528905184008181,3.74194219413747,29.1981914289325,29.1235246605961,0.168695797949078,0.423568526981398
51,5,2.80487455290537,0.572688992569381,0.0448690473567694,5.70553504273204,48.4936855677916,24.5880099048277,0.0746513949665141,0.73334738262929
39,3,4.36505152067139,0.0979559635743499,0.42815810488537,4.56115584879002,50.5864849441006,12.4752941784207,0.30867976991642,0.903852133080363
96,7,3.90644645857717,0.166019729338586,0.19832769734785,5.58962882725727,55.9457823292784,17.1126296457131,0.111881760730812,0.886715412372723
34,3,7.94126871988672,0.155300499638543,0.0272889093030244,7.50314967749364,37.7047010092076,5.92262853300923,0.0400911162607372,0.0738194743171334
70,6,7.50749025673721,0.240896140214729,0.264792966190726,8.21093917248133,44.2870160652552,5.74969698579722,0.0829269101228423,0.906703240470961
78,5,4.3145729217159,0.0792909832671285,0.377790635451674,5.51555036063245,44.9475753855568,7.26246227666331,0.275195902387116,0.891464216634631
99,6,6.45022824333481,0.0529024073621258,0.409536737482995,6.54965257209297,70.526946864822,27.5257792779633,0.050568720838055,0.19954623025842
0,2,2.1331680542271,0.0840180347440764,0.750528434989974,2.50814362117002,23.3077134950526,10.7957628568675,0.501251315023484,0.720907958690077
65,7,7.19171186526873,0.569644762637252,0.10545935598202,6.379821654046,34.9899454301561,1.61329384923419,0.0377091416157782,0.786149486433715
59,5,6.37589135174847,0.10648515180219,0.36074537737295,3.21978878284553,39.4123816726942,26.8474246585846,0.336279467476492,0.648699371377006
11,2,-2.15107888766244,0.265496956406835,0.570698993513361,4.75287430919762,43.5940251156318,-10.0013166430129,0.122140045525931,0.55130507890135
69,8,5.25332018626048,0.331490124332461,0.395430406555533,3.69067380176737,28.5416683745624,16.2783721482339,0.0518811780493706,0.602672149194404
46,3,8.53499195812604,0.168887796811759,0.0155192154925317,7.83211765362976,43.6044125955128,-5.30426941432485,0.0779649183259081,0.65067669400014
33,3,3.25812133300883,0.0867215705802664,0.514326775213704,2.07908159109361,27.6641660878713,-0.938140129757855,0.0454523504711688,0.501948061631992
33,2,4.29105124432119,0.0117196821295796,0.769506639335304,3.29829944034246,29.0480693093821,-13.9765137782899,0.0800047022369303,0.857532191555947
44,5,6.1452882103229,0.266282428743991,0.305220336420462,5.0348707801545,43.2739266401691,5.38630142420823,0.0482335465028882,0.527354257879779
43,3,1.32964476758871,0.303526435502547,0.121905230451375,6.38699110986729,59.3185104648873,-2.75534750004427,0.0863304854328645,0.209180275676772
26,4,4.98899280107915,0.343808931055221,0.657415570924059,4.36237778201705,28.6154092536179,-15.3821520258849,0.0538157053291798,0.0763989179395139
69,5,7.12243191119478,0.0370723984669894,0.430094502167776,4.4856355072646,45.351400892319,20.1493747342762,0.177344889744165,0.955965214408934
94,11,5.61401739809471,0.209544648391343,0.701946408720687,4.13056849277839,30.1384811968496,15.5877178533999,0.000495369046107138,0.647531799040735
32,3,3.19900392508838,0.22029739570685,0.474508220329881,2.71836008809251,32.1687671713008,-6.15956898270734,0.18727728537375,0.475487277377397
4,1,4.45126460672007,0.0710812206308957,0.384485096670687,2.5953457507441,32.1071716649899,-14.7430645106894,0.428805415679641,0.602612835355103
22,2,3.47877817816543,0.00230938851312736,0.735798623412848,1.67588179485788,19.5131306172865,-5.35243692548235,0.204073867938461,0.877003510249779
3,2,0.4320527417377,0.401670170701251,0.482753982767463,3.21514375667236,27.3422891379173,-15.1990415341783,0.114188411920787,0.374162893509492
56,6,3.81634752900953,0.200317157421935,0.758249702630565,3.74540436021597,31.0451420318561,5.15138815703131,0.0316186438780278,0.714700311888009
67,4,2.54752862208305,0.0245792062314794,0.897036501439288,4.99953336212321,57.3409052653423,-0.725390736025316,0.0938989194313569,0.449659202247858
60,4,2.67620553277322,0.147949428181164,0.375705410260707,6.86127754879953,72.1606168311323,15.003640422528,0.211572427103732,0.781957966275513
6,2,6.99213661020413,0.040252483333461,0.891262221615762,4.82166360482185,28.1838680952706,-13.0691166341558,0.305130284982996,0.485225164797157
55,5,5.31400706405451,0.310724064930084,0.42124361009337,3.89685280084803,43.9349950618048,18.6629303782677,0.0452287951018661,0.100143629591912
34,5,0.518352226748437,0.732374431523395,0.248476712731645,4.17616947862767,31.1416123170947,5.12062920352865,0.0541270195972174,0.489465608261526
23,2,4.05537095462022,0.08023265545305,0.699569535674527,3.845004112926,29.9373519700767,-15.5809883428132,0.120370018291743,0.6617038291879
35,4,8.56848424544265,0.167909766198136,0.422015407588333,8.08357707727827,35.3505143423075,6.66115566454562,0.0381633707069092,0.174866421381012
40,4,5.71217306404454,0.127883784589358,0.286426934879273,6.00960273296655,33.8572035790095,13.0867378466254,0.228336516568873,0.879845445742831
23,2,6.97491000021905,0.235560819503168,0.139933207305148,4.9385387003685,36.7425411552934,-24.1315695491467,0.15014067980552,0.402721555903554
6,0,2.2146488684169,0.0982023957030199,0.323141325963661,3.06398466558177,40.8732965083107,-5.68406532980974,0.117253273181323,0.172749777324498
7,4,4.53388688865215,0.249797373766753,0.85791883431375,2.50126415582962,20.0465764205544,4.88751514622592,0.0197154604680283,0.206564657390118
2,1,4.84209647454389,0.0964114872040227,0.49775811471045,2.44682496197352,29.3059410182271,-8.63439709617344,0.19277559685612,0.696599806193262
90,6,9.38270281291653,0.280842444507905,0.0537536439951509,7.1268593888995,63.5913645709602,13.3222533681799,0.0331834987737238,0.0199739115778357
1,0,-3.36737036372408,0.0333319829078391,0.808464632369578,2.01872303440792,29.5990533977749,-22.9626323783074,0.0345600260887295,0.820753194624558
83,8,6.7515680366911,1.00242057204583,0.0352228693664074,8.4209842971274,45.6064912467975,17.155435893965,0.000310415474162953,0.170681839808822
1,2,-2.63969013692936,0.02083106145447,0.957057213876396,1.19887207874952,19.7430913932236,6.41399881097551,0.274469298670504,0.944772508693859
87,6,8.65125858772385,0.393417855238026,0.03570271958597,13.7584831662687,73.4878087587918,22.6505740167114,0.0148341740014912,0.112796196481213
34,2,5.77334542408562,0.0549879017053172,0.324493379564956,3.53654898922215,44.2264203184442,9.17211358363625,0.0900852005758333,0.0856168353930116
59,5,2.5490502616843,0.0336085831513628,0.643309156876057,2.63901585017009,37.578052392648,17.2957844603432,0.11852456125942,0.998394994297996
36,2,7.131626764651,0.125932910409617,0.0915935407392681,6.45339954533305,45.1142091855018,2.95403084593729,0.150486528306248,0.557479126378894
11,4,7.40963118571774,0.271364254167977,0.571106587070972,2.72112189438408,14.3406122519589,-10.245376672713,0.0166619552883735,0.581664927536622
7,4,6.00303084315043,0.222760832159522,0.65494945878163,3.35508675048249,24.5250415307737,19.9907147353579,0.114700104893233,0.0574712548404932
72,7,4.77661864291373,0.244605954352498,0.769494962645695,4.93122585423577,42.7067572432338,10.4204606180267,0.042984694801271,0.64154649246484
6,4,1.24674240784185,0.432513415873655,0.376942776609212,1.87334826679422,24.3384424036675,10.3060902014008,0.0278723461505337,0.578343931818381
17,2,-1.25085622900699,0.212663060730332,0.159958970732987,3.00901459039639,35.67791253616,6.87762961261569,0.0926792238830954,0.43236547568813
25,2,3.36713759382518,0.0820027887821198,0.680021580308676,5.70649026017137,46.2504567104391,-3.50527015422307,0.22459733943969,0.461550090927631
95,8,7.91798597520249,0.706569772171688,0.122313400963321,14.295680641273,65.3453857876095,12.2579291528162,0.00881554265506566,0.00514015136286616
99,9,6.09393596615941,0.109722510795109,0.741915677906945,5.77591299856947,47.6868813283672,20.2295186189964,0.101023124340446,0.747146725421771
59,4,1.14425666829797,0.0760137444594875,0.654122449690476,6.12052053363874,51.7514410757323,1.83661944355607,0.0293326955175561,0.675168013432994
80,5,2.67183868078454,0.0523351564055862,0.520864731399342,5.69322239528564,46.5617087162669,6.15870726850729,0.00780792775234617,0.885608102427796
52,5,3.58211606588938,0.0587897119712654,0.975151966093108,4.53302077993991,41.9918678518394,9.05884349662564,0.193687638259473,0.600193639285862
81,8,4.61556091259762,0.0823514233343303,0.700908527243882,3.64585063538934,36.2168156393082,33.7435206767056,0.0854331473254379,0.917365743312985
45,6,3.51786666729141,0.293775176618922,0.957571094622836,6.25356398259612,47.0758084116825,17.8932642218189,0.011063438441751,0.142138655064628
37,5,5.80315860970028,0.271922949225384,0.646738504990935,4.5837078935314,45.2140234717364,5.16815316401648,0.0174157726275926,0.285084199160337
15,3,1.06252199573836,0.486962647011958,0.637254983652383,2.83314915739109,28.9818983853745,-20.8355947052128,0.00211382111476835,0.370316206477582
83,5,10.3299421324881,0.0306510484078899,0.480155554367229,8.67985873789452,70.5191288820532,10.9053742520622,0.0383923401124775,0.260031027486548
33,3,0.801119781680508,0.0291784553555772,0.857407379196957,2.26379878022264,35.0775220085713,2.95723936133043,0.206252060263398,0.928458807058632
48,3,6.76630132279434,0.071744337095879,0.249540998600423,5.11088367390841,40.2711752417035,-4.88008912220229,0.192687158464434,0.305120972450823
4,4,4.31256467303721,0.85440754886241,0.288589051691815,4.17731624896187,19.4077840282252,-6.43137882209963,0.0978936569961244,0.227326767519116
97,10,4.60922491107964,0.924070887943936,0.0447021028958261,5.58957614732296,37.96814125079,13.8482893283367,0.0477240331005305,0.762182358652353
3,2,3.5451656259857,0.104206131538376,0.42201322875917,2.6323643179354,21.4576609103716,-5.33386896855115,0.0506187493447214,0.571484496118501
58,7,2.46059569110457,0.782732354435039,0.360132797155529,3.96887232395616,36.5975851697769,5.94572355225774,0.0126180066261441,0.306782064028084
69,6,10.6863593811095,0.111563983024098,0.385001193964854,8.98618409531971,50.0091103318294,20.8177858787336,0.275338363448594,0.819908735342324
69,4,9.03401744499573,0.1298730293056,0.117649719119072,9.72563423727174,74.2676035659717,19.3293469640431,0.0484224230051041,0.0686442307196558
43,5,3.6072880812598,0.103714312775992,0.574166873702779,2.94510853017222,32.8345736367109,24.4926790555124,0.102817889205636,0.748976601753384
12,3,4.27936503381598,0.0387043838854879,0.718942206352949,1.93986570053563,16.5533489577111,0.953966785100451,0.0593647787813097,0.944402561755851
98,7,11.0730377228412,0.49287063020975,0.0067119225859642,8.99578130425944,61.9784102591325,20.6734472921826,0.0639095900114626,0.68367432244122
20,4,8.24638721443122,0.0612256382496033,0.963865517172962,3.20778454956916,25.6062114212557,8.78512351425244,0.244651929462764,0.651872482849285
72,5,5.77133943691292,0.0327676263081307,0.856361553072929,4.0694595050652,37.0878742839062,-17.6812174473733,0.0386993351858109,0.955649801529944
70,4,5.56610668971985,0.0675890791462734,0.399676030967385,8.97397135055698,55.6548213434796,0.233091125625395,0.298143877817278,0.586932484759018
77,7,9.31950139085671,0.381502226981605,0.0906701933126897,4.86853389074859,41.5155752607399,25.4807455866189,0.0339133843779564,0.627070476068184
42,3,7.06692143471313,0.0757383549353108,0.33524837042205,6.48696438484613,38.4058414884797,1.9400174408077,0.0142180433031172,0.333937336457893
81,5,3.93084448301138,0.0462708849227056,0.742612165631726,7.37341301213381,76.7833988397804,29.6258458084492,0.377498530389226,0.564950202358887
49,7,9.86273986450246,0.681469028318459,0.126172906951979,6.74916713152714,29.4742936031659,9.46888618346326,0.102079117275446,0.692876805318519
48,5,1.47575750993372,0.0484298725137562,0.847388175316155,2.58200998372909,30.3895495261729,0.550715831259788,0.0184768064878881,0.951142543694004
17,4,0.688980911099646,0.170658071292564,0.626291246386245,2.4035720037354,21.3795537031895,9.08850659154254,0.0659689717926085,0.460991137428209
76,7,7.56420520564514,0.7468292787251,0.30005423980765,9.1041000979955,65.5046712876559,15.8084364711944,0.0225711720995605,0.0592731810174882
0,1,5.58067522245155,0.0199087061919272,0.360813841456547,1.48931229413421,21.7378567961534,6.8396777647734,0.300166821976021,0.670622580917552
40,6,6.9271610925351,0.110566785672135,0.973756061168388,6.18507600380516,38.7182317522721,32.1937941031151,0.195301418556812,0.129145020386204
18,1,4.64241109109872,0.163815765525214,0.334800262469798,5.92058182456774,47.7218193475584,-11.5597724670391,0.10564197944693,0.445963941048831
18,4,3.51844470287214,0.508204658960408,0.628698305459693,4.29276590579362,40.4817134327092,-0.503621867818898,0.150814406192842,0.500459514558315
4,4,7.13344218329702,0.594895355837578,0.313624136382714,5.38201049950722,24.8492884001473,8.24229168828781,0.0434131460729986,0.0632999357767403
15,3,5.60267243042093,0.0302697568920441,0.60317884455435,2.06341347381457,19.4420701893892,7.08098643754236,0.176723516313505,0.871288248570636
19,2,2.51855002329384,0.336470572733063,0.398521301336586,3.54606110847291,36.1599386937419,-27.2689582985972,0.162129302873256,0.647354420041665
97,6,3.66595150059188,0.098391227889806,0.619804044021294,10.1785471523315,74.2795749484504,12.3659781242723,0.00897950874641538,0.123375655384734
46,5,3.09286783416367,0.090982156173279,0.762609032914042,5.66023062894563,42.3391966783295,12.169884704995,0.166975871278884,0.742383004166186
31,3,2.60526450941494,0.120071665616706,0.430185209261253,3.48760197919439,31.6712069443269,-14.7682448747745,0.00905861556529999,0.72675839648582
20,3,6.95193404413019,0.202171644651073,0.299001394072548,7.0334362434046,35.0469836925552,-5.21897077804948,0.0520626272074878,0.422087401151657
77,4,3.2250002763934,0.155300696846098,0.216040565865114,8.31671437054928,66.8462082160933,13.0971908643962,0.0274073324535029,0.0489109593909234
23,4,5.10211593671113,0.154188410029747,0.763371509499848,3.78466892509844,34.1008526591947,3.72979180133243,0.0547282895073295,0.180670589907095
59,6,6.64512056343622,0.175189069231092,0.42189994151704,6.3550785276805,43.3147013925406,33.3585492692099,0.0963996132793737,0.236668664962053
90,8,7.96704275956057,0.427762111627913,0.253924776101485,7.79731101807361,49.1893010774863,20.9882717618244,0.0880615304182184,0.453337148763239
62,4,6.11550778017784,0.125383507926017,0.140292404685169,5.62747870718761,53.5686945655076,3.50302615806741,0.122722976278038,0.920901102479547
18,3,6.83068727946103,0.0601526912068948,0.654545838711783,2.59593222395802,22.2997007889197,-21.0032062250692,0.0473912775780849,0.477826054906473
8,4,1.87110256514017,0.141673701233231,0.704584517516196,1.69801908373538,14.7189534682186,8.57734678738809,0.0836529261901663,0.64067209768109
3,0,3.17665286315826,0.118872535237768,0.309944529784843,3.02118666155669,40.2532816116272,-10.2968376038267,0.0493893087447046,0.113384679192677
46,4,2.58665643814053,0.0565029678400606,0.804560382850468,3.63833942534386,42.5599111228075,5.91743610547355,0.153209722406211,0.721776702208444
82,9,4.64236027514399,0.544129828757318,0.309088916983455,4.43627229149985,40.0263219212123,33.2373275250925,0.165637708446922,0.548839214257896
56,6,5.63590926682697,0.257199501613756,0.51593504101038,5.49590709262111,32.4508125289997,7.66784779684787,0.0146196697372943,0.644193497020751
91,9,4.97019831871056,0.486521493622518,0.50161670288071,4.78876547793352,48.7420468541837,20.8428994405764,0.0797341510822891,0.815059095388278
80,9,3.88355400632678,0.926124093965561,0.642036933451891,8.85111904135339,64.3568619931895,26.9830012831556,0.0128871281924972,0.011078076204285
27,5,1.7123063662032,0.433371339437968,0.93079377966933,2.32770198187795,22.6890049243118,-9.31281347923826,0.00868828352540731,0.183612043270841
12,3,0.803350705341741,0.314584885480556,0.252113483380526,1.77948691175179,16.2876134294461,-13.7809796904441,0.152131831637564,0.662451178068295
46,7,1.59135886490798,1.65309530233953,0.200481050182134,5.85942870231443,37.3681410640205,10.0382853878947,0.00156414233893365,0.213992262957618
42,4,2.18090557813433,0.258309370108326,0.23000843077898,4.16239537267962,40.1363554537045,-2.52793282528689,0.0715732651435149,0.8288464541547
46,6,3.95975237247003,0.677771149637336,0.569625423057005,7.89132044530914,49.8843084907872,23.9493030602046,0.0563819399103522,0.0108358303550631
5,2,2.67814821636643,0.0900998962310221,0.715185830602422,2.54958907528681,27.1099242105371,6.26407339787763,0.193710516571047,0.733867835486308
80,4,8.01218212669365,0.276323583665046,0.0180662446655333,8.54881261618444,53.8275460818462,-11.0880606082862,0.0179627014037584,0.51095438702032
52,4,1.07110638692978,0.368903033231024,0.28918314143084,5.82855238147292,54.8347564924081,-10.0601247412708,0.00653747393256488,0.239567325683311
29,3,3.77364859252787,0.0292784235207364,0.965064843185246,5.46290957102777,52.5812375179593,19.8827206863342,0.276250429625127,0.250621665269136
78,8,6.04093457086942,0.126367310411297,0.854101681848988,7.17353706082261,60.4801999341246,30.0497118332021,0.0712426134343159,0.554833390051499
97,10,6.52478986555543,0.123576504178345,0.671165167354047,3.60736247646104,31.462763304446,22.631516043772,0.171515490172457,0.931779927806929
91,7,6.66528034501013,0.309956433473829,0.0780549354385585,8.88744892207631,53.375063725418,36.9077475834415,0.0293050947133452,0.227168246405199
28,3,1.42097529251708,0.11587789680934,0.84198400657624,3.36597265143104,41.5457129810799,14.9288838557404,0.0639331462793052,0.494704084703699
37,5,2.73013442101743,0.816291579934669,0.0941638494841754,2.69423908006239,28.1058963717422,5.57335109310114,0.0856743039521289,0.603625757386908
32,5,5.5032355276713,0.268070673093873,0.541993606137112,5.0457303494914,33.5900602162032,21.0156525966908,0.0971052075813677,0.197925458429381
88,5,5.68038491090409,0.0199094176059589,0.475710126571357,6.30374325620271,49.2850793172962,15.3963764498183,0.178240880548003,0.99422520166263
86,5,10.3661813023637,0.0624637511791661,0.369093808578327,11.2943970460522,72.1929247473249,17.6456681341527,0.235041778598573,0.172927266219631
46,7,5.95208073184178,0.479291017146266,0.628438458312303,6.48868459368408,43.2522171561393,36.0091076250655,0.0450751922093332,0.0498207937926054
26,4,6.95367077094465,0.277442122333425,0.125396173913032,4.23189969128688,30.0129943757789,26.05593978283,0.303782247036205,0.736994114937261
84,10,6.09162991706435,0.490328408291048,0.757782752159983,8.53248219878405,46.3899651674368,16.4895763106527,0.00418781402818029,0.0722340506035835
85,5,7.21491044357534,0.0414269008906558,0.353666985873133,7.82242048574488,54.0668875782748,20.5127723493768,0.0901510973418963,0.755052409134805
57,3,5.58698138503907,0.0162560080253492,0.584981298074126,4.16512062246019,36.3181983802421,0.563390648369801,0.344577381743078,0.991972190560773
20,3,6.82453299105013,0.260247033303968,0.468096962431446,3.86784240227913,26.2883540305066,-31.2670864143441,0.217641126119513,0.473977423738688
70,4,4.68632392146818,0.0179249761858955,0.3710432338994,5.88580287800293,55.333148303134,36.0252396597747,0.201542927875164,0.810634668683633
27,3,7.43487755343569,0.028794460115023,0.890023815445602,3.99251491851891,30.3733934620915,4.17219363808841,0.168726972668412,0.694759043632075
94,7,5.56717768884563,0.0437362194482411,0.966939307516441,8.69019798188671,66.1791528566954,17.3367259456757,0.082111097402395,0.625315683893859
14,1,3.08232466441976,0.0105854572029784,0.932755584362894,2.25228659092764,35.0998506049775,-17.0257141664992,0.116446143757076,0.704210728174075
4,2,6.13570466758819,0.426746559308326,0.0445063873194158,3.63660347390862,26.7631457688678,2.84850653536061,0.108454038477958,0.184317261213437
41,5,8.07654767655345,0.486604876329607,0.289608621969819,5.65622371775738,44.4336775012782,5.05886671287606,0.081532825259371,0.0517966614570469
71,8,4.33306168323534,0.179430248510272,0.926640601130202,6.00463338947547,44.5917016580309,23.4885823755308,0.063523530215025,0.692367378389463
26,5,7.46197332887089,0.124309920938686,0.89954879693687,4.55660429888647,23.4762310008202,16.5261786936463,0.044310220843181,0.577418938511983
98,11,3.82519958494279,0.609658120759185,0.289803128456697,5.37084465033931,39.4682900494501,15.7367609488605,1.2642487577052e-06,0.455399923259392
76,9,11.4896263080117,1.21473196900016,0.0542224533855915,11.3576141473486,40.2148907370411,12.47549418603,0.0294684906490147,0.0393216323573142
71,4,5.56572676538619,0.316804292601276,0.0111829545348883,10.3405679143621,55.8189761689733,2.73722237475391,0.00115887626967237,0.15079684345983
63,6,6.4141044521279,0.31365222087011,0.110081483842805,4.32687334753327,35.815218194845,14.3887652593542,0.0930521004630667,0.813376809470356
89,6,9.37664632285891,0.0526196751743555,0.360339136095718,8.65643650580221,50.8587660629731,28.1174232042454,0.184613538338783,0.887341246474534
90,8,4.92843775740137,0.304295572684943,0.620584309566766,4.78115619178767,46.3385469704471,8.65189282303207,0.0109394932631403,0.775371385738254
72,6,3.82197368627421,0.281753010338846,0.584580281050876,4.19403610814356,51.2155612129958,14.8971095205561,0.0980348349506867,0.714308406924829
38,3,2.64312607199127,0.0414580416399986,0.43836641125381,2.64220669902685,34.2251327098474,8.82796001322585,0.204538288145306,0.912673795828596
8,4,2.85625370186665,0.179076756047739,0.841153002111241,1.87120755716832,22.2080972583526,21.7119405795014,0.0362547080032527,0.375024640932679
78,5,5.29741487890961,0.501081212868399,0.130733648780733,10.1431915200905,63.8493316631197,-7.85484083440968,0.00828538754644716,0.0718273262027651
41,6,7.30595121793983,0.892532979256787,0.179232268128544,5.13826548051495,31.1766710201708,5.41518203406414,0.119709955896707,0.250074275303632
83,8,5.87757696582869,0.784608868840051,0.256303006317466,6.97273180515413,55.6471076744452,9.17112174600565,0.0516612130682916,0.260474256007001
67,7,4.36518433482072,0.102821130654775,0.972442959668115,4.06077873723703,41.7327084391789,8.88342481309425,0.0110207047776842,0.620389570249245
31,5,4.92337476844484,0.489344347424753,0.344270747620612,3.12313379012109,21.0279719790266,-10.2881123046294,0.0402652248740196,0.665598302613944
48,3,7.41358232667153,0.0244632205625753,0.369115754729137,5.7462121408721,42.7848613306308,9.81994173369523,0.0716232623836649,0.165748940082267
99,7,8.91368226155365,0.342795217864889,0.024696204578504,21.7956753090401,64.3177547134717,12.6111983004568,0.109741016566278,0.661561405286193
20,5,5.4984953633647,0.371198665329671,0.325763056753203,4.34967618221872,23.5133311800433,15.4992025499852,0.138698854288998,0.749564246740192
79,9,10.043013582644,1.22083464910938,0.0477302097715437,11.3425363920622,48.3525633946737,24.6155440784026,0.0241758872289211,0.0159206031821668
40,4,7.7430914242282,0.119445989956148,0.628960864618421,8.27020484991104,40.9201687922938,-0.421265167580117,0.131792283612759,0.694475115044042
30,3,2.72817140949955,0.0779880478512496,0.796452498063445,4.2844248021633,47.1318549273629,10.8963340181585,0.0646370658185333,0.635780619923025
32,3,-0.365148013643914,0.0770707974443212,0.763177415821701,3.59228740616184,48.7103649592112,9.26530118637672,0.17972439471178,0.744568006368354
85,5,3.12007801359282,0.104926626197994,0.141936949687079,5.73888972040788,48.836822576895,20.1106158466526,0.0390589363407344,0.470971622271463
95,9,7.8416581704852,0.286738333980295,0.675941824214533,11.2640532027964,54.384360781838,16.7766295773423,0.0825221224645984,0.246256768703461
0,3,4.96727955667256,0.326240696235302,0.244019345147535,3.4688773166811,20.4339495130414,7.97983195460231,0.190751352339032,0.599839265923947
30,5,1.23717852019684,0.437427913283414,0.725748033728451,2.870755011431,30.5705085251857,20.2194639316649,0.114372601914675,0.540987892774865
62,5,6.49436698240927,0.0210089477359371,0.651309418026358,2.97293394545737,35.2416835411954,15.9461237694782,0.134570122692258,0.434272916289046
