K:10
N:1000
Gap:1.79510569626146
Rho: 
1 0.8 0.45 0.2 -0.3 0.7 0.75 0.5 -0.3 -0.1
0.8 1 0.45 0.5 -0.1 0.55 0.4 0.6 -0.4 -0.2
0.45 0.45 1 0.1 -0.3 0.6 0.3 0.4 0 -0.3
0.2 0.5 0.1 1 -0.5 0.35 0.1 0.1 -0.5 -0.45
-0.3 -0.1 -0.3 -0.5 1 -0.4 -0.3 -0.1 0.2 0.2
0.7 0.55 0.6 0.35 -0.4 1 0.8 0.45 -0.2 -0.45
0.75 0.4 0.3 0.1 -0.3 0.8 1 0.45 -0.1 -0.3
0.5 0.6 0.4 0.1 -0.1 0.45 0.45 1 0.1 -0.2
-0.3 -0.4 0 -0.5 0.2 -0.2 -0.1 0.1 1 0.4
-0.1 -0.2 -0.3 -0.45 0.2 -0.45 -0.3 -0.2 0.4 1
X:
91,10,28,7,1,65,4.64045926966035,0.299335015927184,0.328957561636344,8.66891940353663
93,8,39,4,1,65,7.38458067750284,0.625226160945529,0.386644017416984,2.72990814558975
28,3,27,2,8,5,3.29091650234726,0.0296173262528354,0.412610517349094,7.68794859004292
83,7,35,3,1,46,5.96887962268845,0.614688534723753,0.344810991780832,5.94446443025732
64,6,31,3,6,64,7.38695562710997,0.391383095157749,0.332225148798898,4.37020059407288
51,4,36,4,1,46,5.78004542137251,0.345881030651483,0.335966517683119,4.55417269700463
73,7,34,4,1,62,4.04961824707338,0.445844457929438,0.749650950776413,20.310182869551
13,3,33,3,2,18,0.955402886518116,0.0927281473996118,0.726895627100021,7.66434304779364
65,5,28,5,1,47,6.33471773881432,0.11935818369966,0.220626208698377,4.63608226438219
70,4,37,4,1,82,5.63513013730801,0.0611380460904911,0.174429893493652,4.58673547199419
45,5,24,3,4,2,4.13846424112476,0.293964175354685,0.679200809448957,9.54651033763029
71,5,36,3,1,71,6.0064233428191,0.401093538058627,0.872529400046915,13.5085785439819
93,9,42,3,2,95,9.74493679536593,1.70179038811336,0.582438324345276,2.64741313376999
25,4,24,3,11,18,2.46492957161846,0.0894100418081507,0.843167571583763,11.9649080906952
46,3,36,1,1,57,7.08384621470752,0.626196738766664,0.842071327846497,2.74541778786375
94,9,27,6,1,58,7.23662111908435,0.199279985845763,0.00798483658581972,3.75346840432344
97,6,37,2,1,45,5.15951688560156,0.284327197725418,0.713228627806529,8.47665884451785
11,2,32,3,1,33,4.02657438074305,0.13916903664358,0.957625130424276,6.1837623401211
47,4,34,4,1,78,5.00977450164282,0.255065423658791,0.169711452443153,3.64316486267835
56,5,33,2,4,28,5.11307598496409,0.206087270973924,0.803349143592641,4.36003390931852
90,7,35,6,1,97,9.91976745924153,0.74106364693017,0.177615676308051,1.99655170225423
13,4,33,4,1,63,4.63597028932493,0.407762056433569,0.884150833357126,3.22457408810867
98,7,38,4,1,99,11.2307270848961,0.546281217888062,0.106502123875543,2.42111292408477
94,7,29,3,1,38,7.70258789788636,0.207543923043388,0.038355928612873,6.18037917550215
8,1,25,2,1,19,4.01176514674742,0.169086936744861,0.991565948119387,8.93070290712287
51,6,35,6,1,87,7.93316344953364,0.436183179707682,0.313981386832893,1.60709810923202
39,5,30,5,1,46,2.51446310017472,0.0379633588017896,0.205654426245019,4.96449812781434
90,9,33,6,1,91,9.38458253745214,0.254845717911351,0.318416161695495,2.16806642299286
44,3,32,2,1,81,5.96916342223292,0.0926910342326733,0.435590954963118,3.74780826986371
83,7,31,3,5,65,8.87714068652323,0.76517046797545,0.948971976293251,3.86711549644238
73,4,26,3,1,71,7.51052418876671,0.23262088520741,0.239006570773199,3.45032531868554
81,5,30,3,1,80,7.62470031850637,0.229682729989513,0.848657661350444,4.96704833106787
38,4,28,4,2,45,4.24357714740711,0.00446847643739202,0.561532946769148,4.83287058718559
68,5,32,4,1,50,7.23710557715942,0.698406012686801,0.896532833343372,4.46365454942928
0,2,33,1,7,18,1.10631285012297,0.0257174620627866,0.944209013599902,9.34044785936598
83,7,35,6,1,69,6.48831145410379,0.429514721014953,0.155554119963199,4.38439246244373
0,1,27,3,3,3,1.99313598270763,0.0358470645733178,0.977340035373345,6.04309050417809
20,3,30,5,1,61,4.38644080321132,0.0251215774333104,0.118393226293847,2.3546687427864
90,5,33,3,1,85,13.3835299201596,0.223213051668111,0.642013380303979,4.78215757973727
61,8,26,4,3,4,0.331575321834111,0.168161961599253,0.5869043066632,15.6010806138005
37,4,23,4,1,18,1.86541698737671,0.175558857376429,0.416442962829024,5.62869364412786
43,7,28,3,11,49,3.30864994963176,0.393816198666996,0.469744089525193,3.40187001701027
3,2,33,1,2,4,0.408359309320812,0.176378566539454,0.982037530746311,10.9183447382625
97,6,38,3,1,77,7.93469918328328,0.287270162011239,0.395105845760554,8.11246095625351
43,4,33,3,1,55,5.83895884470369,0.50459083446995,0.874892769847065,4.68946636535105
95,5,31,3,1,61,9.31110912047399,0.44296894034133,0.759448935044929,7.57887192862315
88,7,26,4,1,50,7.32597164617571,0.22843972708911,0.64066422614269,10.6448135090607
63,5,28,4,1,67,8.21866994736816,0.0769470165250823,0.506650667404756,2.74328580117054
97,6,36,3,1,98,13.8790578385788,0.607042267421419,0.585792370373383,4.95944154269885
61,7,28,6,2,53,5.20307254894042,0.0451718060066923,0.0161578117404133,1.90367538939246
33,3,29,5,1,64,7.95708829701566,0.241252217198464,0.510291717480868,1.5420840604701
34,5,32,3,9,22,3.97434888495611,0.166329067433253,0.307578661711887,3.43003232316439
39,4,25,2,7,4,2.64037280428707,0.0658982350723818,0.302044411189854,5.86385255010917
78,8,40,6,1,77,5.61219462132676,0.456256595419204,0.107728252653033,3.25226537940893
3,4,25,6,2,24,-0.096570767956548,0.00738941004965454,0.264803594676778,3.39302979555693
74,5,35,4,1,97,8.59013002293814,0.159939174889587,0.649019641336054,3.86368659410476
67,7,32,6,1,86,5.44493476810171,0.252359617490995,0.0951430776622146,1.54420549143913
17,5,24,5,5,7,-1.27398482066462,0.0552564628887922,0.786127320956439,8.53504825344043
26,3,22,2,8,26,2.93401552429027,0.0541007736335555,0.423632622230798,8.75342477470335
51,7,30,5,1,31,4.14310309134432,0.707419663913445,0.297868614085019,3.03757496210323
67,6,31,4,3,81,5.3807914401516,0.200173717214468,0.257441501365975,2.62057231217828
98,11,43,6,1,82,6.80591494474011,0.484258267541832,0.392700317781419,2.69898667786536
75,7,29,6,1,88,10.0164748311854,1.11479321581529,0.731179059715942,3.03098057694839
56,5,26,2,2,26,4.13154647459194,0.528361170254279,0.915006417781115,25.4294272882095
84,5,27,4,1,88,10.6760657120492,0.15682644455228,0.103790544206277,3.73204331810932
18,5,22,4,3,1,-1.64860946669201,0.218386206340582,0.564176719868556,5.89763300751342
27,2,34,4,1,82,6.03012335264274,0.0131058423238191,0.288939629681408,1.85924493655133
82,5,31,5,1,61,6.8490618747004,0.100743022863753,0.48585121659562,10.5778149433475
69,6,35,3,1,75,7.84981531586191,0.612877823006988,0.445546950213611,3.66992694484004
24,2,31,2,1,23,3.2028221942469,0.0344211537632698,0.954591974616051,9.18435555084067
4,2,21,4,1,11,-0.446858262019365,0.07729252288118,0.2654308618512,3.29009635650892
14,4,29,5,1,5,-1.83243630137514,0.0185442535729001,0.507579211145639,6.10837443063346
21,2,26,4,1,19,5.12713366104772,0.0276334796799347,0.934938699472696,5.48013322993263
47,5,33,4,1,62,3.04703260690767,0.274243591808456,0.332732059760019,4.3203218613243
19,4,23,4,5,9,1.49484225799325,0.0391691408585757,0.112955551361665,4.51538538065116
71,5,27,4,1,42,8.23041117766077,0.0794269180623814,0.893312251428142,5.73588467291361
0,3,25,4,4,1,-2.12931892535159,0.00309649528935552,0.87615585909225,8.18538025167648
37,4,32,2,4,61,6.86305814656988,0.731073891636252,0.999864014098421,4.38293240602965
51,4,32,4,1,66,5.3516886934898,0.0540392402326688,0.285409552045166,1.93316367274614
0,4,28,6,1,7,-0.0822102958284452,0.0252801136812195,0.523842453258112,6.87568936392489
58,7,37,4,1,38,2.79271031444151,0.297133391945365,0.632294091861695,4.63811591659739
15,4,31,3,3,23,1.53700512012899,0.58354030384228,0.586333869490772,2.59294605230188
35,5,33,6,1,70,3.90892752518348,0.132774010766298,0.275595861952752,3.25031514266199
64,8,37,6,1,75,4.39538775344998,0.085556712442986,0.0810536730568856,2.08733751606406
77,4,36,2,1,62,8.028867503974,0.308611803910437,0.62431941088289,2.94343900012556
56,7,25,6,2,61,4.69707480392605,0.035607112847069,0.286136179463938,4.10514089356748
23,6,25,3,8,26,1.51500387346051,0.347144326002697,0.277179657481611,5.63936741225821
8,1,27,4,1,24,5.02117034720257,0.031322787865065,0.98142054816708,4.59795929502722
8,3,32,5,1,43,2.57488387965807,0.111201339957854,0.698118188651279,2.45848110938669
30,3,23,3,2,10,2.68656349493205,0.0040660718209051,0.356833833735436,10.8648775972213
66,5,30,3,2,40,5.76782596935292,0.0524152966681868,0.695077557815239,7.4791850312821
0,4,23,4,2,0,-4.00704844972435,0.0513645535102114,0.215718385064974,5.57029107710393
20,3,20,4,3,18,5.55861208751512,0.0700101333204657,0.654048347612843,4.42133103384521
93,10,33,4,3,48,4.85356667959262,0.288710074488747,0.527674441458657,10.9290731430025
92,5,30,3,1,39,8.44834615942278,0.292994254491034,0.805014624260366,7.7742031991449
73,4,24,4,1,43,9.72484788175347,0.0832163505453929,0.669819406233728,5.93545189304446
33,2,31,2,1,56,4.52002526611516,0.147625366225839,0.947700758231804,6.03502470928482
51,6,32,4,3,28,4.89652533292113,0.391825932014125,0.447896320139989,3.75471141739553
74,7,36,5,2,86,6.43785491018132,0.156216144678183,0.124103783164173,2.08045372527377
61,8,27,7,1,24,3.37657234669474,0.139426721958444,0.28884963132441,8.52563578889969
62,6,36,6,1,98,8.71496355666364,0.6517283511033,0.358628852292895,1.55527455746753
21,5,22,5,7,8,3.31721156978199,0.109221271472052,0.0460918776225299,2.75871985823242
21,3,23,5,1,34,4.04965902982962,0.0130725915018198,0.53766843304038,3.69703896171103
38,5,24,5,1,7,1.55089364804416,0.132453263573288,0.730461994186044,8.88783610563276
94,10,27,6,1,28,3.19267742900303,0.19522993521646,0.00756995496340096,4.16039034866158
96,8,33,3,4,60,8.82899502098276,0.275231193797006,0.104712298605591,3.78667266724262
73,5,25,2,1,15,6.75706913295479,0.275695981680158,0.378025175770745,6.92170102322819
73,5,30,3,1,63,8.42114783563484,0.181868544769216,0.126400095410645,3.91757756007634
53,7,26,5,1,22,1.37368867920898,0.15903667814564,0.438748095883057,22.6427153166639
0,4,34,3,13,42,2.26034194074879,0.352213158326472,0.951167395105585,3.06379740997002
60,4,25,5,1,47,5.94396416143178,0.0397665918436839,0.379297346808016,6.30280610198597
83,8,30,4,2,80,5.89800690006832,0.445525141411877,0.42719870689325,3.93207858724462
75,7,28,4,1,48,4.7757257286266,0.113168201898213,0.415734882466495,4.70875544926453
45,4,28,4,1,43,5.06970924988213,0.0494099551578984,0.435167319374159,3.3037139161903
53,6,33,3,6,33,2.48590638703329,0.0577720200445389,0.699833226855844,4.68202766782439
53,5,30,3,4,23,4.96867362902791,0.151711740880273,0.771270244615152,11.9179376074772
0,1,25,3,1,5,2.1938518330205,0.025732459500432,0.338975043734536,3.98503057739761
35,3,32,3,1,65,5.0062155499693,0.33299598818526,0.808006282662973,4.4961289354963
61,4,35,1,4,82,7.13681622118451,0.177709246509451,0.768782308325171,4.00201418118426
82,9,36,6,1,99,8.43245472254377,0.405029447871071,0.622927837772295,1.99253093046931
35,3,27,2,1,41,4.15331886356956,0.13005111028906,0.34100499888882,5.95173201859093
41,5,27,5,1,34,4.91859863062885,0.231913732723428,0.41444192500785,2.97421516766019
57,6,36,5,1,89,6.63795513337624,0.176820855111557,0.692188890883699,6.40422462698166
58,5,30,4,1,84,9.12598319123178,0.355606396819735,0.336101626046002,3.19212886677469
71,8,28,5,2,76,8.28550912327247,1.02512130648235,0.268632235238329,2.56765432828344
39,6,32,5,1,46,1.41041735963331,0.172213038778864,0.731492707505822,4.04377854309113
91,8,39,6,1,99,12.0582200870911,0.462506399934596,0.305111110210419,3.18984100741278
96,11,28,4,5,27,4.46000849047152,0.221353275537767,0.103906228672713,8.00031060131869
23,5,33,4,1,19,1.58257234978695,0.167549012810923,0.44103442505002,5.02980620771398
72,8,31,5,2,80,5.82860172989034,0.858991567003441,0.713023870019242,7.1977758671216
90,6,29,2,1,77,7.12518099737107,0.37058482642979,0.587278128834441,10.4706734852681
60,7,30,4,1,46,2.62699344827647,0.187460711681026,0.0702990530990064,4.60547156354315
63,6,28,5,1,61,7.18127217216316,0.320438256011087,0.190769230714068,2.89177460622925
93,8,31,4,2,76,9.83960823104791,0.537017713748741,0.321382105117664,4.00320737491317
85,7,37,2,3,71,7.47270595811471,0.194507685013789,0.23052924615331,4.30522552452862
57,5,35,3,2,58,7.96589903236243,0.235097935645583,0.542747015366331,3.78116899119044
82,6,27,5,1,88,10.4083042448367,0.709601020994472,0.22465181723237,2.23016245277356
11,3,34,6,1,31,2.1048769105382,0.14169946743641,0.181694803293794,3.37910839250759
76,8,29,7,1,83,7.27377983164916,0.491061267887658,0.229227187344804,4.5167092916553
62,5,27,3,2,38,5.32443697349443,0.279900801895962,0.800223363330588,5.13673967086432
14,2,33,2,1,45,4.47382049837946,0.466576819752759,0.755533325718716,2.71541700173676
8,4,24,6,1,16,1.44344631908746,0.13148815499153,0.605955506674945,3.31317998314701
46,6,37,4,2,34,0.349132003243342,0.114897285109694,0.472324463538826,3.38419536309247
77,6,30,5,1,90,10.1991520071463,0.572059913972551,0.638149902690202,2.41553763050607
73,5,34,2,1,46,7.7506016910672,0.409242242758808,0.961264207493514,6.00635410327023
81,8,40,5,1,95,7.67346039409018,0.761970486449909,0.153409332968295,1.39947551246214
17,5,34,3,3,27,-0.124219316469613,0.292818308846561,0.834904696559533,9.35142997632111
94,14,28,8,1,54,4.59395303074427,0.267081483256745,0.023055283119902,2.81680916612519
29,3,25,4,1,44,6.46265811326396,0.262792462705377,0.410572361201048,4.36760619099488
14,2,22,2,2,9,3.81561803309716,0.311586332529083,0.99574853037484,14.8749583533263
71,5,34,3,1,94,8.73619828179257,0.354902113766825,0.46632541064173,2.6320958847492
32,5,32,4,2,75,6.45727408318051,0.397001677859586,0.678909936221316,2.83078401374091
77,5,37,1,2,79,9.99088336306333,0.729970056521607,0.917033791309223,3.82370069807957
39,5,35,3,1,44,1.46189412675937,0.473050265086299,0.858676696196198,10.6645227156418
67,8,37,5,1,93,5.91303010590741,0.262425639423284,0.226119281258434,2.48836112322906
77,6,29,5,1,78,9.05875688493435,0.166663750773296,0.515275017824024,6.68654401405248
18,2,26,3,2,18,3.92453607070505,0.0100129074417055,0.693850868148729,3.77605871424708
2,0,26,3,1,12,3.15674693414063,0.0177768713328987,0.292342206463218,3.90366738339682
13,4,20,6,1,31,3.16916535734981,0.352234851375903,0.816141484538093,4.44193855279929
68,4,27,4,1,43,7.97787312893796,0.0680024267639965,0.737052181269974,4.23318395800751
93,5,37,3,1,69,7.36776186852931,0.284185166925865,0.406129127601162,4.73662252247611
55,7,27,6,1,48,5.11881277604061,0.559968697148969,0.0308215557597578,2.89776538814726
60,5,37,3,2,93,6.24602304664925,0.105195232084952,0.30649317195639,3.86602300385805
19,4,24,6,1,44,3.24286269657901,0.111007399274968,0.0700470919255167,3.3908699933307
53,3,31,4,1,54,7.30073904612364,0.0151797470171005,0.419606378301978,5.20372795861043
17,3,34,2,1,20,1.85051577705851,0.183276360260329,0.733665478415787,5.37618357732933
45,4,35,3,1,75,7.48090830261019,0.27615759683654,0.97929517342709,4.85040746834636
31,3,33,4,1,60,5.53377477634608,0.139448475791141,0.716011642944068,2.53938815924145
11,1,29,3,1,24,4.46761987787051,0.059291173964661,0.942082514520735,8.48844758367503
18,3,31,4,1,5,1.01239620127683,0.124705846214979,0.273999942233786,6.276866601366
72,4,29,2,2,62,6.93757664855885,0.168046910664998,0.577122671529651,4.43785452927326
41,6,28,5,1,47,5.71410732970234,0.432279783189003,0.31767938612029,2.00919619031588
41,5,29,2,4,7,0.120301903539628,0.0412710474338382,0.714185740565881,9.946620413093
48,4,27,3,1,33,4.9088544639288,0.143864515470341,0.246175604173914,5.38165989225527
42,5,35,3,2,23,0.876691298547869,0.106791642001669,0.443932177266106,5.768296888643
13,3,31,5,1,20,3.86050821760252,0.0538353213341907,0.846109459642321,4.28590878650265
82,5,37,1,3,88,11.8519680794705,0.68937862149083,0.580936700571328,1.7169085161022
59,6,37,3,3,56,4.64505351799153,0.0808890347834677,0.431479500839487,4.4137333405636
79,7,26,4,1,21,4.3441588409522,0.10862868395634,0.236593118403107,10.4389529111831
76,8,35,5,1,62,6.23196144188295,0.545422024527723,0.436061908490956,5.97946483495482
91,9,33,5,1,86,7.7768897893768,0.761106124105764,0.275334154022858,2.40565755043019
86,7,39,3,1,81,5.82569640804326,0.663460735665792,0.656383508117869,3.23903946202587
31,5,27,6,1,13,0.91953418020881,0.063117686775513,0.0707973320968449,3.69436027478527
25,4,24,4,2,3,3.12003776740778,0.124381468631327,0.633765875129029,11.0234060095895
74,7,26,6,2,87,8.1487779985789,0.256375867397267,0.0166810117661953,2.39573988326946
74,5,33,2,1,46,7.26946506971207,0.776966636958432,0.702359996270388,3.32597859839556
91,6,29,4,1,64,7.26760041676913,0.23513449098796,0.562921826960519,13.8965959838001
79,6,38,2,1,80,7.03380022327277,0.123574331053533,0.653371487278491,5.31032059104645
13,2,21,4,1,56,6.26775874883961,0.0587235623970628,0.254593750229105,1.54886486210529
28,5,30,4,3,23,-0.0372735815166934,0.199990291630186,0.797607654472813,5.12408139145437
19,2,29,4,1,21,4.08342255433267,0.110342290950939,0.611996388761327,5.27458482446772
78,9,37,5,3,76,6.41899087673833,0.36258322275106,0.492087047547102,5.3105654402115
12,2,21,3,3,24,3.18457106077621,0.00190760591067374,0.257254395168275,4.45177804101154
12,3,25,2,11,13,3.16490641396291,0.15705377375707,0.910417289938778,5.26381863336606
7,4,30,3,1,0,-1.52390995873732,0.18072519613311,0.904310615733266,8.34380759488609
5,2,27,4,1,29,4.45024884500357,0.197074719228524,0.860419461969286,5.95231410664315
53,7,30,5,2,21,1.55270909604932,0.0463832842825184,0.0199293359182775,5.46365464423128
11,2,28,1,3,0,-1.8390321599634,0.00940864848889132,0.374319792725146,9.87532725322462
74,8,35,6,1,83,6.11836974689682,0.550789670662932,0.450432527810335,4.92371432933775
73,8,42,6,1,58,3.39665307838646,0.211228266115043,0.462474178988487,6.30074826709359
88,8,37,6,1,97,10.4947954098822,0.450179848333305,0.0376761411316693,1.20002946099377
51,6,25,4,3,12,4.43480736739894,0.182507425768974,0.275035701924935,5.23846114682528
85,7,33,4,3,91,7.80083189440855,0.163041426683776,0.251368328230456,2.94145620609065
44,4,34,5,1,83,5.01269193440748,0.040037108994315,0.128945757634938,2.27319783258386
15,5,34,6,2,58,1.77813626915159,0.0861082413466647,0.20682435715571,1.09974639543474
44,5,37,5,1,52,5.00892326205853,0.263714645280245,0.745813438436016,6.28269568806504
96,8,31,6,1,81,9.28303142722054,0.09506826242432,0.134429644793272,2.37207433871165
48,5,29,6,1,83,8.85322979084849,0.656743656346732,0.434077997691929,2.08982368444685
25,5,23,4,3,2,-0.551581127708555,0.145738982828334,0.636855792719871,9.28208743902978
25,5,32,6,1,67,5.45276109838865,0.162390962592326,0.407727639889345,2.30139473426856
54,3,25,1,2,10,6.32967824572036,0.253836544804973,0.670541697647423,8.11578867309793
64,4,33,1,2,68,9.46355602182931,0.512154305332756,0.393558420939371,4.14269347258083
33,4,32,5,1,24,4.20441600229901,0.124625023920089,0.927976962877437,4.56349525870561
6,2,30,3,1,2,-0.512843735705848,0.068857712787576,0.895506104454398,7.07153898578817
45,4,26,4,1,50,6.83099877732313,0.567476506469176,0.846919434377924,5.76720642093674
83,5,30,1,1,76,8.2984713698672,0.395343325288684,0.895628134254366,15.8213273511563
57,5,28,3,1,56,5.30133613212791,0.405351935035076,0.880504162982106,6.24920933644403
35,4,28,3,2,72,6.75038956447473,0.114436675900276,0.653425198048353,4.7351225696017
54,7,26,5,1,23,3.61215061922898,0.208081289416853,0.0637751342728734,3.24432565763626
89,8,37,3,4,88,6.89024023607352,0.331659126084972,0.634932037442923,4.06869207566666
48,6,37,4,2,92,5.20042353934474,0.117167203996737,0.261740053771064,3.18350943332565
17,2,33,3,1,48,1.47299139182406,0.0765637012664229,0.686779397772625,8.14585681093192
54,6,26,6,1,72,6.4898453226305,0.364065482804474,0.460025600623339,7.86385606710525
96,11,35,7,1,84,7.94914306361479,0.51957541562379,0.353224348742515,2.20273465390652
31,2,27,2,1,22,4.87488034188189,0.091967344051227,0.274972375482321,5.61325072072277
82,8,33,5,1,90,8.07743998798598,0.833644878077221,0.124066110234708,1.91122467433166
30,3,22,5,1,23,3.95115736583518,0.00271902640815824,0.211657227715477,8.13624706012753
18,2,21,3,1,4,3.30594405016916,0.0118014929614898,0.931571205845103,9.22648925656405
4,3,29,5,1,34,3.74705691280693,0.0724730545189232,0.804625678341836,4.67257208310576
24,2,21,2,1,2,3.3049960973903,0.131730252760462,0.652071601944044,8.04180019150993
35,3,35,5,1,70,4.20821426711575,0.083521204080308,0.702903798082843,6.22396959542131
15,1,20,2,2,11,3.00590928936641,0.0182475009244856,0.940628407523036,7.14939817718175
30,3,28,4,1,32,1.87691220018669,0.0191862544743344,0.630776658188552,8.4781968795039
1,1,15,4,1,11,2.72560136137937,0.170326773193665,0.921992409741506,6.66198739449275
99,7,40,2,1,88,8.89577403434053,0.623676249558626,0.716242655646056,7.59657685000168
80,9,31,5,2,58,4.05906067789901,0.288994364429939,0.539205106440932,5.63267456459843
8,3,29,3,6,18,2.08437744803911,0.102594753727317,0.572038550628349,2.91429264751382
86,10,38,6,1,96,9.41847265872445,0.921352782699853,0.0479618394747376,1.33632303734603
55,4,26,2,1,49,7.36485053990992,0.548411625871593,0.286546990275383,5.16485758663079
42,3,31,4,1,59,6.43695623126295,0.412504629210985,0.499415137805045,2.31389643112539
6,1,22,3,2,2,4.26776916039399,0.0150046310442444,0.497251234948635,5.53995429039332
56,7,25,6,1,34,3.89079447805652,0.132873511983658,0.573249749839306,5.69755152418893
7,2,28,3,1,34,2.41400005465324,0.143513628514484,0.665049234172329,4.0219049841154
21,2,30,4,1,70,7.07774307450844,0.0660888558131285,0.470267218304798,3.80433787322137
54,8,27,6,2,76,7.25336246239547,0.753066323619891,0.295775370206684,2.57440792004658
48,3,29,4,1,61,8.23154476325173,0.164660926093347,0.890007753390819,4.73766068641289
15,3,33,5,1,15,0.513601930120736,0.0277708646524432,0.168110899860039,3.35756120799699
14,5,34,3,2,6,-0.206841632372926,0.491596579065031,0.977200985187665,10.7415613392513
49,4,25,4,2,75,7.18596774525926,0.0855518422322348,0.412411049939692,4.5307411376498
94,5,36,1,1,53,8.26687921425217,0.381575363079086,0.960480391280726,8.09229620073926
33,5,33,6,1,35,4.66168934231557,0.135852293111384,0.511519308434799,3.32393423650579
18,5,26,5,3,2,-2.11484025861369,0.0233681352992548,0.52108440734446,6.68544975279138
26,6,35,5,1,24,-1.16368812373379,0.0366275007836521,0.651166532887146,4.26120090674105
53,5,27,5,1,24,4.28183152696176,0.0985044481838353,0.0731656157877296,7.3007381462896
2,2,32,2,2,5,-1.6688529351085,0.00927229135972588,0.513568930095062,3.12392498070211
79,4,29,4,1,69,8.76268808715096,0.0126725175398683,0.00918837613426149,3.31811236725355
11,3,30,6,1,44,1.45537474126753,0.00282140006100143,0.233800602843985,3.95151949270871
53,7,27,5,5,49,4.38803221237775,0.0696861228207126,0.0961478063836694,3.05087381810501
57,6,35,5,2,88,6.16498254103269,0.116247822064906,0.327585985185578,4.64970778680085
61,7,26,7,1,60,5.26297190492379,0.0482626281801978,0.115590674104169,7.19985752383254
71,4,33,4,1,94,12.7980548450349,0.413972571471191,0.923447547247633,5.37101175571684
12,3,33,3,1,37,3.1704876177555,0.245741844865236,0.50326816434972,3.34546638654592
31,4,29,4,3,70,5.75552342080098,0.086949227610603,0.887885858304799,4.81430315884125
94,8,30,3,5,73,8.49110316887924,0.293006583339277,0.101535153342411,4.28030080691124
50,4,35,4,1,71,6.11164956350973,0.0578269589459524,0.179835336981341,2.00250137583719
13,2,26,4,1,36,4.48012957583183,0.000844998277073465,0.619788683019578,7.06631133305595
86,5,25,4,1,73,10.7202774839753,0.158592914752289,0.441563143860549,5.07617347789482
20,5,27,4,3,8,-1.51533666464297,0.0957979543600231,0.715826901374385,5.28085869610525
92,9,27,5,2,65,8.5275257244117,0.830434508579683,0.712250487180427,6.8197307265618
88,7,29,5,1,58,8.77443347362351,0.353479035467951,0.131007900461555,3.60220993577111
13,5,28,7,1,25,1.94094441464343,0.224361582415852,0.331933035049587,3.49678089019875
78,5,38,4,1,86,8.32398526342546,0.104694910231046,0.734937750268728,5.58415312889678
45,6,35,6,1,56,3.54524576863495,0.359649343210616,0.88484097761102,4.88424997716681
13,2,28,5,1,76,5.3915515088705,0.0223624691134319,0.278695496963337,2.14294675799772
88,9,31,4,4,78,6.7560330492038,0.665945699872607,0.454170021926984,6.55249134510721
33,4,28,4,2,19,2.25658094974682,0.00861250785768254,0.859306933125481,7.41709349736112
31,5,32,3,2,28,3.32606396560789,1.43222757888857,0.986264277715236,5.3612217331911
40,3,26,3,1,5,1.85191760959475,0.0114182213298355,0.452986343065277,11.4498301372911
47,4,34,4,1,56,5.84755768331796,0.346390521143305,0.254477799637243,2.67593202490722
36,5,33,6,1,36,4.81009553092918,0.163265507319011,0.08790870802477,2.69119628619536
46,4,26,4,1,53,7.57328563464036,0.506378048544234,0.275099008576944,2.38338956157309
4,2,32,4,1,64,5.26555945965317,0.23643198305622,0.996089102933183,3.86611733762088
18,4,30,6,1,51,2.56858267631411,0.115175604471005,0.342001307057217,2.46117168556922
98,6,29,2,3,61,8.17853098519478,0.0358128984225914,0.658255327492952,8.12615449367361
32,6,34,3,2,15,-1.27656214638166,0.214910623715689,0.747327524702996,9.918804361408
17,3,33,4,2,34,2.07530368457245,0.00926139438174214,0.645370782352984,3.52577290355774
48,4,31,3,2,57,4.46844639350105,0.153338160947897,0.666794315446168,4.98505183418462
1,3,31,3,3,3,0.374106817531435,0.394832777769721,0.997195143718272,5.97656021487925
33,5,28,5,1,48,3.38613793661469,0.166316306218505,0.0376511006616056,3.49299546014647
2,1,25,4,1,5,2.93658911355601,0.015135113382712,0.223310471745208,2.83391703010704
86,7,36,6,1,96,8.5096533758951,0.467578208052969,0.41355778509751,3.77489478722774
73,6,36,3,1,81,7.27927878703834,0.672068173499936,0.912959975888953,7.84936121430152
31,4,34,4,1,58,5.24584679068347,0.200088277215812,0.427840331802145,3.49055899995414
38,4,33,4,2,80,6.79617795770318,0.19860257160731,0.92542614438571,4.65311346347903
33,6,30,3,4,26,2.89164295956056,0.900104829523355,0.448471421375871,2.91579265927479
8,4,24,4,14,19,2.82362746167298,0.178112681944597,0.163151469780132,3.27819284431477
75,8,34,4,4,83,7.03232199542018,0.39747311498732,0.841224427102134,6.53096704742258
60,5,27,5,1,71,7.17257773780184,0.0548238862554928,0.195464361691847,5.96928127900438
14,1,29,3,1,49,3.58079352921136,0.00159476662520319,0.367603262653574,4.27738524846451
3,4,32,3,13,3,-3.8002657848611,0.00456967826984917,0.500771581893787,9.40381499476277
48,5,30,5,1,46,5.46642997180585,0.0453246326651424,0.0636619625147432,3.95857713642553
44,6,29,5,5,21,4.69392404081612,0.21982294483685,0.843408141983673,5.83229584922267
6,1,29,3,2,57,5.78280172842496,0.059773723827675,0.592121254885569,2.51876716254821
32,2,34,2,1,62,5.5950676423496,0.432666597401208,0.56884625623934,3.14453539058128
87,5,30,2,1,40,5.88801658451777,0.265003786877471,0.93930603377521,10.9259196358131
93,8,31,3,4,93,12.5779245516529,1.17596006852793,0.643954259809107,2.55009991739744
39,4,32,2,2,7,-0.0526367573349997,0.112068613641895,0.834799118340015,6.55239354599611
15,2,24,3,1,12,4.07269994244598,0.19013645048176,0.486685219686478,3.11544244715813
31,3,20,1,4,0,1.07280010194056,0.0383732869522646,0.971764139132574,14.6601731021866
30,4,27,4,1,10,0.646488657805264,0.0604468492659631,0.530267536872998,7.82197865786284
10,4,33,5,1,52,3.08433518417664,0.163247956312262,0.853579170769081,4.66722867004979
97,9,28,4,1,20,6.28849820872271,0.716531866225754,0.298647798364982,7.69578097194194
49,6,28,3,2,22,3.2802150794755,0.299834321940991,0.580475479830056,8.84017607729696
9,1,28,1,3,30,5.93100601318275,0.154401493491605,0.778456903761253,6.4010636898462
21,3,22,3,1,6,1.96804762844615,0.0986553630791605,0.341233361978084,7.78813621714623
93,11,38,6,1,82,6.59150439931719,0.670517071584398,0.424699574941769,2.41850499189627
29,5,28,6,2,59,4.55400755034993,0.0341923520042736,0.0620767537038773,2.0111149440319
65,8,34,6,1,74,5.26507421857105,0.218369514438066,0.0613690374884754,2.49289979798201
90,10,30,6,1,60,5.293326597169,0.0922646904364228,0.000348928850144148,2.24665369107015
99,6,37,5,1,95,9.97484246675095,0.192056099640879,0.0259594211820513,3.47120883792498
43,6,25,4,6,30,2.65031897920171,0.193552278603844,0.269872297765687,5.90064966927222
39,6,26,5,6,37,2.72127351033254,0.0597922953311354,0.0200316812843084,4.07568496827947
14,1,27,3,1,12,3.48404048728644,0.0667557282140478,0.661114300834015,5.32321439534411
27,5,28,5,3,64,3.82613072998051,0.180566018203947,0.812261554645374,2.93819094568198
56,4,26,2,1,36,5.12474732496407,0.0569492472693408,0.21282919915393,8.25458175919425
93,10,40,5,1,87,6.90746518739363,1.36888724232191,0.0861014805268496,3.45135076552169
35,4,34,3,3,30,4.89029250951274,0.133325935574248,0.905442965915427,5.00293234956836
84,6,33,2,2,81,6.8593230050012,0.189457273518035,0.961324559524655,7.69387905806579
72,8,34,5,1,86,5.96275889484761,0.607400728323254,0.314074592897668,6.33953223490402
75,7,31,6,1,86,8.9202858981891,1.0804383130114,0.510052127065137,3.29402265829846
92,8,33,7,1,96,8.321720644796,0.100980188324392,0.10000012582168,5.50658300721409
0,0,27,0,1,2,2.18201502191536,0.0993035825667903,0.886987581616268,10.1594003603879
16,5,27,6,1,14,1.3872711142594,0.306902086584571,0.352187439799309,2.45715638910929
39,5,27,3,10,9,4.42502594536272,0.0896062524989247,0.203768972074613,5.99559199154993
67,8,37,5,1,85,5.76952305527779,1.1181938702354,0.381404742365703,2.77760336693672
48,3,35,4,1,81,6.59801545979783,0.164736310951412,0.958248288370669,4.56001744923253
53,5,29,3,1,23,5.75560616266376,0.252851847903588,0.574003859888762,6.07098256508796
31,6,36,6,1,57,2.20031535127221,0.423206395074276,0.85075333667919,4.97873873292102
81,8,28,6,2,46,7.53801898047831,0.398787259568876,0.0661204527132213,1.46429692325908
29,6,35,6,1,47,0.707657726479644,0.0962495795683935,0.424704931676388,3.11627106598761
40,3,21,4,1,39,5.67366134528313,0.0814260942861438,0.288462748518214,8.53103977361353
9,2,29,5,1,49,4.49496757886001,0.0748104923404753,0.926107364473864,3.24522512448631
79,7,41,3,3,93,9.01116928862513,0.609506184241758,0.82520509371534,2.79549026067669
35,3,34,2,1,26,4.05107497185501,0.0590983846632568,0.438545232405886,3.49810641405314
4,3,27,5,1,24,1.62928133333398,0.1889088882494,0.750819030217826,5.40661050282932
4,4,20,6,1,9,-0.575818083399402,0.111756958259467,0.557898426661268,4.74083559316321
95,6,31,4,1,94,10.1130741787692,0.244915707200346,0.133015555562451,3.98296563046852
37,3,30,2,3,30,6.37896675967142,0.212822590333512,0.612448281608522,5.37819184944043
80,6,29,3,2,39,5.8716113188532,0.207864804881367,0.362748032668605,5.19600262224623
91,9,31,7,1,71,6.23268457592038,0.271353427310216,0.00815302692353725,5.29509042577858
44,4,28,5,1,74,5.31567387684916,0.0458787635434419,0.388318139361218,3.86382148584064
57,6,30,6,1,63,7.27961029044598,0.392827381659989,0.530469603836536,3.5002523589371
7,1,23,0,3,0,1.33809779052497,0.0856049645226449,0.764671518001705,8.2205105476869
16,5,33,6,1,41,2.9898597354807,0.288028764295134,0.437789387768134,1.5395710166707
73,6,33,3,3,62,5.08977227059124,0.172635865281336,0.846491731004789,5.16119059715076
47,4,23,3,1,21,6.13575166492318,0.117021064041182,0.938364007975906,6.31470472689622
68,4,24,1,2,44,8.6171924645347,1.06090183270382,0.969157531158999,6.64012178598456
95,7,38,3,1,84,8.22923727515765,0.284515894473273,0.744609329849482,5.25140752664168
49,4,30,2,3,17,3.25096019098915,0.0279697398162946,0.700829704292119,10.8474111685173
47,6,27,3,3,1,-0.0956182372714443,0.196938416278708,0.670632261084393,12.4361528500221
56,6,28,5,2,43,4.62175790824507,0.0207329293480143,0.0451930686831474,2.16759209525865
65,4,30,3,1,34,6.46650200790097,0.171221041935496,0.538933185162023,8.5845174773452
27,6,25,4,8,4,0.909785072625843,0.110768681624904,0.827363931573927,11.6420176332269
97,9,33,5,1,87,9.67690275230282,0.87726176292041,0.0247481763362885,3.3106003666757
64,7,32,4,3,79,7.34689523991344,0.735262848394823,0.626901394221932,3.53179775977367
58,7,39,4,3,67,3.48173851654762,0.194411049353632,0.302477446151897,2.63984266972324
61,5,26,3,1,9,4.0709484708876,0.110800646031951,0.769520537462085,9.51499229894884
92,6,32,2,3,50,8.01616088125633,0.135820815223269,0.532839943422005,5.83153095567638
39,5,28,4,1,60,3.56297253969796,0.171377165592276,0.292410971596837,2.39549479011076
28,4,25,3,2,2,1.02837157650451,0.0457638732800013,0.830336586339399,9.58457502202317
9,2,23,3,4,31,4.47938445614627,0.015115431160666,0.266166548710316,2.98379023727187
32,3,25,4,2,36,4.9035839797777,0.0112331013660878,0.613734740298241,6.95774001059244
75,5,35,2,1,68,5.57706828775194,0.38454561352492,0.540406442247331,5.41051643823371
10,3,28,2,7,46,5.61803372819441,0.282794220336018,0.786849441472441,2.30829365623402
71,5,33,1,1,23,5.62530321568875,0.543736324148411,0.637695131124929,5.67783137996312
96,6,41,2,1,81,6.41768025614708,0.194320386221069,0.622097785817459,6.80734296221035
20,2,34,2,2,58,4.06188057328841,0.109521962353028,0.687893819296733,2.09533894023683
10,1,30,3,1,66,5.67769193278949,0.0536324295608671,0.84683848102577,5.44016367192574
5,3,23,4,3,0,-2.04032109904611,0.0195877863685277,0.526608764426783,6.21524897196964
82,7,36,5,1,94,9.09108965145976,0.310895597318861,0.436668599722907,2.965083577015
58,4,32,3,1,57,5.54531576846426,0.0208164340816573,0.0723134006839246,3.46816029651965
47,5,31,6,1,75,6.23948498525406,0.148436507326551,0.320331165799871,3.6813312541723
36,4,35,5,1,53,5.83658588969005,0.041888544918038,0.0722825024276972,1.92438137265778
28,4,30,3,3,53,3.78805446629325,0.247120707518163,0.955625200644135,5.0507211144418
59,5,36,2,1,79,6.2464121127598,0.290353816859716,0.937788142124191,3.38865931145021
81,7,29,5,1,38,3.96154334208764,0.151070001185872,0.537135802907869,11.8329375339437
9,4,22,6,2,13,1.07437660347404,0.0101835823152214,0.119846458779648,3.83884614134912
96,10,39,7,1,99,10.1357898587738,1.24106253639542,0.696173205506057,2.25215830372128
16,2,23,1,4,1,1.33087258065994,0.0680444230092689,0.74002056568861,8.7012426663481
8,2,30,2,1,27,0.794376521288074,0.0884048747830093,0.837127034319565,5.64896841543321
86,9,31,7,1,58,5.50347894464417,0.542682067482753,0.340172962285578,3.41121026859282
52,3,36,4,1,91,9.74103793098095,0.103937854734988,0.931349758058786,2.91898030377494
65,4,23,1,1,15,6.71645576633797,0.453952723627395,0.70052001834847,9.46501228248114
22,2,30,1,1,19,3.02320060928091,0.288950990176502,0.580297401174903,5.76029373347015
72,8,27,7,1,53,4.02990690810622,0.209797966516319,0.11486610211432,6.1283489348299
49,4,34,4,1,60,6.78110339898767,0.0410177626139496,0.418740693479776,4.07932751541044
96,7,31,5,1,78,7.08462756952105,0.0360198069849963,0.0102962013334036,2.78570961583631
90,7,36,6,1,81,6.13089120224554,0.303217345372516,0.407536750892177,3.28783856395221
55,7,34,3,3,60,2.96188401796345,0.296577659192237,0.675892999162897,4.05273660436441
7,4,30,6,1,55,4.53613710629865,0.0841294102137908,0.229606573935598,1.22973820051074
2,3,31,2,7,35,1.32248218379531,0.282965239825401,0.771981521276757,3.8888739863602
51,3,25,1,2,5,4.87955536349089,0.129486903198995,0.849842653144151,7.51896446428859
63,7,35,5,1,65,3.71282169395722,0.0877823467599228,0.0859042590018362,2.96486368301126
41,7,30,6,2,65,2.69494499546663,0.0691600380427505,0.455839874222875,3.2881481771026
87,9,35,5,1,93,8.61059053150516,1.35390002137648,0.47647207393311,3.23286069021216
10,4,30,4,4,48,1.8741625453333,0.208838860260996,0.192660220200196,2.66594033878073
98,10,30,3,6,85,9.41456128252421,0.796176092210741,0.547396259149536,4.92006113644415
26,5,30,6,2,31,1.31400811378932,0.0210471217287704,0.104523313231766,3.91799804561682
8,1,31,2,2,13,0.483471276549841,0.00136024062521756,0.503263484686613,3.67870507118687
38,4,33,3,1,14,0.967815115362537,0.0413863273498868,0.710683027748019,15.2281805774592
12,4,34,4,1,3,-2.32328660822044,0.124744867091067,0.86752344458364,4.85348646767634
58,7,37,4,2,69,5.31136137824404,0.824778305324626,0.961286452133209,4.26739340342439
24,4,22,3,3,1,1.33621800930015,0.275298133249137,0.958965999772772,15.9360706543511
72,5,28,2,2,27,4.91084839300871,0.0641902398783714,0.350862013176084,9.05959411485884
14,3,31,3,2,11,0.250772759590536,0.0639795626047999,0.847576486412436,5.4645604413915
15,5,35,3,4,39,0.0386141125248685,0.318070191181007,0.923505720682442,3.61552693467881
25,5,36,6,1,36,2.19465531583934,0.372757003546646,0.643512215930969,4.13584566449963
77,6,30,4,1,88,9.25784759779419,0.41487813645736,0.754238245543092,7.09333245345217
42,4,25,5,1,56,5.23272766506715,0.323627400434318,0.689741745358333,5.0497275805526
6,2,27,2,4,15,1.90953766248818,0.0203860436969095,0.95311199571006,13.3997587600606
11,3,28,4,3,31,2.05431380898733,0.0401363718961727,0.484654637053609,3.82054790878317
48,6,35,5,1,41,2.49609000238035,0.0620811179359572,0.468792879488319,3.7523393812235
97,9,33,3,4,75,8.11089399090046,0.422542309833175,0.234275971772149,2.82997413004804
81,7,37,6,1,93,8.46706038163388,0.179946042586792,0.44141206680797,5.284493222411
54,5,25,5,1,49,6.33177471193557,0.0713688635695224,0.379097366472706,7.97720505588327
7,2,30,3,1,45,2.80586596208463,0.0447398712858558,0.341594979632646,4.88963269001746
46,5,24,3,10,9,3.94085694781656,0.0748880234314129,0.392954169772565,4.18278549112739
33,5,33,3,7,55,5.42882504930525,0.70841382222485,0.976273269858211,3.31254912395448
68,8,32,5,2,91,7.71673350445993,0.535555019113689,0.41718826815486,2.2749438286398
51,7,33,4,2,54,4.35313479104675,0.626745780432755,0.330979600548744,3.03424567983209
51,5,28,4,2,60,4.80980007718714,0.0663120232056826,0.253892920911312,5.10079716755729
54,5,37,4,1,84,5.24599265479167,0.0636372322915122,0.760159662459046,5.04064939069517
44,4,36,4,1,78,7.41560433850093,0.127571684657596,0.831085043493658,5.17956281258496
8,1,30,4,1,44,2.99003999935008,0.00062603410333395,0.440485313069075,5.4358502103545
93,11,38,8,1,92,5.84180390651741,0.659993324779655,0.0855451999232173,1.77168438260489
1,2,24,4,1,3,-1.43094678944626,0.0192054636859901,0.334032648010179,3.15114841832524
41,3,23,3,2,9,2.69217938345344,0.00846810677089422,0.48520166776143,20.5751411654739
22,5,28,4,5,29,2.57720122827039,0.338246637944806,0.865634625544772,3.28860930671949
9,3,27,5,2,41,3.01465079419554,0.0321425432366247,0.228227078914642,2.19634919579035
48,4,32,3,1,61,3.85615658945171,0.198503001016752,0.806142240064219,5.16587886516582
65,6,34,6,1,93,6.49781195131476,0.113481960259378,0.816674189409241,3.17123720467382
92,8,30,5,1,56,6.66585124422428,0.241729842775422,0.0750082663726062,4.13199511470041
36,4,31,2,2,30,1.83261276943897,0.187406826791907,0.864321674918756,8.55163075546828
85,6,27,5,1,94,13.8409646463354,0.292926707061681,0.490497072692961,3.34507140235464
30,6,29,6,2,42,4.34082284306468,0.0738798854872584,0.47490504803136,4.82964669656609
46,4,30,4,1,35,5.22232017234314,0.0643828814896154,0.210287702735513,5.38027051011218
14,2,34,2,2,25,1.81521047242778,0.00942111244331186,0.450502394000068,2.37724010510543
80,4,33,3,1,95,13.5579548242249,0.356089279500252,0.758482729783282,6.45791195692035
66,6,27,6,1,86,6.97160853708728,0.134481285931543,0.0231726879719645,2.08042206374728
6,4,29,5,1,42,1.69957254282821,0.301047408709976,0.862685369793326,5.8046542940612
43,3,24,5,1,53,8.89401784133042,0.0146169071085751,0.200314168818295,4.42777366549862
39,6,24,6,2,19,3.06606702053888,0.0699181212955752,0.336981907254085,3.49692443469596
69,8,32,5,2,53,6.19533658303886,0.383723763727999,0.15402697538957,1.69912744471585
65,5,31,3,3,85,9.13619798746489,0.507162369766688,0.770308241713792,3.85673620599501
40,6,31,4,5,20,3.90001718646951,0.624953920862677,0.415448866318911,3.31613912422605
30,4,28,5,1,26,1.0804440818424,0.0128596957074478,0.00779280415736139,4.90252880312607
25,2,19,3,2,34,4.19499730834027,0.0150173575384542,0.126629364443943,6.70580319335853
67,5,34,3,1,68,4.93261444084769,0.164131248253398,0.636520736385137,6.21717093728468
89,6,31,3,2,39,4.92570440336866,0.0649468321353197,0.4014209411107,8.60615545193791
84,6,29,4,1,88,10.1457704180238,0.320933860716152,0.125990519067273,3.5231475377617
39,3,25,4,1,59,8.46126802347699,0.145994589664042,0.16266641067341,3.7882724559522
7,4,25,4,9,2,-0.361169321890722,0.0350902333758202,0.216917964396998,5.56872278533926
82,10,38,4,7,60,3.91042742352261,0.129940349026583,0.403033817186952,7.40172420028046
7,4,29,4,2,7,-1.75946685175969,0.159791156416759,0.653823343338445,9.55413550554514
11,4,35,5,1,9,-1.80803173778736,0.127039737184532,0.322221303591505,3.57901455251973
63,4,26,1,2,54,9.04234772102489,1.11094572109388,0.986493383767083,6.83826883754294
32,3,29,3,3,52,6.36125376714228,0.0464407857170654,0.313782047713175,3.73365398582164
18,3,26,5,1,16,2.13375860287641,0.00377332658622418,0.337127171922475,2.78350377484181
39,6,31,5,3,79,3.65771222059481,0.0907623999519274,0.368510894477367,3.99731434891341
86,7,33,3,2,79,8.07940977750199,0.345770858450535,0.580232708947733,3.85937339774713
34,5,24,6,1,16,1.11151295469997,0.0454400117939829,0.12183020170778,4.38631829803193
0,1,33,1,2,34,2.6808517714636,0.241879108118567,0.98237212584354,8.42183497199415
91,8,31,3,1,31,4.1038214712492,0.159846121096052,0.677333181491122,11.2798583046576
95,11,36,4,2,91,5.59832226937882,0.579358742049276,0.0736242360435426,5.90635378969899
49,5,31,4,2,50,4.58303786998435,0.0197923701489344,0.23789423936978,3.57985389464508
46,5,35,3,2,76,4.46859619941683,0.152835862245411,0.824480091920123,4.65514038983687
59,5,27,5,1,49,5.05570182193392,0.0399356149323319,0.226045811083168,6.67264567152106
90,5,37,2,1,88,8.22553867788985,0.310341574939641,0.961906825657934,5.01055195904121
17,4,32,5,1,36,3.91671505004782,0.301241697965863,0.872416086029261,6.0998373187464
78,6,40,5,1,89,7.25946358270885,0.243806775183159,0.118176797404885,3.76095181349699
23,3,25,4,1,15,1.42258435774731,0.0142481740331277,0.450539814075455,6.80425892963216
57,6,25,4,3,62,7.29184232576091,0.535797863705753,0.34398827678524,3.40546964951969
84,9,36,5,1,59,5.43980686226092,0.37715785296396,0.618039635475725,4.23951461018371
13,2,30,2,1,18,3.60287210368518,0.264904630176311,0.984154467005283,5.90221152441381
89,9,31,5,2,87,7.23958300960437,0.199422318148251,0.0362905822694302,4.53159747551258
45,3,29,4,1,82,9.24390645145579,0.108130232896656,0.742085720878094,3.02238851483512
89,6,37,5,1,86,9.84435925815764,0.0875390192959458,0.424922413891181,3.19567136553062
24,4,35,5,1,72,6.06422928991824,0.188779218810353,0.554981779539958,2.78581926015203
8,2,30,3,1,49,2.39251088682114,0.0243403108324856,0.529236596077681,3.32397080245653
4,1,26,3,2,50,6.6732544372599,0.13310820876627,0.983319314662367,4.15616790073559
97,6,33,3,1,92,11.0767878862971,0.912412406358511,0.946051294915378,8.30535583509413
48,5,30,3,6,75,7.01962962618149,0.314436637320298,0.840587131213397,7.01810173520604
84,6,33,5,1,96,11.1951281462657,0.249939351797777,0.787691409699619,2.8291588856901
41,3,26,3,1,35,4.54579472890427,0.135001409100369,0.739644012413919,6.20323682355248
48,6,29,3,2,47,3.2943756724722,0.463876491458566,0.693556910613552,9.89150301289303
18,2,30,4,1,35,4.80528509783279,0.0631185553502291,0.532106013968587,4.10024248208184
75,4,27,5,1,77,6.92647357622025,0.0856663095701795,0.104275809135288,4.43191453785273
30,4,28,5,1,34,3.92249056238484,0.28096635176357,0.517458043061197,3.42831608500206
16,3,18,5,1,12,3.8034131440754,0.0290688682403265,0.211727228481323,8.00811681898308
3,3,28,4,2,13,0.647148843885047,0.137336478219368,0.54739083070308,5.76056226446306
13,2,25,4,2,16,5.28511573258701,0.0335675348160448,0.866977894445881,8.80627679832481
17,5,36,5,1,28,0.70128276454977,0.334581475694406,0.235242421273142,2.85649550440249
51,4,29,2,4,55,6.08801341848424,0.162437021150254,0.960641475627199,7.1353736683189
81,7,36,4,2,62,8.49521336025369,0.285204527190629,0.696082522161305,3.93557366766915
11,1,22,3,2,41,7.15629908986692,0.0534864233298757,0.302741052117199,3.05794313039164
89,10,38,6,1,80,6.21018213008642,0.530196505950782,0.0251009329222143,1.72425570139769
57,7,31,6,1,46,3.19207960299274,0.0432144208539394,0.517514647217467,6.79419447153369
14,3,32,5,1,15,-0.417246370360814,0.00460951843797039,0.646399860968813,6.26186752148943
90,7,37,4,1,69,5.20325790232325,0.258293262672353,0.382370521780103,4.92456893934141
25,5,26,5,3,42,4.99406831867315,0.150192825472914,0.22060313494876,1.59526470827993
15,5,24,5,3,0,-0.44720036597265,0.101075854036026,0.180858613923192,8.48174191096963
76,7,37,5,1,95,6.97806532350513,0.562401407832438,0.892552375793457,3.84650092529791
23,3,30,5,1,61,5.70925371707996,0.0502621687084864,0.605106180766597,3.95209168668367
30,6,36,5,2,31,2.82254200936928,0.28382137044214,0.511147000826895,3.34596276948531
51,6,28,4,2,19,1.43470746897455,0.31862856283665,0.583222227403894,10.2109734658125
33,3,26,2,4,7,3.79081340853195,0.0799354598810214,0.748497357359156,6.69679507677385
15,2,29,3,1,22,3.72424702533985,0.0228648219271127,0.869764595525339,6.31734859233036
26,5,31,3,4,14,1.9115709355807,0.391047225312746,0.274714965373278,5.33605622159802
35,3,29,3,1,65,8.09438437172883,0.224474292005155,0.94249178445898,5.87982262463865
57,5,31,2,1,66,5.56689962469335,0.355879425054342,0.765441698953509,9.17578758807718
80,6,30,5,1,85,7.90486399441433,0.153992536128499,0.0163055113516748,3.29552181253701
93,10,39,7,1,99,7.81275598461814,0.303432100724802,0.0974201250355691,3.72446571408314
83,7,39,5,1,99,12.8509100583871,0.91570326729936,0.537764426087961,2.06291674684463
12,1,27,3,2,53,5.88684947488031,0.0414496617158875,0.937521578278393,5.91992185536904
64,4,30,5,1,53,5.33777783124222,0.00321462407894222,0.277812756830826,7.76183298155563
69,7,26,6,1,42,5.40223944837873,0.202756312279548,0.0175508321262896,3.65000509216753
3,4,30,3,5,6,-1.6330653088233,0.258977108725052,0.24218435655348,6.54447515856785
92,9,42,6,1,98,10.1412298738202,1.1702539519708,0.223763223970309,1.93763003949202
47,3,33,1,4,37,6.13342618449379,0.0585587785869002,0.47803319664672,2.90502837728023
26,2,30,2,1,12,1.77395078992711,0.0729305072454736,0.863090778468177,6.86909397954947
85,7,30,5,2,64,6.32261590682256,0.0191354878069388,0.0388305694796145,5.46380589200271
22,2,33,2,1,49,3.52537396928568,0.27402774709158,0.987713537644595,6.90065094103342
79,7,36,5,1,94,7.23715379343548,0.134388265199959,0.307272244477645,3.9294461583849
64,5,28,3,4,31,6.36166817415851,0.0596435681154231,0.116404080297798,3.57315056034477
42,5,30,3,1,23,3.23307628502735,0.501227189765728,0.430847284151241,3.71395415739601
9,1,30,4,1,8,1.90434228874909,0.0344135629711673,0.26002187631093,2.83902537346337
0,2,18,4,4,21,4.33302650662114,0.0336909214811294,0.334964303299785,2.70300089432074
53,7,33,4,5,65,6.09656990035401,0.701144007923913,0.832851830637082,3.82192111266738
52,4,26,3,1,20,5.45678755105601,0.324699043052945,0.566027777735144,10.4633585554049
21,2,25,1,11,14,2.78651286921444,0.0145882852375507,0.877977614291012,5.88963781276052
71,5,32,4,1,83,9.8141124917013,0.367821554453633,0.427679562009871,3.81140600819516
96,11,30,8,1,90,9.14959123089367,1.15966340613769,0.219243981409818,4.14510162982028
51,6,29,5,3,67,6.61691345698147,0.173484661480551,0.579362158663571,4.91033228674923
17,2,22,4,1,42,4.64703210289914,0.0761760505847633,0.244862053077668,6.20129147675996
56,4,32,2,2,77,8.99462077016423,0.574754738683039,0.952970046317205,7.05691036020959
75,8,38,5,1,75,3.43244640834235,0.182885246443778,0.127909544855356,5.62386283379316
66,8,31,6,1,62,6.54333153645927,0.178183219385076,0.121829390292987,1.66750303538534
22,3,27,2,3,0,-0.636651915281686,0.0524842798477039,0.706307355081663,5.64941014325306
34,5,30,3,10,53,5.50359722870623,0.48141717489571,0.350349842105061,3.72707506975376
31,3,28,4,1,43,3.80098868387178,0.0773611733920217,0.563606374897063,5.09862664621105
90,7,26,5,1,73,9.47789326096708,1.07503682089256,0.491331445518881,3.85276233258178
19,2,19,2,6,18,3.12844951103157,0.00894414237700403,0.9319617676083,8.45916502859908
68,9,41,6,1,88,5.44739953079606,1.23846517169947,0.739923971937969,2.79207124451713
13,4,22,7,1,26,0.0812378098809878,0.0415382977807894,0.508181813638657,6.31879501619171
10,3,25,3,5,6,2.51632396445862,0.109439640888013,0.386863184627146,3.06618943595105
9,1,20,0,7,7,3.90222803984351,0.0579356409143656,0.429072693455964,5.31322403519337
91,6,35,4,1,98,10.087681394979,0.383578529560423,0.66311933612451,2.95992031073739
27,2,30,3,1,52,4.64998790864199,0.0349682449582095,0.232434441801161,3.4833264097248
88,6,37,6,1,99,8.77715012301243,0.309947386976278,0.235349524766207,1.92203702180206
77,6,37,4,1,80,5.61841574846596,0.0313955161689782,0.519674357259646,9.17677341817525
79,6,28,3,2,45,5.19776040315282,0.0520760115547731,0.313470047432929,3.87405451317788
20,2,27,1,1,2,2.31603516167639,0.0854652989655733,0.939848620444536,9.59299918605335
4,4,32,4,3,21,1.29029126138593,0.0872953263797328,0.513739688089117,2.16628710076129
3,3,34,5,1,37,-0.480462391897678,0.0818276019999757,0.861765999114141,2.89758843076884
28,4,35,2,2,24,1.16649194081658,0.27657913885814,0.681275844341144,4.1275002983538
34,3,27,2,3,15,1.81669642342442,0.0716910639312118,0.880245009204373,7.74846187488576
73,7,37,3,3,93,7.76922867913019,0.685675623329514,0.974235605215654,4.04428012958379
25,4,29,6,1,50,4.49791389513395,0.0716960554709658,0.511742601869628,3.77126425638128
51,7,29,4,4,29,1.84784636967808,0.0680776041028852,0.0670647372025996,3.55851402021856
75,6,26,6,1,57,5.17023084418532,0.0417302066593041,0.0115556726232171,3.8150407188099
63,7,26,4,1,34,4.47371787597327,0.357735147213048,0.311926916707307,8.5077924861351
20,4,32,3,2,12,1.57515683676559,0.278813392844725,0.366072452161461,4.20434387566903
99,8,31,4,1,80,8.79393456204071,0.514881241579956,0.124585909768939,4.97366384526113
0,2,30,4,1,39,3.61422412658122,0.16539865010418,0.973747835727409,4.03365338002154
20,4,34,3,7,61,3.10723137901697,0.278396253463554,0.833074240013957,4.68006107813257
63,8,27,5,3,65,6.84629356984173,0.936228313896448,0.656876844819635,7.58848329322121
1,2,25,4,1,24,1.39204418782538,0.0279717407190813,0.638897697674111,3.49314712602719
2,1,15,5,1,14,4.7001048548754,0.00378731559709289,0.450164094101638,3.58175823805247
60,6,37,4,1,65,5.73927000428638,0.0484146857634187,0.494892237475142,5.82310371353898
57,6,37,5,1,57,5.06102549310669,0.0833959122142778,0.144605219596997,3.43853179936572
24,4,27,5,1,12,3.15847120302112,0.29091609850407,0.691070635104552,3.39860899021731
91,7,29,3,1,46,6.11430581977215,0.430015021448439,0.916895251953974,9.81139921409495
67,5,24,3,4,27,5.24427937345578,0.0595592364760358,0.377646781504154,4.27157492265244
64,8,31,4,4,43,2.41558611484259,0.232913064061406,0.194920726818964,3.49548011711505
20,2,30,4,1,35,2.28385929851387,0.0224853242980316,0.576569348806515,3.11231713969559
48,5,35,2,3,46,5.59738698586435,0.34297998038933,0.318001365056261,3.69137630578963
98,6,39,2,1,84,9.85078613892032,0.209491591201826,0.804765010019764,4.49537456001834
99,11,31,8,1,84,8.89348751577903,0.444459445287889,0.0100794122554362,1.44487376770838
45,3,25,3,1,44,8.36072455517301,0.261304060059203,0.980166650610045,4.92808552694939
71,8,32,7,1,93,9.56106959922978,0.36014429759985,0.195147193735465,1.62936954704687
31,2,28,4,1,31,5.58487812032167,0.0767833366990089,0.542708744294941,3.3879800168531
83,6,27,3,3,79,11.4385929359713,0.691600528048509,0.2592198245693,5.17246779643894
43,6,30,4,2,57,4.89551833424326,0.582426687205368,0.800210961606354,8.61533974384283
99,7,30,5,1,92,8.94163889172374,0.183921544336456,0.17836375022307,7.10160733581862
80,4,34,4,1,84,7.29364008984401,0.0313351608347148,0.148247309029102,6.14647135447766
48,5,24,3,1,12,5.09961670670211,0.484323931836939,0.893965101568028,7.79775111697539
53,5,36,2,1,61,6.37997639117385,1.0924017926909,0.739685517270118,3.54814146521444
34,4,36,3,2,53,3.88670260855306,0.215489509870386,0.373060114681721,4.91655300753463
5,4,34,3,5,12,-2.3489558851868,0.0426366307074204,0.694578029448166,3.65758127242033
45,5,35,5,1,48,3.70900678979491,0.086953220074065,0.31493684113957,6.39662307299288
49,6,26,6,1,58,7.03234173976016,0.284528675801825,0.142927850596607,3.79618165355144
28,3,22,3,2,7,1.40734264195757,0.00757649471722155,0.0408379202708602,7.12626684665018
77,7,33,4,1,74,6.77332278122152,0.0515073029091582,0.142100181663409,3.31273785213055
30,4,24,4,1,20,3.49876991323289,0.0760738819952618,0.243394685676321,4.83279880921284
51,5,28,5,1,31,3.1221957732491,0.102959516923875,0.809710792033002,7.03377226338813
47,3,33,4,1,90,10.3559604284113,0.290320293134152,0.617097153095528,1.58383396595415
76,5,35,3,1,83,9.17957914912339,0.281259981672022,0.400724573526531,4.30870262620846
16,2,27,3,2,23,3.53660428062285,0.00256878770812546,0.17688471544534,4.47012129613325
44,3,25,4,1,51,5.5605007031284,0.203288264710091,0.504558296408504,4.56918519093183
52,7,32,7,1,67,5.13495183900757,0.181539643374539,0.0737277958542109,1.76352149742048
47,7,36,6,1,50,4.07071240244249,0.290188247560266,0.627014613710344,4.10873496837812
52,4,32,4,1,34,4.30801973747239,0.0507816646890535,0.655697515467182,6.25487702009172
68,4,32,3,1,62,8.79207640672427,0.454291706883764,0.837139358045533,2.75933149308428
35,6,34,4,4,34,1.40252462231836,0.153463614638895,0.684731799643487,9.64817596771255
83,7,42,3,1,84,7.82587610087383,0.461971919962621,0.239013900049031,3.15384987548161
92,9,34,4,2,77,6.28109667902054,0.185267841200087,0.50704823853448,5.88839579187468
10,2,31,5,1,24,3.95094048359704,0.0849995809840038,0.81187836243771,5.47283541226227
20,5,35,7,1,60,4.4672387566647,0.371690493056035,0.882301667006686,2.38345812400338
48,6,28,5,1,20,2.88365568333066,0.120031191659492,0.515236720675603,8.30600922414999
32,4,25,6,1,22,4.92251081259432,0.0995207786327228,0.74136979226023,5.03254584403232
47,5,33,5,1,75,6.70448824855955,0.103444224638137,0.671978271333501,3.02868006089818
58,6,29,3,4,52,5.83601521945716,0.260010792164806,0.103978072525933,5.69905679414997
22,4,25,2,5,19,1.10152103525526,0.170221041189507,0.337547664297745,5.82694908278568
73,6,25,3,1,32,5.66292508710907,0.314866831515658,0.23565974412486,3.88028543509245
15,1,20,2,2,13,3.56612075620178,0.0773531275335699,0.980292773339897,8.63194545616855
69,6,32,4,1,86,6.61044420214603,0.18780398647182,0.749844840029255,4.21576254052893
26,4,24,4,2,14,1.17857041505572,0.1147762730252,0.109820181271061,5.09916547064565
42,3,24,3,1,56,7.51739225893482,0.154590603313409,0.350040124496445,6.77626237300171
72,7,34,6,1,57,2.73272304436251,0.130064174416475,0.0214044167660177,3.44576085372248
47,3,31,3,2,87,7.95784219702336,0.058296253439039,0.194629923207685,3.38648079920937
33,4,26,2,3,4,0.862815201658102,0.0383190178545192,0.890293888514861,14.3532259687948
24,5,30,3,3,0,-0.874556152425273,0.200842343027446,0.449332292657346,6.3768531568118
21,4,23,5,1,27,4.58955114637452,0.323838534643084,0.468909164424986,4.2202618651117
24,3,34,3,1,28,2.82630955467548,0.368507209205474,0.677109076408669,2.40326228548869
56,6,31,4,1,26,2.541971516559,0.0916561211925,0.0500771459192038,5.11999058942702
71,8,29,4,7,34,6.33181295926786,0.241562504394228,0.0168075130786747,3.96196950830903
10,3,28,3,2,6,2.22119448981584,0.346350840515199,0.919121121056378,8.87129805775471
51,4,31,2,1,47,3.01754206481833,0.189267446575942,0.295538710430264,8.17557954716338
85,6,31,2,2,87,8.63281754159516,0.274965379143807,0.522815035190433,7.27995693367715
71,6,30,3,4,75,6.14903911498974,0.122298626927659,0.431390300393105,4.11486440740786
31,5,30,6,1,52,3.9098399099696,0.0513354206376789,0.100948942825198,2.12388824842134
11,5,28,7,1,24,0.489048293408882,0.0549159506335855,0.132236173842102,2.22661710839129
57,8,32,7,1,42,1.14801991118397,0.0774166116691694,0.176593508804217,3.72875646407665
83,10,38,5,1,94,7.05306089328653,1.37483873630042,0.201582632493228,3.5296254703897
52,5,25,6,1,47,4.4444075515037,0.0132581968791783,0.215094100218266,4.6249637407842
69,5,32,2,3,85,10.2231525716509,0.411947763038284,0.580688034184277,4.29416144544713
49,6,38,3,3,44,3.58457008084714,0.46059360227185,0.346662257798016,2.73520837669196
35,5,27,6,1,83,6.71613494436192,0.138954635476694,0.168265332933515,2.7485395135476
96,10,38,4,3,87,8.96421006177577,1.69263600874553,0.762513243127614,6.01630135274468
92,7,29,5,1,95,11.0367897607786,0.110883161272987,0.360413340851665,2.84738966039858
20,3,27,3,6,27,4.7692801093802,0.077987689175643,0.967817126307636,4.81741293909502
95,7,33,5,1,92,9.75675335651461,0.735758594764025,0.391743558226153,3.07606934540247
87,6,35,3,1,84,10.9545769993836,0.440162162741131,0.86834999686107,5.82165611900409
69,7,32,4,2,38,3.3773980630038,0.269668114361096,0.301484944997355,5.1217121990696
51,5,32,5,1,70,7.04724370405216,0.0313498957629658,0.427319736219943,3.65868382873321
48,7,27,4,4,42,2.68265812881419,0.664802817130619,0.0946063764858991,4.5112265033491
20,4,32,3,2,19,3.89821097211394,0.21386800938167,0.670742920367047,3.77537967739463
10,3,22,4,2,30,4.19279199910973,0.181997244915554,0.809085700893775,5.06924171565498
47,6,29,6,2,68,4.1925876464102,0.0955252120038494,0.44153915764764,5.77519724195446
31,6,28,7,1,43,4.65295009877891,0.161579430568963,0.0971642194781452,1.61958173446963
77,9,29,5,2,68,4.5176942616603,0.578642558208363,0.214489032747224,4.27714865511512
90,6,38,3,2,96,9.93039848723785,0.168142730370164,0.624028423102573,4.68102269642658
33,6,30,5,1,24,-0.0692595766083617,0.258071032459716,0.312267341883853,8.37164396358953
82,6,29,4,1,38,5.69246767644518,0.124670802149922,0.0901255779899657,6.33876234757069
22,5,29,5,1,8,-0.140423907115716,0.0781613795552403,0.103339227382094,3.57217337037263
76,6,26,5,1,82,8.63657973940633,0.133461063727736,0.237409366294742,2.73921842440341
56,4,37,4,1,46,5.23265547044207,0.148088207817636,0.228470430709422,2.51291980613132
42,6,25,5,5,60,5.30085513413502,0.186838936515826,0.560527109540999,3.34085211756243
83,7,27,4,3,52,9.23003191032975,0.280187057320702,0.570635754615068,3.49598641051091
28,6,26,6,1,37,2.03403571454945,0.268767981081012,0.115179840940982,3.30871725110724
47,3,26,4,1,53,7.75235442751325,0.0898368355119601,0.794664614601061,5.66620040034151
78,7,29,6,1,55,6.70197767873144,0.0741509106010199,0.379255539504811,6.39900465561242
8,3,31,5,1,51,1.52556414271065,0.143982242327183,0.51220139558427,3.30747252845187
39,6,29,3,6,53,2.56573002393708,0.253619854049425,0.217762933811173,4.05736445269993
9,1,28,1,3,11,4.06391839784897,0.0375379417091608,0.825607311911881,2.8043538125225
13,4,24,3,5,7,1.59949343255271,0.620807484226459,0.695922393584624,3.93377885053895
22,5,27,7,1,35,4.0200907125848,0.2587085616525,0.448027335107327,1.63670143278232
27,4,34,3,1,25,4.05436785735554,0.566830254594022,0.999076392501593,4.77969898204258
29,4,30,6,1,65,2.91700711567697,0.178900522035159,0.816056346287951,3.3430495224475
37,3,25,3,1,28,4.89974204302886,0.165640811552294,0.48580731311813,3.05576728856068
49,5,33,2,6,70,4.91670051612634,0.107485688873567,0.866118079749867,12.0529428407272
87,8,30,6,1,72,6.68096073804602,0.135144079453312,0.367246225709096,3.70924594866681
74,8,38,7,1,87,7.81351472983199,0.987989285442621,0.264783251099288,1.40298042607364
95,9,34,5,1,97,9.82660449163575,0.898080640855099,0.0905212711077183,2.05816939549813
33,3,29,2,1,9,4.19365101715202,0.253362806045319,0.858876738930121,13.5725483889248
82,8,28,5,1,56,4.60168110309828,0.466899455038315,0.332124581560493,9.45508897610688
13,2,25,3,5,13,4.64864510615943,0.0543035386363044,0.886506816837937,9.86334087000778
12,3,20,4,1,17,4.14652862595555,0.466570123348223,0.712296901270747,4.22005949030155
72,8,42,7,1,72,5.52339289625081,0.517733570632941,0.0162233284208924,2.2862980408571
54,7,30,5,1,49,4.74460266700302,0.591883945809557,0.696565292077139,5.25758735319414
60,6,33,3,1,53,4.90539222760166,0.269254325458513,0.936150355264544,7.51518297830186
12,3,29,4,2,41,2.42277329026002,0.132073347573169,0.747625665273517,4.14393291117515
87,6,25,3,1,81,11.0233905044909,0.634519100623363,0.407205651514232,4.70552827573477
84,10,29,5,1,48,4.90649001541767,0.690081115314895,0.0134376871865243,4.93171237451944
4,1,18,3,2,33,4.82201970146714,0.0163338259279107,0.651809772709385,5.53396059308709
70,8,30,5,4,46,5.48584916611933,0.126541338511743,0.239052964840084,6.29684265093511
53,3,22,3,1,28,5.06897100804967,0.0697223738534376,0.859715222148225,7.40510174901695
94,8,32,6,1,59,7.94921247386226,0.652159882212216,0.453222166979685,3.465877979896
91,6,37,3,1,96,10.7012995955855,0.798286140808959,0.4878380082082,1.75330464488979
45,3,23,1,5,52,5.92437597241417,0.0544488365994766,0.574198266025633,5.96862956750319
76,9,35,5,1,90,7.99977016917971,1.19194845569538,0.264839857351035,3.22396325550537
50,5,36,5,1,84,6.02753609285045,0.454461067893958,0.187062884680927,2.58338476551435
20,2,25,4,1,37,4.92253936839798,0.0283227548186301,0.928191032027826,5.49829728399008
71,6,32,4,1,80,10.01774681989,0.399956713800983,0.500439229421318,2.02153050217486
76,4,35,2,1,81,8.51200451082914,0.819082818883372,0.968295026570559,6.59427655962472
70,5,27,5,1,45,7.85738107222915,0.262784143666479,0.304705717135221,3.50877374466895
19,3,27,4,2,14,2.81483414116596,0.014464104315266,0.133047709241509,4.39469812415411
29,4,21,4,7,41,4.09104911525997,0.109362908522598,0.779341201996431,4.38348212625498
32,2,32,2,2,65,7.38402559863279,0.196030484269115,0.983672382310033,4.35963414674214
57,7,32,3,4,40,2.71402979784007,0.444436397848135,0.573099577799439,7.31564278339622
88,7,35,5,1,98,9.21921538277244,0.322696171923283,0.236290834378451,1.44763159739909
87,5,29,5,1,58,7.91207485034563,0.0758958258147841,0.149636822985485,3.98138057252168
38,4,25,5,1,15,4.08903792874809,0.0435159724438563,0.532079274766147,9.47569452152468
73,8,30,4,3,40,5.05867213857257,0.824828659378528,0.235839103348553,2.52367444281515
79,6,28,5,1,92,9.07953803004773,0.168330989545211,0.114788589533418,4.25029828283628
72,7,29,5,2,44,4.27191374757245,0.0293414954794571,0.0806145276874304,3.62905408962764
38,3,26,5,1,51,4.47017157033124,0.0278660885524005,0.361243348568678,4.93325064170465
29,5,26,5,3,19,1.680971033238,0.0063432278111577,0.0219377444591373,4.34196608816367
5,2,28,1,4,18,0.963915447822468,0.0264669496199285,0.805261809378862,6.56221843999298
67,7,31,6,1,80,6.54662453810212,0.447718783345384,0.0108298084232956,3.0823974946923
19,5,27,6,1,59,4.89995011226927,0.544261311615044,0.262378184124827,1.68405146373741
62,6,39,6,1,92,6.79825072421041,0.112020138301887,0.456167014315724,3.59482176526688
13,4,32,3,3,6,-2.47234354182171,0.135540783987381,0.576811959734187,3.79641117459393
37,3,23,4,1,48,7.2733769404254,0.427041404859579,0.599369699601084,3.80770087225013
31,3,31,4,1,20,3.63704819230551,0.0643128051888198,0.381516097811982,5.50163637456291
81,10,43,7,1,90,6.23487732724613,0.619470639588469,0.0164508074522018,1.79023480446371
36,3,26,3,2,47,4.28182958356297,0.0549421128816903,0.830219665542245,9.85036755437968
43,3,22,2,2,16,5.99414370612861,0.192271853786635,0.863494800636545,13.4880045285676
43,7,27,5,1,32,2.97303473999754,0.560487430976862,0.0213277558796108,4.76838699769181
60,6,26,5,1,30,6.66090333679417,0.232828323103873,0.251061322400346,4.17635735173406
40,5,33,4,2,49,4.40424097743967,0.062806872301735,0.791922595584765,4.15961829287354
95,5,39,3,1,83,11.9274893642785,0.43319539469841,0.86932004452683,6.80012805161843
97,7,36,6,1,99,11.1625530263211,0.490127139238125,0.20220509218052,1.89503396033885
91,5,30,3,1,97,11.336417935644,0.113848551758565,0.484671756159514,5.21326616881889
8,1,29,1,3,6,0.742088717618898,0.00102644052822143,0.970055980840698,14.2866422084718
47,6,30,5,2,81,5.47882631641142,0.178528520500961,0.697250159457326,3.69659926119461
33,4,23,4,3,33,5.36965741493317,0.142093865084462,0.787766024935991,8.79697846394179
67,4,27,4,1,50,6.63293409581928,0.100987229631739,0.150341251632199,5.34806804482666
63,4,36,2,1,44,4.55166793035666,0.0510269303340465,0.685862911632285,4.82494045229875
85,5,30,2,1,32,5.35753451711627,0.235449052870947,0.675888040103018,9.2927686051528
94,8,31,6,1,92,7.76320172283859,0.153761147288606,0.0104658994823694,1.66006030390651
57,5,36,4,1,58,7.28559008502815,0.210300762428644,0.933796968543902,4.08514436074228
53,6,25,6,1,52,5.7289206077027,0.414479405906395,0.483014535391703,9.09568072105011
94,10,39,5,2,83,8.49813392704661,0.526872085433055,0.727533191209659,4.62628520786659
89,5,27,2,1,27,6.55740162939516,0.10751531762071,0.1221029444132,6.72554298145013
41,5,24,3,4,8,4.2701818113259,0.603938607001835,0.948706022230908,6.53435247332356
5,3,23,5,1,8,1.34910146125564,0.0527907782234251,0.159613144351169,3.72456822975512
77,4,29,4,1,74,9.86690205339434,0.0701977822463959,0.540017935680225,2.6636531463816
92,7,35,4,1,87,8.04424281649691,0.909713198843986,0.205655029509217,2.36045336871946
37,6,32,5,3,66,3.60015209703618,0.066422576433979,0.62916527944617,4.70390995395733
24,2,34,1,2,51,5.26693000760284,0.232645835716951,0.738245307467878,5.67064387708002
8,2,34,4,1,39,4.05492463110379,0.283160025941882,0.838124830741435,3.37216558922423
39,6,29,3,5,28,3.02177406697768,0.432691794059358,0.355556985596195,3.38129322025389
18,3,31,3,2,60,5.50845266621877,0.332212388970631,0.769445614423603,3.08934782150312
13,4,20,3,4,9,-0.00860889182146352,0.148141160025261,0.807877254439518,9.721715455548
25,2,24,2,2,14,4.07160552061016,0.132592531270348,0.82752632861957,8.94371042933391
55,5,30,4,2,73,7.00368393590179,0.100362716475502,0.175158779136837,1.55571337649934
14,3,21,2,2,0,1.13034772825005,0.186604390577268,0.582755177980289,5.69037715822413
96,8,37,6,1,85,6.67682878195815,0.266638595134693,0.108990251785144,3.56777119194867
94,6,28,2,3,83,13.6201143175857,0.362235263969103,0.200822780374438,4.71252938718631
99,7,27,5,1,83,10.4803917722498,0.29955217706852,0.100143142743036,2.09078718284658
70,6,32,3,3,72,5.95300497574199,0.278246539933226,0.340564099373296,7.59460672074944
14,2,33,5,1,62,5.04564492259059,0.0187653410248458,0.471948805497959,3.00299753783541
0,4,29,4,8,41,0.231888419573357,0.104831409874947,0.894623114960268,4.96729011634245
68,8,34,4,2,40,4.89927384298734,0.351581012809134,0.0354182193987072,4.50856041259133
68,7,26,6,1,64,7.23308647702979,0.314018952184099,0.223795428872108,5.28655493697291
91,6,38,2,1,41,4.59423880763237,0.247973254405636,0.864951456431299,12.7928792490063
40,4,34,4,1,75,6.61517555369429,0.450578925178802,0.467856915900484,2.06320053993846
42,3,26,3,1,46,4.93311091876252,0.105610190748946,0.843014703597873,22.7513840793833
53,6,30,4,1,46,3.71360297770435,0.336273649464104,0.790033320197836,11.2936105834413
41,4,34,3,1,59,3.12900290714595,0.158206401043572,0.359018124872819,5.1124478823783
9,3,27,5,1,33,1.40897514207786,0.0262334219878539,0.830735506257042,4.77034446804411
38,3,33,2,1,67,8.16179286750961,0.471527386772174,0.833407321479172,2.15989745435687
19,4,29,5,1,17,1.32543712283339,0.0353436127770692,0.322812816360965,2.81419141179879
72,7,36,3,3,75,6.21095249575288,0.869875026139093,0.749416364124045,3.74500384227318
1,2,17,3,3,0,-0.553637280391817,0.133131428039633,0.714340650709346,5.336217026244
91,7,33,5,1,64,5.84754281733151,0.133127056527883,0.0768932127393782,2.43600327208777
90,7,27,3,2,18,5.94090029996049,0.203725979652929,0.679664429510012,14.7996765829539
75,7,29,6,1,66,6.93848399236079,0.588687185253925,0.572291210759431,5.30181764471942
95,8,39,3,1,93,9.70568200734925,0.883915664109975,0.69430911494419,5.81475568467989
62,8,34,5,2,59,4.5029416127385,0.287265451148826,0.313213218702003,3.32452835431878
65,6,25,6,1,44,3.92499868672587,0.0338398879393935,0.00507550360634923,4.2718888624388
38,2,27,2,1,51,6.42907246110351,0.100046634441242,0.655043669277802,3.49402693895382
6,2,30,3,1,4,2.070061202293,0.0512635379564017,0.84826900344342,9.29469902964764
69,7,34,5,2,89,6.86611620403297,0.232536504267457,0.391818105941638,2.5579791824872
12,3,30,4,1,19,2.85858325574516,0.208808848391029,0.465028256643564,1.82193656561464
29,4,30,4,1,27,4.82793214591757,0.277161254537034,0.700318675953895,2.65862667974194
63,7,32,6,1,72,7.36132303740477,0.294997773355547,0.178216239903122,2.48328502671153
39,5,29,5,1,48,3.24064473406392,0.315722067131403,0.672582965577021,3.62799239898954
7,3,31,2,3,9,-1.22795183157979,0.156422085361555,0.724245266523212,5.15121241148884
86,10,45,6,1,96,7.06502544030899,0.513928844572461,0.168058802606538,2.56232432959089
38,7,29,4,6,37,2.03265662163422,0.314968994153302,0.708669065730646,8.13736808745956
67,8,33,4,6,54,6.35784114975599,0.374991862082338,0.614218999166042,5.64906255531898
2,0,17,1,3,0,0.425082283749375,0.026431458680886,0.994695913046598,11.8951311455954
59,6,33,2,2,48,3.7851867888017,0.428146610015488,0.704000455094501,6.78234951998412
27,4,24,3,5,12,2.83896583249616,0.0712052350064546,0.613316891016439,7.40655040717159
39,4,29,4,1,56,5.18973414192987,0.338825845149088,0.732167724287137,7.90305889440842
14,1,31,1,1,15,2.51902189652393,0.111418015664166,0.602623891783878,6.86301474719495
82,5,26,2,5,47,7.61031421970094,0.0869545976165682,0.926411842927337,8.53310269726703
14,2,24,4,1,40,5.97090309780354,0.0485274555093906,0.136599281104282,3.05088634935968
90,8,35,4,1,88,8.11366116604378,0.354246234280802,0.277374002384022,3.76705902493992
89,9,34,7,1,89,5.81779160544679,0.244414661767635,0.295081263408065,5.93998086507657
19,5,25,5,2,2,-0.412290182494092,0.173521937226654,0.908415941521525,6.21149854288009
53,7,28,4,3,62,3.70265509742422,0.218150681365856,0.606546527706087,6.06484457727766
52,4,32,4,1,66,5.81078481823566,0.0937922826269642,0.245765981497243,6.56095974985959
16,4,27,6,1,61,4.91697552315908,0.183426022931059,0.424489335389808,2.05670067510554
51,4,34,4,1,75,5.5470707697364,0.0546699671540409,0.70796461426653,7.55376922398493
22,4,28,5,2,20,3.18610522005526,0.017760356888175,0.0669088300783187,3.04137007171208
28,3,24,5,1,27,6.07165549139137,0.0771524790907279,0.538961235666648,6.63119681456474
50,3,35,3,1,83,6.76127038272331,0.0409246600465849,0.788701898884028,2.44767819234124
15,3,32,5,1,76,3.39035049480264,0.0598356717964634,0.37990736705251,1.60691080055633
92,7,32,5,1,84,9.56413140467594,0.382242381148096,0.0381164546124637,2.91603579219773
49,5,28,4,1,43,6.15370809946248,0.267724547302586,0.640805086120963,8.14579986866614
61,5,25,3,1,49,6.85526345515702,0.982539353374034,0.930893558543175,13.0432164392156
74,8,36,5,1,54,6.32982734203953,0.469248110873109,0.780382046243176,3.93203122365244
61,8,26,6,2,42,3.36191560071884,0.0719545562150758,0.013642605394125,2.53254757913088
93,7,29,2,1,50,6.30785261186124,0.336188202247697,0.455146431457251,8.3575181363097
8,2,31,3,1,27,1.6508041241709,0.0762021876623598,0.436359438346699,6.22423783409862
2,3,30,5,1,55,1.30686660318994,0.0254254370229319,0.865045224316418,3.64350642741338
54,5,28,3,2,48,5.40872447922521,0.252716683214522,0.71665290882811,12.9966785453847
24,4,35,5,1,39,0.917108264821095,0.00393706583417952,0.656268649268895,3.70156913040514
64,6,32,5,1,65,6.90794644733786,0.511001799234605,0.296700034523383,3.7464991688087
37,3,26,2,1,13,5.25099356784973,0.101778167649172,0.943676076363772,7.86289944518493
4,2,33,3,1,15,2.55788655786305,0.0789333229186013,0.714996717870235,5.35375958535502
4,3,19,2,17,12,2.63190778459656,0.0640498778084293,0.460955495946109,6.08318515396839
96,9,34,3,2,85,6.93030210140025,0.566568423496717,0.102218956686556,3.82296437292668
22,5,26,5,1,29,0.694870098226728,0.296840590647164,0.528054852737114,4.37354992508956
1,1,27,0,3,4,-0.277499519315986,0.0453375617507845,0.962645842460915,10.5955763224957
21,5,28,6,1,39,2.20230649232868,0.125926774926484,0.452677961671725,5.21775387770379
5,2,30,4,1,30,1.39015677112649,0.0102035468521026,0.670732790138572,6.46586239435471
23,4,31,3,2,47,2.22925279642694,0.198184118828479,0.301739388378337,3.0157783857487
40,4,22,5,1,79,8.31521335581554,0.0898219235241413,0.689729798119515,3.77011830169799
1,2,20,5,1,14,2.42251542791924,0.00893085554707795,0.177908852929249,1.79453373649528
36,4,35,4,1,82,7.03022924332789,0.261032609533195,0.68540567252785,2.12000225898177
58,5,32,4,2,58,5.85514909500311,0.037647296761124,0.597834724467248,7.35432386292429
60,7,27,3,7,24,5.38073938830344,0.315263445711437,0.358373364200816,2.95681542547549
26,5,24,5,1,12,2.04659311960631,0.544184923606151,0.341329410439357,3.00414806586774
67,4,32,2,2,76,10.0322662531065,0.193167052145079,0.887614714214578,7.12737340673271
93,9,36,6,1,87,6.81911709085951,0.167966182227246,0.107222578022629,4.2155800401597
0,2,22,2,4,3,-0.151941702380668,0.0763179123168811,0.760625669499859,5.82817636182749
78,8,36,6,1,99,10.2784231325105,1.05439913570782,0.209572155959904,2.39772255282542
80,5,30,1,2,59,7.56095634340524,0.321815517254847,0.889549133135006,6.28013066925053
7,1,25,2,4,2,3.63390238315691,0.0426494847051799,0.986034914152697,8.15791030881949
56,4,29,2,1,51,8.2851697741567,0.273490299195008,0.722000856418163,6.29016026214526
53,5,30,4,1,31,4.11920372252151,0.170149166602641,0.846411394421011,5.34979799017607
13,2,22,4,1,35,4.94298546736379,0.254064028373662,0.951359306229278,5.24542056145496
27,2,29,2,1,16,2.01301234280012,0.0377303816944014,0.326257024891675,7.28953082156024
35,4,27,6,1,30,3.13292063719586,0.00230427205546014,0.0102934541646391,3.18327313806196
81,9,29,6,1,83,8.57903242956281,0.649595934400493,0.0948778323363513,2.65146307081283
17,5,23,6,1,4,-0.733143025896211,0.016590257640928,0.0308637660928071,3.56985753091815
52,7,28,5,1,70,4.26970062980282,0.293651648786593,0.158752301707864,2.099383343453
76,5,33,3,1,88,8.08384722475507,0.236296389008614,0.570432491134852,7.24045519050682
28,2,22,4,1,29,4.83779351419686,0.0292310771319416,0.0718960070516914,5.40869912138132
43,5,27,6,1,38,3.97174395779361,0.160012379288673,0.0968100000172853,2.94735739568795
66,6,34,6,1,71,5.35588090910804,0.0390916575136475,0.470342078944668,5.25103004118523
3,2,19,5,1,16,3.71724002758587,0.196733285895291,0.922551230061799,4.16409511705152
56,6,34,5,1,70,7.35060989629048,0.143027660669759,0.177106466609985,3.39439300086339
93,10,36,6,1,99,9.4866968621435,0.481533290797329,0.209567120065913,2.55264681183416
43,5,24,6,1,38,4.84442947128803,0.107160521438345,0.314776478800923,3.50803337662471
93,5,36,3,1,96,8.40244782932296,0.307426786971021,0.828844415023923,6.51441615184507
97,8,30,5,1,69,8.73203721493168,0.157528381794691,0.0224992625880986,3.12910387023548
67,4,27,3,1,50,6.6518429124368,0.220964469337914,0.157879527658224,6.18494238847807
29,3,29,5,1,78,6.90516029043507,0.0957033420775148,0.162370223086327,3.77114007062706
20,2,33,4,1,38,4.20079575037944,0.0466787326907482,0.464966671541333,4.38790545900998
31,3,33,3,1,46,5.62168287911154,0.100659600228668,0.854975309222937,3.53556229240044
85,7,41,4,1,84,5.9371556980494,0.115368987084366,0.709443168947473,5.63217652969125
6,4,31,5,3,17,-0.552634662290428,0.00258781132288277,0.202850436093286,4.41587925846406
18,4,35,4,1,36,2.18941435180547,0.406303139398724,0.460524891503155,2.55424374085108
48,6,25,4,9,25,3.35575566298592,0.0503758715931326,0.126319317845628,3.19875628622588
33,5,24,6,1,30,1.29080327453681,0.0658449766970722,0.109842682024464,7.74375957823581
81,9,31,5,3,94,9.47474317684335,0.730794176417303,0.785727649694309,2.91992230597709
87,7,32,3,3,55,6.91076697418867,0.144909172784537,0.024093234911561,4.95095540896036
1,2,27,3,2,23,2.40237836702696,0.0843328426126391,0.932228854624555,4.91951359264944
82,8,28,4,3,54,5.32119614923159,0.625118695633644,0.48059436888434,6.58648330875109
40,5,27,4,2,11,0.192910466239464,0.0351080760803487,0.379232316976413,10.0763715594342
67,6,28,4,2,79,7.65521456265725,0.245249379415739,0.180055105825886,5.71658368815606
11,3,26,3,3,2,-0.500164026428187,0.0168529943330213,0.768409961368889,5.96532220171902
47,3,34,3,1,94,9.01483034683519,0.123324873973615,0.960721805458888,4.1210786009132
92,11,34,7,1,77,6.7092597082061,0.473691092317408,0.433142215711996,3.19204303274516
57,6,37,4,1,60,6.02833852533344,1.04713862103628,0.474285071948543,2.38558796627096
91,6,36,5,1,97,11.2202142102611,0.241136557412076,0.574965490726754,5.2578185809047
75,8,29,5,1,23,4.44136926325188,0.28795249153741,0.371628657681867,5.08764675730615
63,8,31,6,1,50,3.2308788917345,0.0383866883792177,0.381583323469386,4.76654338561214
79,8,27,5,1,38,3.7760275715969,0.352914596421129,0.0515851259697229,3.3757375324968
92,10,36,5,1,94,7.93554201923181,1.02000103280285,0.166690756799653,3.90898278928268
16,4,22,5,2,16,1.54687956562529,0.0219642971754949,0.243722091661766,3.15577573473076
19,4,34,5,1,41,4.37687739290016,0.239495691134337,0.803060359787196,1.61590142332688
9,4,35,3,2,20,-0.523632838559808,0.0972690323833376,0.567275054519996,4.01247342428499
82,8,30,5,2,84,7.66360367477969,0.284329356382343,0.245787384686992,2.65020823505334
80,5,38,2,1,85,8.43043468084018,0.141286921454594,0.873982629040256,5.58991354205096
27,6,29,7,1,40,0.727606287857053,0.0848427984165028,0.360724863130599,3.47476605160077
44,6,25,5,5,32,3.58873167661871,0.114934097859077,0.437848655506968,3.4776419498121
62,4,31,1,1,30,6.67553522414879,0.539635285430066,0.996325500076637,10.5005150186365
37,5,23,4,4,27,4.55486127395602,0.150265984004363,0.510297123109922,3.54356749086472
38,4,25,3,1,15,2.15099092293958,0.102981112333344,0.511490748263896,6.79714352465214
91,8,35,6,1,86,8.3013881072385,0.201501619991589,0.442464901600033,2.73800434367758
39,4,31,2,2,59,6.8283357202847,0.529957276846783,0.689274066127837,1.78114789669762
7,2,22,2,7,13,3.38391291023568,0.21240413431534,0.710420979885384,7.29242928612653
70,7,25,4,5,23,7.10917123032364,0.237888341991904,0.260974191362038,2.33100276696121
69,7,39,5,1,99,8.07681649976171,0.214777797217223,0.428413206944242,4.8246129678329
9,1,28,4,1,20,2.793342038641,0.0115538092795759,0.510323467897251,3.05956711284086
3,2,29,3,4,43,3.21297324848838,0.0283605031430076,0.814568991074339,4.44212463094986
40,4,28,4,2,38,4.54826589629213,0.0230370750739402,0.0773029606789351,3.95976772920339
1,3,33,3,1,3,-0.485381830928643,0.195582912293005,0.908242701552808,5.28441980293323
56,4,37,3,1,89,7.32609182606803,0.414395482411959,0.747553845401853,2.85126623740103
94,10,36,6,1,81,5.66630611705103,0.223133970507163,0.1542002200149,3.96043040183457
34,5,23,6,1,19,3.73051702079964,0.0665251376340166,0.361051026266068,6.265513853446
24,5,36,6,1,78,1.99245446964756,0.0451982803208467,0.166954251239076,3.61916469675733
54,5,26,3,6,43,6.2101662103047,0.0996238008374348,0.339778576977551,5.40258149396282
11,3,30,3,2,9,-0.698786855126308,0.0129677893128246,0.343760553048924,6.77629849657402
37,5,26,3,4,3,1.62726286396131,0.0585616094973922,0.610840507317334,15.9015437415686
32,5,30,6,1,21,1.52009066163713,0.026370504677344,0.123041256563738,4.22156409938521
94,9,33,4,1,45,4.61074721463632,0.21062009577403,0.477985099889338,10.5117597237584
91,6,34,4,1,84,12.5262674109186,0.206458813965994,0.421970481052995,2.04648960880889
76,7,32,7,1,75,8.51153154196307,0.297236848844889,0.19075459940359,3.59370377149944
75,5,33,3,1,81,8.39582838545619,0.499792425872243,0.97980107483454,5.26856856649197
99,8,43,4,1,94,10.2720736418505,0.851151779252005,0.768490533577278,2.79148819339124
58,4,30,4,1,73,9.37209776442029,0.432226297424591,0.356585107278079,1.54431784880341
21,2,24,5,1,52,6.07188369684369,0.132263696053997,0.239658806240186,2.05900735844647
13,5,34,4,1,6,-0.555783221302076,0.398860969559705,0.719115186017007,5.78943127894715
79,7,39,3,1,83,8.57914972487257,0.81882671102498,0.674868462840095,2.12359398610738
98,7,32,3,3,82,9.38242462191139,0.207568876900452,0.240738925058395,7.16895806870956
98,10,34,3,2,71,5.01601078111552,0.464992554831762,0.226039639208466,6.90559398962684
12,3,28,5,1,53,3.7316990754504,0.0945712057873607,0.809327587252483,3.8241564700857
61,8,38,5,1,71,3.51448021639866,0.264986593964252,0.292641479289159,4.21318782810341
85,10,28,7,1,84,7.4593616678519,1.27033466961723,0.562407861929387,3.13253465591461
13,2,24,3,2,18,2.76235704272637,0.00291109007552633,0.115453046280891,4.12813531649495
36,4,23,3,5,37,4.28819937785846,0.0331967432284728,0.199565578717738,6.23529950464989
15,4,24,3,6,1,0.393594259790444,0.200494417677376,0.363679125905037,7.51670869811517
44,4,32,4,1,84,8.15979564939147,0.327999561316076,0.703899539075792,3.98253639083827
48,7,28,7,1,88,5.4639850449088,0.095380887738429,0.0192205067723989,2.14066277184133
95,12,36,4,2,53,4.25166679133928,0.471612917703992,0.0494329738430679,4.83113550947847
90,8,33,4,1,66,5.80317493286857,0.581098329264064,0.245034355204552,4.1941652955998
94,7,28,3,1,35,5.44814701874388,0.151834790827706,0.142000924563035,5.59793122900814
77,9,31,7,1,51,5.94233700916468,0.419072229394174,0.466793748782948,3.86895996232361
9,4,24,4,16,1,-0.0308403196215252,0.0330462490674108,0.19698411389254,7.00277046909872
1,1,21,4,1,10,2.53694122414729,0.0017054008387025,0.725273675052449,4.35491799139351
33,6,28,7,1,63,4.52202453816628,0.07433304032784,0.165079338476062,3.22694501749792
24,2,33,1,2,47,2.48387561739179,0.121465707266663,0.979755786014721,7.57140660946977
79,5,27,2,6,62,10.2114047785617,0.18372504877739,0.853558455128223,9.23216877986332
49,5,29,5,1,66,5.76641591686369,0.191361420896023,0.776573121314868,4.27709822129135
51,4,36,2,1,67,6.39579617439747,0.619673160338932,0.845351020339876,6.21378257626011
7,2,18,3,3,14,5.15015912219826,0.104563114931807,0.525245514698327,2.16431352704187
34,3,34,4,1,69,7.32227788527712,0.147887992789038,0.888098768424243,3.7095400175603
75,6,26,5,1,77,8.58616908302422,0.12001684110146,0.0592680254485458,5.16539225987763
38,6,34,5,1,40,2.56292341585369,0.266396609822962,0.248805195325986,2.8379174020295
0,1,24,3,2,16,3.50309295445615,0.114041961845942,0.735687884967774,4.16614915371921
71,5,29,4,1,67,8.44181975959819,0.193279115369928,0.443665550556034,2.2682034805066
55,7,26,4,2,14,0.339527370177354,0.183418360295448,0.0285577869508415,5.20444876627415
7,2,25,2,11,17,3.98961527488373,0.14011609822046,0.689351649023592,5.55696047478817
34,4,29,4,1,32,1.94179002048018,0.0953192887827754,0.296018190449104,5.8905959903144
41,4,28,3,1,37,4.90548004585816,0.233325061843473,0.885319510707632,6.056555012932
31,4,31,4,2,76,7.44311434458302,0.343785224471915,0.975228736177087,3.71814599738685
73,7,26,6,1,67,7.07200914677236,0.72567099514873,0.115039364434779,2.56735948776997
38,4,26,3,4,47,4.65776516615186,0.1168270658236,0.495839260984212,4.06063279307761
61,7,39,3,1,66,3.02475200923751,0.493405000592886,0.569232370238751,8.941622467329
62,6,25,5,1,86,9.8178502937214,0.176639423371939,0.618086154572666,3.8364873381179
80,8,35,5,1,90,5.77117715611273,0.532221083963448,0.7450837851502,3.89603173193223
65,7,30,6,1,64,4.84083071537065,0.261547075806859,0.394437317037955,3.31343790591446
67,4,24,2,4,69,10.9405806441086,0.692766040066415,0.726574436761439,2.78257351741433
41,5,35,3,2,80,6.67721886845723,0.272042710280589,0.946388754062355,5.28247505609728
66,4,35,2,2,92,10.5549884263344,0.306170865650031,0.869457402965054,5.58932810383948
2,2,18,3,5,13,1.20665539843396,0.00289008836261928,0.563957490026951,6.38644259935769
81,8,30,4,3,34,5.64440071167325,0.459142134969539,0.318037796998397,4.6606684460993
7,4,23,4,4,0,-0.212054810025194,0.315658107156608,0.940376906422898,6.65594450872969
90,7,41,4,1,97,12.2543116756744,1.13379094463991,0.970983648905531,2.79985130141972
7,3,29,5,1,45,4.54731365322074,0.203529724772483,0.919970531016588,3.8098814446708
19,3,31,3,3,52,2.9158050097455,0.0538197224618391,0.932276937412098,5.38394740587529
77,7,34,3,4,80,6.34849497114728,0.479677807053036,0.547628085827455,4.1160215411775
20,5,28,3,3,1,0.52313362662707,0.308525201388377,0.526257303310558,5.97024776158733
40,4,27,4,1,39,6.8850847374053,0.152726883767173,0.684880086919293,3.88348967215227
44,6,25,6,1,35,4.89651641361605,0.193459307531568,0.0798972463235259,2.74862607392204
60,7,31,5,2,46,3.6777959017513,0.0785436857258901,0.516847193008289,4.36289591250389
57,7,33,7,1,55,4.23067101706979,0.192742748641151,0.534549603937194,4.03447847116455
5,2,24,5,1,44,3.14653716070439,0.0314607152249664,0.723494470817968,2.78530180199536
18,3,24,3,4,25,3.83392031138524,0.148627698072232,0.865114389685914,10.558943594483
29,3,26,5,1,58,3.37341424140551,0.115624318132177,0.667875312501565,3.57673985812503
37,2,28,3,1,60,6.80975229038113,0.0448462517898506,0.369548669783399,2.0508527714928
71,4,30,4,1,66,9.09969440132845,0.236805114184906,0.533178958809003,4.95569766354626
12,3,27,4,3,8,2.17047165237598,0.0979830332038279,0.375064208637923,1.84103948276417
42,3,35,3,1,88,5.73633765120263,0.0614247320918366,0.479033846175298,4.34474971545042
3,2,25,2,11,22,4.44100445582612,0.119075730419849,0.931488116737455,6.70497158097396
45,3,35,4,1,52,3.23484033417771,0.0594108981313184,0.928317871177569,5.9439904101768
79,9,35,4,4,66,4.36384208570131,0.184045370890501,0.242690581129864,7.41444480590122
47,4,34,3,1,75,7.29601105722401,0.243736168359149,0.45744369411841,2.04562745448878
23,4,32,4,2,30,2.75767430064296,0.072978918091394,0.0951935525517911,2.64418460797773
88,6,27,4,1,60,8.04405920040962,0.0888613989344271,0.621231532189995,5.49250798696846
12,2,29,4,1,14,0.966842454119687,0.0139570886561736,0.486176984850317,4.3155449279571
26,3,22,2,6,8,2.58989931055516,0.00241274631116539,0.239952705102041,7.78020246658512
88,9,28,4,5,47,5.64360240364839,0.20845425550388,0.665484522236511,8.8438552713989
75,7,35,4,1,28,4.46328547165834,0.409093551348796,0.414667549077421,9.20993844357366
9,5,33,4,2,20,-0.114428992718525,0.448082376250482,0.587872771313414,2.01816669129219
81,10,36,5,4,75,6.62471882233206,0.410480353960252,0.0804116954095662,1.76934354672466
85,7,33,4,1,74,5.20125397558137,0.29659505233981,0.681692459154874,8.64627194530114
11,3,25,4,2,48,4.18111513310274,0.0363868286367506,0.451742368284613,5.99365667186732
13,4,33,4,2,67,2.91896369267897,0.101989637711085,0.769514913670719,5.56263406081514
54,6,32,6,1,43,5.05309354985768,0.287717899064276,0.866814514854923,3.68549914770743
5,1,27,3,1,18,2.41188384758709,0.000743894255720079,0.756454374175519,6.29757897516705
49,5,27,6,1,60,7.05412474515604,0.213583371232419,0.159165509510785,1.74026236096153
0,0,27,1,1,1,2.49220187343009,0.136111030122265,0.92725439905189,8.00127248853095
