K:10
N:500
Gap:1.42696310972081
Rho: 
1 0.8 0.45 0.2 -0.3 0.7 0.75 0.5 -0.3 -0.1
0.8 1 0.45 0.5 -0.1 0.55 0.4 0.6 -0.4 -0.2
0.45 0.45 1 0.1 -0.3 0.6 0.3 0.4 0 -0.3
0.2 0.5 0.1 1 -0.5 0.35 0.1 0.1 -0.5 -0.45
-0.3 -0.1 -0.3 -0.5 1 -0.4 -0.3 -0.1 0.2 0.2
0.7 0.55 0.6 0.35 -0.4 1 0.8 0.45 -0.2 -0.45
0.75 0.4 0.3 0.1 -0.3 0.8 1 0.45 -0.1 -0.3
0.5 0.6 0.4 0.1 -0.1 0.45 0.45 1 0.1 -0.2
-0.3 -0.4 0 -0.5 0.2 -0.2 -0.1 0.1 1 0.4
-0.1 -0.2 -0.3 -0.45 0.2 -0.45 -0.3 -0.2 0.4 1
X:
21,4,26,5,7.73275825448271,0.20387862124689,0.25293325423263,1.94710355035936,18.4779981349406,-9.43890581061178
97,6,26,5,-0.211713281468073,0.357481037245548,0.951356154866517,4.95599120392023,24.0455578813021,20.092258237346
57,3,24,3,6.60456853373446,0.080331277572175,0.806179078761488,2.99901128773931,46.0732872114517,2.60818645806298
14,2,21,2,6.80085486603092,0.0310304651269471,0.181042597396299,3.41886385286313,52.9349595789478,32.2928821740585
84,5,37,3,0.646412734889808,0.685506564999157,0.872574984561652,9.95970989496437,33.2106903602528,7.22763066659135
96,7,29,3,5.61069234181422,0.410540791669661,0.897916622459888,6.84907961228365,23.7891031961771,18.8522332916094
90,5,27,4,3.9561241511617,0.571278611632222,0.949493977008387,3.32556878084188,31.2761881288829,13.6575725871773
52,4,30,2,9.53067126984954,0.269851799112487,0.573270015884191,3.83208295250796,55.0779364305578,21.2767775450911
81,9,36,5,4.52626867057349,0.669154014872545,0.851710890652612,12.1037193676644,22.9132149851797,-22.8999894096029
66,6,26,4,4.25178810093404,0.0658135314006358,0.163299725856632,3.78633908048806,21.7529529980419,36.5796985997789
68,5,31,5,1.14760098901683,0.112219610251486,0.421834586188197,3.8132925716243,50.5525023065476,10.3479261446083
73,5,32,5,0.306092423926463,0.910097958001882,0.884790847543627,5.98734628217036,44.4769998628773,-13.2162275898988
72,5,36,3,2.3875150346691,0.133304997347295,0.528869935777038,4.35551095171541,47.3088198811771,22.285696819151
29,3,26,5,3.81825078618127,0.0957041654037312,0.674436345696449,3.24809439367658,28.7246854306243,-21.1860862767738
5,2,31,3,8.74222885917528,0.0667753145098686,0.262914420804009,4.29206554857136,84.0625813294396,8.07546577123612
79,6,35,4,0.500518238455462,0.303142937588248,0.692827890627086,6.62134642535844,43.050925159509,-11.4999539381255
84,9,33,6,2.28600205940694,0.74593177048351,0.657071525463834,6.49634536883356,28.0382220359075,-24.6187063879294
8,2,27,3,6.9532364098351,0.0199164686532369,0.323181790765375,2.85993319845224,38.8302942341485,0.722565201722847
98,10,37,5,3.6922773048737,0.754177547949267,0.921759875724092,15.6402967218326,44.109818511629,-3.9174046575043
10,3,26,2,11.3093388395233,0.0395573497517034,0.0568539029918611,2.27702169369484,65.8171171847625,19.3554304591087
11,3,27,3,11.066955439762,0.0786083193592226,0.0453970120288432,2.70246493482472,51.8901536980374,25.3245383558866
82,6,35,3,6.74196134707056,0.35124157599867,0.857978236395866,6.37861513185175,57.4662572986914,-2.73092900755352
27,4,30,5,0.91153119812707,0.266589489857474,0.570784544805065,5.84263894908851,32.7340631631355,-10.6667424555878
71,6,26,5,5.94945544436484,0.565659537658618,0.899816418532282,5.33168548922759,25.7921989027162,-26.4204620035938
85,9,39,7,-0.366563286273967,0.393668964949852,0.737436551833525,9.1228324419292,32.3812598481095,-17.4865174545815
50,5,28,4,4.58859891489219,0.0757053414126858,0.18520181090571,3.79057982262544,36.7268706754677,-0.0694491729338793
37,2,23,3,7.33283703279976,0.0856088364588587,0.701370594557375,2.28125053929275,49.6807835445406,24.1044600355031
25,3,29,3,2.98720868714495,0.147668839432299,0.502036384306848,8.05274359515333,37.0946821256722,14.2057786304419
47,5,33,4,6.01527525776117,0.226006323693994,0.478552925167605,4.39725721694952,40.3382317970241,-19.2523342100508
46,4,31,5,-2.46135532103242,0.274264518133306,0.677204342093319,7.63624053043678,55.8312688270066,-5.92154549277237
62,6,38,3,6.30092040590626,0.528528064923519,0.615089376689866,9.21331700356079,62.4509114954904,8.81263586894059
56,4,27,3,4.19725179234446,0.0294806538966526,0.411041309358552,4.00576750244302,35.9160046880568,28.4654875049301
74,4,30,3,5.75944559365482,0.151898929965682,0.884013873990625,4.69249722220795,53.2935224175307,16.3346849546847
98,5,31,3,5.886107186489,0.828863237011147,0.980402524350211,6.16313406081988,45.8765385604495,-0.369682301503609
81,5,29,4,4.11269117258471,0.24692014347643,0.656377244740725,2.79439839800058,32.6041432601254,16.7590900826869
79,6,26,5,2.27759762564881,0.281130112929943,0.64493873459287,3.6222757892855,40.2312065018112,31.455092225329
58,5,33,4,3.17514339096958,0.0886098974007297,0.385231306310743,9.63656135396222,46.3665080184613,-1.08943254856745
18,2,27,5,4.02063994015096,0.192121100601482,0.485517583554611,2.26602429046171,31.8094974034578,-28.1613666424385
98,6,28,4,2.45202880757852,0.662635033453041,0.961981032742187,5.89598416445372,24.6483161002661,10.9024717022489
92,5,37,4,1.84231736601144,0.486253011485046,0.890770473750308,2.2589197652922,23.7590767055979,5.8807311078251
18,3,25,3,7.62163793467361,0.0281058246036991,0.19114633766003,4.41592153391917,37.8330533204636,12.1364508326337
92,10,34,5,4.82682691734017,0.25853278277323,0.564834557007998,8.97482859790453,39.0108003926135,11.4860511686091
98,10,29,6,6.21358363917397,0.745966287135849,0.831574422540143,4.61088190973791,24.0225034389563,3.02544187344548
52,6,26,3,12.4871287992125,0.146786426194012,0.677200605161488,9.26312195473166,67.202957607843,8.19124638545307
12,4,20,4,7.09987897750061,0.025050500236764,0.0174769908189774,3.86458944287633,43.8975370815403,38.6697226913655
47,4,30,5,1.87983800886973,0.188816759026352,0.646743202814832,5.67797712014051,31.2323233938448,-21.1912029356383
48,6,28,5,3.20409108424217,0.116169045776043,0.373050104128197,9.74632946466933,48.5244221933907,1.78943750520544
83,8,29,5,3.40743214736768,0.245160699838795,0.439613304566592,8.02980843453641,29.546076033336,-0.147202662197842
66,6,36,3,6.63254977058171,0.0949968869099393,0.550056022126228,6.94339166713402,43.8432819900282,3.7971813035576
72,5,38,2,6.32654604473008,0.222217986116859,0.52794175548479,5.20414090102646,56.7153243656958,15.3768000176552
95,9,36,5,2.13467071371961,0.469531848074353,0.864469261374325,9.99034367965443,44.6952869462744,21.2533981521333
68,4,23,5,-0.105455586526048,0.382362330777055,0.932259352412075,4.78841172237663,20.4989360891129,1.82490688953541
21,5,25,4,9.24293982368174,0.0127803626213393,0.0712720360606909,3.6361230018897,34.8138373371039,22.5514800139945
83,5,27,3,7.82312837548426,0.26769778951967,0.850070344284177,2.98741932030111,47.7635717642455,27.9509956574591
9,1,25,2,9.08056952653831,0.0521877865539864,0.204394716303796,1.31095325925297,65.0441849987756,29.9475770547773
16,2,21,5,3.24676071094782,0.0366706134518608,0.350374615751207,2.72227769665972,26.8377424417745,7.87501713137337
32,2,22,3,6.94060745705608,0.0542332448322267,0.703290792414919,2.90266891975978,36.5422990207472,17.1893609500471
16,3,28,3,6.74239772299736,0.0272124094190076,0.113092473708093,1.48971362095013,25.2119714480577,9.85730463161341
3,3,23,5,7.09032219441196,0.0658938949927688,0.19607972051017,1.84954983475299,27.4376638047345,-0.355338023434022
33,5,35,3,6.08884724065976,0.208212156232268,0.0998722517397255,5.7584824045105,50.1313222312222,17.2897073887153
47,6,31,6,2.2118821889468,0.135527825099416,0.235610311385244,2.93992282042862,37.2476506081134,10.8422748498011
87,5,32,3,5.59033080663743,0.311599501165304,0.917714983224869,3.48197199593945,31.1916656386822,0.744042056790088
14,4,33,3,7.71399985716179,0.0883708766195923,0.0319121195934713,3.57078044951543,31.7705423042049,3.1619222465502
33,3,26,1,10.1441279467533,0.0537890312261879,0.391398762818426,3.59721141457638,65.1194527138378,17.2232911819566
73,6,30,3,4.69069889623533,0.0973203149624169,0.382475203601643,6.39887321587255,46.7491870668353,44.9591159608263
68,5,30,3,9.65972089736273,0.138399735643308,0.421534656314179,2.33851002006067,39.9334302148659,34.5011168970029
55,5,25,5,4.56812567731936,0.311081384519463,0.725755198160186,2.58580166339945,33.8036519188878,10.0131156906116
42,4,25,3,8.48927445244278,0.0830245356773958,0.309636905556545,2.74853355752791,32.2110189810544,0.924362514439715
4,3,22,5,3.05101342634943,0.0401385574647803,0.0183898382820189,2.15792966996117,34.3231360564249,-2.91287029375813
22,5,28,4,6.73127695619431,0.0504818985937163,0.139717811252922,4.69624553534348,43.7846215911586,7.4888633952775
28,4,29,6,1.46996011559644,0.125707606435753,0.404325590236112,5.90980389091861,43.6271709439692,7.49825360493609
3,1,26,2,8.14829712227712,0.00194311017164133,0.0691948109306395,1.86225490838897,39.3211321605094,3.94877461125309
81,5,31,2,10.4064097704348,0.603313674075401,0.941889069974422,7.27487750378228,79.9034197537654,9.77038962215629
26,2,22,4,0.92928353017341,0.0327823414700106,0.187237578677014,2.03050975186593,46.98580835568,38.7645713340847
89,7,26,3,5.96847222543786,0.146145466016605,0.802005019271746,12.1335766713785,36.5479564554777,21.5914716294098
85,6,27,4,1.06243984415892,0.197495885415676,0.702061577700078,5.35777728223284,42.6348612143467,25.6928227113932
74,5,29,3,4.21306677599736,0.0782468372490257,0.500785046489909,4.10662549953812,33.737916387659,13.8201740237184
12,2,25,2,8.21704698735365,0.00668586518093362,0.247665901202708,2.29963554321242,46.6952641605344,17.7427378439362
19,3,29,4,2.65860766941617,0.0680053377947351,0.156709696399048,4.49610145456365,31.5560987033237,-3.65370271442897
8,2,19,4,4.56138484179666,0.0144736601627707,0.169139230623841,2.12313591680437,31.657686682005,-3.66997163547406
29,3,30,3,8.33100497676612,0.143496217788197,0.323782328050584,2.95201522860349,32.4040924718469,-15.7101725665835
74,8,31,4,6.49195745419021,0.179176528364204,0.669296082109213,16.2553180469856,63.1284064352037,12.5168274773454
62,4,30,1,9.4842703607325,0.39352319294349,0.899523943429813,5.01446651044329,51.4872997040905,14.4246519638065
8,4,30,5,6.15608903357724,0.235459323786979,0.154627517564222,2.05246474196805,22.8322563005047,-22.7814300202094
49,5,35,6,2.98043392836216,0.650084321821267,0.467073489213362,2.55110473331848,40.3322946361864,-8.10656902201641
12,1,28,1,8.79957915369249,0.040575812687166,0.10242009209469,1.77329567413931,62.3431576371278,44.6088024142081
94,8,30,3,6.56909365744722,0.269719072374258,0.853626693598926,6.76497919011198,43.2241609435754,27.224841183782
30,3,27,2,10.769371482984,0.11975309648551,0.458171094302088,4.460290603725,60.0493756275577,29.9514444349292
90,9,31,6,0.00112533586815022,0.744361463892174,0.720420252764598,9.4468194517319,45.468717576873,14.6457171860362
19,2,32,5,3.1594682785933,0.29214053483561,0.408137368736789,1.88591662637219,41.1474554554611,14.4674165938124
45,6,28,4,8.07330736078191,0.104818760003965,0.376420554472134,6.28695651025496,43.4096120392612,26.9043067786802
77,4,28,1,10.1806936045819,0.215711372893977,0.900997111108154,3.54731657415021,39.6374022760428,35.4267820466077
53,5,33,4,4.71022937711643,0.205131759230635,0.375970936147496,2.63564703451713,45.5388683477177,25.6700795619099
7,2,32,4,-0.448000455015467,0.0594603605775764,0.043195032980293,1.68602707812474,36.7318839272367,-0.720836936996887
49,7,28,4,9.83386662175165,0.00840628077276051,0.188384909648448,7.39801561252104,49.8173254401699,25.4910748983827
24,3,30,2,11.2772579534833,0.125398823875003,0.357900482136756,3.77670273679713,49.266706488109,23.783266352069
20,4,22,5,5.78535396532232,0.0621912563219666,0.314237307757139,4.22898344536978,52.9242153671212,8.36409630498276
94,8,33,4,2.59741834684207,0.492322010898447,0.900671317707747,16.6995793641351,39.2313463948171,-18.1549602780486
75,7,39,4,3.01876061459638,0.327291365702379,0.446508034830913,8.8354957167679,58.9729592977454,16.0682712511006
60,4,26,4,5.29107906379664,0.149651090265252,0.822276460239664,2.51477077700815,34.777567239915,18.8541817335968
42,5,23,5,5.26505759285533,0.0127745814388618,0.0771995764225721,2.50656959089471,14.7330244885905,13.6795336727056
90,9,39,7,-1.21508274497386,0.47676311225378,0.520432555815205,5.0156441630414,13.8998922215479,-8.93513875864873
43,6,28,6,3.77931604056778,0.164124932605773,0.44683014601469,10.5846759212454,56.9180727178166,-3.13084723003742
12,3,22,4,8.78606327060826,0.126696557737887,0.42879807529971,3.50779073803257,40.6138940161604,21.4325227360758
58,6,29,5,6.39566403678846,0.421372001969671,0.876445502974093,6.69692516085343,25.9890349557803,-27.4368676002194
35,2,29,3,3.82858105417707,0.305919346156272,0.795827831840143,2.71717521132079,61.702369836795,10.1799460770249
61,7,28,5,3.41160170285672,0.102965263753395,0.278740467736498,3.68227029177385,28.1467827727605,13.4202301066958
48,4,34,3,5.44771647056211,0.128083835233115,0.584226722363383,4.94742970151689,60.7190088328855,11.7807027715674
91,10,35,4,6.96279787952741,0.201202120621431,0.501397571293637,6.38816648977389,30.6024989419729,10.2079827472267
33,3,33,4,1.70967783938421,0.1278320485726,0.502405681181699,5.38628869179731,60.3240204162987,10.0284001299198
8,2,30,3,3.99001791933302,0.103412536394809,0.167772970162332,3.66254641729504,62.1499812754627,-1.58539218705278
42,5,34,5,1.69940521032183,0.108310907197372,0.0610690794419497,3.70273494406762,34.5737477145819,-3.13423287408694
5,3,19,5,6.82781219607678,0.0478276350291159,0.339437924558297,3.69594466438185,25.3886637389741,-17.8563227561423
49,4,30,4,0.319548379141832,0.193244434416968,0.446884332923219,3.33114109939738,33.668918691231,18.7981596273147
92,6,29,3,3.28362987583197,0.40699004519493,0.860527437645942,5.76332539006075,39.2208661281006,16.8140758738594
57,6,34,5,3.93790493864268,0.173136180499569,0.199758828151971,3.92251407576149,26.8822123164374,-15.4984807757273
53,7,29,4,8.63510190388237,0.0495299157919362,0.221014777664095,7.31475727020897,41.4541348724945,16.4943369780155
62,4,35,4,-5.50535478734125,0.234141784243959,0.615380567265674,3.37662898459311,25.0753569392723,-12.3299354333868
62,5,28,3,6.99368641929004,0.0800574928289279,0.219033022178337,3.15363795514267,41.4316627096958,47.0177189128567
57,3,26,4,1.2922955420953,0.192416846218931,0.732384138507769,2.15180060600741,30.8607419462833,21.4049673185356
81,4,38,3,2.60059972007021,0.783753871875715,0.963555172551423,6.79392234319258,54.4813386032918,-10.2739206358199
76,8,39,3,8.48764397295065,0.326297848707739,0.480863792821765,5.50598815443209,37.3116687082523,5.00086794901463
81,8,33,3,7.07289881453843,0.106727819773369,0.237545123323798,3.29121708207094,37.140142144828,43.5259901034272
83,7,28,5,3.23542078572103,0.109683768358082,0.631029083859175,4.64367627763817,36.4437934444162,41.218134487169
93,7,30,4,1.66392557967762,0.186243676569986,0.692833550740033,3.50449382269754,34.3370901115601,32.9892410445097
19,2,22,2,5.87313337371724,0.0495504289915643,0.46200971538201,6.2383170163203,90.4839576166519,32.7297720549974
69,8,32,4,7.20179153711462,0.102106158976514,0.242152483668178,7.15544022010693,41.1787216512412,8.15159949734405
17,3,21,3,10.1710146336467,0.0140589758520946,0.115831680363044,4.54995137511414,60.5919534941771,33.7391552691215
36,3,32,3,4.46550568607419,0.438338329063213,0.777915888698772,3.00939623856775,34.2656388071523,-3.90505303329789
46,5,30,5,1.47324700598744,0.189304759803921,0.227059297962114,3.83569788188478,30.1802089180039,1.94421763671398
91,8,32,4,5.03759807000889,0.21029922714338,0.859178574057296,7.35267644158194,39.6799957166813,-12.3047612865712
35,5,32,4,3.31394725410797,0.0208553957859555,0.00805671163834631,3.23288751725291,42.8761614183481,14.7814669554416
79,9,29,6,2.65507305483521,0.21626838204846,0.233425390673801,5.70023557948545,11.9491642311484,0.469853586890137
88,9,35,6,1.3305034922954,0.236979976518753,0.689560793573037,9.79816696604206,52.948258641525,0.285345558834027
92,5,34,3,0.997256145474513,0.410821862497783,0.924127220874652,9.34900378233856,32.8152897788475,2.91621505923334
87,7,34,3,5.48877866304154,0.105581492302008,0.640287332935259,6.66757455916834,62.4739923970597,27.0426157678521
98,6,40,4,1.43377986669086,1.49928924060407,0.955742770107463,5.00304754232846,50.7130416029907,9.82633666432005
1,4,28,4,8.76421071071053,0.0766246838029474,0.0405142509844154,3.15974052147951,36.4528005642747,11.1771699843571
18,4,31,4,4.24841041675029,0.0485974288312718,0.0706028211861849,3.66538063488706,47.6623598551718,16.5077983847006
60,5,27,5,2.74982289650554,0.0952973283128813,0.409145345445722,2.73264080588275,38.1321653544584,32.4102906885499
4,3,28,4,7.18492948202777,0.000494127609246991,0.0105548677965999,3.68266517536115,45.8966237340023,9.4385825404547
90,6,33,3,5.46015858600925,0.649361250424916,0.869419956114143,8.38169635601818,47.3352184142954,-3.26610028990888
32,5,30,5,6.44431477913256,0.100017249700613,0.0739121849182993,2.23667463008646,38.1483324729227,27.5229925307177
7,1,28,1,6.35505009633533,0.0184450977249071,0.197859589476138,5.32143577304251,74.3851678724902,19.3951872864229
35,2,28,2,6.53114072531789,0.127718602228477,0.768576234811917,3.15555293133334,43.2656406206141,-1.68147406287202
74,8,29,6,2.30886434245056,0.260240362248126,0.567576541332528,9.81446742647942,30.0949899841308,8.3194772535094
77,7,36,4,2.07240245561807,0.144249295350164,0.284426186932251,4.94902292559294,34.6941552951195,5.71930208954147
91,8,30,6,4.12302020655836,0.963736732903511,0.974915998522192,10.5353451365388,30.4179317624217,-24.1765582828387
56,3,30,2,5.35694466469056,0.165145672159269,0.455967512447387,3.17257726475125,44.9756932255827,32.8180064252394
83,5,29,4,-1.92978912840528,0.514091486090279,0.945315185235813,7.29087126051386,27.0164807698159,7.66435337622256
95,5,30,5,-0.843401676549598,0.638403164656991,0.975199534324929,6.02051085559531,47.4641660822397,-7.14625160944319
43,5,25,3,11.2503757977683,0.0103834770860462,0.297673859400675,4.25380629351026,23.5767074338018,15.6577434062212
51,4,23,5,3.53977922165356,0.132059672148898,0.673166484571993,3.26237891486984,30.3433140603418,-9.32225091916539
47,5,34,5,4.30837894726982,0.331636786916035,0.555601912550628,5.24827458404233,28.3948334424425,-10.6628042197294
15,3,19,3,11.3194667629598,0.00301769478528417,0.21397569659166,2.17142078029387,39.5655628449961,3.3661808795312
48,6,27,6,2.31548227749156,0.169720374862663,0.211085232673213,4.13328584547155,26.1635765302588,15.8976485480436
26,3,22,5,3.81264381809865,0.0228307383538477,0.356994130648673,2.88526537327796,27.7491459471673,-10.0586505712889
91,6,27,4,2.3846857693625,0.191558860464695,0.862369162496179,4.15630808955971,38.8925790462201,17.1736672136916
71,6,34,4,3.06920339046329,0.260590535810891,0.438672574935481,4.12400306483629,46.5983446511947,25.1912691156764
24,3,24,5,5.0218851096542,0.0306843350408599,0.162089549237862,1.55696899147243,23.1485182871776,18.1034096511548
96,11,41,7,2.21572841654704,0.797678701537562,0.744040462886915,5.12253207452632,19.5441396983765,-31.5927276776111
92,11,36,5,3.22526800734191,0.281409303181547,0.660872779320925,13.0330364428395,46.2675505630747,25.8468496432135
47,4,35,5,-2.55822152523036,0.279231432581994,0.419292268808931,4.25695154362163,64.1354594790083,13.3321542842585
75,8,31,5,4.66600524105563,0.282590572711754,0.312005787622184,5.45357677963263,35.0631870565415,33.0155573896332
39,5,34,3,8.51916181408088,0.0260326545435752,0.0985061258543283,4.52391436131939,33.0556341891695,19.3351892552746
47,3,28,2,5.61365882466754,0.00653196245868925,0.300857327878475,5.67963904739093,53.2710326280413,33.0221538718528
1,3,24,3,12.1695971764621,0.0112200898583978,0.0162517100106925,2.87116611382989,40.8160955071602,-4.24804691846626
50,4,31,4,5.43284911919516,0.496830124387002,0.832992139272392,4.12228568846301,52.0906912870608,-7.44996201570585
54,7,30,6,5.21088275697806,0.11697811295744,0.300598069326952,3.09715065755217,15.8403940706074,-10.950705919954
7,1,19,3,3.87983527380976,0.022468667360954,0.171966925030574,3.54211810464241,63.2464086618817,24.4564791548913
90,10,38,8,0.250965954552423,0.431662783170855,0.496303250780329,4.27615413005644,17.8481313688193,-3.69058014743294
80,5,38,5,0.450771358200315,0.492996519410467,0.735997584182769,3.73463921812169,44.4422293110911,-5.41357747698151
18,2,28,4,1.56470505512555,0.110001656011565,0.282104131067172,2.22580011470031,57.8977995328428,10.7621255890133
94,6,27,3,3.09448108229716,0.0966061780927703,0.780555450124666,5.93371481167124,54.2446913219582,37.3559351417738
14,1,26,3,4.08768642199473,0.0916011842473919,0.562144369352609,5.86125190947948,53.7352752705056,11.0162241033995
76,5,34,3,3.84994981280124,0.257368359937075,0.800762795610353,9.72956766524482,52.0776715520258,7.22060985373537
29,3,32,3,3.9869853293325,0.0378825278021395,0.107688822550699,3.76854235862124,43.0638869393892,7.82978893724876
88,8,31,4,5.01933624713101,0.128351430525072,0.528314779512584,9.44060471917714,30.6293146946458,-12.857082321897
37,6,35,5,5.66228659019078,0.395876273510602,0.389473158167675,4.96496464156129,56.1299000169344,-11.2422123266441
2,0,18,2,9.92603451871768,0.0432985218940303,0.480137110454962,3.74456118196782,96.0926803475447,21.5789258837928
95,9,34,7,1.91754803204774,0.996933845284969,0.9697868921794,8.28578074613904,23.4074104547914,-27.5118997073756
11,2,27,4,4.23932413525284,0.0423069341564934,0.178490117192268,1.44670228329676,28.4926399259438,3.76489528781332
14,4,31,4,3.85685685818507,0.0711351068194563,0.122359310975298,5.1212501318134,39.005426227966,2.7477239049026
55,3,31,4,0.947784133456378,0.201731044788587,0.541406867327169,2.99255560137816,28.573746202088,-4.03891739935315
53,3,34,2,4.44057031545517,0.164984813309275,0.645587369799614,5.99471908915302,76.1396771452037,35.6678097220545
85,6,31,5,1.56896686341818,0.455897419692433,0.940533612156287,2.97373312503411,21.4737103063366,-12.267561474939
75,5,24,5,-0.235656486424118,0.23996325720914,0.685451556928456,3.46227317131584,35.4194906872679,25.2321866886344
22,3,25,6,3.34606358671718,0.262582646672356,0.735716364812106,6.59082324092167,33.2655466650533,-35.5576224887982
93,7,29,5,2.74572018701389,0.250913705666292,0.697632791474462,3.30178920074315,17.2107715301076,-6.34131533443765
10,2,32,2,6.08146558449735,0.0982849131105468,0.216380869504064,7.05733046797063,68.3337092313763,-1.51998818158304
50,4,31,2,6.9392571865173,0.368849596260128,0.558957594214007,3.77875727448291,49.5556887691871,-4.55317871595566
77,8,32,7,2.68242537718009,0.539387911986412,0.720051292330027,4.52671222869414,17.0047432644683,-16.4596070176053
92,11,39,6,2.97158135478974,0.423867305719709,0.787566984537989,8.47639920768539,36.5892893366584,11.9881553630469
53,5,28,3,5.96430569602516,0.0613301565172151,0.116307219490409,3.30304419408086,23.8694853333151,27.6090461487218
13,1,23,2,8.59687924085317,0.00744947622374892,0.100710342405364,1.25094893896615,30.7848760481499,25.3756072061458
76,7,26,3,7.14182811719965,0.0200437976128427,0.449294360121712,7.15226743709657,34.4368340875922,43.590304232816
71,8,39,4,8.88064010805109,0.610023413287634,0.634197905659676,9.57788134141037,50.6733944619013,-3.76314191642037
50,3,35,4,-2.99295327937467,0.284594256653193,0.407042389269918,2.08276704491661,24.6078033856042,-5.01044227572658
90,10,28,8,4.61752157074153,0.973954257968456,0.934488482074812,6.63510095173721,34.9779659146432,-14.9907307311847
33,5,22,3,13.9580215807705,0.0432818940410813,0.402475063921884,6.28563061008596,35.3946932820883,-9.0423330767597
52,3,33,2,2.64101080821967,0.251789512560767,0.785336697939783,8.65577639229022,47.3328920483674,-8.06227671158343
19,3,27,4,3.82118693033765,0.0303472179220989,0.281589951133355,4.14971780690029,47.7096414181898,-3.57266332236018
88,5,39,3,3.71867319829538,0.937405151728183,0.967290475033224,7.15728725185637,45.1809564919307,-25.5695717181657
12,3,31,3,6.01003865893823,0.00418534723576158,0.0314806955866516,4.55860554878181,38.9007063986397,22.9876655317394
1,4,32,3,10.786118231157,0.00420857170104903,0.00274491496384144,2.83866994124362,66.8789529158015,13.0673640150723
34,5,30,4,7.66637044535636,0.260955568392503,0.420101603958756,4.36116931144743,33.6939756501627,-6.88083992565894
74,7,26,5,5.3739127997981,0.156964520225301,0.449307478964329,2.64426519987864,21.0145850356389,-8.6449136664731
19,5,30,6,5.75271113047059,0.0723846638575196,0.024048792431131,1.9688604496619,45.0982974835332,11.1926694197315
42,5,34,3,7.38909581539675,0.209162949108261,0.221381739480421,5.21505634316778,42.3576801063007,20.587382806626
73,7,34,6,0.752844496010554,0.236960892322215,0.629658814053982,4.75916034040752,40.5357440063884,15.6020288511855
42,5,23,4,10.7712218322624,0.0688600990688428,0.450453757541254,3.77921980981972,34.0577769491438,3.71474598095199
86,8,38,4,4.97177775123756,0.257787370345298,0.673170463880524,6.0447490254122,32.1058047752918,5.02775107196307
78,6,36,3,6.50467843367547,0.530623852709466,0.706887201173231,3.17319745668331,39.067583088592,8.35631514505543
57,3,31,4,-1.23401057376201,0.14409661910031,0.341010036412627,2.63349850940906,37.9733993176963,21.9729497479527
71,6,32,4,2.17369424069857,0.129176185582764,0.610442632576451,5.25334163247327,48.0864080471858,7.61023387048332
26,3,31,3,2.05009771803862,0.139410239199783,0.413966698339209,6.8287704704605,47.0888194855461,11.4793389612257
49,4,33,5,-1.16339415452835,0.352903243282769,0.78095824434422,5.76412400308451,53.4027813992867,8.68022514648398
87,9,28,7,1.48073786379527,0.385040106179377,0.647792269941419,5.97744490835763,15.959264705001,-8.39561295252833
39,6,31,4,8.47401471362235,0.271584491640223,0.478910621954128,7.65857758669611,32.2969145343796,-1.76173230877318
55,6,29,6,5.28013365520821,0.229408471834588,0.729333881521598,6.46601368013987,29.5006899181167,-18.7261473361697
43,5,32,3,6.66095034333894,0.127695228322409,0.136577266035601,3.33547332018682,61.3301005670262,15.4070249144397
2,2,33,5,1.64376039918823,0.113410974969156,0.043149288976565,1.75216990463286,48.6176164768237,25.0338760167674
1,3,25,4,5.53301587914465,0.0194505589315668,0.0316366739571095,3.35720801172057,43.1606874919048,32.512322525851
78,5,38,3,2.97875484633785,0.320665420953858,0.823839823948219,3.63488553357033,29.4471597592329,6.91702517486274
67,7,29,4,8.07218457784729,0.146980985533446,0.378339635208249,2.56655855838265,19.2687936321579,13.3445640967802
42,3,22,1,11.1609519945182,0.0898727571099575,0.614552932791412,2.40865562137053,28.8084347284329,19.3040048941183
24,2,29,3,4.35085376198243,0.30560815403119,0.812007594620809,5.6519007476827,92.5098932345778,-2.6407813623234
63,4,31,4,4.61781735154137,0.296073604364622,0.722851798869669,1.88050041302883,25.0063845661049,-5.98219261772497
78,8,30,5,4.25461851784902,0.440701826920217,0.69076642813161,6.80872974482219,46.0884971639646,2.18890381783132
95,5,28,3,2.61945160797546,0.237757320876059,0.950656252447516,6.21647555528941,32.4426081179821,-4.72229282742706
39,6,33,5,8.74252010582406,0.227697007766153,0.204645422054455,3.03067301036345,23.8410963235373,-12.9096519436879
75,7,35,5,4.84597740848903,0.914465516331879,0.944833165965974,10.4559867818987,52.0705341267494,-10.3167566450121
50,4,34,3,4.87590256410591,0.140712092863396,0.37155510741286,3.97981217551065,32.6734376195298,-3.80038240012458
66,8,28,5,5.08956153849048,0.295934135016782,0.637834871886298,9.41179602740786,49.7437039265735,17.3271740019634
65,6,27,5,2.46957251847184,0.0926087093539536,0.286292573902756,3.5639394708469,43.5137098846138,20.9979584459045
26,5,31,5,7.94589858124824,0.207796410932436,0.472077222075313,9.01577041211634,49.293410691086,-5.1293375962474
97,9,42,5,3.72856632439127,0.425397626103318,0.727656936272979,6.09327883974629,18.6952425390813,-5.10309091545099
59,4,22,2,8.47069171606125,0.198515250337052,0.796158806886524,3.4450856008952,40.8598907138826,31.3021525643069
82,6,30,4,2.53438953314985,0.366438540609038,0.820876020938158,11.4060664943853,55.147522548903,19.6353718151669
78,8,39,4,4.78620996663806,0.307569690038192,0.521536130923778,10.0949971957739,33.8619370012174,-17.9323767963918
54,6,37,4,4.17746837835981,0.248131916149262,0.324977785348892,5.88970557701989,29.2624898080463,-12.3976637109372
79,4,30,2,5.84373119922286,0.123743361094967,0.788127570878714,4.25753612220861,40.4041067001295,35.8600012488884
14,4,24,4,11.1397383175744,0.00925829904044612,0.110612459247932,2.56682857725532,51.3582381839452,22.6817118214841
88,8,42,6,1.10277329062605,0.552458890216583,0.834485391620547,6.73365734596952,21.0774375569742,-29.4939062566142
81,6,28,4,6.61918075652755,0.475457886212921,0.961961225839332,8.99034849648138,39.1099301069183,-19.1547808555225
78,9,35,5,3.29907318415351,0.355270375010973,0.442535722628236,8.38624590716871,32.8845073002721,20.0687939899203
28,5,23,3,13.5798096843171,0.00899475142078065,0.212319819489494,3.99628353167197,38.1591018283721,7.77792874352358
70,6,27,5,3.20024339283293,0.274278537825424,0.642429352505133,2.9517524686675,19.4055904843114,15.1373950675949
63,4,31,2,4.90684434567973,0.0788799140136689,0.25144503149204,2.70561196998588,40.2366836435454,24.7183148621378
84,5,36,2,4.38245101397193,0.19155814590745,0.691352149005979,3.73915128957765,44.6366948491847,28.2733591280941
71,4,30,5,-0.668306688727781,0.696752305390734,0.87848416576162,5.48898986972127,45.7909480648524,-5.59600292410144
90,5,25,2,8.85770306449176,0.219290840542171,0.830779010662809,3.21090677889373,57.5114381048247,37.5924194055916
55,4,29,4,-0.101290383331159,0.192682070414278,0.596062720054761,3.11833203468171,49.1797977575628,16.3830069159894
26,3,28,2,7.73734484943948,0.0389326537260786,0.101031475700438,3.0037283863672,36.0217757202525,13.7356239985875
46,4,24,5,3.91895233637105,0.11885832879974,0.723190264310688,3.45792110911874,46.1009899364932,-0.388205866413204
24,3,30,4,0.706552103873961,0.136804301291704,0.292317188344896,3.40895466944033,29.7185463962267,6.82508645287369
71,5,30,3,7.00797317474493,0.168924343888648,0.456760325469077,2.90720944019961,63.3637766662745,27.4997579726
99,7,29,5,2.03964297488323,0.919948154542238,0.964696681825444,6.62212059731172,18.4498359256067,-10.2295459930959
52,7,26,4,6.24576437711914,0.0256091306218877,0.0500520875211805,4.64445014870383,31.9474756387876,25.0306264872574
9,4,26,6,6.42492268707714,0.128726711147465,0.262996407691389,4.38364291643458,25.5338836481258,-32.6016843619441
7,3,32,5,4.40643714034471,0.114622632157989,0.0739664272405207,1.50506139640591,32.3388096065582,4.91688772355768
89,9,28,4,6.57025992110739,0.245518006839532,0.578060515224934,13.7584752510276,40.6498051227969,18.871091081685
80,7,35,6,-3.08620262402394,0.910024621937067,0.893321399344131,11.6782738827438,48.2807827323719,-5.39054198073677
69,4,32,2,5.84295614311972,0.249476626970547,0.632440251996741,3.09194150560175,45.2910766767312,27.418542114241
42,5,34,4,2.65350801822721,0.116727306041867,0.149333334295079,3.36867458472476,26.9387961174744,15.6033502950916
14,3,30,3,7.34074490959499,0.0465264176426828,0.0422004365827888,4.66994188354745,35.7170421307208,8.53505630978835
36,4,31,4,5.30820950500501,0.153789832955226,0.231884363573045,2.9952071023227,36.4706642666252,20.346056703612
89,8,29,5,2.79739698840882,0.312995994918722,0.825266904896125,14.0096677595977,44.7278810289672,13.4002071790772
64,6,31,5,1.78096828014647,0.314338294545862,0.467163612600416,6.76461559222873,33.5844671425427,-9.92001826227489
35,3,30,4,-0.248514655268024,0.0895341717827021,0.255816315533593,2.87937410810965,48.480592097743,27.3214036412791
5,4,29,5,3.34030087033622,0.0171184581302913,0.0356959407217801,4.23661654343976,43.1981574093093,22.0446500012901
19,2,30,3,5.39381957558685,0.228753546475175,0.670358109287918,3.93982882433936,72.2068481182184,10.0306010176426
88,10,35,7,1.99732212835462,1.47700005388799,0.764797558775172,5.02844075645158,21.5467592612857,-3.17765969984534
33,4,29,4,4.12408893685218,0.0453398753888905,0.123498055851087,3.53776582703137,42.1538764782414,9.30192023789436
72,4,29,5,2.32868975418276,0.730651937497914,0.95462379604578,2.69056670819146,26.8862683022315,0.245131347924264
55,5,25,5,1.11961314242132,0.18536664667042,0.559299258748069,4.99047017687956,27.5595868224145,13.3021429791026
27,3,31,3,5.53182346790852,0.246744102322239,0.387008586898446,3.74592248438022,30.8734255781655,-13.3065421325671
11,2,27,2,5.83332468768776,0.0691502391127869,0.120604210533202,4.209200775201,69.8101612469552,23.6779395694503
17,1,25,3,4.74872173623893,0.082841956987977,0.3174241441302,2.0044006310544,58.0640355453272,9.7179636959763
97,8,37,5,2.21370404322567,0.801782039883447,0.789632556959987,4.96689996259453,25.4184819800976,10.1731658765168
89,7,30,5,1.31012823520411,0.519907967621619,0.943976339651272,7.03792877932123,47.1803145619218,-2.43488153886101
85,6,27,5,3.61240545724228,0.801636248784971,0.98924378096126,7.37324602683696,39.4728528478016,-17.5263443401372
60,7,31,7,1.41634808712773,0.333451716451648,0.326070172945037,3.13722729718774,34.3878466648165,12.5706915137241
87,7,29,4,3.95811948800619,0.162825340172276,0.725345368264243,8.16142952577483,27.4004471444505,4.58007947510063
90,10,33,7,3.31202715420002,1.20187520695137,0.851077478844672,4.80408361745224,21.2647058231181,-18.3505305372009
26,2,28,3,3.35295872747771,0.0535131029319018,0.273527520010248,5.26410328249077,80.7076013947524,36.287377828894
19,2,22,4,3.76726514417375,0.222169395292851,0.534478112822399,1.6056234722295,45.6045389635532,13.1219539287504
46,6,34,6,5.13445677145024,0.209484255629334,0.402566965203732,3.18788379314682,25.078609819951,-28.0331496751247
76,5,38,3,4.84222919464384,0.563810189688736,0.94056652369909,6.08833711935692,65.3755658261663,-8.39836827326441
60,8,28,6,5.25240686896846,0.142641373793595,0.414594814181328,3.71743433738421,27.5441007946722,8.76634090346171
53,7,33,6,5.43694765569474,0.175594787180885,0.411611355608329,3.69160816840407,41.9427394761877,-3.68462891946683
44,5,28,4,6.76409714218499,0.244645072399391,0.430975851835683,4.40163915011963,32.6316131624011,2.90859555383571
20,4,27,4,7.08895830888494,0.0551047548651695,0.0717182352673262,2.21647221637106,28.0700671063569,-17.4195954657287
96,7,34,3,3.83936875426956,0.325504495984617,0.808204850414768,4.19446100759501,18.4877054656253,7.03847613569367
78,9,31,5,6.692835434759,0.237127038872543,0.784629356814548,7.80170552274366,27.8371884135908,3.15345764054635
13,4,23,3,12.9008003041447,0.000597211201347075,0.00638716551475227,2.18366484774675,32.7022661119753,36.6399727344452
49,3,23,3,3.15531802805188,0.134044265607372,0.445209285942838,3.52869334959322,55.1970209563224,47.0398558565149
46,4,28,3,7.86340218934433,0.0358641780912876,0.220888275187463,3.16331329897333,31.9706448873026,29.9566722626121
35,3,31,4,3.8975620177227,0.0872263825731352,0.280909470515326,2.06199710608724,30.8628509929346,0.923640585342362
15,4,21,6,3.55746952622536,0.00265707413200289,0.00850359792821109,2.47352554445521,36.4603712465794,11.1735588533349
75,6,26,6,2.8571065524042,0.564314979240337,0.893442045897245,6.60112060876186,22.0284242068513,-18.7193204949693
99,7,38,5,-3.83796315818828,0.516184562796211,0.747721198014915,4.97501682134845,24.6090418780514,6.67326538561734
10,4,22,7,5.65952829790879,0.0174249379509629,0.0182879469357431,1.23913974275826,34.9193696653853,26.9357896888899
24,2,30,2,8.07939820026653,0.0636167277116328,0.431407802039757,2.29835866090757,68.8542014658669,19.1466393033071
64,7,30,6,2.93856703096799,0.222828516958955,0.59098657942377,7.56395940017722,43.3016354432806,-3.53480380861535
56,7,35,6,2.52614048578685,0.133765325765125,0.231374141061679,5.66729480483551,32.6231487948564,14.1617263536272
29,5,24,4,8.86162411476886,0.0174560124287382,0.185100000351667,6.52769196379456,48.648387646711,20.9648187711319
58,3,36,2,6.29588158632232,0.154185334919021,0.750078146811575,3.34452665980563,42.465855000262,-22.9410861417644
20,5,29,6,1.89630752383113,0.0186893587863885,0.0414924416691065,4.82693251280834,41.5283780751688,13.8104964106415
8,2,31,1,5.58205714695195,0.00768731902283052,0.0871071754954755,4.88878318672904,62.2098061249148,11.7265060877059
6,1,28,3,5.26725507317262,0.0241202013593345,0.0655382566619664,1.66929185384808,67.7706118617863,26.2660635812948
21,2,33,2,6.22864227024268,0.210294938170093,0.600079838884994,3.68661482515382,49.6569910970656,-9.35102707760992
40,4,32,4,5.82345080164826,0.394720958990461,0.796751396497712,7.51221760205702,52.5419098692029,10.409566888454
17,2,20,3,7.49148942340649,0.0184966232264904,0.0843547773547471,2.92676660763146,43.0906887326841,6.69831049996925
58,5,35,3,6.92109074862543,0.441220111658281,0.732289792736992,7.02388181560212,31.4006958326943,-0.953849659581687
63,5,27,3,5.77930688305373,0.0280579143436626,0.327500843908638,5.44477477680833,34.4080430113828,30.1213287655422
43,5,29,6,2.22205369153127,0.27322982273877,0.716918914578855,5.03026323432997,27.1674056762834,-18.2452283423711
45,3,24,3,3.67691688766108,0.0325684341016705,0.500258941669017,3.58912023811185,52.2026373163899,16.0754938709835
20,4,32,3,5.94913228394738,0.124622778734192,0.105486701475456,3.54354517433366,54.1402777351202,11.9538194627145
67,4,29,3,4.10110587096892,0.192397569761354,0.6023291235324,7.01175132458307,71.2284412321215,36.4864668742281
45,3,32,2,7.52906549652573,0.472951773067421,0.84857805352658,4.4635777946075,64.9370848905334,1.5821641845597
75,4,25,4,0.46025411733129,0.312567006806113,0.853252844652161,5.42881568612867,37.300936874921,17.9762869429342
89,9,29,7,4.86248873960501,0.782689990684555,0.842349484562874,4.07374411132395,28.2620309960212,6.32551298313473
95,6,38,3,5.31080374648549,0.650286779241794,0.974623797927052,6.35285449844574,47.1119021585273,4.4627656368097
11,2,32,4,-0.750531769757901,0.0251927470089868,0.0264882759656757,1.98193200783311,47.3876165433322,10.0305412260814
51,5,24,3,10.6036984760876,0.192452727106665,0.751979281427339,4.34122755487439,40.2559307700153,22.9840101456839
19,5,29,5,5.91399477671074,0.106004716362804,0.256512958556414,7.81709633600448,31.599640045913,-25.9834872837331
3,4,27,5,7.09288271140823,0.0804227035259828,0.0714812935329974,4.21776987609233,44.1228786148241,-18.2979173717004
66,6,27,5,7.34939872344659,0.215274873411956,0.795246198307723,4.92200772265744,49.029576548402,10.3192780805985
74,8,41,5,4.59948363526958,0.774000119375897,0.774564788676798,13.1198596881109,48.9464695093866,-2.17144351722779
33,5,22,5,4.86972264883496,0.0641990420408547,0.149314294103533,4.32298716866377,23.0484274607672,12.7191984819622
66,8,34,5,7.01884042680841,0.270666574350301,0.508122855098918,3.44516853627696,16.7474010113926,-14.4041000563234
62,6,29,3,9.58202184928585,0.129216090776026,0.616823404096067,5.46799629612944,40.2760880460324,26.1683366199373
83,6,26,4,5.86567027622114,0.22436693519235,0.93328161444515,5.55442478950818,46.3942165615732,29.0625109321428
58,6,35,5,0.308200943277747,0.363444381372488,0.492488979594782,7.518964185387,65.5991696217043,7.47174032955395
52,4,29,5,2.21488390775213,0.436135602341543,0.797388294013217,3.71070746725059,27.8391876477005,-6.26773352442673
12,3,32,3,5.21780922839609,0.111665220698342,0.0671914976555854,5.07886640948546,44.9119352554202,17.4011994347556
13,3,29,4,7.78166991724063,0.0706339792983471,0.345782510004938,3.18101275689139,42.037856539423,-16.7468053608434
37,5,31,4,8.83101988752143,0.151812803931534,0.19312147423625,4.51732138476029,57.2635963402809,32.2008717753566
66,5,30,5,-1.33875317799653,0.468219902333312,0.882685784250498,7.21965346164027,39.3707176356803,2.46701729852002
14,3,21,4,4.39558589049025,0.00240514695178717,0.175065657822415,4.0816693718545,71.1041745554815,24.3830259147128
90,5,35,2,6.35254207646307,0.405178893639146,0.954856163356453,4.31309385130188,29.1446966175633,10.6030842597512
15,3,26,2,8.82746655384748,0.00807639362756163,0.106024431064725,3.16016842786491,44.1293382466944,3.05327776247953
98,8,35,5,2.12749455634151,1.07879697990822,0.959324321709573,8.93794791701059,34.8547108396072,-12.8641164973785
80,8,30,5,2.72380297220657,0.250043907657939,0.393054652027786,7.12659218464014,43.7671092745699,22.7054838208409
53,6,31,6,2.40642106767932,0.193406421447846,0.362701842794195,4.31457463177545,38.2337541933613,0.190749000040213
59,4,24,4,4.53826691318056,0.153767773765139,0.694670088356361,2.27865598537978,28.1393288787072,16.9666998361328
84,9,29,6,3.92926472959075,0.253098273568173,0.778284555999562,10.4447044176382,36.5633293822944,-11.5714388340565
27,5,28,5,8.68652328292423,0.119930080404874,0.11023383284919,4.30851954367628,30.7195227719467,-17.5049749684793
60,4,25,4,1.93178589149468,0.258049772408666,0.659657671814784,2.16351423717682,21.4695620157198,7.78167700458292
3,3,24,5,4.43185763302639,0.0105735448887572,0.0120410521049052,2.5360432367414,32.6054483235246,35.0567532852435
91,7,30,3,6.79846615865596,0.211581769621673,0.756844479590654,3.68278510197698,50.2608150309716,17.3479932419178
36,4,23,4,5.35837517926818,0.153265770059079,0.577946729725227,4.20184355007633,31.7522221075613,-6.25825853622778
32,5,30,6,4.76680298683293,0.103122857895772,0.382360851624981,5.77868652215604,46.2959047846713,-3.39937061285779
94,7,27,4,4.14897151659171,0.426056177334344,0.956826069625095,7.39547790087957,37.2083179010082,-2.769670839362
49,4,30,5,1.09663308877393,0.251303635294291,0.588254572823644,3.87291387200022,45.3573889226688,19.3557093653855
25,4,24,4,4.96562137174691,0.0034788138531205,0.132337810471654,4.85366625042343,40.0237956056901,7.83851520296628
19,3,28,2,7.72088404086954,0.046795042947052,0.234410966746509,7.21343023736681,70.1666676972003,28.6254033213637
28,4,25,5,5.73234828670682,0.158606025041081,0.520373291336,2.98436937399609,49.1280969902313,-4.20345719595834
84,5,30,4,3.71346067497881,0.377665653098141,0.819182850420475,4.50029877677668,41.667129368532,6.36656139028368
38,5,35,3,7.40570085543998,0.231933706895191,0.634037936106324,8.06860696150688,47.1801077182335,-1.74700148086018
35,5,34,3,11.1793004937074,0.0796483103185892,0.213512758724391,4.39575115409314,39.5570663580361,-18.8905835316616
53,6,26,3,7.83590972293008,0.0133124466519803,0.299100845819339,5.47250860534624,27.2541231240122,3.38448110746388
87,6,36,3,3.18499260712148,0.682752395482892,0.750832966528833,6.41232692034311,42.6474075746082,8.37875070981415
43,5,31,3,9.02195184487291,0.186936639238823,0.528959057992324,6.05734006194573,73.9738830507035,22.8335137504889
89,6,41,3,6.37441492430447,0.395315264839096,0.871147968573496,6.68965633958766,42.540485763524,-20.1639783538315
77,7,33,4,3.86757238169719,0.242395454774353,0.353707221103832,6.10784640726218,37.1228030171503,37.4539139511638
92,11,34,5,6.85891953152901,0.297946144816208,0.790602614870295,5.61504830038322,19.8057687082632,-7.49976142962124
92,8,31,3,7.89583993928549,0.401641728533653,0.910765616223216,9.20801808936687,33.920796038417,9.68970277535131
41,5,33,5,3.29128431734821,0.564264175916249,0.393446383997798,4.34091456130227,38.6691275191074,-22.3490792069048
3,0,27,2,9.08719390944791,0.126578497118317,0.652335892897099,4.39589219765501,47.0706867495322,-3.47180164123672
15,3,33,3,6.78196083474626,0.0647306232713163,0.175081338267773,3.8471713922229,43.8127373232529,18.7002731582945
77,5,29,4,3.45553019405128,0.385544117519116,0.874246812658384,5.53173543137139,32.8201797038734,14.4097688242495
73,7,34,3,6.57714639555601,0.0992109146163378,0.505989074707031,11.1596256055174,50.6163664366483,3.53792414735992
91,6,33,2,4.40090643314023,0.233468648501414,0.793462636880577,6.66401373700116,29.1172501015703,23.9694999317643
78,8,27,4,8.93072919722752,0.136082075885497,0.339919015299529,4.17107385574212,29.5993219003479,31.7953247411634
5,3,33,4,6.11118976614787,0.0404433163065161,0.0137218513991684,2.48235614297473,36.9565082009552,12.8984646281596
65,5,24,4,3.92378426306807,0.0832014930201694,0.566635984694585,5.4637287948378,38.1119007732227,32.3169016720993
51,5,35,5,2.37553524259727,0.540817316058185,0.722260712878779,9.1675284452285,49.7556652308651,-14.2254377670336
43,4,29,4,6.58435728151702,0.156505244434811,0.705572399776429,3.40486250883711,51.0952200035359,15.0143205875078
99,11,28,6,6.29287611006869,0.177242903028357,0.784636339405552,5.55868789017174,38.9402560372072,22.6767292074037
91,6,30,4,2.68020086837064,0.562058893747805,0.893007138976827,3.08529572092717,28.7867383700404,-16.0517995735037
30,2,20,2,6.90523886436933,0.0124049809851553,0.276850195135921,2.08782552940269,29.0169827174729,23.0489446343978
19,2,30,4,2.44412460405116,0.388000476852877,0.796603030525148,5.96119332282793,80.1687162206162,-9.96050178352078
74,5,28,4,2.48038600197561,0.179885967624116,0.685047099599615,2.37212403435732,34.1935255561753,30.7716787866107
24,5,35,4,8.38591327741904,0.195874947578388,0.31946096685715,5.84046604944067,38.9200905973635,-28.5203245387848
22,4,31,5,-0.0590076967018804,0.109471553354524,0.306942491326481,6.11489051761873,39.4709376794917,-12.1874697704705
15,1,32,2,6.48505506276218,0.296449046571481,0.422075455076993,2.44327390129807,64.0781386126551,-12.1559296632193
53,5,32,4,5.52676750991895,0.261471488130614,0.710317880613729,12.4982021117114,51.9200808215254,-10.5700686689562
53,6,25,6,2.52916129455489,0.182497452468354,0.335395480506122,3.38783753180561,30.3276096123191,14.4270153331099
93,5,36,3,5.65779338708603,1.19386198831009,0.986253248760477,6.17738301861788,41.2784588293261,-6.10271067549857
18,2,33,2,4.64374852592844,0.0430012701544911,0.0432123763021082,1.76981153769482,75.1996514653828,27.6733987203293
41,5,33,4,6.44390566740587,0.158611521590501,0.557200002251193,6.75919851637112,45.1837312005153,-6.10100297012076
31,4,29,4,3.0506184182625,0.1161989151733,0.457790677202865,7.72159109380659,44.4594281142452,16.8423195622344
82,7,38,6,0.838204276781678,0.490960243602699,0.738067019497976,4.36261188387791,35.9088506424567,-20.2531432687902
24,2,31,5,1.26847335829107,0.178990056494924,0.309838315937668,2.03321769454728,49.062659551763,12.7586696222983
21,3,27,2,9.29368494393492,0.00514443055726588,0.162445631111041,2.8686854926334,60.7091248612331,31.9462793799459
13,2,25,4,6.05020828869002,0.19484989879534,0.659704476827756,2.78825336520405,30.392410250836,-9.49949344305228
67,7,31,3,7.99048398793323,0.334649735818359,0.666595536284149,7.75686236996608,29.1055543723165,-6.23624331385073
99,6,41,4,-0.497549600414198,0.45804017934908,0.88673903606832,4.96857917258658,25.2891111759752,-7.93611710588468
22,3,27,3,5.87176576048786,0.0510687725123685,0.3457269705832,5.42286793863907,39.3534887449898,10.0552541296455
82,7,31,4,4.95052473076707,0.692766116434866,0.911078329663724,9.75399003682852,35.3377623810293,-3.60542039215951
28,3,28,2,10.0497291015023,0.00745826618771394,0.166549940127879,2.89536304742822,48.5493347244485,22.095631619415
18,4,27,3,9.02117113951341,0.00667500342542348,0.022783606313169,2.84560553567088,51.2532016090859,44.4126112617478
75,4,27,2,4.13959869980726,0.289753336216065,0.739388405811042,5.65084825344419,42.2260293494316,22.1417550026985
44,3,31,4,1.7877591138211,0.291179072101343,0.575361589668319,2.50878424275876,34.3906982830964,0.242517700629756
26,5,33,4,6.41670520630272,0.132504730136134,0.0803397221025079,9.29534197177578,42.5576823537179,8.19066111260522
64,4,29,5,2.91251786082647,0.645429875204498,0.855377781670541,2.16560618028827,33.7446423210001,9.80529868035433
39,4,27,5,2.35858476891295,0.0450062227834787,0.297955617308617,3.66747562085496,41.5176486979434,3.3279695677504
80,7,35,3,7.28089503361833,0.210690269469026,0.789476146921515,10.0239109969994,57.0342470629016,3.64881282658065
98,8,32,6,-3.47457328147803,0.309020228673446,0.841162111377344,7.23989952735876,21.3024391578009,-18.4724401739191
46,4,25,5,1.57775907789261,0.150437303702347,0.616501293377951,3.24660429200389,46.2212008090569,10.9676588849835
76,7,32,4,6.62223616858584,0.412789961767799,0.618972588563338,4.9619546196029,41.8039533871859,8.63867188935794
18,2,26,3,8.09605028143359,0.0935953811276704,0.385287385201082,2.17815696046587,34.6281786569996,-22.7248154262464
86,8,34,4,4.83598550732676,0.1871822436201,0.290270448895171,5.21064488517878,22.0740842119164,17.6916398431178
34,3,25,3,3.08029017940424,0.024863193174179,0.205644697416574,2.30734269085975,33.6223782709279,17.5980872967181
17,3,31,4,3.59627965415679,0.0698544651674929,0.126372095197439,3.10288077318157,64.9843596987296,8.93474453806137
49,6,32,5,4.23946395442045,0.178505997861478,0.211270618718117,3.02978736303539,20.519151955018,-14.0176608110673
76,7,38,3,5.01534279666597,0.117447729222476,0.3922397675924,6.59898006919397,59.4932637370429,25.8506328738206
23,2,26,4,0.630437901430398,0.0586542065562094,0.294185077305883,3.09921907804719,29.770162126131,8.38796692821005
5,2,31,4,0.822276614279914,0.0682409578002989,0.193814764497802,5.31056065701369,48.3584023750324,-15.4757694126335
19,2,29,5,2.34863797108327,0.0804209755733609,0.260213052621111,1.83507442549825,51.4809369627265,-0.736270891729667
61,4,28,3,7.84919719346272,0.421821234948138,0.901131062302738,5.53210836973514,53.2777690188431,1.99343661342314
97,7,30,3,4.67353380674108,0.390746398342258,0.83736163075082,8.32041957993555,46.6532627051992,27.9551924957111
14,2,30,2,8.88694880157377,0.133604064118117,0.338442092062905,2.48922770302171,48.711417178214,14.8219926015585
67,7,39,3,5.78288285172348,0.394651031201437,0.325689522083849,9.02937624688033,50.2363495523077,0.805979993969778
10,2,31,5,0.889854579642559,0.0263855380163988,0.120925756869838,3.1278986165983,45.1601050113031,1.22065232293941
64,6,31,5,2.15384734112425,0.48934238037266,0.60565807740204,3.97946435106648,24.1555040346037,-14.6195249226376
41,6,35,5,2.78114609058842,0.102011009075118,0.190923662856221,5.76124920655805,25.8001793883583,-14.2289559758994
41,3,25,3,5.78435896880756,0.132185905551731,0.802894283086061,3.24417917268318,55.3565192529192,12.0221861293221
33,4,31,5,0.571268151099123,0.0753582693869248,0.321111683500931,4.74836912002357,58.3205309017454,4.45204802467155
4,3,32,3,8.93102074044468,0.0697374323461494,0.0316891211550683,3.83072059086495,35.5513127547215,7.37883996990322
4,2,22,2,7.90134680835993,0.0169547734549269,0.215442995773628,3.99342040364759,86.8439854359929,26.0335703044908
17,1,24,2,8.73802455546135,0.0426404292229563,0.257102740928531,1.0262894816476,27.6427183485227,14.1308019649332
83,6,39,2,3.93137679379883,0.161134334164672,0.401941341115162,5.42749187893526,54.5676031325192,36.8960371172032
42,4,33,4,3.17947933321424,0.128325717198607,0.567564320983365,3.62779582849149,33.2585898226819,-13.2191886895136
39,2,29,2,6.23688231870799,0.115970542305149,0.493742465274408,2.68196344060301,36.9613835616152,-4.07649719305777
96,7,33,4,2.98091614797866,0.737445112275791,0.812258974183351,5.66745858623912,51.770610555132,29.4558659485065
72,8,29,6,6.65337842855214,0.246634682629931,0.439522033557296,3.37533121635468,22.8553134818975,2.42147852036987
58,7,28,6,4.31145392483934,0.0492928898893297,0.185587169602513,3.31680142469377,20.2615696223714,17.7058908922511
98,10,42,5,2.05801577919337,0.577323521800783,0.706097441725433,10.9043818271173,35.9631379451911,8.2918415403354
27,5,26,4,6.44215991979849,0.00901387562043965,0.135078703518957,5.68192547988807,38.7273609264804,18.3178130970544
30,2,28,4,3.20335545364147,0.233188443573865,0.693654359551147,3.68843025232951,59.3573640540801,-1.59821837784598
68,8,35,7,0.637482403474748,0.660199312927359,0.715963162248954,13.2303962210105,31.5930329157916,-26.2838341174924
88,9,29,6,4.13482311323517,0.372800013960755,0.8498711574357,8.71259112978129,40.0124371028886,10.8302333342408
14,2,30,3,5.31172716508921,0.172335173003376,0.434403786668554,3.39316101647466,52.8203081440888,27.11776321984
73,7,28,4,5.15885441846949,0.295670248557556,0.537885227473453,5.27260107015541,46.6127609200611,20.2033644809
31,2,29,2,8.83577360775937,0.118526623933576,0.556988374562934,3.89386929314773,76.2720477689538,23.3335349145181
91,9,39,4,7.37899077960146,0.807914100545359,0.874744700500742,8.67484096020435,31.3339750086444,-26.105544002023
58,5,27,4,5.29748705409294,0.135589626268484,0.491742093814537,4.45334834874562,39.8950398417276,26.5162243540204
14,4,29,3,8.27449529365466,0.0441167239168356,0.0345710797701031,6.9992920745677,45.3768594899171,13.9469721331757
36,3,24,2,6.48582583677635,0.0933633094071662,0.400522704934701,3.79852711252201,77.1377139753626,23.058180807192
22,2,28,3,3.38160307443436,0.10373482236173,0.278152465354651,2.47348363148478,43.1332005329939,13.9026546837478
22,3,34,2,7.36182634778443,0.0779604860395738,0.220443106489256,4.66757592549714,50.3217530861606,15.1878000006054
17,3,22,4,5.38216190254871,0.0261753655504435,0.0998153400141746,2.99082905840151,26.7630855255569,-1.11691757517803
40,5,33,3,6.6861170075778,0.0888807018054649,0.33470763429068,11.6518292048948,43.5854323133039,-9.56527166463864
19,4,31,3,7.4094045021809,0.0295106914446064,0.0402788841165602,6.18138572566933,76.8079943512707,17.2915415729516
59,6,31,5,2.37977588833103,0.303301505758306,0.652822269126773,13.236886902098,63.2921838187191,6.53963241159622
33,4,33,5,0.220365053902773,0.128829741501249,0.113675318425521,2.91381206284744,48.001425915798,9.35134094178522
85,7,27,5,1.32771718571794,0.268700755789568,0.723684201017022,4.86889597422095,36.5693009160634,17.9723459427252
68,7,35,4,4.71468028036814,0.282425424073565,0.385635045357049,6.9482111236265,46.120083759096,32.3400472127428
46,6,24,5,7.39000953778037,0.290891004715788,0.583974878070876,3.88383428667467,24.7189519638173,-27.0460413596942
86,6,31,4,4.90655900851839,0.250903147243533,0.76691289851442,3.61604262790653,28.3013108644599,-13.3301391517292
66,8,34,6,5.9885609269692,0.431871871908611,0.664621927775443,4.91249615036934,25.8767496674165,-17.9761265148843
56,5,26,5,1.41239704295268,0.170223733177409,0.434285643976182,5.02587500171807,52.6171208926533,11.1607321067476
58,6,32,3,10.5108493390804,0.115467807045206,0.655489335069433,5.74801490492906,46.6123262303897,17.0443222348123
5,1,15,2,6.06689275520844,0.00018735479246625,0.0299631461966783,1.526561638084,36.173451692621,22.5910895746434
9,1,23,3,5.42570823999487,0.0469132469055557,0.552880615927279,2.75202453674807,60.6217506198011,-0.722897429259611
86,7,28,4,5.12086572076213,0.194338087511199,0.727249434683472,5.7984650746498,41.67338927826,23.0395326662479
67,4,28,4,0.342259988004041,0.151480479980819,0.898957978235558,3.99369897045564,62.2154643397694,1.265361595812
36,3,26,3,3.75641660055846,0.230828637479547,0.584055405575782,3.21789948855932,33.3337111400364,8.75192545442176
42,3,35,2,8.68378581286801,0.102685979218222,0.381446958752349,3.39774599204514,34.8434561239317,-3.77196156922461
88,6,28,6,-0.031755773350957,0.82658132720263,0.922445519128814,6.10843297429895,43.1889251578923,10.3040944602205
37,4,27,5,4.2615497838778,0.239907296829599,0.597785803955048,4.71666575393376,41.8093162223047,2.71258449282734
85,10,37,4,9.34029493140666,0.258514467384674,0.448464706307277,4.92596065025958,35.5752013432196,4.92044469852605
29,5,24,3,11.9889796801218,0.0527387667680159,0.0906620572786778,3.06939560232574,38.9240571933311,14.0934470450703
63,7,31,6,0.913723038334807,0.168833639472723,0.537483582971618,8.07198918214095,40.1358769287771,13.3492031471591
12,3,30,4,5.61962440848794,0.164108314667828,0.208116870140657,2.40739447095491,31.0677828333736,-5.46733284501104
12,3,25,5,6.08161744515469,0.0772702245270976,0.299182739574462,1.82649828379119,27.9392704439919,-5.1960886876923
84,6,34,4,4.43313897431561,1.18582066607879,0.928374576848,3.49500928889119,32.3388312547153,5.19256632398813
78,8,29,7,2.71189587218737,0.465644842039248,0.831021599471569,7.01635947622335,36.7863616029103,-4.60459266895672
34,2,29,4,3.43961139903123,0.422535491620606,0.863647423684597,3.67742355188764,54.5598023086677,17.8194144775607
57,5,36,4,1.85278203459216,0.240647045717272,0.304473505588248,2.37399072555201,23.5725948746728,4.0782213488295
77,5,26,3,6.48763945461511,0.220745219203658,0.72648171079345,4.44908526225927,44.2389878124073,11.0733410422788
47,5,35,3,7.14691483576174,0.237295915362167,0.584367375355214,4.64915994231123,32.7843398787036,-18.2882342685266
24,2,26,2,9.37259239036421,0.00821349621844544,0.224029196891934,1.82272180629223,35.7941822776366,27.8687196658935
57,5,24,4,7.74751786366273,0.271382274295335,0.546469827648252,3.29743289269067,21.758533113338,4.19915882617674
33,5,27,3,10.7081774391685,0.00427077244967222,0.189335709437728,5.00658657266436,53.2958780563687,43.6653854822026
85,6,39,2,3.40283053152968,0.418964002260423,0.740313093177974,12.5947179556373,57.546208698433,3.74868545224533
75,6,30,5,3.98872064444707,0.303437820159572,0.884948051301762,3.86926312642222,31.2641231188799,3.15510798189045
93,12,41,5,7.40989315251532,1.16194732946562,0.920516799902543,12.3305540809329,31.2994383366275,-22.7755230155873
12,2,32,1,8.00458847610004,0.135248371046242,0.226795088034123,2.81950149654464,69.2649742316121,26.9380586531483
45,6,34,5,2.31242984775143,0.164425266673788,0.242558858823031,5.71805566208444,43.3292979391869,1.93356447568082
62,4,29,5,0.80566695784273,0.17245131067466,0.475789142539725,2.24341835172068,28.8972236634194,18.3125960420604
7,1,29,4,4.85961080441127,0.202581699348029,0.707359704887494,3.1655389169617,57.2657728024394,-7.29764994905048
8,3,30,2,10.1600017196776,0.13195074594114,0.470596111146733,6.38251202818596,54.7814251442122,3.97687354187481
17,2,26,2,5.8410575534601,0.0506632092874497,0.381573061458766,7.69383184999478,75.6181877843685,28.3160690700774
92,7,29,3,8.69632874132977,0.100574299693108,0.525586256990209,2.73292785817737,27.927334356663,37.8179881465933
4,4,33,3,11.4534214157327,0.0539505677297711,0.107474242569879,4.0470574078548,44.9844085615733,-3.05886271811781
30,6,24,5,8.93814792617551,0.0581088254063105,0.216040183324367,3.28804748409921,40.2581385138873,13.0577454302975
