K:10
N:500
Gap:1.83262017887612
Rho: 
1 0.8 0.45 0.2 -0.3 0.7 0.75 0.5 -0.3 -0.1
0.8 1 0.45 0.5 -0.1 0.55 0.4 0.6 -0.4 -0.2
0.45 0.45 1 0.1 -0.3 0.6 0.3 0.4 0 -0.3
0.2 0.5 0.1 1 -0.5 0.35 0.1 0.1 -0.5 -0.45
-0.3 -0.1 -0.3 -0.5 1 -0.4 -0.3 -0.1 0.2 0.2
0.7 0.55 0.6 0.35 -0.4 1 0.8 0.45 -0.2 -0.45
0.75 0.4 0.3 0.1 -0.3 0.8 1 0.45 -0.1 -0.3
0.5 0.6 0.4 0.1 -0.1 0.45 0.45 1 0.1 -0.2
-0.3 -0.4 0 -0.5 0.2 -0.2 -0.1 0.1 1 0.4
-0.1 -0.2 -0.3 -0.45 0.2 -0.45 -0.3 -0.2 0.4 1
X:
91,10,3.1704876177555,0.909713198843986,0.513568930095062,8.30600922414999,71.20332405303,20.9836703882655,0.00456531005371888,0.0276851423550397
93,7,12.0582200870911,0.148088207817636,0.0804116954095662,10.5955763224957,67.5113506347376,35.963687748685,0.0694549627560091,0.669247393030673
28,3,5.25099356784973,0.170221041189507,0.424489335389808,4.85040746834636,34.3528443175674,-7.70896960082062,0.10260606277314,0.576068357098848
83,8,4.91859863062885,0.357735147213048,0.566027777735144,8.7012426663481,61.3626948722103,30.3659526317389,0.0960185985970211,0.236919942079112
64,8,4.93261444084769,1.13379094463991,0.246175604173914,8.53504825344043,45.4451582648388,4.20275057295462,0.000704673491418362,0.347797971451655
51,6,4.49496757886001,0.346350840515199,0.334964303299785,4.70552827573477,31.1748483485655,7.67655901622273,0.0197628195397556,0.786608236376196
73,5,5.01601078111552,0.195582912293005,0.190769230714068,6.20129147675996,44.889314576825,11.3485597808395,0.069988438482852,0.522801625775173
13,4,0.727606287857053,0.466570123348223,0.809085700893775,3.12910387023548,26.6021041589971,-14.7197188662158,0.105365340221198,0.41232811124064
65,8,2.6808517714636,1.35390002137648,0.278695496963337,7.35432386292429,48.6066665048782,25.5424451300566,0.000508671626448631,0.0808097110129893
70,8,3.72424702533985,0.454461067893958,0.859715222148225,7.16895806870956,44.0201429519029,4.12298898297183,0.000534411752596498,0.221672176616266
45,5,9.70568200734925,0.355606396819735,0.245787384686992,6.64012178598456,50.5947274641623,12.6784297786717,0.0740380170713079,0.0212917292956263
71,8,9.56413140467594,1.19194845569538,0.0731656157877296,6.06484457727766,40.4400727520122,20.5455874924918,0.0996502905110729,0.371658181073144
93,9,7.82587610087383,0.267724547302586,0.66311933612451,9.35142997632111,66.5728530863017,35.3311268048827,0.0522851300836963,0.495734746567905
25,4,4.60168110309828,0.279900801895962,0.523842453258112,3.05576728856068,24.5842259359547,-3.9037440215882,0.0994783924850536,0.224383935332298
46,5,5.70925371707996,0.0549421128816903,0.756454374175519,1.93316367274614,16.7442778380376,-1.44175903765691,0.12766933645633,0.957479354925454
94,5,9.38242462191139,0.311586332529083,0.0100794122554362,15.9360706543511,77.7015256559135,16.8050553501729,0.212357148701761,0.232160550309345
97,7,8.1487779985789,0.0579356409143656,0.450539814075455,5.10079716755729,50.1545360230456,14.5263916197072,0.189812682001832,0.619279798353091
11,1,1.07280010194056,0.00282140006100143,0.948971976293251,2.79549026067669,38.6485886662302,-6.6805067608016,0.331721396727448,0.505615666508675
47,4,3.83392031138524,0.0877823467599228,0.82752632861957,5.86385255010917,50.9418968650779,-7.58532370448124,0.18472887276763,0.731004898902029
56,6,4.14652862595555,0.114041961845942,0.922551230061799,3.32597859839556,40.3841209065828,8.5666503143344,0.0268295399303854,0.580752548761666
90,7,9.84435925815764,0.244414661767635,0.302741052117199,7.97720505588327,68.6645759893509,31.159483586393,0.0440562868807605,0.0130195040255785
13,5,6.97160853708728,0.716531866225754,0.201582632493228,4.97873873292102,25.8835705719201,3.55239523365668,0.0859228236935762,0.597274385392666
98,10,7.48090830261019,0.275695981680158,0.430847284151241,5.20372795861043,48.2692282285428,20.9372282746323,0.0179680748281316,0.84618501807563
94,6,6.90794644733786,0.320438256011087,0.234275971772149,11.8951311455954,118.482503463355,7.30990238494386,0.00239269672892988,0.0754510811530054
8,4,8.32398526342546,0.183418360295448,0.923505720682442,2.64418460797773,21.8839400452207,9.29447315749283,0.218024111170148,0.399704850511625
51,5,8.07940977750199,0.336273649464104,0.177106466609985,5.76056226446306,42.3264615629616,16.8548597311214,0.043065059510991,0.023243774427101
39,4,3.78805446629325,0.0451982803208467,0.704000455094501,2.59294605230188,28.3941496995014,-9.69763281681565,0.156845908231082,0.991599020548165
90,9,13.6201143175857,0.139426721958444,0.869457402965054,6.18037917550215,51.2820131063221,27.9583050184821,0.100314174511448,0.697129463078454
44,3,2.19465531583934,0.284327197725418,0.0213277558796108,3.06379740997002,41.1865438394292,-6.29318727547896,0.0246215658728033,0.24002418667078
83,6,6.68096073804602,0.0390916575136475,0.890007753390819,7.4791850312821,54.5777839205431,6.32195076445876,0.104584956630589,0.932564908172935
73,5,5.53377477634608,0.2587085616525,0.0810536730568856,7.7742031991449,48.9291719546331,13.6947969978076,0.0298459377139807,0.202449758769944
81,5,5.93100601318275,0.0577720200445389,0.483014535391703,6.79419447153369,62.1173670347174,32.8282503813269,0.110591210606964,0.364940817002207
38,5,5.5470707697364,0.41487813645736,0.253892920911312,4.14269347258083,36.3922758276645,24.2113996743101,0.0600812581833452,0.274207859067246
68,8,3.32606396560789,0.74106364693017,0.378025175770745,5.30181764471942,37.9850529863877,4.66062526550986,0.0399044746067375,0.427025493700057
0,1,-3.8002657848611,0.0667557282140478,0.915006417781115,2.53254757913088,27.9808974642747,-39.4834762096175,0.242214153135631,0.967856999253854
83,8,5.83658588969005,0.114436675900276,0.921992409741506,7.78020246658512,53.0464085485025,25.2930239524685,0.0120919733308256,0.474256146000698
0,2,-1.6330653088233,0.0643128051888198,0.982037530746311,1.55571337649934,30.3777968939855,-13.794744999344,0.101789844565127,0.868916392559186
20,3,7.23662111908435,0.1168270658236,0.831085043493658,7.31564278339622,43.437084897401,11.1633366629531,0.420999567557998,0.152911026030779
90,6,9.8141124917013,0.0701977822463959,0.47490504803136,7.03377226338813,55.546499211099,17.4595533293604,0.0827360601122391,0.273741885088384
61,6,5.82569640804326,0.133131428039633,0.716011642944068,4.6249637407842,37.86592635244,9.28503285866489,0.0884973160141581,0.753856393508613
37,5,6.63795513337624,0.399956713800983,0.519674357259646,5.83153095567638,40.1831688887548,8.91686090442812,0.00464348328769497,0.132500807056203
43,6,8.58616908302422,0.104563114931807,0.694578029448166,3.3037139161903,18.2690589479811,14.0613086732295,0.0767255564178241,0.889363936148584
3,1,-0.555783221302076,0.215489509870386,0.243722091661766,2.09078718284658,24.210949977312,-40.2670277141435,0.056450803950429,0.965719069121405
97,7,4.47017157033124,0.0543035386363044,0.572038550628349,4.36003390931852,58.9479269571625,47.6046174297731,0.244707335379794,0.812524454435334
43,5,3.60287210368518,0.444436397848135,0.277374002384022,4.91951359264944,45.2230309090734,11.0129031184017,0.0039434518199414,0.159786520758644
95,6,2.20031535127221,0.194320386221069,0.102218956686556,4.50856041259133,53.4681037804902,6.26074639722796,0.0848006555768562,0.977816216414794
88,8,13.5579548242249,0.324699043052945,0.19075459940359,7.57887192862315,45.5878398344774,28.0386563163335,0.0147328151389956,0.227906602667645
63,7,3.49876991323289,0.148627698072232,0.738245307467878,4.56001744923253,34.1765101000074,13.7758143607969,0.00577009841799736,0.781029770616442
97,5,8.49110316887924,0.00309649528935552,0.337127171922475,5.29509042577858,49.248223670129,9.15410584320712,0.174875188237968,0.99807967338711
61,4,1.96804762844615,0.208838860260996,0.228227078914642,3.39302979555693,40.8302948474989,-18.0455717995937,0.0765080358024639,0.833130812970921
33,5,2.793342038641,0.72567099514873,0.503263484686613,5.49829728399008,41.8883300774374,3.78387236160857,0.0687388559803367,0.148643285734579
34,6,0.52313362662707,0.143982242327183,0.991565948119387,1.46429692325908,27.1465198586077,16.3780719879645,0.0299856631550938,0.419394431170076
39,5,8.07743998798598,0.514881241579956,0.275334154022858,8.14579986866614,38.1402864803863,-1.77503369122475,0.00637448365881744,0.0175723899155855
78,7,5.59738698586435,0.23643198305622,0.739685517270118,4.98505183418462,55.2323267197447,4.74256629214753,0.102234596009822,0.591650419868529
3,2,2.26034194074879,0.0192054636859901,0.886987581616268,2.37207433871165,29.7834488870456,33.4163983305292,0.58792127218462,0.778429613215849
74,4,5.4639850449088,0.0463832842825184,0.693850868148729,4.76654338561214,58.2081572227361,3.11124280937695,0.0452837775461376,0.511924541788176
67,8,3.24286269657901,0.351581012809134,0.689729798119515,4.1210786009132,34.5078004664707,23.6637794400225,0.00307968468405306,0.325905090430751
17,3,3.89079447805652,0.0760738819952618,0.768409961368889,2.78570961583631,29.4472871113777,-10.0204976633245,0.19280118010098,0.902535112807527
26,2,0.862815201658102,0.0841294102137908,0.236290834378451,3.60220993577111,32.4296742904928,-0.425262862091513,0.109216194502534,0.964166295714676
51,4,9.09969440132845,0.0585587785869002,0.346662257798016,3.65868382873321,35.6115079133006,16.3083760223655,0.0705930594312859,0.61698821070604
67,5,1.13034772825005,0.0448462517898506,0.94249178445898,5.28247505609728,60.643546816427,17.1644684418668,0.142051855466309,0.968411888228729
98,7,7.26760041676913,0.293006583339277,0.274714965373278,9.86334087000778,73.1171846847885,19.100374902857,0.0047023663066213,0.0779920120257884
75,9,5.76782596935292,0.453952723627395,0.778456903761253,4.68202766782439,35.8901227532152,-5.8175837195611,0.0619662429671735,0.680435525486246
56,5,2.541971516559,0.306902086584571,0.710420979885384,3.29402265829846,48.4764604646607,2.30932700869594,0.00552052035927773,0.183575714938343
84,10,7.99977016917971,0.401093538058627,0.429072693455964,7.58848329322121,45.6666447924544,39.1251031848928,0.0914005992892099,0.22382061672397
18,4,7.76922867913019,0.37715785296396,0.21282919915393,3.3430495224475,27.03338962947,-9.76522474038439,0.0156781845484152,0.214971381705254
27,4,4.19365101715202,0.114897285109694,0.730461994186044,3.03424567983209,29.7047832822149,-4.6525797458531,0.0672775289975107,0.541296107927337
82,5,1.46189412675937,0.352213158326472,0.320331165799871,7.24045519050682,62.4749671829083,-12.3201726634353,0.0511953114879733,0.558818584075198
69,4,4.08903792874809,0.0538197224618391,0.689274066127837,5.17956281258496,56.6263995765434,0.0264857333255835,0.0826520596588862,0.340353879379109
24,2,3.37341424140551,0.163247956312262,0.367603262653574,3.07606934540247,36.7979309093495,-3.27911403798511,0.344182017428761,0.699166346574202
4,3,6.24602304664925,0.320933860716152,0.19698411389254,3.25031514266199,24.2014195815785,21.0451446491267,0.3901948204054,0.326930121285841
14,3,4.89029250951274,0.0680024267639965,0.786849441472441,2.6320958847492,27.9499158643558,12.1590607822473,0.0565697051584721,0.372749980771914
21,5,3.7316990754504,0.824828659378528,0.15402697538957,3.55851402021856,25.7107532293617,9.61337339162026,0.0082219923390254,0.434374363161623
47,5,3.8034131440754,0.27615759683654,0.540406442247331,5.16539225987763,39.9853090451152,5.37153457658822,0.0677988975774497,0.473381599178538
19,2,6.80591494474011,0.107485688873567,0.0702990530990064,4.27157492265244,36.0539108516244,0.217858234716116,0.108685202892394,0.337226786417887
71,4,1.29080327453681,0.0177768713328987,0.944209013599902,6.10837443063346,63.3049102752168,-3.79433708857113,0.0284811143417276,0.833739650668576
0,1,4.63597028932493,0.0597922953311354,0.715826901374385,2.67593202490722,32.3149334893654,-19.4989821452351,0.122688451218874,0.761528617469594
37,4,9.47474317684335,0.185267841200087,0.569232370238751,4.12813531649495,37.7789274060666,5.22072327507788,0.037479355186224,0.0729252465534955
51,7,6.7560330492038,0.218386206340582,0.832851830637082,3.53556229240044,27.4923456331841,8.16137019795789,0.213697783913261,0.666614569257945
0,1,-1.27398482066462,0.0748880234314129,0.511147000826895,1.85924493655133,32.1609667338529,1.1478620699355,0.305439095927363,0.601315908832476
58,4,1.83261276943897,0.0254254370229319,0.885319510707632,2.2749438286398,35.2762167155555,-10.2373733280315,0.0961800614976417,0.936678292928264
15,2,4.69392404081612,0.09506826242432,0.448027335107327,3.76705902493992,41.3839389831138,12.5689934329989,0.119298828947814,0.175527840852737
35,6,5.42882504930525,0.152835862245411,0.986493383767083,2.24665369107015,22.0676682393797,0.65776701968259,0.0752741945860365,0.2905151641462
64,4,4.81009553092918,0.086949227610603,0.338975043734536,7.29242928612653,49.5280197432512,-3.92318491300012,0.0716687043155444,0.871001761872321
77,8,2.79271031444151,0.921352782699853,0.455146431457251,5.09862664621105,55.0119052140577,7.04722130385067,0.00360650881174916,0.0123628214932978
56,5,5.82860172989034,0.0534864233298757,0.827363931573927,4.81430315884125,41.3060330318089,11.6901902152144,0.259828374708507,0.682390038156882
23,5,6.28849820872271,0.124625023920089,0.946388754062355,2.01816669129219,18.9742503128228,5.96806779022274,0.0446805646643043,0.133209697436541
8,2,3.92249056238484,0.0957033420775148,0.557898426661268,3.45032531868554,31.0325285990456,-17.9468248667369,0.0330911194905639,0.331486062146723
8,3,4.45024884500357,0.336188202247697,0.269872297765687,2.38338956157309,19.5537652924774,-18.4518435628141,0.102198353498699,0.894062335370108
30,4,4.55486127395602,0.0494099551578984,0.88484097761102,2.42111292408477,18.7021464259917,1.82343849656807,0.376748626471913,0.942698346916586
66,4,4.37687739290016,0.0252801136812195,0.719115186017007,4.78215757973727,53.1487891421379,4.65105145674847,0.0595523136098043,0.659908718196675
0,4,3.38391291023568,0.542682067482753,0.539205106440932,2.5579791824872,20.5417423982581,7.11511642125416,0.0986508181705855,0.14481952926144
20,2,-0.552634662290428,0.282794220336018,0.296700034523383,3.22457408810867,38.3343345663338,-3.86647480647826,0.158498685239794,0.509859276935458
93,10,12.2543116756744,0.193279115369928,0.840587131213397,7.00277046909872,46.5440343913985,32.7394928150623,0.195928959726336,0.266021801624447
92,7,3.91671505004782,0.609506184241758,0.0707973320968449,6.31879501619171,69.152267799029,17.38340544717,0.0445259407130316,0.599973528180271
73,6,8.22923727515765,0.0832163505453929,0.672582965577021,9.23216877986332,47.6790717230462,11.8406520295834,0.0907935532699239,0.187615322880447
33,2,1.33809779052497,0.0279717407190813,0.454170021926984,3.15114841832524,39.1859457494053,2.88505609110263,0.223865902224991,0.891012964537367
51,3,5.44814701874388,0.21982294483685,0.118176797404885,7.90305889440842,56.5116980848568,0.472639561373835,0.243798581488297,0.669724715175107
74,5,4.89974204302886,0.122298626927659,0.307578661711887,7.74375957823581,68.6003321853629,37.6414631661789,0.167436032361331,0.337391178356484
61,6,6.07188369684369,0.120031191659492,0.632294091861695,6.69679507677385,45.0570536057782,14.7930295531351,0.0536846534814686,0.497139785904437
62,5,5.45678755105601,0.13148815499153,0.214489032747224,3.08934782150312,33.630936441069,-0.598148392244582,0.120683560888739,0.980562276905403
21,2,0.707657726479644,0.16539865010418,0.361051026266068,2.94343900012556,31.3326825405277,-17.5611419411751,0.0277740551307297,0.408182541606948
21,2,6.16498254103269,0.166663750773296,0.239658806240186,4.04428012958379,30.0577211025563,-22.8565928316933,0.0145549224359232,0.431322867516428
38,3,3.82613072998051,0.28096635176357,0.292410971596837,4.45177804101154,44.0285977560637,-24.0523791702976,0.0565381709020585,0.409328297944739
94,6,5.75560616266376,0.27657913885814,0.0408379202708602,5.12408139145437,42.814944443741,-1.41455696393732,0.0608838521875441,0.600456575164571
96,6,3.98961527488373,0.36014429759985,0.0102934541646391,4.51538538065116,67.3988463734136,10.9522400258594,0.0136306865606457,0.422921517631039
73,6,4.82201970146714,0.267081483256745,0.406129127601162,6.29757897516705,46.1667551647736,12.6448652312718,0.110612019985439,0.320516086416319
73,6,7.76320172283859,0.272042710280589,0.177908852929249,7.01810173520604,57.1085025268693,31.3395995656333,0.266845804999087,0.567604357609525
53,3,4.02990690810622,0.124381468631327,0.219243981409818,3.38419536309247,51.955090098996,-0.221918772256297,0.119236169751258,0.612510790815577
0,1,6.46650200790097,0.22843972708911,0.0798972463235259,2.90502837728023,19.2086099758926,-23.9737699811305,0.112678555208714,0.4195664471481
60,4,7.15629908986692,0.040037108994315,0.292342206463218,6.58648330875109,47.0520223402429,1.74695700560372,0.0507394772488624,0.622123620240018
83,8,6.84629356984173,0.254064028373662,0.702359996270388,6.56221843999298,50.9237762987574,29.778587610214,0.0502250220626593,0.245010192040354
75,4,3.60015209703618,0.0197923701489344,0.412610517349094,3.32452835431878,53.7833563553671,26.6346556232153,0.0744247654410911,0.69274665042758
45,3,1.20665539843396,0.159846121096052,0.200314168818295,2.82997413004804,30.0732922469283,-7.39640954680066,0.0808007310922618,0.746765221701935
53,6,6.54662453810212,0.530196505950782,0.104523313231766,5.71658368815606,49.8785409181384,24.2955336818444,0.0476025959098524,0.208060993580148
53,6,7.81275598461814,0.200088277215812,0.4878380082082,3.79618165355144,31.5729418478758,6.90728898757497,0.0092635370378378,0.399752916069701
0,3,4.91084839300871,0.182885246443778,0.865114389685914,2.51876716254821,29.1908503936131,-11.2573861904339,0.0544355075806379,0.29933298099786
35,3,5.24599265479167,0.0898219235241413,0.460524891503155,3.32397080245653,33.5356996211254,-22.408294626968,0.276457346031878,0.636863321764395
61,5,1.42258435774731,0.343785224471915,0.115590674104169,2.79985130141972,44.0591008849237,12.9924330488705,0.0240810106161611,0.365989266894758
82,7,3.02177406697768,0.119075730419849,0.961286452133209,3.19875628622588,39.3730304445773,-4.04742450656847,0.0682374995201826,0.837205277057365
35,5,-0.0692595766083617,0.236296389008614,0.95311199571006,2.09533894023683,36.695093119262,-4.16743270508665,0.117372347689689,0.900994336698204
41,5,5.35753451711627,0.241879108118567,0.526608764426783,4.36289591250389,29.5982212003248,-3.58948583300423,0.0484160041902214,0.21013544080779
57,4,6.59150439931719,0.035607112847069,0.510291717480868,3.34596276948531,33.6611400377131,-1.87584688846038,0.0440635947976261,0.636601911857724
58,5,5.56689962469335,0.123324873973615,0.418740693479776,6.90559398962684,51.2799064105314,22.5968550661169,0.24643328207216,0.896099279867485
71,5,9.21921538277244,0.145994589664042,0.470342078944668,9.45508897610688,54.0898140304189,3.80571110249263,0.0290550945792347,0.115572743117809
39,4,-0.140423907115716,0.0296173262528354,0.99574853037484,4.07932751541044,50.3501396772296,13.7249942495508,0.290101249299497,0.402232621796429
91,9,4.82793214591757,0.456256595419204,0.1542002200149,6.66198739449275,45.9162689741595,31.6257400758235,0.00480441688559949,0.409485216718167
96,8,6.2464121127598,0.293964175354685,0.449332292657346,9.28208743902978,57.2563942472897,22.1197469634598,0.0103025204777962,0.126380078261718
23,4,0.425082283749375,0.0412710474338382,0.97929517342709,2.85649550440249,39.9110899096626,20.5211332382737,0.0551551077980548,0.764448501169682
72,7,2.64037280428707,0.266638595134693,0.86752344458364,4.23951461018371,40.3919754521978,-12.0522792789159,0.078521434399755,0.818754426203668
90,8,3.51448021639866,0.6517283511033,0.245034355204552,5.1124478823783,61.3145002611965,6.00690522660501,0.0277685905341059,0.47838962613605
60,5,5.08977227059124,0.0520760115547731,0.951359306229278,3.98296563046852,38.484661037567,-11.3331868232895,0.0493203581987184,0.458883503219113
63,8,5.30085513413502,0.258071032459716,0.928317871177569,3.88348967215227,30.9205106620994,8.69045183864564,0.074565500761838,0.837613469688222
93,6,5.85514909500311,0.0426366307074204,0.301739388378337,8.17557954716338,68.3156690744246,37.9218138087044,0.0576361398678273,0.725838188780472
85,8,5.24427937345578,0.151711740880273,0.928191032027826,6.68544975279138,60.58092902605,24.4668859947602,0.0767052085096848,0.820237243548036
57,7,2.48387561739179,0.663460735665792,0.0736242360435426,5.01055195904121,47.2845829135162,33.1796706788937,0.0741798813412798,0.587101916316897
82,7,9.28303142722054,0.634519100623363,0.0722825024276972,7.07153898578817,57.8487441790899,16.7703742293975,0.111252459134431,0.162694175494835
11,2,6.59801545979783,0.290353816859716,0.024093234911561,2.73921842440341,26.1323950285233,-5.07771069768945,0.0636225017718971,0.201651747804135
76,6,8.89577403434053,0.0399356149323319,0.613316891016439,5.49250798696846,37.3232932039983,19.9696303834198,0.225099994688184,0.977184554561973
62,7,1.9115709355807,1.02000103280285,0.0620767537038773,4.95569766354626,42.1949164134278,16.8940782504629,0.00472345176233076,0.311661843210459
14,1,5.88684947488031,0.0163338259279107,0.714996717870235,4.10024248208184,36.6493127231182,-6.19717585844066,0.25475014093003,0.19476528163068
8,4,5.3807914401516,0.181539643374539,0.800223363330588,1.91122467433166,17.816959517915,13.7486772016557,0.308539038134699,0.487108145374805
46,7,4.47382049837946,0.623676249558626,0.532839943422005,6.29016026214526,44.9691287877149,25.1474441746598,0.0211357695050538,0.0243675133679062
77,6,9.04234772102489,0.101778167649172,0.74136979226023,8.53310269726703,59.2676023642142,11.9352879384293,0.0282448727637529,0.207883708877489
73,4,4.33302650662114,0.288994364429939,0.119846458779648,11.6420176332269,71.4152140530732,-6.90173288495743,0.00386500358400155,0.113952595042065
81,7,8.49813392704661,0.545422024527723,0.0104658994823694,5.76720642093674,47.4927761013394,23.4229981003492,0.0130382563440687,0.153498633531854
17,2,-2.04032109904611,0.0351080760803487,0.973747835727409,1.5395710166707,29.9386844696393,-32.1477019942434,0.0677886317018419,0.865721677197143
94,10,4.20079575037944,0.591883945809557,0.652071601944044,6.3768531568118,58.7716751233322,5.53628277253076,6.47285777622351e-05,0.227019101846963
29,6,2.41400005465324,0.444459445287889,0.419606378301978,2.31389643112539,28.3654469687432,27.1092209129154,0.0699267714242351,0.830150165362284
14,4,5.73633765120263,0.701144007923913,0.45744369411841,3.64316486267835,21.99466634873,-21.971562839526,0.00995065477710814,0.106236667372286
71,8,5.01269193440748,1.07503682089256,0.136599281104282,5.25103004118523,33.4427076061843,6.42790974743903,0.00852370564315521,0.544286815682426
32,4,2.39251088682114,0.447718783345384,0.162370223086327,4.11486440740786,34.5349499652308,0.567069917648825,0.0604115662630647,0.284716561902314
77,6,4.7692801093802,0.12001684110146,0.830735506257042,5.97656021487925,56.0923947483848,7.95621060058813,0.167755535050275,0.405021701939404
39,6,8.79207640672427,0.133127056527883,0.904310615733266,3.31343790591446,25.9289352647931,10.8629082836995,0.153566754787209,0.536955947289243
67,5,6.36166817415851,0.410480353960252,0.0806145276874304,8.13624706012753,65.648038239443,11.5520383924131,0.138895376406793,0.498879862716421
77,8,4.54826589629213,0.194411049353632,0.769514913670719,4.38348212625498,46.4013136415024,37.6603948066124,0.0886770495171559,0.921045813011006
18,5,9.09108965145976,0.178900522035159,0.495839260984212,3.23286069021216,13.9172991135881,8.67235274379162,0.0341111922170967,0.696443588007241
2,3,3.56297253969796,0.0578269589459524,0.977200985187665,2.6636531463816,30.6097394242783,28.6769911947877,0.202184526800158,0.350478009553626
13,5,-0.874556152425273,0.548411625871593,0.614218999166042,1.93763003949202,21.8157010529631,2.97711906198478,0.011302320001205,0.0970933698117733
68,5,9.4866968621435,0.288950990176502,0.00918837613426149,6.1283489348299,48.6529550470097,17.7406970031107,0.0633866786025465,0.151265181368217
93,6,8.5275257244117,0.200173717214468,0.0219377444591373,5.37819184944043,55.5314540775775,15.7870476832612,0.0701181475363191,0.666256769327447
55,5,2.83896583249616,0.0712052350064546,0.934938699472696,3.19212886677469,48.1828690720797,13.8122928923068,0.210481527248833,0.66618679673411
60,7,2.96188401796345,0.614688534723753,0.369548669783399,3.86602300385805,35.3521927757815,-6.81350694597476,0.0315408301539719,0.871103453217074
19,4,4.07269994244598,0.168046910664998,0.580297401174903,2.15989745435687,16.1776641532446,-0.776356918770544,0.0468519287183881,0.843422528123483
53,6,0.91953418020881,0.506378048544234,0.169711452443153,2.49289979798201,35.4371741658491,10.1278544682121,0.0396147692576051,0.742903767386451
17,3,0.963915447822468,0.0321425432366247,0.731492707505822,1.20002946099377,24.729813191961,11.0410272682374,0.216732455729084,0.97128272568807
45,3,6.41899087673833,0.0410177626139496,0.423632622230798,5.56263406081514,40.5543845562893,-0.739703303942704,0.0804967372636211,0.848942393902689
31,4,7.2733769404254,0.183921544336456,0.460955495946109,5.04064939069517,37.1670351387348,12.9127001024472,0.0273423032783556,0.253917421447113
11,4,2.51446310017472,0.499792425872243,0.797607654472813,3.90366738339682,32.0930587581503,-3.13596661198443,0.0274729831580446,0.0258419036399573
18,2,0.120301903539628,0.135820815223269,0.634932037442923,3.02868006089818,43.9595848113321,-14.3878330433757,0.149919438539984,0.509122942574322
72,7,9.38458253745214,0.532221083963448,0.211727228481323,6.51441615184507,39.2827427666196,-12.7489112278874,0.00443610842339695,0.40188479796052
41,4,5.61219462132676,0.0283605031430076,0.951167395105585,2.8291588856901,35.0992763210761,6.14229282845896,0.166864855020287,0.707326382398605
41,4,8.46706038163388,0.00893085554707795,0.511490748263896,2.22661710839129,28.7521499733321,13.8123917886241,0.494064119693369,0.901991604827344
48,6,7.03234173976016,0.479677807053036,0.176593508804217,3.31254912395448,27.2513287908767,4.31523030915334,0.120016679951957,0.41422265348956
42,5,4.19499730834027,0.310341574939641,0.407205651514232,3.05794313039164,38.6846100881791,23.9124042280768,0.193156719013097,0.464770803228021
13,3,4.4672387566647,0.450179848333305,0.260974191362038,3.73365398582164,38.9219537490594,4.34176400209737,0.0539835183415562,0.0119394760113209
82,10,7.61031421970094,1.06090183270382,0.0971642194781452,6.63119681456474,37.9938681186527,15.2929023867154,0.000627577025443316,0.458133733831346
59,5,6.92647357622025,0.178183219385076,0.436061908490956,7.76183298155563,54.8094838947011,19.5747776000911,0.0303521117195487,0.148423228180036
79,6,8.9202858981891,0.0338398879393935,0.410572361201048,5.9439904101768,42.5820070185925,25.4180994152554,0.199351651771905,0.906840923940763
76,5,1.86541698737671,0.086953220074065,0.285409552045166,3.78667266724262,42.6567569801429,2.04770981494035,0.0140133757182765,0.433872486930341
91,7,4.54731365322074,0.0773611733920217,0.675888040103018,6.26186752148943,50.4917689341608,20.4501781891252,0.0260225097648799,0.317355597391725
86,7,4.25166679133928,0.23262088520741,0.712296901270747,4.67257208310576,52.1853740592334,0.0809626882782988,0.00479415197359726,0.654543373500928
31,3,5.20325790232325,0.101075854036026,0.678909936221316,4.60547156354315,38.8330540476635,-1.1794878367672,0.347960803450501,0.333143942290917
25,3,3.52537396928568,0.0223624691134319,0.923447547247633,2.51291980613132,35.1404863841937,11.9266010430304,0.0674192803446203,0.78988164011389
74,5,2.73272304436251,0.134388265199959,0.181694803293794,3.95976772920339,53.0956588728335,23.3901290895535,0.0297126544639468,0.833430683705956
74,5,6.19533658303886,0.173521937226654,0.314776478800923,10.8474111685173,86.2913798927552,19.5526643600313,0.105743861659886,0.307292052544653
91,8,3.97174395779361,0.528361170254279,0.236593118403107,8.00031060131869,58.6023951049786,20.3012789887975,0.0299008079338819,0.0855379519052804
79,7,5.7289206077027,0.405351935035076,0.149636822985485,6.03502470928482,52.1302038310789,4.55595095205389,0.0192681161686778,0.309444000944495
13,4,4.48012957583183,0.229682729989513,0.695077557815239,1.61590142332688,21.6742514293906,14.464599039585,0.0848565842914295,0.887333992403001
28,4,6.23196144188295,0.0513645535102114,0.882301667006686,2.70300089432074,23.3410488385936,14.2149462423821,0.0641639693174511,0.676773642189801
19,4,3.2028221942469,0.21062009577403,0.572291210759431,2.74862607392204,22.4234371426144,5.52636043386769,0.205690118662062,0.56836968078278
78,5,9.56106959922978,0.0191862544743344,0.547628085827455,3.85673620599501,48.3737320245713,18.3202334408981,0.25980278084657,0.987080418504775
12,1,0.955402886518116,0.0207329293480143,0.472324463538826,1.90367538939246,21.630452364629,-13.6195899501465,0.128587653669984,0.985543565824628
12,3,4.06391839784897,0.269254325458513,0.744609329849482,5.82694908278568,43.5559300831939,-1.19866538670418,0.0127654807642102,0.0466847240459174
7,4,6.61691345698147,0.241562504394228,0.866977894445881,5.37618357732933,38.7692533320426,21.0716031481884,0.10347659708512,0.216641995823011
5,4,-0.698786855126308,0.824778305324626,0.805014624260366,1.68405146373741,19.5481015548849,-21.3176548530225,0.0606379603967071,0.851411852054298
53,7,8.3013881072385,0.371690493056035,0.273999942233786,3.86382148584064,32.5870369375359,34.7089783563,0.197229750072617,0.551788437878713
11,4,5.3516886934898,0.428146610015488,0.223310471745208,3.50877374466895,32.4347074789068,15.3646168458268,0.18880276492888,0.194304138654843
74,6,2.04659311960631,0.34297998038933,0.50704823853448,6.25487702009172,60.6295721686415,11.9816278884925,0.0503777085803449,0.238919782219455
73,5,5.97090309780354,0.0884048747830093,0.643512215930969,5.63936741225821,60.9468839665673,2.15076370883291,0.0577780791558325,0.603158405283466
88,5,7.51739225893482,0.00894414237700403,0.312267341883853,4.16039034866158,45.2411059071761,18.5517990075168,0.184795292272213,0.846718237036839
51,5,3.54524576863495,0.193552278603844,0.85075333667919,3.49678089019875,36.706953219703,-10.8713231919643,0.0553000245708972,0.589734252775088
85,6,3.7760275715969,0.0417302066593041,0.968295026570559,3.72456822975512,45.6476762971233,-5.83946027034444,0.0452993018552661,0.762789090164006
44,6,4.55166793035666,0.083521204080308,0.828844415023923,3.77126425638128,26.1328031295773,21.9105541901108,0.0789829001339957,0.47420728369616
15,1,-4.00704844972435,0.0774166116691694,0.318001365056261,1.55527455746753,27.6589906659437,-12.8584526003783,0.126964614908667,0.949372916249558
44,6,1.49484225799325,0.670517071584398,0.356833833735436,3.28783856395221,36.7236084191196,-0.948177221758145,0.000473298345591147,0.31904435553588
96,10,8.07681649976171,0.252851847903588,0.653425198048353,8.8438552713989,46.7349972655548,28.4539062768672,0.0312783440958073,0.768129805102944
48,5,3.65771222059481,0.137336478219368,0.859306933125481,3.71814599738685,43.6205002736985,5.33043129557263,0.043229898950085,0.407695129746571
25,2,-0.446858262019365,0.243806775183159,0.431390300393105,3.66992694484004,37.8255668486312,-31.2387594110932,0.0413794958032668,0.112290653865784
25,5,7.7506016910672,0.223213051668111,0.592121254885569,3.96043040183457,34.9731587840339,33.8889349733571,0.0732979256617737,0.0357198142446578
54,7,9.31110912047399,0.607042267421419,0.125990519067273,8.15791030881949,34.5146844672687,13.1972294112223,0.00407335245981813,0.0400047712028027
64,7,2.03403571454945,0.471612917703992,0.304705717135221,4.38439246244373,41.9865685102191,15.0641573761273,0.0798970877150905,0.840920960763469
33,2,6.23948498525406,0.072978918091394,0.486176984850317,3.49692443469596,39.9674820333976,-18.7295828126299,0.0761263432870519,0.226258674869314
6,1,2.15099092293958,0.214777797217223,0.100948942825198,2.7485395135476,37.7890194738309,4.74992912857051,0.0698588610584748,0.0681499699130654
45,7,4.20441600229901,0.672068173499936,0.216917964396998,5.2578185809047,40.192889835784,29.7605379726436,0.0551538872998208,0.793993882834911
83,7,4.04965902982962,0.624953920862677,0.0166810117661953,8.37164396358953,68.7455414916901,37.5713864744648,0.0116873569786549,0.0684003867208958
57,7,3.48404048728644,0.241136557412076,0.860419461969286,5.64906255531898,39.1520175652932,8.43189917449324,0.0696311537134361,0.879143907222897
35,5,6.85526345515702,0.0814260942861438,0.837139358045533,3.5231475377617,25.8049746639376,14.0537529397683,0.0449346040201306,0.395570574328303
54,7,4.05107497185501,0.19860257160731,0.946051294915378,5.0507211144418,46.9892282514678,34.5667559093504,0.0514454178977758,0.116854750085622
89,10,8.46126802347699,0.659993324779655,0.44103442505002,9.59299918605335,68.6633594277941,29.2132187305326,0.0434723085258156,0.440556546673179
48,7,5.22232017234314,0.87726176292041,0.0768932127393782,6.40422462698166,38.2185490908559,20.2483255226353,0.0301915445784713,0.560392679413781
17,3,4.47938445614627,0.0872953263797328,0.919970531016588,2.95992031073739,37.2164344353899,-4.52182658940411,0.392281605841077,0.581408466678113
54,4,7.81351472983199,0.184045370890501,0.013642605394125,6.54447515856785,54.9852616873329,26.8579159542015,0.198888149849119,0.200460934080184
96,9,6.23268457592038,0.354902113766825,0.264803594676778,6.21717093728468,43.2796695186919,11.9758299970319,0.0429516767151654,0.932464662706479
31,3,2.57720122827039,0.0458787635434419,0.611996388761327,2.58338476551435,30.4247356873426,5.94149918406821,0.293874736858492,0.980250893626362
82,6,10.1991520071463,0.0527907782234251,0.434077997691929,9.40381499476277,73.3630659384505,46.0583044086257,0.479314919163413,0.752252573613077
30,2,0.917108264821095,0.0203860436969095,0.563957490026951,2.30829365623402,31.0357488902109,8.65068687953351,0.269058092112157,0.972019449807703
18,5,5.20125397558137,0.588687185253925,0.407536750892177,3.05956711284086,20.4377693760165,-14.3294729061018,0.0347638553008437,0.182742218952626
4,3,4.26970062980282,0.362235263969103,0.12183020170778,2.0508527714928,21.0002742281663,-0.636112697597095,0.129686049554021,0.4698557916563
24,2,-0.277499519315986,0.0484146857634187,0.52108440734446,2.965083577015,31.1205854891841,10.2114689757956,0.175396695910933,0.785303945653141
35,2,3.23307628502735,0.0292310771319416,0.416442962829024,2.71541700173676,32.4376533917409,-6.63039664978428,0.128135965480925,0.751574902795255
15,3,7.27961029044598,0.00456967826984917,0.930893558543175,3.24522512448631,27.0314116782096,1.40614502272612,0.483691047479339,0.908450079616159
30,2,0.513601930120736,0.208081289416853,0.08790870802477,2.16431352704187,32.7254914767213,-10.0441899209033,0.11704256189567,0.971459261141717
1,0,6.13575166492318,0.0660888558131285,0.415448866318911,4.21576254052893,31.9221358646043,-25.0142914485178,0.061525365896523,0.418246263638139
99,10,13.8409646463354,0.559968697148969,0.0961478063836694,20.310182869551,80.2466397614313,52.8001086705631,0.131699028886379,0.0422161230817437
80,8,4.07160552061016,0.163041426683776,0.816141484538093,2.63984266972324,33.1228861880076,20.821406625918,0.0729379215778506,0.905751809943467
8,2,5.84754281733151,0.0017054008387025,0.846109459642321,3.57985389464508,40.1383956795352,22.5591334743222,0.412716463745988,0.824200090486556
86,6,4.0709484708876,0.322696171923283,0.205655029509217,4.65311346347903,60.252855775732,5.78764462752288,0.120434552892567,0.804192288778722
55,4,9.05875688493435,0.0761760505847633,0.0968100000172853,6.68654401405248,43.8815449172307,24.3809547787295,0.0963104871059668,0.546717614168301
42,2,2.18201502191536,0.169086936744861,0.0855451999232173,3.86895996232361,37.7930157017881,-14.6044265694638,0.0387463804800063,0.899694072315469
6,4,3.16916535734981,0.445525141411877,0.916895251953974,2.39549479011076,18.5938118386543,-22.3343937663889,0.022478601290831,0.0943273990415037
56,6,3.04703260690767,0.299834321940991,0.887885858304799,3.57673985812503,33.2310940057949,-9.48271383857912,0.0198771442099111,0.236632950836793
7,2,3.21297324848838,0.158592914752289,0.356585107278079,2.8379174020295,34.6050505110526,11.2803067663891,0.121586631420524,0.213060304988176
21,2,5.78280172842496,0.00393706583417952,0.651809772709385,2.56735948776997,39.4849434573658,3.13224959458818,0.319181039912586,0.597528715152293
54,3,2.25658094974682,0.0614247320918366,0.689741745358333,3.38865931145021,56.8904883892768,-0.563350008562773,0.271399859549,0.690013731596991
48,3,2.18941435180547,0.0210471217287704,0.865634625544772,4.06063279307761,49.6799214285306,12.7276176600231,0.1929920107824,0.638445472344756
15,3,-1.6688529351085,0.391825932014125,0.427840331802145,3.44576085372248,36.1897080025368,-5.55702343119946,0.0146959154881569,0.384310973808169
14,4,0.250772759590536,0.652159882212216,0.332732059760019,2.2862980408571,27.0159005470772,-3.73903012184202,0.071421874776007,0.769507443066686
49,4,3.01465079419554,0.0763179123168811,0.653823343338445,3.3908699933307,42.0330842654821,-9.96932094569671,0.162716898968877,0.916649179533124
94,8,5.06970924988213,0.391047225312746,0.577122671529651,5.35375958535502,45.3357022289104,-10.3127181416612,0.00691118140786386,0.762227451428771
33,5,1.57515683676559,0.730794176417303,0.100143142743036,2.83902537346337,35.6223493094138,13.7267093848405,0.117048381916703,0.751662210328504
18,4,5.09961670670211,0.199990291630186,0.640805086120963,3.59482176526688,25.5723724572441,-10.6211843211776,0.0122389343770849,0.239757862407714
26,4,5.30133613212791,0.23513449098796,0.529236596077681,3.89603173193223,40.9363950417246,4.05596877442957,0.102195876273782,0.576329762814566
53,5,3.6777959017513,0.429514721014953,0.530267536872998,6.14647135447766,60.2326029709028,10.1770362243321,0.114076299588652,0.181149727199227
2,2,6.07165549139137,0.0620811179359572,0.804625678341836,3.06618943595105,25.6450568710333,-23.1288982845466,0.0585318681783974,0.144443180644885
79,4,6.41768025614708,0.232645835716951,0.133015555562451,10.7415613392513,75.8191945954135,-2.75463972651111,0.127679289593817,0.638246812624857
11,4,2.41558611484259,0.314436637320298,0.727533191209659,3.62905408962764,27.1888873842592,12.7825933832179,0.13337365919304,0.780035109026358
53,6,6.48831145410379,0.235449052870947,0.44141206680797,3.30871725110724,32.4226523384449,-3.25546910688397,0.0413223779190622,0.621387737570331
57,5,3.95115736583518,0.0228648219271127,0.976273269858211,5.768296888643,48.0915365305553,4.41936333919303,0.03491072855512,0.355386103270575
61,4,8.51200451082914,0.0451718060066923,0.46632541064173,4.74083559316321,40.4898698729578,5.49603406517313,0.13514946642843,0.475833997596055
71,8,2.69494499546663,0.284185166925865,0.954591974616051,3.7464991688087,34.5661985025452,-0.6029347797566,0.00181392948143184,0.298831080785021
12,2,2.91896369267897,0.102959516923875,0.424699574941769,3.7882724559522,38.9354801513633,-5.09786847095365,0.197974632113221,0.585467942524701
31,4,0.483471276549841,0.445844457929438,0.106502123875543,1.75330464488979,30.4317317597261,2.28490845924602,0.0522673746163182,0.801870516035706
94,10,9.13619798746489,0.511001799234605,0.277812756830826,12.9966785453847,75.2562580199794,57.0596007080102,0.0168141505680978,0.0293415784835815
50,3,0.70128276454977,0.0219642971754949,0.892552375793457,2.41553763050607,36.4227551106438,-10.922606341875,0.311761578155642,0.941206984920427
13,5,4.92253936839798,0.579358742049276,0.542708744294941,4.27709822129135,27.521668261668,6.49451273260499,0.0161465805023909,0.0512566769029945
86,7,9.85078613892032,0.077987689175643,0.455839874222875,8.42183497199415,56.2699297274115,53.7549204790826,0.353527211190617,0.58115990832448
20,3,5.26693000760284,0.241252217198464,0.414667549077421,4.73662252247611,33.257631139384,0.631691536005956,0.0698292794688777,0.079604968894273
92,7,11.8519680794705,0.152726883767173,0.240738925058395,6.39662307299288,56.4890283282233,17.7565799507282,0.0648663723375648,0.0470867257099599
88,6,4.13846424112476,0.265003786877471,0.37990736705251,5.63267456459843,52.3218030441271,-19.5461077007139,0.00802630875259638,0.381255505373701
13,4,4.06188057328841,0.321815517254847,0.392700317781419,3.29009635650892,25.7508229419486,25.5232678167489,0.18143219384185,0.56909792823717
78,6,11.4385929359713,0.0848427984165028,0.56884625623934,6.86909397954947,59.6725446678289,5.41064753552523,0.0737396652210199,0.596088805468753
45,7,5.02117034720257,1.11479321581529,0.0636619625147432,4.04377854309113,31.2191940320221,17.8860585448103,0.00728868446312845,0.172472708392888
13,2,0.742088717618898,0.189267446575942,0.48585121659562,4.25029828283628,35.9840571904063,-23.9798922970731,0.0832981603178096,0.844467722810805
88,6,9.91976745924153,0.0101835823152214,0.758482729783282,7.84936121430152,76.6546543940186,33.8500806958452,0.342818027717953,0.800059399101883
33,4,8.21866994736816,0.129486903198995,0.699833226855844,6.01630135274468,38.1751751799347,10.9951306976972,0.0891896937931788,0.254772590706125
31,3,-0.0956182372714443,0.0413863273498868,0.955625200644135,2.65862667974194,40.4129181533987,0.187392087083373,0.390760551930821,0.773275173269212
40,5,2.20230649232868,0.274243591808456,0.466793748782948,4.23318395800751,34.5556771470839,18.8789540461638,0.0942271497790493,0.44986245315522
47,6,6.86611620403297,0.28795249153741,0.339778576977551,5.4358502103545,41.220999922035,41.3699471632599,0.0243307249620557,0.357604210264981
36,3,4.05906067789901,0.116247822064906,0.34100499888882,4.0219049841154,32.4585395840479,2.44315041961022,0.0848537196363223,0.517069105058908
46,4,1.39204418782538,0.354246234280802,0.41444192500785,3.69436027478527,48.5855691906807,10.3342519758083,0.0606969930697233,0.137733534676954
4,1,5.00892326205853,0.063117686775513,0.203768972074613,3.93557366766915,41.2984842174757,12.9851672880561,0.101184010079177,0.567277468275279
18,4,2.65031897920171,0.192271853786635,0.92725439905189,3.72875646407665,27.3170230781354,5.68386792858158,0.180662295400145,0.830479202326387
98,6,7.28559008502815,0.168330989545211,0.0451930686831474,13.5725483889248,93.5056934925608,31.2518362697248,0.033477653330192,0.328968326561153
32,3,2.28385929851387,0.0781613795552403,0.684880086919293,2.72990814558975,27.8955248195578,-17.2649558269556,0.0231972651090473,0.340777096571401
17,2,-2.12931892535159,0.318070191181007,0.150341251632199,3.72446571408314,36.1303737261146,-14.7587289907344,0.0198071764782071,0.0741645353846252
48,6,3.73051702079964,0.58354030384228,0.187062884680927,5.20444876627415,40.5166246461009,29.9741666388341,0.0178253736812621,0.430055993841961
1,0,2.72127351033254,0.171377165592276,0.0285577869508415,2.30139473426856,20.2397557950737,-37.6334020650883,0.0300458778388679,0.571558563737199
33,5,7.38458067750284,0.383578529560423,0.210287702735513,3.64350642741338,35.4826849032705,22.3584896754589,0.0558008424433692,0.267703267047182
2,2,-1.27656214638166,0.0224853242980316,0.999076392501593,2.06291674684463,28.9227374543444,-4.54628221327379,0.108509923606635,0.861183141591027
86,6,3.12844951103157,0.135852293111384,0.211657227715477,3.98253639083827,42.50266134427,3.01382540921331,0.00344655178487301,0.752490881131962
73,7,5.62168287911154,0.603938607001835,0.165079338476062,5.40258149396282,43.3176778048812,-11.4150073562964,0.0217379773966968,0.371711530489847
31,3,1.58257234978695,0.129940349026583,0.286546990275383,4.30522552452862,39.6032405457255,11.6520097139186,0.163603442526403,0.583717399043962
38,3,8.11089399090046,0.0132581968791783,0.846411394421011,5.89763300751342,43.4586974687319,20.6136234533996,0.13869980945343,0.646270586410537
33,2,6.32982734203953,0.00136024062521756,0.510297123109922,2.08045372527377,27.00283858765,-7.20436134605143,0.043711270019412,0.863325980724767
8,2,4.30801973747239,0.278246539933226,0.0905212711077183,2.91579265927479,29.9359634202536,11.7135066410349,0.20786630603576,0.379996545379981
75,6,7.53801898047831,0.0658449766970722,0.525245514698327,4.63608226438219,44.414048049226,23.3807561179655,0.124748421549321,0.254560454748571
60,5,10.3559604284113,0.284515894473273,0.124066110234708,5.25140752664168,42.7538065645022,10.7634775947839,0.0300402391283454,0.0960468989796937
14,2,3.3773980630038,0.0290688682403265,0.749650950776413,4.35491799139351,50.250734358431,14.5546517692757,0.569835638854653,0.623179503483698
3,2,6.67721886845723,0.19013645048176,0.302044411189854,3.38648079920937,24.6004378542718,-2.91757001048862,0.102918617609413,0.601443412946537
48,7,5.12713366104772,0.161579430568963,0.980166650610045,3.47120883792498,36.4740739260316,21.2758576696935,0.118972987584294,0.594488939037547
44,7,5.32443697349443,0.607400728323254,0.17688471544534,2.66594033878073,27.2740715184843,20.2519421522089,0.0775742559380088,0.783458729274571
6,4,-1.51533666464297,0.290320293134152,0.97980107483454,1.22973820051074,15.2567305527898,-22.1172581248691,0.078208372830869,0.809803351759911
32,3,4.35313479104675,0.201501619991589,0.24218435655348,5.8905959903144,47.5355431496673,16.0458483025179,0.157354558250847,0.601042927708477
87,5,3.14653716070439,0.059291173964661,0.624028423102573,5.26856856649197,62.1511162144805,-2.16684079523469,0.0237881833813022,0.403901402838528
93,8,8.63657973940633,0.0696861228207126,0.367246225709096,5.87982262463865,54.1418124009415,46.4931528623226,0.14493867586458,0.915830617537722
39,4,3.90892752518348,0.220964469337914,0.437789387768134,5.32321439534411,54.3218923039557,16.7750838265282,0.0565155976917595,0.0685959591064602
15,2,5.18973414192987,0.303432100724802,0.0308215557597578,3.8241564700857,23.9917019244059,-10.8205005215975,0.0841824871445906,0.87564371433109
31,3,-0.485381830928643,0.125926774926484,0.332225148798898,3.49299546014647,40.4737032999317,21.9692495760235,0.138798909998479,0.430520681664348
30,5,8.15979564939147,0.707419663913445,0.0199293359182775,5.24542056145496,26.0395671953806,4.93200119186734,0.0541819230187684,0.764606782235205
10,4,6.02753609285045,0.48141717489571,0.379255539504811,4.39469812415411,32.1951712118697,-1.14058858874931,0.0528557110577822,0.143862954806536
97,7,10.1412298738202,0.0598356717964634,0.626901394221932,14.7996765829539,91.2932966773748,38.7490664487461,0.399531318785107,0.269261681707576
49,7,6.02833852533344,0.464992554831762,0.379232316976413,5.34979799017607,40.1260912151818,27.0772521904122,0.0385033043567091,0.167804847937077
9,3,6.49781195131476,0.07729252288118,0.665049234172329,2.04648960880889,23.0407133535578,20.1036028519255,0.218444983834837,0.28296340117231
21,5,8.43245472254377,0.175558857376429,0.44153915764764,2.36045336871946,18.5131339755181,17.2281863372129,0.0736609089643263,0.219816762488335
93,8,12.5262674109186,0.143513628514484,0.636855792719871,11.9179376074772,71.8725866319989,62.4777435164137,0.0875129766720247,0.0146634618286043
29,3,-0.124219316469613,0.0585616094973922,0.93930603377521,2.12359398610738,39.3125348026456,3.82379678311237,0.0614498588722199,0.709090157411993
65,5,9.67690275230282,0.307426786971021,0.274972375482321,11.2936105834413,63.1098933823921,21.0175975884531,0.0738620893056405,0.0257854701485485
90,6,5.50347894464417,0.287717899064276,0.103339227382094,9.64817596771255,82.1563660018147,43.2088474121329,0.230188621754262,0.203013158170506
99,9,6.37896675967142,0.398787259568876,0.112955551361665,9.87532725322462,76.9185172350715,46.1853303937685,0.0367760595865548,0.128496840596199
43,3,8.04424281649691,0.00940864848889132,0.874892769847065,6.79714352465214,49.3608067684836,-0.78456479114077,0.190008742394388,0.540630236733705
39,4,2.78651286921444,0.0658982350723818,0.987713537644595,3.31273785213055,36.9449333725092,-1.81159094307315,0.0749872105154109,0.540285194758326
14,1,-1.8390321599634,0.0129677893128246,0.937788142124191,1.77168438260489,38.0441274635359,-13.4101146967713,0.261194816777918,0.979971067048609
27,4,1.17857041505572,0.491596579065031,0.436668599722907,5.21326616881889,36.5828826288168,-2.95556827473821,0.0228058301260177,0.5018581955228
56,4,3.48173851654762,0.00377332658622418,0.574003859888762,4.22156409938521,39.9577055774286,15.3777522214253,0.198034302881899,0.969132723286748
93,8,9.47789326096708,0.656743656346732,0.174429893493652,8.12615449367361,50.4996321396609,-2.97584877180957,0.0162841149605811,0.0938508119434118
35,3,8.11366116604378,0.00258781132288277,0.861765999114141,3.53179775977367,33.482336473069,-8.75127973120777,0.273422194073412,0.97167851193808
84,7,8.43043468084018,0.409093551348796,0.133047709241509,6.38644259935769,45.3669058229416,-1.27214369954677,0.0451909181460455,0.43387160426937
72,6,7.29184232576091,0.490127139238125,0.0175508321262896,8.09229620073926,43.9797367703357,-6.38922410846857,0.0612103539635368,0.933360788738355
75,7,5.99414370612861,0.159939174889587,0.576811959734187,4.47012129613325,39.1369074735297,12.9441807612842,0.03764304718934,0.577141259098426
92,7,7.04724370405216,0.280187057320702,0.0974201250355691,10.4633585554049,77.254023503128,42.8372634402606,0.0645536559633911,0.618798262905329
0,2,1.10631285012297,0.0414496617158875,0.98237212584354,1.76352149742048,18.7412947033165,-25.4690378194623,0.0660254124552011,0.936020460911095
16,2,-1.83243630137514,0.0426494847051799,0.967817126307636,2.56232432959089,35.7173301385375,-15.4220670240388,0.204131660602036,0.437334853922948
39,4,3.18610522005526,0.0985044481838353,0.341329410439357,2.53938815924145,33.3958710494804,8.14173637641705,0.037896328210934,0.38593983091414
67,8,6.75038956447473,0.419072229394174,0.403033817186952,6.55249134510721,35.2481609125723,22.7046084280964,0.0311441782321719,0.436747311148793
48,5,1.10152103525526,0.192056099640879,0.940376906422898,4.14510162982028,54.0937716724015,15.4713119612254,0.0648223143070936,0.295996386092156
53,7,7.08384621470752,0.397001677859586,0.656876844819635,5.25758735319414,31.6720267871878,-9.3067423941749,0.0348067921586335,0.837517929030582
31,4,2.1938518330205,0.288028764295134,0.542747015366331,5.88839579187468,47.6630708040704,3.49188295120959,0.0565709338057786,0.292942738160491
81,7,7.35060989629048,0.372757003546646,0.0661204527132213,8.04180019150993,60.2365134523454,42.9488719188961,0.0305929188616574,0.0501238559372723
29,5,3.01754206481833,0.148436507326551,0.962645842460915,3.43853179936572,36.230291917615,27.0422640975354,0.0817271911497128,0.869781063171104
40,6,1.47299139182406,0.440162162741131,0.597834724467248,4.93325064170465,41.5861496173566,25.8427207925243,0.048673992138356,0.324813733808696
9,2,-1.75946685175969,0.158206401043572,0.862685369793326,2.97421516766019,37.9551387213876,-7.52786250772321,0.149106148621979,0.896484155207872
79,5,5.67769193278949,0.202756312279548,0.0948778323363513,8.18538025167648,66.5284182751722,23.8788319496611,0.0767016795421851,0.115390385501087
35,6,5.94396416143178,0.484258267541832,0.64066422614269,6.80425892963216,34.0566611895322,-2.60058960102247,0.102274419250478,0.319775701500475
4,2,0.967815115362537,0.315658107156608,0.490497072692961,2.46117168556922,32.4149137975521,-13.9674291356745,0.0629639970138669,0.468722228659317
4,3,5.47882631641142,0.178112681944597,0.939848620444536,2.69119628619536,25.2161086836195,-4.34275837081369,0.0608208264689893,0.148955473909155
95,9,4.89652533292113,0.162390962592326,0.754238245543092,3.69137630578963,45.7467302762748,21.9173850454666,0.0272187133319676,0.747325727250427
37,6,2.9158050097455,0.182507425768974,0.974235605215654,2.37724010510543,28.400788342319,3.37372054608261,0.0111431766301394,0.466487314784899
80,5,1.77395078992711,0.303217345372516,0.374319792725146,5.90221152441381,60.5038356545423,-15.0509966972722,0.00949413073249161,0.573831963120028
91,8,5.5605007031284,0.207864804881367,0.665484522236511,6.72554298145013,51.5701003638799,25.1170566220838,0.0155028228182346,0.807966812513769
44,5,3.12003776740778,0.345770858450535,0.261740053771064,5.50658300721409,44.0272436564483,22.8292398815455,0.114174752678247,0.762601989321411
57,5,7.96589903236243,0.0358128984225914,0.633765875129029,4.92808552694939,37.7185277676076,26.7629865098683,0.085904457136513,0.217158088926226
7,3,3.70265509742422,0.297133391945365,0.31767938612029,2.00919619031588,23.8444848431097,10.6043877386719,0.0930804641875339,0.720066512236372
16,2,7.47270595811471,0.00861250785768254,0.933796968543902,3.42831608500206,37.3350972137402,5.48685747408928,0.0705383923794043,0.224819533294067
73,6,7.67346039409018,0.414395482411959,0.00815302692353725,4.90252880312607,41.6337706325642,1.99154164734638,0.047099331766367,0.583156643435359
47,4,8.57914972487257,0.0130725915018198,0.642013380303979,4.43191453785273,34.3676880972776,-0.304333868374464,0.130162936258585,0.955425327410921
68,6,4.89551833424326,0.124744867091067,0.858676696196198,4.83113550947847,41.2062843821534,-9.65001234365329,0.0109186406247318,0.441566505003721
95,5,5.96887962268845,0.188779218810353,0.0134376871865243,5.76029373347015,61.2833566014679,22.6286931499175,0.145917218728902,0.400802491465583
49,5,4.40424097743967,0.148141160025261,0.854975309222937,5.67783137996312,41.1075403353862,11.0739173970162,0.0375349634166179,0.413644121494144
47,4,6.67553522414879,0.164131248253398,0.424922413891181,4.10514089356748,46.0666999651045,16.2919057510547,0.167196964277866,0.451283044647425
56,4,8.44181975959819,0.0313351608347148,0.26002187631093,3.5296254703897,46.2128618406761,26.0806857476388,0.36928886558089,0.775951997609809
65,6,2.01301234280012,0.15705377375707,0.958248288370669,4.2718888624388,42.2800303205758,-3.94922322244357,0.05693677701056,0.825964622432366
27,4,6.15370809946248,0.102594753727317,0.452677961671725,4.38631829803193,28.6573800798425,8.99935508406807,0.276985726306651,0.863452770980075
97,6,10.1457704180238,0.0182475009244856,0.438748095883057,9.946620413093,67.4153891145378,35.9739261857452,0.150198805510047,0.787022148491815
64,5,7.93469918328328,0.394832777769721,0.0108298084232956,5.28441980293323,52.5728508199044,15.949507850331,0.011466355765117,0.0997760640457273
58,4,6.93757664855885,0.015115431160666,0.742085720878094,7.51896446428859,63.9456365283928,21.5946438842463,0.151276934883537,0.502555276500061
61,4,5.05867213857257,0.0276334796799347,0.869764595525339,5.88963781276052,59.5664662987369,0.934603218002512,0.0450539755634964,0.536365032661706
92,10,12.8509100583871,0.735758594764025,0.245765981497243,25.4294272882095,63.8410627423737,15.6175131306462,0.0814517415597215,0.174635475268587
39,6,1.45537474126753,0.76517046797545,0.510323467897251,2.95681542547549,36.2212689808817,6.7997239724325,0.00525404468608618,0.407023963751271
28,4,7.62470031850637,0.0513354206376789,0.919121121056378,3.86368659410476,29.2012785863701,9.39567961228928,0.0674296816345304,0.195118524134159
9,4,3.2943756724722,0.567476506469176,0.30649317195639,3.15384987548161,27.3668110934097,4.0876223224278,0.0253245348576456,0.374398124869913
32,5,7.84981531586191,0.529957276846783,0.178216239903122,4.10873496837812,22.675480117037,-13.5792853540073,0.0357555394526571,0.623482880415395
75,5,4.46328547165834,0.085556712442986,0.554981779539958,7.41444480590122,60.8874978048226,14.0808868312952,0.142497429482836,0.582473392598331
10,2,7.05412474515604,0.037647296761124,0.805261809378862,3.91757756007634,35.0197304586773,22.1483468405143,0.166117737806382,0.174711716827005
71,5,7.18596774525926,0.179946042586792,0.2592198245693,6.46586239435471,62.0819812345857,29.1050782946179,0.0535410741648504,0.155644423095509
96,9,10.2720736418505,0.731073891636252,0.00779280415736139,9.85036755437968,62.4801049642371,39.071657960675,0.0232765769585967,0.0351281340699643
20,4,7.18127217216316,0.0937922826269642,0.931349758058786,3.82192111266738,38.1849064866685,14.7422416137192,0.232148144567821,0.183662297436967
10,2,6.80975229038113,0.0330462490674108,0.656383508117869,5.16485758663079,33.8048356249966,-3.72653675666812,0.0716194290625763,0.399134843377396
5,4,5.15015912219826,0.253836544804973,0.686779397772625,2.91603579219773,13.8768679736987,7.50225377547095,0.0551091568374665,0.199591185199097
82,7,7.25336246239547,0.68937862149083,0.134429644793272,13.8965959838001,72.0688073155224,26.7592948037277,0.013187601370737,0.002294578589499
58,7,8.28550912327247,0.236805114184906,0.847576486412436,5.38394740587529,39.505430534683,21.6733506564,0.069828371047498,0.147785401437432
47,7,2.07530368457245,0.692766040066415,0.237409366294742,3.14453539058128,34.8890481359561,18.9610219372408,0.053160955151543,0.321388528449461
36,6,6.6732544372599,0.177709246509451,0.961906825657934,4.13584566449963,33.5638348077728,6.05851558143541,0.0114897629829986,0.200472371885553
28,6,0.349132003243342,0.484323931836939,0.708669065730646,3.61916469675733,29.0358412484136,16.021924699053,0.0344976316206157,0.0980553596746176
59,4,0.794376521288074,0.0279697398162946,0.838124830741435,4.81741293909502,54.4156824390432,5.12157415420381,0.078578388127954,0.360095558455214
81,5,3.90001718646951,0.374991862082338,0.0500771459192038,8.66891940353663,66.0354664308049,6.76690831892647,0.0443238499269697,0.545438215369359
9,2,-0.0822102958284452,0.0457638732800013,0.787691409699619,2.14066277184133,30.8935251374679,4.43161720273714,0.146191070965471,0.448170129675418
96,7,10.2114047785617,0.314968994153302,0.0214044167660177,14.8749583533263,76.0915150800956,29.932826314792,0.0227185210942224,0.101609804900363
16,2,2.41188384758709,0.159791156416759,0.424704931676388,3.31613912422605,36.5367166531196,-4.43032050498226,0.219142851023664,0.482393579091877
8,4,6.23487732724613,0.285204527190629,0.679664429510012,3.465877979896,21.6511972918146,-12.9327201817265,0.0651043282821775,0.229879849823192
86,5,4.89927384298734,0.323627400434318,0.0515851259697229,10.4706734852681,81.8553102380232,23.8809558514346,0.0327333405667435,0.256043360335752
52,5,8.61059053150516,0.0799354598810214,0.621231532189995,3.19204303274516,37.6319916547433,19.4356566900344,0.106289041575966,0.563405471388251
65,5,3.30594405016916,0.0447398712858558,0.771981521276757,2.12388824842134,29.6461930339754,-4.3328396312193,0.00619436143897474,0.953417266486213
22,2,-0.0372735815166934,0.0716910639312118,0.477985099889338,3.15577573473076,31.0653682877948,-3.76049206591762,0.0874572099738501,0.677928318735212
72,7,1.41041735963331,0.241729842775422,0.794664614601061,3.05087381810501,46.3330492988559,6.92522826396588,0.116846125382454,0.860601888503879
49,5,5.76952305527779,0.059773723827675,0.70052001834847,3.72707506975376,37.5059980894329,23.457225026814,0.146856942749143,0.587931047892198
96,8,3.06606702053888,0.709601020994472,0.311926916707307,10.4389529111831,81.0088769330995,10.7396862000865,0.00596587297966182,0.0438771590124816
90,8,5.05570182193392,0.130064174416475,0.848657661350444,4.30870262620846,57.6091178492221,15.893260479868,0.122021629563988,0.915568768512458
55,7,3.58873167661871,0.37058482642979,0.926107364473864,6.31734859233036,52.4876359164013,26.6065073642073,0.0335348599319218,0.0203526022378355
7,1,3.29091650234726,0.0383866883792177,0.48580731311813,1.61958173446963,33.183551333202,-9.04193567811405,0.0964170889886928,0.556144054513425
2,3,5.61803372819441,0.0765637012664229,0.864951456431299,1.60691080055633,11.83779144253,-8.06097073202542,0.110334955431045,0.722206649836153
51,5,8.79393456204071,0.288710074488747,0.0670647372025996,7.41709349736112,39.8568837199547,11.577393802985,0.0167417702265084,0.172300703125075
63,5,9.99088336306333,0.0243403108324856,0.74002056568861,3.93207858724462,42.9609548742389,6.75470038100172,0.206934947325828,0.587093796348199
41,4,1.0804440818424,0.0808890347834677,0.800210961606354,2.25215830372128,34.600725627947,-3.73763256539957,0.200978871799054,0.677595788845792
87,5,3.89821097211394,0.0631185553502291,0.661114300834015,7.59657685000168,63.9007875365054,6.83308469822908,0.0963341182987106,0.96576610696502
10,3,-0.523632838559808,0.105195232084952,0.996089102933183,2.78350377484181,32.2957609719197,-5.0885116275221,0.169963826885595,0.547674538334832
98,10,4.92251081259432,1.04713862103628,0.194920726818964,8.84017607729696,54.1295808539416,18.9808210700247,0.008625890017205,0.471656283829361
26,2,4.24357714740711,0.0926910342326733,0.337547664297745,3.62799239898954,33.9334778643759,-6.18599380087095,0.0804759492124331,0.795119614573196
8,2,-0.417246370360814,0.147887992789038,0.533178958809003,1.33632303734603,19.5110594587336,-21.7186866936895,0.126895540575953,0.990351842250675
38,5,3.88670260855306,0.297236848844889,0.927976962877437,5.95173201859093,34.9821878453044,-0.239088952973267,0.0985841467003238,0.683223935076967
12,3,1.11151295469997,0.111418015664166,0.833074240013957,1.63670143278232,23.5428060906511,-5.83248020327862,0.188183983965757,0.987732175271958
58,5,5.13495183900757,0.262784143666479,0.108990251785144,4.42133103384521,35.1212563883797,6.73595850356497,0.115437396797807,0.46856684377417
24,4,-1.43094678944626,0.432691794059358,0.307272244477645,2.0111149440319,24.308673085531,-14.2652793287254,0.00561620965600014,0.726089850999415
72,6,1.29029126138593,0.212822590333512,0.537764426087961,2.83078401374091,38.9455240773272,1.53815699916382,0.00304481848143041,0.651040301425382
14,3,5.75552342080098,0.0257174620627866,0.943676076363772,3.79641117459393,32.5282982024698,0.457402372414037,0.245599034229729,0.176705899182707
15,5,6.33181295926786,0.0957979543600231,0.908242701552808,2.43600327208777,15.0987107391832,17.6445978162562,0.1143576752327,0.430172035237774
25,5,5.5950676423496,0.776966636958432,0.344810991780832,4.21318782810341,24.9585746249467,-9.5302227292504,0.10248519880277,0.339762040413916
77,7,11.1625530263211,0.566568423496717,0.0362905822694302,6.53096704742258,36.3476800383088,-0.316319737007161,0.0108390784989268,0.259682236472145
42,6,9.37209776442029,0.432666597401208,0.627014613710344,4.44212463094986,35.9367581736323,6.10653986928862,0.0489007313500195,0.174273273674771
6,3,0.909785072625843,0.244915707200346,0.468792879488319,2.65020823505334,19.9610608087793,-9.20219421733352,0.0882210041896666,0.616238366812468
11,4,8.17853098519478,0.352234851375903,0.82520509371534,3.49055899995414,31.6158701226723,6.61306762066246,0.29004550425518,0.167332272045314
48,4,9.23003191032975,0.232536504267457,0.0163055113516748,4.91655300753463,49.8039663914404,19.7397310490613,0.212195922235463,0.184125391067937
97,6,3.10723137901697,0.025732459500432,0.47647207393311,3.56777119194867,52.5801502927511,22.0961195468744,0.10107953720459,0.88603281439282
81,5,1.16649194081658,0.0713688635695224,0.353224348742515,4.59795929502722,54.3467488983148,12.6304300127989,0.195717411107364,0.927694217301905
54,6,4.64045926966035,0.224361582415852,0.830219665542245,3.85937339774713,43.4736320253091,24.566282910844,0.135675008240402,0.601906172698364
7,3,6.70197767873144,0.268767981081012,0.392954169772565,3.65758127242033,29.1141026727999,12.6859481039748,0.318750414980536,0.744879497447982
46,7,10.2784231325105,0.406303139398724,0.658255327492952,6.90065094103342,36.7472809650018,13.1617420878558,0.0337892783340067,0.0177047220058739
33,3,0.646488657805264,0.0716960554709658,0.666794315446168,2.79207124451713,31.8690787338518,-18.0423121593884,0.0662955190055072,0.970335797872394
68,8,5.06897100804967,1.37483873630042,0.362748032668605,7.12626684665018,53.8931826331892,14.1493082852723,0.00955058471299708,0.273780800402164
51,7,1.8741625453333,1.23846517169947,0.450502394000068,4.77034446804411,44.9479211518891,3.18620212491907,0.0402725852560252,0.542866562725976
51,5,7.30073904612364,0.261547075806859,0.264839857351035,6.33876234757069,54.4952043229503,14.8431133859931,0.0151732562109828,0.180808284319937
54,6,9.82660449163575,0.664802817130619,0.0700470919255167,5.40661050282932,31.8560587233532,-8.57871907787807,0.0108433276880533,0.101277882698923
44,3,2.68656349493205,0.261032609533195,0.239052964840084,5.27458482446772,57.7487423361714,9.53925493748666,0.0289434207137674,0.195865015964955
8,4,5.35588090910804,0.367821554453633,0.484671756159514,3.40546964951969,25.224715551872,-9.64078961503375,0.174056029870155,0.711051119258627
93,11,3.85615658945171,1.70179038811336,0.0479618394747376,5.1217121990696,36.9450726864074,10.8843759240162,0.00167165806405139,0.600564044900239
1,0,-1.16368812373379,0.117021064041182,0.200822780374438,2.04562745448878,28.4168590850602,-13.9850966062039,0.231210256169055,0.971239516278729
41,3,8.63281754159516,0.00927229135972588,0.670732790138572,5.90064966927222,42.3117052369307,5.25969822947003,0.131116947061838,0.540188289480284
22,2,4.5029416127385,0.0040660718209051,0.98142054816708,4.34196608816367,48.6599262528753,18.4083220429117,0.177639535247328,0.253279912751168
9,2,5.44493476810171,0.308611803910437,0.257441501365975,3.73204331810932,29.930551095682,-21.700480625735,0.0952136187772167,0.862132069887593
48,4,3.92453607070505,0.0251215774333104,0.880245009204373,4.76838699769181,47.3360602491491,16.0890531255785,0.109747170093925,0.863299654563889
65,7,10.4803917722498,0.0955252120038494,0.511742601869628,5.09916547064565,31.8722232801417,17.2034291671616,0.175192126985611,0.815014400053769
92,10,4.52202453816628,0.432226297424591,0.381404742365703,5.26381863336606,49.9986552575694,44.1944435420226,0.00173509274609387,0.427375994389877
36,3,-0.512843735705848,0.00926139438174214,0.960721805458888,3.65000509216753,49.7247881510462,18.6199582212911,0.526127086736658,0.880006826715544
85,7,6.35784114975599,0.103937854734988,0.336101626046002,4.5307411376498,40.955130144964,17.0459314800751,0.107351870085568,0.868994430173188
30,5,5.69246767644518,0.314866831515658,0.651166532887146,4.44193855279929,31.219624176953,10.8077846272683,0.0809923299063358,0.469026693841442
46,3,0.0386141125248685,0.0383732869522646,0.492087047547102,2.73800434367758,32.0235457982772,-4.16591169270408,0.24264169538996,0.913620755309239
14,2,4.7757257286266,0.232828323103873,0.602623891783878,6.056555012932,43.3269494710827,-6.63197657145166,0.185089472486618,0.548726423177868
80,5,6.46265811326396,0.00321462407894222,0.910417289938778,5.57029107710393,50.9254927566297,-1.39436104945043,0.0558713184669614,0.263496240135282
66,8,10.0322662531065,0.278813392844725,0.34398827678524,7.51518297830186,39.209347861594,32.6233562764967,0.0173866832628846,0.247662140754983
6,2,5.36965741493317,0.153761147288606,0.610840507317334,5.69755152418893,35.2069226190499,-10.0389056266048,0.0324426093604416,0.0852223299443722
43,3,3.18457106077621,0.218150681365856,0.335966517683119,7.69387905806579,55.0205702652131,2.34175048075474,0.0497634978964925,0.0367241613566875
39,3,1.14801991118397,0.0927281473996118,0.486685219686478,2.91992230597709,41.765733138123,14.1863818022812,0.073233649130435,0.550624674884602
69,7,10.7012995955855,0.481533290797329,0.334032648010179,7.12737340673271,53.0223704786528,3.8756988309603,0.00392593280412257,0.0217443588189781
65,8,5.81779160544679,1.24106253639542,0.023055283119902,5.53396059308709,29.7139992785491,5.0998846828379,0.00325427331140019,0.833609208930284
40,5,0.0812378098809878,0.31862856283665,0.504558296408504,4.66722867004979,37.6791093571878,7.41227003080804,0.0115296081621521,0.24635950429365
30,2,5.64440071167325,0.100046634441242,0.220626208698377,3.24432565763626,40.6179694551918,-4.06286811096292,0.125262239664317,0.210347184212878
25,4,6.55740162939516,0.315263445711437,0.166690756799653,5.06924171565498,30.0930532896022,0.508139742002238,0.143260044223609,0.858023268869147
67,8,10.9405806441086,1.0804383130114,0.235839103348553,7.82197865786284,48.8615967829748,20.9561495216617,0.011013246094808,0.00130282668396831
89,9,12.7980548450349,0.0996238008374348,0.853558455128223,5.38165989225527,36.9683650627898,6.06619653678621,0.0583434800151736,0.732559501659125
84,9,9.74103793098095,0.156216144678183,0.912959975888953,4.92371432933775,44.6105620634991,25.6140232204274,0.0577087619021656,0.458171652862802
39,4,6.78110339898767,0.0546699671540409,0.853579170769081,3.83884614134912,37.3019391334836,21.9229513770357,0.120243617143006,0.334322077222168
7,3,4.9035839797777,0.147625366225839,0.887614714214578,2.19634919579035,28.0330987267329,-9.1477414490765,0.0271547133568674,0.160650706849992
82,9,11.9274893642785,0.264904630176311,0.295081263408065,8.5845174773452,36.7912575765847,34.7125868802408,0.0266216428022624,0.177493767347187
7,3,2.89164295956056,0.209797966516319,0.92542614438571,3.11231713969559,35.253779111451,-2.76876651764622,0.149922246477547,0.821957888780162
11,2,3.86050821760252,0.0691600380427505,0.654048347612843,2.05816939549813,23.4069267391481,-11.3334771287337,0.0390292067446064,0.740767443086952
63,7,8.87714068652323,0.168142730370164,0.696565292077139,4.28030080691124,37.3749840230282,10.7568606060925,0.0222032448276877,0.292883618269116
32,5,2.82630955467548,0.218369514438066,0.937521578278393,3.25226537940893,33.5300641024368,1.49073317705757,0.181127233630852,0.506424001883715
18,4,4.04961824707338,0.206087270973924,0.574198266025633,3.18350943332565,24.4613501283054,12.3236835266299,0.0307114725245496,0.56349243177101
39,5,3.81561803309716,0.572059913972551,0.474285071948543,4.07568496827947,41.5580232514207,-11.8401249442135,0.00562896989285946,0.112008156487718
86,10,5.26297190492379,0.493405000592886,0.168265332933515,5.91992185536904,41.911305500095,35.7875185939707,0.10807135849771,0.593096144730225
34,5,5.293326597169,0.0641902398783714,0.940628407523036,2.33100276696121,26.9880191129051,7.67417628451428,0.10767603246075,0.904822863638401
0,3,2.13375860287641,0.467578208052969,0.0951430776622146,1.5420840604701,14.797622952269,-16.7185454577697,0.0121922391001135,0.578814017819241
91,7,6.75706913295479,0.154590603313409,0.768782308325171,10.8648775972213,61.7910964896519,15.710147158911,0.0301507670568106,0.119864056119695
95,11,7.94914306361479,0.91570326729936,0.313981386832893,9.29469902964764,59.9395659792571,22.4056632950591,0.0433646163644399,0.369470619596541
49,5,1.6508041241709,0.207543923043388,0.785727649694309,3.86711549644238,52.1643629868283,13.0976610232954,0.117478002603622,0.522402916569263
46,5,4.38644080321132,0.154401493491605,0.606546527706087,3.84650092529791,37.9387217995122,32.9508158817352,0.174413148119094,0.71119864215143
59,4,6.14903911498974,0.142093865084462,0.142927850596607,4.77969898204258,47.5793542128442,-3.61689535994138,0.172630225113573,0.901200685184449
90,8,9.72484788175347,0.172213038778864,0.86834999686107,9.09568072105011,56.4112287802029,19.355342708153,0.0430342502356914,0.2889430958312
17,4,7.80083189440855,0.127039737184532,0.849842653144151,3.80770087225013,22.8829256055356,-7.63120054752222,0.0552446622867137,0.615433693630621
78,4,6.81911709085951,0.124705846214979,0.275035701924935,9.89150301289303,69.2911492417529,9.44035838438475,0.128619556776704,0.175528773572296
23,3,7.95784219702336,0.0515073029091582,0.931571205845103,3.34507140235464,29.911664513247,-12.4172341565702,0.0642617091070861,0.152651063166559
57,8,10.087681394979,0.132073347573169,0.969157531158999,8.93070290712287,51.0488810416797,42.3722920558177,0.335780855251436,0.283422629814595
84,10,10.4947954098822,0.537017713748741,0.228470430709422,7.69578097194194,41.5320839985326,22.9578726913485,0.0209855898283422,0.163021326763555
13,4,4.08342255433267,0.81882671102498,0.205654426245019,3.31811236725355,25.0956169333697,3.58447968181426,0.0245296483725228,0.185143553651869
89,8,11.0233905044909,0.28382137044214,0.248805195325986,5.03254584403232,47.9737119026952,38.030063260469,0.0580318856518716,0.264612594153732
45,6,2.46492957161846,0.143864515470341,0.837127034319565,1.92203702180206,29.3795413435853,23.9055273522979,0.330420225841885,0.931133065372705
89,8,6.39579617439747,0.858991567003441,0.109842682024464,6.33953223490402,50.6623401419009,7.37638086703989,0.0126572071574628,0.484020781237632
24,2,6.93848399236079,0.0590983846632568,0.180858613923192,5.97946483495482,46.6024397825653,13.708820896112,0.379129218102849,0.569810683373362
8,2,4.96867362902791,0.181868544769216,0.677333181491122,5.64941014325306,33.5790012311288,-14.8090868594214,0.365929548980153,0.254892667289823
4,1,4.64505351799153,0.00102644052822143,0.948706022230908,2.00250137583719,33.9828781534023,-11.9865238300931,0.560649476911793,0.815953818382695
97,6,7.85738107222915,0.0208164340816573,0.574965490726754,8.941622467329,70.2238872707292,23.2965519022547,0.0835970275993359,0.251788987545297
48,6,9.41847265872445,0.166316306218505,0.655043669277802,5.81475568467989,34.0376916302716,23.7987722313118,0.0463321128394455,0.245770511683077
84,7,6.32261590682256,0.38454561352492,0.0251009329222143,8.4781968795039,54.8559785332224,28.2419141204918,0.0799167634450597,0.903170183300972
41,3,4.90649001541767,0.0409246600465849,0.770308241713792,5.28655493697291,48.3740383531344,1.19799875524808,0.111864561210842,0.708681057672948
48,4,4.92570440336866,0.0741509106010199,0.516847193008289,5.40869912138132,47.5757336711584,13.8390949011182,0.123900037906588,0.380608609877527
18,4,3.95094048359704,0.347144326002697,0.517514647217467,3.22694501749792,24.0732927465852,-19.4130180359392,0.0140224418602884,0.737967134220526
75,9,4.46859619941683,0.180566018203947,0.739923971937969,4.1275002983538,39.1616378178942,53.1253162008087,0.248971399838541,0.915578989544883
30,5,6.4898453226305,0.331659126084972,0.358373364200816,3.56985753091815,22.4039666339226,1.46574980626806,0.132966910484703,0.625007610535249
16,4,1.62726286396131,0.0962495795683935,0.999864014098421,3.45135076552169,33.1022694296699,8.71028066465995,0.357325876296914,0.658642595866695
3,2,4.83779351419686,0.144909172784537,0.381516097811982,1.54420549143913,15.9466693159086,-9.15250329838675,0.119220804791422,0.511195423314348
