K:10
N:500
Gap:1.96259050038959
Rho: 
1 0.8 0.45 0.2 -0.3 0.7 0.75 0.5 -0.3 -0.1
0.8 1 0.45 0.5 -0.1 0.55 0.4 0.6 -0.4 -0.2
0.45 0.45 1 0.1 -0.3 0.6 0.3 0.4 0 -0.3
0.2 0.5 0.1 1 -0.5 0.35 0.1 0.1 -0.5 -0.45
-0.3 -0.1 -0.3 -0.5 1 -0.4 -0.3 -0.1 0.2 0.2
0.7 0.55 0.6 0.35 -0.4 1 0.8 0.45 -0.2 -0.45
0.75 0.4 0.3 0.1 -0.3 0.8 1 0.45 -0.1 -0.3
0.5 0.6 0.4 0.1 -0.1 0.45 0.45 1 0.1 -0.2
-0.3 -0.4 0 -0.5 0.2 -0.2 -0.1 0.1 1 0.4
-0.1 -0.2 -0.3 -0.45 0.2 -0.45 -0.3 -0.2 0.4 1
X:
91,10,27,7,1,88,10.2114047785617,0.394832777769721,0.0308215557597578,1.76352149742048
93,7,40,4,1,95,9.84435925815764,0.735758594764025,0.468792879488319,5.49250798696846
28,3,30,4,1,53,3.8034131440754,0.0515073029091582,0.653823343338445,4.83113550947847
83,8,30,5,1,90,9.23003191032975,0.634519100623363,0.613316891016439,3.19212886677469
64,8,30,7,1,89,6.23487732724613,0.148088207817636,0.0104658994823694,3.61916469675733
51,6,29,5,1,52,2.89164295956056,0.19013645048176,0.169711452443153,6.33953223490402
73,5,30,4,1,75,6.07188369684369,0.23513449098796,0.477985099889338,4.43191453785273
13,4,23,6,3,23,1.33809779052497,0.0224853242980316,0.656876844819635,3.85937339774713
65,8,26,7,1,84,6.75706913295479,0.528361170254279,0.00918837613426149,2.12359398610738
70,8,28,6,3,83,5.96887962268845,0.147887992789038,0.0100794122554362,3.07606934540247
45,5,37,5,1,80,7.18127217216316,0.258071032459716,0.50704823853448,1.60691080055633
71,8,37,7,1,73,5.26693000760284,0.37715785296396,0.634932037442923,3.66992694484004
93,9,35,4,2,92,9.74103793098095,0.730794176417303,0.361051026266068,4.27709822129135
25,4,29,5,1,20,0.917108264821095,0.0716910639312118,0.633765875129029,3.11231713969559
46,5,31,3,2,3,-1.6330653088233,0.086949227610603,0.742085720878094,9.85036755437968
94,5,36,5,1,99,11.9274893642785,0.314968994153302,0.916895251953974,3.18350943332565
97,7,35,3,1,57,7.03234173976016,0.285204527190629,0.866977894445881,5.26856856649197
11,1,24,1,5,17,4.9035839797777,0.0577720200445389,0.960721805458888,4.35491799139351
47,4,28,3,3,68,7.26760041676913,0.0527907782234251,0.861765999114141,5.88839579187468
56,6,29,3,4,27,5.24599265479167,0.194320386221069,0.210287702735513,4.91951359264944
90,7,37,4,1,86,10.0322662531065,0.6517283511033,0.312267341883853,1.5395710166707
13,5,33,6,1,55,1.16649194081658,0.139426721958444,0.574003859888762,5.1124478823783
98,10,34,5,1,58,6.67721886845723,0.391047225312746,0.166690756799653,7.12737340673271
94,6,33,5,1,97,13.8409646463354,0.183921544336456,0.0163055113516748,2.08045372527377
8,4,35,4,4,14,-0.0372735815166934,0.206087270973924,0.921992409741506,3.76705902493992
51,5,35,5,1,67,5.69246767644518,0.315263445711437,0.304705717135221,1.61958173446963
39,4,28,2,2,14,2.04659311960631,0.0426366307074204,0.830735506257042,20.310182869551
90,9,43,3,3,75,7.28559008502815,0.579358742049276,0.636855792719871,5.69755152418893
44,3,26,5,1,21,5.42882504930525,0.0585616094973922,0.201582632493228,3.22694501749792
83,6,33,2,4,84,7.99977016917971,0.173521937226654,0.656383508117869,9.09568072105011
73,5,31,4,1,85,6.81911709085951,0.269254325458513,0.235839103348553,2.95992031073739
81,5,32,3,1,81,9.37209776442029,0.670517071584398,0.678909936221316,3.65000509216753
38,5,31,5,1,46,4.20441600229901,0.481533290797329,0.424699574941769,3.34507140235464
68,8,27,6,1,61,4.81009553092918,0.153761147288606,0.292410971596837,3.89603173193223
0,1,18,3,4,12,1.96804762844615,0.00136024062521756,0.928191032027826,9.946620413093
83,8,32,3,4,85,7.67346039409018,0.506378048544234,0.104523313231766,4.22156409938521
0,2,20,3,10,1,2.6808517714636,0.025732459500432,0.642013380303979,7.58848329322121
20,3,34,3,3,83,5.82569640804326,0.232645835716951,0.98237212584354,2.59294605230188
90,6,37,3,1,82,8.15979564939147,0.322696171923283,0.554981779539958,3.32597859839556
61,6,32,3,2,51,4.69392404081612,0.202756312279548,0.577122671529651,6.03502470928482
37,5,33,5,1,67,5.22232017234314,0.200088277215812,0.0362905822694302,2.42111292408477
43,6,36,3,2,26,-1.43094678944626,0.28096635176357,0.519674357259646,7.90305889440842
3,1,21,4,1,7,0.794376521288074,0.00102644052822143,0.406129127601162,9.87532725322462
97,7,29,3,1,49,8.57914972487257,1.19194845569538,0.931349758058786,6.56221843999298
43,5,28,5,1,53,6.16498254103269,0.229682729989513,0.024093234911561,2.64418460797773
95,6,26,4,1,50,7.76922867913019,0.172213038778864,0.56884625623934,11.8951311455954
88,8,43,5,1,84,6.23948498525406,0.58354030384228,0.133047709241509,3.15384987548161
63,7,27,4,2,50,3.78805446629325,0.27657913885814,0.0670647372025996,6.31734859233036
97,5,35,1,1,61,6.84629356984173,0.201501619991589,0.853558455128223,25.4294272882095
61,4,25,4,1,30,5.35588090910804,0.0182475009244856,0.513568930095062,6.79714352465214
33,5,26,6,1,64,5.5950676423496,0.143513628514484,0.466793748782948,2.5579791824872
34,6,23,3,11,0,1.47299139182406,0.311586332529083,0.236593118403107,3.86711549644238
39,5,35,6,1,87,4.83779351419686,0.085556712442986,0.0707973320968449,1.54420549143913
78,7,31,4,2,55,8.11366116604378,0.154401493491605,0.651809772709385,5.06924171565498
3,2,26,1,3,11,2.41558611484259,0.692766040066415,0.999864014098421,6.29016026214526
74,4,31,2,2,52,8.49813392704661,0.133131428039633,0.334032648010179,4.38631829803193
67,8,27,5,2,45,3.82613072998051,0.464992554831762,0.0175508321262896,3.5231475377617
17,3,28,3,2,16,2.26034194074879,0.0413863273498868,0.86834999686107,8.17557954716338
26,2,24,3,1,34,3.23307628502735,0.0996238008374348,0.672582965577021,9.86334087000778
51,4,36,3,1,35,4.06188057328841,0.310341574939641,0.48580731311813,5.2578185809047
67,5,24,2,5,61,9.05875688493435,0.31862856283665,0.797607654472813,10.4389529111831
98,7,34,5,1,94,10.4803917722498,0.352213158326472,0.0408379202708602,2.09078718284658
75,9,32,5,2,52,4.07160552061016,0.0598356717964634,0.436668599722907,5.57029107710393
56,5,26,5,2,26,6.75038956447473,0.129486903198995,0.0620767537038773,2.79985130141972
84,10,35,5,1,84,6.2464121127598,0.909713198843986,0.602623891783878,3.08934782150312
18,4,34,5,1,28,1.46189412675937,0.0417302066593041,0.142927850596607,3.05794313039164
27,4,29,3,2,20,2.41188384758709,0.0641902398783714,0.455146431457251,4.51538538065116
82,5,25,5,1,83,9.38458253745214,0.0313351608347148,0.356585107278079,4.68202766782439
69,4,28,3,2,58,8.32398526342546,0.102959516923875,0.547628085827455,3.59482176526688
24,2,27,4,1,22,4.46328547165834,0.07729252288118,0.962645842460915,5.71658368815606
4,3,32,5,1,24,0.742088717618898,0.398787259568876,0.97929517342709,3.5296254703897
14,3,30,3,2,14,1.9115709355807,0.244414661767635,0.410572361201048,3.69436027478527
21,5,28,6,1,33,1.11151295469997,0.208838860260996,0.0768932127393782,3.98296563046852
47,5,28,5,1,58,5.18973414192987,0.159939174889587,0.460955495946109,4.21318782810341
19,2,33,3,1,47,4.08903792874809,0.105195232084952,0.670732790138572,3.56985753091815
71,4,25,1,5,74,9.47789326096708,0.072978918091394,0.223310471745208,6.90065094103342
0,1,29,3,2,15,3.18610522005526,0.0132581968791783,0.731492707505822,6.056555012932
37,4,37,4,1,45,4.60168110309828,0.158592914752289,0.275035701924935,2.05816939549813
51,7,33,4,3,33,1.77395078992711,0.193279115369928,0.919121121056378,5.4358502103545
0,1,21,3,1,3,3.16916535734981,0.117021064041182,0.951167395105585,5.20372795861043
58,4,25,2,3,9,4.04961824707338,0.0409246600465849,0.614218999166042,9.29469902964764
15,2,29,3,1,37,5.47882631641142,0.252851847903588,0.712296901270747,2.73921842440341
35,6,31,4,11,9,0.0812378098809878,0.116247822064906,0.511490748263896,3.3908699933307
64,4,30,3,1,83,6.86611620403297,0.0713688635695224,0.486685219686478,7.69578097194194
77,8,26,7,1,56,8.07940977750199,0.182885246443778,0.0214044167660177,1.46429692325908
56,5,32,3,3,53,5.4639850449088,0.236805114184906,0.93930603377521,5.63267456459843
23,5,32,3,5,4,-0.698786855126308,0.168046910664998,0.318001365056261,2.43600327208777
8,2,28,3,1,30,2.79271031444151,0.0192054636859901,0.257441501365975,3.53556229240044
8,3,29,5,1,11,-0.512843735705848,0.0177768713328987,0.651166532887146,8.00031060131869
30,4,29,2,3,12,-1.16368812373379,0.124625023920089,0.976273269858211,9.40381499476277
66,4,29,2,2,53,7.76320172283859,0.152835862245411,0.424489335389808,5.40258149396282
0,4,27,6,1,12,-0.277499519315986,0.183418360295448,0.632294091861695,2.51876716254821
20,2,21,5,1,24,4.89927384298734,0.0716960554709658,0.832851830637082,4.38348212625498
93,10,41,4,3,82,6.39579617439747,0.664802817130619,0.880245009204373,3.31811236725355
92,7,28,6,1,76,10.1412298738202,0.321815517254847,0.31767938612029,5.12408139145437
73,6,35,3,2,92,6.61691345698147,0.241252217198464,0.597834724467248,2.8379174020295
33,2,25,2,1,23,5.01269193440748,0.13148815499153,0.923505720682442,7.97720505588327
51,3,31,4,1,86,8.3013881072385,0.111418015664166,0.930893558543175,5.49829728399008
74,5,30,3,1,84,9.91976745924153,0.776966636958432,0.846109459642321,3.57673985812503
61,6,32,3,2,81,6.15370809946248,0.288028764295134,0.369548669783399,4.28030080691124
62,5,31,3,1,22,3.65771222059481,0.0962495795683935,0.719115186017007,13.5725483889248
21,2,23,4,1,19,2.96188401796345,0.0197923701489344,0.219243981409818,3.83884614134912
21,2,32,4,1,43,2.57720122827039,0.00861250785768254,0.125990519067273,3.95976772920339
38,3,28,5,1,50,5.99414370612861,0.00377332658622418,0.407536750892177,3.84650092529791
94,6,31,5,1,57,5.75560616266376,0.086953220074065,0.430847284151241,5.16485758663079
96,6,28,5,1,50,9.8141124917013,0.224361582415852,0.119846458779648,3.88348967215227
73,6,30,4,1,76,6.33181295926786,0.254064028373662,0.679664429510012,3.49678089019875
73,6,34,5,1,82,8.43245472254377,0.656743656346732,0.940376906422898,4.76838699769181
53,3,28,3,1,28,7.30073904612364,0.102594753727317,0.710420979885384,5.25103004118523
0,1,33,4,1,18,-0.555783221302076,0.0040660718209051,0.689274066127837,3.86895996232361
60,4,34,2,1,80,6.46650200790097,0.124381468631327,0.353224348742515,5.28247505609728
83,8,33,4,2,80,7.23662111908435,0.614688534723753,0.344810991780832,3.23286069021216
75,4,28,1,1,27,7.80083189440855,0.542682067482753,0.510297123109922,5.64941014325306
45,3,24,4,1,18,2.64037280428707,0.0538197224618391,0.539205106440932,5.91992185536904
53,6,33,6,1,66,6.93848399236079,0.484258267541832,0.337547664297745,3.02868006089818
53,6,35,4,1,38,3.01465079419554,0.181868544769216,0.0806145276874304,3.77126425638128
0,3,30,4,3,12,2.20031535127221,0.037647296761124,0.379232316976413,3.44576085372248
35,3,30,3,1,27,3.58873167661871,0.00893085554707795,0.944209013599902,5.32321439534411
61,5,25,5,1,17,6.02753609285045,0.266638595134693,0.19698411389254,3.65758127242033
82,7,27,3,6,24,5.05867213857257,0.0701977822463959,0.46632541064173,6.90559398962684
35,5,22,4,6,7,4.35313479104675,0.0680024267639965,0.70052001834847,8.13624706012753
41,5,31,4,1,49,2.28385929851387,0.0765637012664229,0.338975043734536,3.03424567983209
57,4,33,2,1,28,3.6777959017513,0.0841294102137908,0.313981386832893,5.30181764471942
58,5,31,3,1,82,7.27961029044598,0.440162162741131,0.933796968543902,8.04180019150993
71,5,36,4,1,93,7.81351472983199,0.143864515470341,0.228470430709422,2.37207433871165
39,4,22,2,11,44,7.05412474515604,0.274243591808456,0.948706022230908,3.79618165355144
91,9,30,6,1,80,6.32261590682256,0.659993324779655,0.0500771459192038,3.85673620599501
96,8,32,5,1,92,8.44181975959819,0.428146610015488,0.0905212711077183,2.39549479011076
23,4,23,2,7,18,5.12713366104772,0.374991862082338,0.381404742365703,6.14647135447766
72,7,26,4,3,47,5.25099356784973,0.0321425432366247,0.525245514698327,6.64012178598456
90,8,27,6,1,57,9.21921538277244,0.168142730370164,0.216917964396998,4.23951461018371
60,5,30,3,5,43,4.89974204302886,0.0358128984225914,0.341329410439357,4.11486440740786
63,8,30,4,4,41,2.78651286921444,0.19860257160731,0.510323467897251,7.01810173520604
93,6,32,2,1,88,9.85078613892032,0.824778305324626,0.414667549077421,5.86385255010917
85,8,30,4,4,80,8.9202858981891,0.490127139238125,0.517514647217467,6.66198739449275
57,7,26,6,1,55,6.48831145410379,0.68937862149083,0.510291717480868,5.03254584403232
82,7,36,6,1,82,8.49110316887924,0.314436637320298,0.684880086919293,2.65862667974194
11,2,33,5,1,15,1.29029126138593,0.0631185553502291,0.44103442505002,2.95681542547549
76,6,36,2,2,64,4.49496757886001,0.36014429759985,0.92542614438571,11.6420176332269
62,7,25,7,1,54,5.62168287911154,0.315658107156608,0.0451930686831474,3.465877979896
14,1,32,1,2,44,4.33302650662114,0.0590983846632568,0.937521578278393,2.85649550440249
8,4,31,4,3,3,-1.51533666464297,0.27615759683654,0.951359306229278,4.2718888624388
46,7,29,6,1,76,6.14903911498974,0.499792425872243,0.177106466609985,1.63670143278232
77,6,36,3,2,89,8.58616908302422,0.241729842775422,0.220626208698377,2.97421516766019
73,4,29,5,1,97,10.2720736418505,0.0546699671540409,0.0219377444591373,2.33100276696121
81,7,35,6,1,67,6.49781195131476,0.454461067893958,0.115590674104169,2.6320958847492
17,2,18,2,7,0,2.541971516559,0.00258781132288277,0.460524891503155,7.57887192862315
94,10,29,6,2,77,8.5275257244117,0.164131248253398,0.00779280415736139,3.15114841832524
29,6,26,5,1,10,2.03403571454945,0.572059913972551,0.47647207393311,6.72554298145013
14,4,31,6,1,34,0.0386141125248685,0.00927229135972588,0.08790870802477,2.30139473426856
71,8,30,7,1,59,3.52537396928568,0.175558857376429,0.0798972463235259,4.56001744923253
32,4,26,5,1,45,3.85615658945171,0.114436675900276,0.424704931676388,3.38648079920937
77,6,30,3,3,71,8.17853098519478,0.192056099640879,0.846411394421011,3.80770087225013
39,6,36,3,4,26,1.17857041505572,0.220964469337914,0.830219665542245,4.44212463094986
67,5,32,5,1,87,9.67690275230282,0.235449052870947,0.794664614601061,4.30522552452862
77,8,29,4,2,49,6.37896675967142,0.81882671102498,0.580297401174903,8.84017607729696
18,5,36,4,1,24,-2.12931892535159,0.195582912293005,0.261740053771064,5.67783137996312
2,3,28,3,7,14,2.72127351033254,0.603938607001835,0.890007753390819,3.62799239898954
13,5,21,6,2,3,-0.0692595766083617,0.132073347573169,0.0974201250355691,2.22661710839129
68,5,37,5,1,75,6.78110339898767,0.324699043052945,0.438748095883057,2.56735948776997
93,6,36,4,1,62,8.1487779985789,0.297236848844889,0.483014535391703,5.40869912138132
55,5,27,3,5,24,6.67553522414879,0.278246539933226,0.912959975888953,5.40661050282932
60,7,27,6,1,40,4.04965902982962,0.0549421128816903,0.246175604173914,7.74375957823581
19,4,28,4,2,8,-1.6688529351085,0.09506826242432,0.336101626046002,7.07153898578817
53,6,24,6,1,12,4.05107497185501,0.209797966516319,0.292342206463218,5.90064966927222
17,3,24,2,2,0,0.955402886518116,0.232536504267457,0.919970531016588,10.7415613392513
45,3,33,2,1,65,5.32443697349443,0.0955252120038494,0.537764426087961,7.24045519050682
31,4,34,4,1,56,4.47382049837946,0.262784143666479,0.21282919915393,3.29009635650892
11,4,26,6,2,42,3.14653716070439,0.0774166116691694,0.214489032747224,1.75330464488979
18,2,23,3,2,20,5.93100601318275,0.0243403108324856,0.82520509371534,4.36289591250389
72,7,36,6,1,79,5.02117034720257,0.0292310771319416,0.0285577869508415,3.7882724559522
41,4,31,2,5,18,3.92453607070505,0.171377165592276,0.838124830741435,5.76029373347015
41,4,35,1,1,9,2.18201502191536,0.278813392844725,0.991565948119387,8.15791030881949
48,6,33,6,1,26,1.57515683676559,0.148141160025261,0.714996717870235,3.86382148584064
42,5,29,5,1,21,4.90649001541767,0.48141717489571,0.869764595525339,4.1210786009132
13,3,29,5,1,37,4.92251081259432,0.148436507326551,0.374319792725146,1.33632303734603
82,10,34,7,1,80,4.82201970146714,0.288994364429939,0.0102934541646391,4.10514089356748
59,5,33,4,1,85,8.04424281649691,0.355606396819735,0.24218435655348,2.53938815924145
79,6,36,2,1,70,5.7289206077027,0.511001799234605,0.887614714214578,8.42183497199415
76,5,25,3,1,38,5.73633765120263,0.124744867091067,0.12183020170778,3.98253639083827
91,7,29,3,2,75,7.08384621470752,0.372757003546646,0.205654426245019,3.47120883792498
86,7,29,4,2,52,7.47270595811471,0.103937854734988,0.0479618394747376,5.38165989225527
31,3,30,3,2,51,4.91859863062885,0.0898219235241413,0.967817126307636,3.55851402021856
25,3,27,2,4,12,3.95115736583518,0.241562504394228,0.455839874222875,6.38644259935769
74,5,26,3,1,43,7.7506016910672,0.453952723627395,0.234275971772149,6.80425892963216
74,5,32,4,1,96,12.8509100583871,0.354902113766825,0.658255327492952,3.45032531868554
91,8,28,6,1,86,8.51200451082914,0.371690493056035,0.236290834378451,2.14066277184133
79,7,31,5,1,72,7.35060989629048,0.152726883767173,0.168265332933515,3.45135076552169
13,4,29,4,2,1,-0.0822102958284452,0.284515894473273,0.572038550628349,7.84936121430152
28,4,32,2,3,15,0.513601930120736,0.284327197725418,0.44141206680797,5.50658300721409
19,4,27,4,1,16,0.250772759590536,0.163247956312262,0.904310615733266,4.77034446804411
78,5,37,1,1,39,6.68096073804602,0.336273649464104,0.937788142124191,14.7996765829539
12,1,24,2,1,3,-0.124219316469613,0.0276334796799347,0.754238245543092,13.8965959838001
12,3,28,4,2,67,5.84754281733151,0.0884048747830093,0.112955551361665,2.00250137583719
7,4,33,4,3,62,4.91084839300871,0.399956713800983,0.655043669277802,3.05956711284086
5,4,21,6,3,2,-0.523632838559808,0.0129677893128246,0.424922413891181,7.29242928612653
53,7,35,5,1,40,3.32606396560789,0.716531866225754,0.882301667006686,4.66722867004979
11,4,30,5,1,31,3.24286269657901,0.290320293134152,0.865634625544772,2.83902537346337
74,6,25,5,1,75,9.04234772102489,0.243806775183159,0.346662257798016,3.19875628622588
73,5,32,3,2,65,9.09969440132845,0.125926774926484,0.416442962829024,5.24542056145496
88,5,34,1,1,46,6.19533658303886,0.343785224471915,0.862685369793326,7.16895806870956
51,5,27,4,3,31,4.37687739290016,0.0383866883792177,0.392700317781419,5.0507211144418
85,6,28,2,7,36,6.24602304664925,0.059773723827675,0.334964303299785,6.1283489348299
44,6,29,3,3,38,1.29080327453681,0.409093551348796,0.529236596077681,4.21576254052893
15,1,17,3,1,0,1.86541698737671,0.0290688682403265,0.74136979226023,9.45508897610688
44,6,25,6,1,25,4.38644080321132,0.0927281473996118,0.00815302692353725,3.49055899995414
96,10,35,4,2,91,6.41899087673833,0.591883945809557,0.245787384686992,6.20129147675996
48,5,28,3,3,36,5.85514909500311,0.159846121096052,0.30649317195639,3.8241564700857
25,2,22,4,1,35,4.64505351799153,0.00282140006100143,0.301739388378337,2.31389643112539
25,5,34,4,2,43,3.90892752518348,0.707419663913445,0.492087047547102,1.90367538939246
54,7,36,6,1,88,3.83392031138524,0.268767981081012,0.0251009329222143,1.92203702180206
64,7,25,6,1,49,5.61219462132676,0.288950990176502,0.530267536872998,7.03377226338813
33,2,32,3,1,31,5.15015912219826,0.0163338259279107,0.511742601869628,3.14453539058128
6,1,25,4,1,16,4.63597028932493,0.154590603313409,0.47490504803136,2.04562745448878
45,7,29,6,1,60,5.24427937345578,0.609506184241758,0.37990736705251,6.39662307299288
83,7,28,6,1,88,10.087681394979,0.76517046797545,0.103339227382094,2.04648960880889
57,7,27,4,3,65,4.96867362902791,0.193552278603844,0.470342078944668,7.7742031991449
35,5,33,3,3,32,1.14801991118397,0.280187057320702,0.320331165799871,3.73365398582164
54,7,28,4,5,56,6.46265811326396,0.709601020994472,0.356833833735436,2.37724010510543
89,10,35,6,1,93,9.99088336306333,0.607400728323254,0.307578661711887,4.04428012958379
48,7,30,7,1,77,4.89652533292113,0.367821554453633,0.240738925058395,4.70552827573477
17,3,29,3,4,19,4.47938445614627,0.0658449766970722,0.980166650610045,4.92808552694939
54,4,35,4,1,79,8.07743998798598,0.559968697148969,0.886987581616268,2.91992230597709
96,9,32,5,1,75,5.76952305527779,0.241879108118567,0.302044411189854,8.941622467329
31,3,26,2,2,13,2.68656349493205,0.166663750773296,0.948971976293251,12.9966785453847
82,6,38,3,1,93,10.4947954098822,1.0804383130114,0.986493383767083,5.97946483495482
30,2,24,2,1,9,2.793342038641,0.194411049353632,0.940628407523036,11.2936105834413
18,5,30,6,1,21,-0.417246370360814,0.0251215774333104,0.264839857351035,2.79549026067669
4,3,29,5,1,5,-0.140423907115716,0.0957033420775148,0.758482729783282,4.14510162982028
24,2,22,2,1,20,2.83896583249616,0.212822590333512,0.854975309222937,6.33876234757069
35,2,27,2,1,15,3.29091650234726,0.0579356409143656,0.749650950776413,5.95173201859093
15,3,34,1,4,24,1.45537474126753,0.12001684110146,0.987713537644595,8.4781968795039
30,2,23,4,1,8,3.37341424140551,0.0410177626139496,0.696565292077139,10.8474111685173
1,0,32,3,1,46,3.12003776740778,0.00321462407894222,0.436061908490956,3.86602300385805
99,10,45,6,1,99,12.0582200870911,1.23846517169947,0.769514913670719,1.93316367274614
80,8,28,4,3,14,3.38391291023568,0.38454561352492,0.4878380082082,8.37164396358953
8,2,32,0,3,34,5.20325790232325,0.432691794059358,0.982037530746311,6.68654401405248
86,6,28,5,1,52,8.87714068652323,0.166316306218505,0.716011642944068,6.53096704742258
55,4,36,3,1,81,5.88684947488031,0.484323931836939,0.621231532189995,4.60547156354315
42,2,25,4,1,41,4.64045926966035,0.0228648219271127,0.285409552045166,8.12615449367361
6,4,27,5,4,11,-1.27398482066462,0.00894414237700403,0.180858613923192,2.16431352704187
56,6,27,5,4,34,3.48404048728644,0.0451718060066923,0.176593508804217,3.19204303274516
7,2,27,4,1,18,3.89821097211394,0.232828323103873,0.727533191209659,3.05576728856068
21,2,32,1,2,13,5.06897100804967,0.134388265199959,0.955625200644135,5.1217121990696
54,3,26,3,2,28,8.43043468084018,0.0985044481838353,0.94249178445898,5.64906255531898
48,3,26,2,3,44,6.90794644733786,0.261032609533195,0.869457402965054,5.35375958535502
15,3,20,5,1,30,4.14652862595555,0.0614247320918366,0.133015555562451,3.72875646407665
14,4,23,6,1,9,1.42258435774731,0.0748880234314129,0.48585121659562,6.21717093728468
49,4,27,3,2,29,5.61803372819441,0.0414496617158875,0.833074240013957,8.7012426663481
94,8,30,5,1,62,6.23196144188295,0.040037108994315,0.0722825024276972,6.06484457727766
33,5,25,6,1,18,4.06391839784897,0.275695981680158,0.699833226855844,5.97656021487925
18,4,30,4,2,34,1.10152103525526,0.0399356149323319,0.108990251785144,3.22457408810867
26,4,30,4,1,42,5.35753451711627,0.145994589664042,0.643512215930969,4.85040746834636
53,5,28,5,1,75,8.79207640672427,0.21062009577403,0.689729798119515,2.79207124451713
2,2,32,3,3,22,1.10631285012297,0.00456967826984917,0.423632622230798,2.51291980613132
79,4,33,4,1,96,10.9405806441086,0.0814260942861438,0.744609329849482,5.34979799017607
11,4,26,5,2,34,1.49484225799325,0.261547075806859,0.771981521276757,6.29757897516705
53,6,33,4,1,26,3.21297324848838,0.0773611733920217,0.296700034523383,5.27458482446772
57,5,28,2,7,67,6.6732544372599,0.148627698072232,0.273999942233786,3.62905408962764
61,4,36,2,1,52,5.30085513413502,0.163041426683776,0.778456903761253,4.23318395800751
71,8,26,5,6,37,3.88670260855306,0.0957979543600231,0.013642605394125,3.43853179936572
12,2,27,3,1,38,4.92253936839798,0.0620811179359572,0.88484097761102,4.98505183418462
31,4,23,5,1,2,2.69494499546663,0.127039737184532,0.358373364200816,6.51441615184507
94,10,36,6,1,98,10.7012995955855,1.37483873630042,0.1542002200149,1.77168438260489
50,3,23,2,4,12,4.24357714740711,0.0383732869522646,0.95311199571006,9.35142997632111
13,5,30,6,1,47,1.83261276943897,0.177709246509451,0.149636822985485,2.01816669129219
86,7,37,3,1,88,8.21866994736816,1.35390002137648,0.968295026570559,4.92371432933775
20,3,30,4,1,52,3.49876991323289,0.114897285109694,0.474285071948543,2.09533894023683
92,7,40,4,1,77,8.28550912327247,0.331659126084972,0.450502394000068,2.00919619031588
88,6,29,4,1,65,7.48090830261019,0.0130725915018198,0.0736242360435426,3.72707506975376
13,4,28,5,1,25,1.13034772825005,0.514881241579956,0.860419461969286,4.77969898204258
78,6,40,3,1,81,8.63281754159516,0.161579430568963,0.503263484686613,5.10079716755729
45,7,30,7,1,43,2.9158050097455,0.336188202247697,0.0731656157877296,2.70300089432074
13,2,24,4,1,47,4.08342255433267,0.00393706583417952,0.557898426661268,7.12626684665018
88,6,37,1,2,86,11.1625530263211,0.701144007923913,0.961906825657934,6.46586239435471
33,4,35,3,2,72,4.89029250951274,0.22843972708911,0.592121254885569,3.3037139161903
31,3,22,2,6,14,5.26297190492379,0.104563114931807,0.97980107483454,6.25487702009172
40,5,26,5,1,46,3.86050821760252,0.346350840515199,0.610840507317334,4.07932751541044
47,6,33,5,1,64,5.44814701874388,0.91570326729936,0.200314168818295,3.64316486267835
36,3,28,3,1,43,3.2943756724722,0.130064174416475,0.569232370238751,4.39469812415411
46,4,25,5,1,36,6.7560330492038,0.214777797217223,0.427840331802145,2.46117168556922
4,1,30,3,1,42,5.45678755105601,0.265003786877471,0.640805086120963,4.76654338561214
18,4,26,4,4,37,1.62726286396131,0.16539865010418,0.859306933125481,6.79419447153369
98,6,34,4,1,99,13.6201143175857,0.652159882212216,0.2592198245693,3.53179775977367
32,3,26,3,2,15,1.8741625453333,0.0203860436969095,0.19075459940359,3.60220993577111
17,2,18,5,1,36,4.13846424112476,0.0223624691134319,0.174429893493652,2.06291674684463
48,6,28,6,1,58,5.30133613212791,0.624953920862677,0.165079338476062,3.91757756007634
1,0,26,4,1,9,-0.446858262019365,0.0017054008387025,0.239052964840084,4.81430315884125
33,5,34,5,1,35,4.05906067789901,0.432226297424591,0.392954169772565,3.32397080245653
2,2,20,2,13,6,2.18941435180547,0.0643128051888198,0.666794315446168,7.41444480590122
86,6,27,3,1,43,5.70925371707996,0.133127056527883,0.0213277558796108,6.01630135274468
73,7,31,6,1,62,5.78280172842496,0.0351080760803487,0.177908852929249,3.69137630578963
31,3,25,3,1,48,5.08977227059124,0.23643198305622,0.837127034319565,4.97873873292102
38,3,35,1,3,69,5.82860172989034,0.383578529560423,0.786849441472441,5.37618357732933
33,2,32,0,1,7,1.41041735963331,0.0543035386363044,0.311926916707307,7.51518297830186
8,2,29,5,1,18,2.51446310017472,0.241136557412076,0.910417289938778,3.72446571408314
75,6,34,3,1,51,6.02833852533344,0.450179848333305,0.739685517270118,3.29402265829846
60,5,38,5,1,59,5.75552342080098,0.218386206340582,0.237409366294742,2.19634919579035
14,2,27,2,2,48,7.04724370405216,0.287717899064276,0.999076392501593,5.28441980293323
3,2,33,4,1,28,0.91953418020881,0.0799354598810214,0.654048347612843,5.20444876627415
48,7,30,4,7,31,4.25166679133928,0.401093538058627,0.704000455094501,5.09916547064565
44,7,30,6,1,15,1.58257234978695,0.37058482642979,0.52108440734446,6.31879501619171
6,4,20,5,7,0,-1.83243630137514,0.00926139438174214,0.523842453258112,6.55249134510721
32,3,29,4,1,69,6.54662453810212,0.306902086584571,0.831085043493658,5.17956281258496
87,5,27,3,2,60,9.38242462191139,0.083521204080308,0.194920726818964,3.79641117459393
93,8,36,3,1,68,7.85738107222915,1.13379094463991,0.804625678341836,8.66891940353663
39,4,28,4,1,61,7.93469918328328,0.314866831515658,0.407205651514232,2.0508527714928
15,2,30,5,1,39,0.707657726479644,0.0390916575136475,0.566027777735144,7.76183298155563
31,3,22,3,1,31,5.293326597169,0.41487813645736,0.787691409699619,3.93557366766915
30,5,35,6,1,58,1.20665539843396,0.156216144678183,0.378025175770745,6.18037917550215
10,4,32,6,1,49,3.1704876177555,0.0926910342326733,0.362748032668605,2.49289979798201
97,7,38,3,2,99,13.5579548242249,0.858991567003441,0.98142054816708,3.32452835431878
49,7,32,6,1,61,5.20125397558137,0.567476506469176,0.278695496963337,2.67593202490722
9,3,33,3,2,5,0.483471276549841,0.362235263969103,0.922551230061799,3.34596276948531
21,5,35,4,1,11,-1.27656214638166,0.320933860716152,0.495839260984212,3.06618943595105
93,8,41,3,2,98,10.2784231325105,1.70179038811336,0.574965490726754,1.5420840604701
29,3,22,3,5,7,5.05570182193392,0.143982242327183,0.434077997691929,5.76720642093674
65,5,37,5,1,97,9.47474317684335,0.397001677859586,0.504558296408504,1.68405146373741
90,6,31,5,1,93,12.7980548450349,1.06090183270382,0.926107364473864,2.965083577015
99,9,32,5,1,94,11.4385929359713,1.11479321581529,0.274972375482321,2.41553763050607
43,3,35,1,3,81,6.85526345515702,0.0937922826269642,0.86752344458364,4.50856041259133
39,4,26,3,11,26,4.4672387566647,0.0848427984165028,0.511147000826895,4.47012129613325
14,1,18,1,5,2,4.82793214591757,0.0279717407190813,0.939848620444536,11.9179376074772
27,4,24,6,1,58,4.30801973747239,0.0781613795552403,0.187062884680927,4.30870262620846
56,4,27,1,1,46,5.13495183900757,0.290353816859716,0.885319510707632,10.4633585554049
93,8,37,6,1,87,7.15629908986692,0.077987689175643,0.150341251632199,2.15989745435687
35,3,35,0,3,33,3.54524576863495,0.0494099551578984,0.943676076363772,10.8648775972213
84,7,35,5,1,77,6.23268457592038,0.0877823467599228,0.332732059760019,3.96043040183457
72,6,34,6,1,87,5.94396416143178,0.0585587785869002,0.431390300393105,9.23216877986332
75,7,32,4,1,50,4.93261444084769,0.264904630176311,0.277374002384022,4.90252880312607
92,7,34,5,1,95,11.8519680794705,1.02000103280285,0.448027335107327,5.26381863336606
0,2,24,2,10,2,-0.874556152425273,0.00309649528935552,0.452677961671725,9.28208743902978
16,2,19,2,6,12,4.0709484708876,0.0208164340816573,0.892552375793457,4.04377854309113
39,4,27,3,1,12,3.51448021639866,0.192271853786635,0.277812756830826,3.73204331810932
67,8,33,5,1,79,3.98961527488373,0.444459445287889,0.245765981497243,4.0219049841154
48,5,24,4,5,46,7.82587610087383,0.293006583339277,0.449332292657346,3.42831608500206
53,7,34,5,2,59,3.02177406697768,0.0451982803208467,0.269872297765687,7.00277046909872
31,4,26,5,1,68,6.59801545979783,0.137336478219368,0.412610517349094,3.40546964951969
81,7,34,5,1,86,8.79393456204071,1.04713862103628,0.243722091661766,2.0111149440319
29,5,27,4,6,30,4.19499730834027,0.566568423496717,0.542747015366331,7.69387905806579
40,6,25,5,2,54,5.5470707697364,0.530196505950782,0.339778576977551,3.50877374466895
9,2,20,4,3,20,4.7757257286266,0.0534864233298757,0.816141484538093,8.09229620073926
79,5,31,4,1,88,9.72484788175347,0.467578208052969,0.516847193008289,2.36045336871946
35,6,32,6,2,81,3.7760275715969,0.0832163505453929,0.652071601944044,3.49299546014647
4,2,24,5,1,12,3.2028221942469,0.0257174620627866,0.437789387768134,4.13584566449963
4,3,31,4,5,15,1.07280010194056,0.0660888558131285,0.429072693455964,2.56232432959089
95,9,30,4,2,35,6.28849820872271,0.410480353960252,0.211727228481323,5.9439904101768
37,6,27,4,7,11,2.07530368457245,0.135852293111384,0.0971642194781452,4.1275002983538
80,5,25,5,1,70,8.89577403434053,0.0210471217287704,0.0810536730568856,4.81741293909502
91,8,31,4,2,81,7.29184232576091,0.493405000592886,0.136599281104282,6.54447515856785
44,5,27,5,1,65,5.97090309780354,0.445525141411877,0.689741745358333,6.10837443063346
57,5,35,2,2,54,4.55486127395602,0.548411625871593,0.572291210759431,3.06379740997002
7,3,28,5,1,4,0.70128276454977,0.215489509870386,0.606546527706087,5.82694908278568
16,2,34,1,5,30,4.5029416127385,0.162390962592326,0.484671756159514,3.12910387023548
73,6,34,5,1,53,5.5605007031284,0.124705846214979,0.337127171922475,4.95569766354626
47,4,36,1,2,49,3.81561803309716,0.101075854036026,0.768409961368889,9.64817596771255
68,6,30,3,3,53,5.44493476810171,0.0426494847051799,0.0961478063836694,4.06063279307761
95,5,32,4,1,66,9.13619798746489,0.444436397848135,0.805014624260366,3.78667266724262
49,5,29,4,3,66,5.3807914401516,0.23262088520741,0.275334154022858,3.86368659410476
47,4,33,4,1,44,6.32982734203953,0.308611803910437,0.840587131213397,4.10024248208184
56,4,35,2,1,32,6.35784114975599,0.532221083963448,0.974235605215654,6.26186752148943
65,6,25,4,6,47,5.64440071167325,0.0712052350064546,0.41444192500785,6.69679507677385
27,4,32,3,1,49,2.15099092293958,0.200173717214468,0.946051294915378,7.51896446428859
97,6,38,1,1,94,9.82660449163575,0.74106364693017,0.82752632861957,6.3768531568118
64,5,35,5,1,61,7.53801898047831,0.303217345372516,0.100143142743036,2.25215830372128
58,4,33,1,2,84,9.56413140467594,0.405351935035076,0.828844415023923,4.34196608816367
61,4,30,2,3,68,8.61059053150516,0.1168270658236,0.332225148798898,4.44193855279929
92,10,42,6,1,99,9.4866968621435,0.293964175354685,0.542708744294941,2.72990814558975
39,6,25,6,1,19,4.19365101715202,0.180566018203947,0.0515851259697229,3.82192111266738
28,4,34,2,4,40,2.20230649232868,0.207543923043388,0.45744369411841,2.90502837728023
9,4,27,6,1,23,1.6508041241709,0.147625366225839,0.203768972074613,3.71814599738685
32,5,35,6,1,45,0.349132003243342,0.0279697398162946,0.274714965373278,5.28655493697291
75,5,29,3,1,84,9.09108965145976,0.282794220336018,0.800210961606354,4.93325064170465
10,2,34,2,3,42,3.92249056238484,0.429514721014953,0.837139358045533,2.73800434367758
71,5,34,4,1,79,9.31110912047399,0.607042267421419,0.367603262653574,2.63984266972324
96,9,38,6,1,93,9.41847265872445,0.87726176292041,0.190769230714068,1.85924493655133
20,4,34,3,4,39,4.89551833424326,0.28795249153741,0.927976962877437,2.8291588856901
10,2,33,2,2,57,3.70265509742422,0.0761760505847633,0.486176984850317,3.7464991688087
5,4,30,4,2,18,-3.8002657848611,0.188779218810353,0.379255539504811,2.91603579219773
82,7,34,6,1,99,10.3559604284113,0.545422024527723,0.118176797404885,1.22973820051074
58,7,35,4,3,62,5.06970924988213,0.406303139398724,0.472324463538826,2.53254757913088
47,7,25,6,1,23,3.90001718646951,0.347144326002697,0.367246225709096,3.49692443469596
36,6,33,4,6,46,3.60015209703618,0.168330989545211,0.100948942825198,2.94343900012556
28,6,23,6,2,34,2.1938518330205,0.303432100724802,0.264803594676778,2.24665369107015
59,4,24,2,3,53,7.95784219702336,0.158206401043572,0.526608764426783,3.64350642741338
81,5,28,5,1,90,9.70568200734925,0.179946042586792,0.314776478800923,4.59795929502722
9,2,22,2,2,8,2.73272304436251,0.151711740880273,0.805261809378862,4.07568496827947
96,7,38,5,1,99,11.0233905044909,0.623676249558626,0.181694803293794,2.2862980408571
16,2,26,4,1,27,4.26970062980282,0.0658982350723818,0.923447547247633,4.25029828283628
8,4,32,5,2,31,-0.0956182372714443,0.0283605031430076,0.450539814075455,3.15577573473076
86,5,30,5,1,95,12.5262674109186,0.471612917703992,0.253892920911312,3.31254912395448
52,5,36,3,2,23,4.54826589629213,0.354246234280802,0.661114300834015,4.73662252247611
65,5,27,2,2,8,2.39251088682114,0.0667557282140478,0.0702990530990064,9.59299918605335
22,2,22,3,1,23,2.82630955467548,0.0741509106010199,0.574198266025633,5.56263406081514
72,7,25,4,2,20,6.36166817415851,0.182507425768974,0.695077557815239,7.35432386292429
49,5,32,3,2,37,4.54731365322074,0.456256595419204,0.809085700893775,5.04064939069517
96,8,27,6,1,95,12.2543116756744,0.218150681365856,0.0700470919255167,1.93763003949202
90,8,30,3,3,48,8.46126802347699,0.299834321940991,0.730461994186044,8.53504825344043
55,7,28,5,4,76,7.51739225893482,0.537017713748741,0.26002187631093,1.55571337649934
7,1,27,2,1,1,3.48173851654762,0.0484146857634187,0.626901394221932,4.67257208310576
2,3,31,3,3,1,-4.00704844972435,0.0513645535102114,0.677333181491122,5.83153095567638
51,5,36,5,1,84,5.09961670670211,0.236296389008614,0.15402697538957,2.69119628619536
63,5,37,2,2,42,5.76782596935292,0.178900522035159,0.908242701552808,5.01055195904121
41,4,24,3,2,9,3.89079447805652,0.0760738819952618,0.887885858304799,5.53396059308709
87,5,28,3,2,84,9.56106959922978,0.181539643374539,0.624028423102573,9.89150301289303
10,3,22,3,11,16,3.18457106077621,0.063117686775513,0.847576486412436,4.6249637407842
98,10,30,7,1,90,7.84981531586191,0.351581012809134,0.0804116954095662,4.16039034866158
26,2,29,3,1,34,3.72424702533985,0.059291173964661,0.533178958809003,6.40422462698166
8,2,22,4,1,0,-0.552634662290428,0.00940864848889132,0.74002056568861,15.9360706543511
38,5,28,5,4,70,3.91671505004782,0.101778167649172,0.627014613710344,5.63936741225821
12,3,24,3,3,2,0.646488657805264,0.0597922953311354,0.865114389685914,14.8749583533263
58,5,30,4,1,49,3.95094048359704,0.178183219385076,0.694578029448166,4.12813531649495
24,4,20,5,1,4,0.862815201658102,0.0252801136812195,0.0636619625147432,5.87982262463865
72,6,25,4,1,18,4.92570440336866,0.123324873973615,0.0166810117661953,5.37819184944043
14,3,31,2,5,38,3.30594405016916,0.107485688873567,0.931571205845103,2.74862607392204
15,5,32,3,4,12,-1.8390321599634,0.323627400434318,0.693850868148729,3.93207858724462
25,5,31,6,1,46,0.963915447822468,0.0448462517898506,0.653425198048353,3.57985389464508
77,7,39,6,1,79,4.20079575037944,0.100046634441242,0.0948778323363513,3.31273785213055
42,6,36,5,2,50,4.07269994244598,0.170221041189507,0.34100499888882,2.71541700173676
6,3,24,4,1,14,-0.485381830928643,0.0457638732800013,0.576811959734187,5.25758735319414
11,4,35,5,3,31,3.01754206481833,0.178112681944597,0.946388754062355,2.66594033878073
48,4,36,4,1,53,6.93757664855885,0.357735147213048,0.915006417781115,2.82997413004804
97,6,27,2,1,34,7.61031421970094,0.419072229394174,0.64066422614269,7.82197865786284
81,5,24,3,1,50,7.94914306361479,0.253836544804973,0.874892769847065,8.8438552713989
54,6,29,4,3,40,5.83658588969005,0.491596579065031,0.785727649694309,5.21326616881889
7,3,33,4,1,35,2.19465531583934,0.2587085616525,0.954591974616051,5.90221152441381
46,7,38,5,2,81,4.40424097743967,0.267724547302586,0.260974191362038,1.55527455746753
33,3,23,3,2,17,3.06606702053888,0.0191862544743344,0.454170021926984,10.4706734852681
68,8,30,8,1,83,7.81275598461814,0.28382137044214,0.0855451999232173,3.3430495224475
51,7,25,7,1,52,6.13575166492318,0.135820815223269,0.295081263408065,4.5307411376498
51,5,34,4,1,76,7.96589903236243,0.288710074488747,0.134429644793272,2.78570961583631
54,6,37,6,1,63,3.04703260690767,0.0513354206376789,0.0951430776622146,2.2749438286398
44,3,26,4,1,61,8.46706038163388,0.208081289416853,0.228227078914642,2.91579265927479
8,4,30,5,1,30,1.0804440818424,0.0447398712858558,0.849842653144151,5.768296888643
93,11,28,8,1,57,4.46859619941683,0.223213051668111,0.0108298084232956,5.16539225987763
1,0,21,3,1,4,2.13375860287641,0.0254254370229319,0.92725439905189,10.5955763224957
41,3,36,1,2,69,5.67769193278949,0.159791156416759,0.768782308325171,4.45177804101154
22,2,29,1,8,48,6.80591494474011,0.34297998038933,0.858676696196198,3.28783856395221
9,2,31,5,1,37,2.48387561739179,0.0101835823152214,0.611996388761327,7.41709349736112
48,4,28,2,3,52,6.4898453226305,0.307426786971021,0.675888040103018,7.4791850312821
65,7,39,3,1,56,3.10723137901697,0.320438256011087,0.853579170769081,6.58648330875109
92,10,29,5,1,60,6.97160853708728,1.07503682089256,0.0134376871865243,3.90366738339682
36,3,22,1,6,35,6.92647357622025,0.345770858450535,0.99574853037484,7.78020246658512
85,7,32,3,1,50,5.36965741493317,0.318070191181007,0.66311933612451,7.59657685000168
30,5,31,5,2,50,2.91896369267897,0.21982294483685,0.540406442247331,4.14269347258083
46,3,22,2,1,15,3.12844951103157,0.0691600380427505,0.928317871177569,8.53310269726703
14,2,30,4,2,72,5.81779160544679,0.0578269589459524,0.864951456431299,4.63608226438219
80,5,33,1,4,65,7.25336246239547,0.0872953263797328,0.403033817186952,3.31343790591446
66,8,37,5,1,84,5.01601078111552,0.663460735665792,0.162370223086327,3.25031514266199
6,2,31,4,2,66,3.97174395779361,0.0412710474338382,0.248805195325986,2.12388824842134
43,3,27,4,1,84,8.11089399090046,0.129940349026583,0.34398827678524,1.91122467433166
39,3,24,3,1,19,5.56689962469335,0.284185166925865,0.490497072692961,4.65311346347903
69,7,39,6,1,83,7.62470031850637,0.144909172784537,0.023055283119902,1.61590142332688
65,8,32,7,1,65,2.41400005465324,0.15705377375707,0.0199293359182775,6.86909397954947
40,5,23,5,1,52,4.55166793035666,0.185267841200087,0.102218956686556,3.24522512448631
30,2,31,3,1,24,5.3516886934898,0.0696861228207126,0.739923971937969,3.05087381810501
25,4,33,5,1,56,2.65031897920171,0.114041961845942,0.800223363330588,7.31564278339622
67,8,39,7,1,85,6.80975229038113,0.391825932014125,0.0968100000172853,1.20002946099377
89,9,42,3,3,62,4.47017157033124,0.169086936744861,0.419606378301978,5.88963781276052
84,9,37,4,4,53,6.07165549139137,0.529957276846783,0.415448866318911,4.10873496837812
39,4,33,3,3,39,4.48012957583183,0.414395482411959,0.715826901374385,3.56777119194867
7,3,30,4,4,8,2.01301234280012,0.0463832842825184,0.211657227715477,2.65020823505334
82,9,40,4,1,89,4.45024884500357,0.72567099514873,0.205655029509217,2.78350377484181
7,3,27,4,4,23,4.02990690810622,0.0808890347834677,0.827363931573927,6.68544975279138
11,2,28,3,2,6,0.52313362662707,0.035607112847069,0.286546990275383,5.89763300751342
63,7,36,4,2,47,4.52202453816628,0.218369514438066,0.178216239903122,3.39302979555693
32,5,27,4,5,25,3.56297253969796,0.122298626927659,0.859715222148225,4.36003390931852
18,4,28,4,1,23,0.909785072625843,0.244915707200346,0.245034355204552,4.74083559316321
39,5,28,6,1,44,5.53377477634608,0.0338398879393935,0.0661204527132213,2.30829365623402
86,10,30,6,1,70,5.59738698586435,0.731073891636252,0.665484522236511,5.09862664621105
34,5,30,3,5,10,1.39204418782538,0.189267446575942,0.665049234172329,8.30600922414999
0,3,25,6,1,0,-2.04032109904611,0.0207329293480143,0.106502123875543,4.91655300753463
91,7,33,4,2,96,9.28303142722054,0.297133391945365,0.239658806240186,2.38338956157309
95,11,35,7,1,92,8.63657973940633,0.432666597401208,0.307272244477645,3.65868382873321
49,5,25,4,2,40,7.38458067750284,0.267081483256745,0.702359996270388,4.42133103384521
46,5,29,4,2,39,4.7692801093802,0.672068173499936,0.85075333667919,5.81475568467989
59,4,32,3,1,52,6.59150439931719,0.0763179123168811,0.848657661350444,8.14579986866614
90,8,37,4,3,92,8.22923727515765,0.352234851375903,0.302741052117199,3.38865931145021
17,4,35,3,3,39,0.425082283749375,0.0520760115547731,0.381516097811982,5.25140752664168
78,4,33,3,1,94,10.1457704180238,0.207864804881367,0.756454374175519,2.7485395135476
23,3,35,3,5,28,2.46492957161846,0.0296173262528354,0.44153915764764,2.58338476551435
57,8,37,3,7,91,7.2733769404254,0.921352782699853,0.961286452133209,3.38419536309247
84,10,39,6,1,84,5.50347894464417,0.445844457929438,0.17688471544534,2.6636531463816
13,4,28,6,1,27,0.967815115362537,0.142093865084462,0.200822780374438,2.83078401374091
89,8,39,5,1,56,6.63795513337624,0.824828659378528,0.418740693479776,3.31613912422605
45,6,26,3,3,3,2.25658094974682,0.479677807053036,0.958248288370669,8.93070290712287
89,8,33,6,1,77,7.18596774525926,0.184045370890501,0.109842682024464,4.27157492265244
24,2,33,3,1,71,6.41768025614708,0.272042710280589,0.977200985187665,4.78215757973727
8,2,30,4,2,66,3.60287210368518,0.0219642971754949,0.973747835727409,3.30871725110724
4,1,29,0,5,4,3.73051702079964,0.0330462490674108,0.996089102933183,6.63119681456474
97,6,35,2,1,92,10.1991520071463,0.447718783345384,0.563957490026951,3.25226537940893
48,6,37,4,2,67,3.7316990754504,0.466570123348223,0.335966517683119,3.24432565763626
84,7,32,5,1,88,8.07681649976171,0.588687185253925,0.532839943422005,8.18538025167648
41,3,30,2,2,61,6.70197767873144,0.119075730419849,0.686779397772625,5.76056226446306
48,4,30,3,1,64,6.55740162939516,0.279900801895962,0.738245307467878,3.72456822975512
18,4,28,5,1,24,0.727606287857053,0.015115431160666,0.124066110234708,5.8905959903144
75,9,29,4,2,45,5.00892326205853,1.24106253639542,0.934938699472696,8.5845174773452
30,5,33,5,1,34,0.120301903539628,0.120031191659492,0.770308241713792,5.29509042577858
16,4,25,3,14,31,3.3773980630038,0.199990291630186,0.969157531158999,5.38394740587529
3,2,30,3,1,0,-1.75946685175969,0.0458787635434419,0.708669065730646,4.38439246244373
