K:10
N:1000
Gap:1.89657794572618
Rho: 
1 0.8 0.45 0.2 -0.3 0.7 0.75 0.5 -0.3 -0.1
0.8 1 0.45 0.5 -0.1 0.55 0.4 0.6 -0.4 -0.2
0.45 0.45 1 0.1 -0.3 0.6 0.3 0.4 0 -0.3
0.2 0.5 0.1 1 -0.5 0.35 0.1 0.1 -0.5 -0.45
-0.3 -0.1 -0.3 -0.5 1 -0.4 -0.3 -0.1 0.2 0.2
0.7 0.55 0.6 0.35 -0.4 1 0.8 0.45 -0.2 -0.45
0.75 0.4 0.3 0.1 -0.3 0.8 1 0.45 -0.1 -0.3
0.5 0.6 0.4 0.1 -0.1 0.45 0.45 1 0.1 -0.2
-0.3 -0.4 0 -0.5 0.2 -0.2 -0.1 0.1 1 0.4
-0.1 -0.2 -0.3 -0.45 0.2 -0.45 -0.3 -0.2 0.4 1
X:
21,4,34,4,1,11,3,28,5.82203558675416,0.492322010898447
97,8,41,4,1,99,16,42,5.65952829790879,0.00745826618771394
57,4,25,5,1,74,12,31,2.40577397885518,0.203450410849157
14,2,24,3,2,0,4,26,4.85961080441127,0.696752305390734
84,5,29,4,1,92,13,32,1.06243984415892,0.0334121143400644
96,8,31,5,1,81,10,24,-0.101290383331159,0.110001656011565
90,6,28,3,1,55,11,34,3.86608590939392,0.250043907657939
52,6,31,3,8,45,9,34,4.53250404918936,0.132185905551731
81,9,39,6,1,98,8,36,7.9419224661721,0.102965263753395
66,4,24,4,2,71,11,25,5.89982202202174,0.418964002260423
68,4,26,4,1,42,9,25,-0.497549600414198,0.309020228673446
73,6,29,3,2,37,8,31,7.09288271140823,0.649361250424916
72,5,26,4,1,84,11,26,3.43961139903123,0.370568738987534
29,6,29,5,2,11,6,30,3.24676071094782,0.250913705666292
5,4,30,3,4,2,1,29,4.23932413525284,0.132059672148898
79,7,28,5,1,50,8,33,6.15608903357724,0.395315264839096
84,7,27,5,1,89,11,29,5.03725194649392,0.305919346156272
8,1,31,3,1,18,6,23,6.56909365744722,0.0290287130469203
98,5,33,2,1,86,14,34,4.5915746455016,0.0893064880510792
10,4,29,3,7,3,3,26,7.78785603094034,0.552458890216583
11,2,29,2,4,4,3,23,7.73910592236204,0.443698580821461
82,5,31,3,1,79,13,37,11.5518620308159,0.216739281070161
27,4,28,3,4,43,6,29,1.84231736601144,0.180390356493908
71,6,28,3,7,79,9,28,3.67263821839886,0.456858450991517
85,9,28,5,1,69,9,37,1.44571764773292,0.0418224514933853
50,4,34,4,1,91,11,31,9.86309561625377,0.0886098974007297
37,3,28,2,4,9,6,26,8.00988762410535,1.19386198831009
25,5,24,5,4,29,5,31,2.65507305483521,0.0521877865539864
47,7,32,7,1,38,5,23,-5.50535478734125,0.0680053377947351
46,3,30,2,2,19,7,25,6.01527525776117,0.782689990684555
62,6,28,5,1,49,8,27,-0.302172465900325,0.14736307610292
56,8,28,5,2,21,6,34,0.179014630838099,0.125707606435753
74,5,33,5,1,70,8,22,1.95558895394478,0.40699004519493
98,13,38,7,1,97,8,39,1.91754803204774,0.019020204199478
81,5,30,2,1,60,10,31,3.41160170285672,0.340169211140576
79,10,35,7,1,87,11,35,1.09663308877393,0.000743460882975013
58,4,30,3,1,24,6,27,10.1808668364489,0.883062274608404
18,3,22,4,2,18,5,29,3.99164124677523,0.0877142157997503
98,8,38,3,1,97,14,42,8.22635622411938,0.21626838204846
92,10,39,5,1,87,8,32,3.31394725410797,0.0713780908845365
18,5,29,5,5,44,6,32,3.3265911896574,0.0242444919422269
92,7,27,5,1,84,12,25,-1.33875317799653,0.0745021237748161
98,5,39,2,1,89,12,28,2.65860766941617,0.301960231260139
52,5,30,5,1,62,6,26,-0.445371416318365,0.205497046945094
12,3,22,4,2,3,3,22,1.48073786379527,0.209484255629334
47,3,32,4,1,34,6,26,3.02546783105155,0.0208553957859555
48,5,25,5,1,36,7,28,0.230955053012192,0.116373776948467
83,7,36,6,1,93,13,33,3.85685685818507,0.0609691913705319
66,5,37,4,1,96,12,36,5.24044957736194,0.00301769478528417
72,4,30,2,2,82,10,31,10.097367509479,0.685506564999157
95,8,38,3,1,75,10,39,9.26961200692918,0.609750771397883
68,5,29,4,1,37,7,25,0.602980191197467,0.0430012701544911
21,4,30,6,1,14,6,30,3.93607612068429,0.0310304651269471
83,8,30,3,5,73,11,37,8.73802455546135,0.153767773765139
9,3,30,4,3,41,7,28,6.44431477913256,0.192682070414278
16,2,23,3,3,40,7,24,5.37512229414962,0.352903243282769
32,3,34,3,1,24,7,32,11.2503757977683,0.378157621228552
16,5,23,7,2,29,5,26,1.271758209732,0.0158879426173995
3,4,33,3,9,16,3,27,9.53067126984954,0.436135602341543
33,2,26,4,1,20,7,23,4.230467632669,0.0957041654037312
47,3,27,4,1,61,10,29,7.34074490959499,0.614474646249944
87,9,41,6,1,98,9,36,5.78535396532232,0.151898929965682
14,4,25,3,8,1,3,26,4.92255100282934,0.218665612851012
33,5,27,4,2,28,5,33,6.62223616858584,0.573470497938031
73,5,33,4,1,77,10,27,5.87313337371724,0.326061227115545
68,8,31,7,1,83,7,29,0.161608564636017,0.0830245356773958
55,7,35,5,3,81,7,28,2.05684022552424,0.00668586518093362
42,5,29,3,3,6,6,33,9.02195184487291,0.539387911986412
4,4,31,5,3,49,7,32,9.34029493140666,0.0162544784834608
22,5,33,6,1,43,6,35,9.08719390944791,0.0985065284884869
28,4,30,4,1,41,8,31,5.21780922839609,0.0194505589315668
3,0,15,4,1,48,10,23,7.35542758575284,0.250903147243533
81,7,27,5,1,28,8,27,-3.47457328147803,0.438338329063213
26,2,23,1,3,11,8,31,12.9008003041447,0.669892412113184
89,5,35,4,1,76,12,30,7.56794266206422,0.594053262347514
85,10,30,7,1,86,8,34,2.53327736731694,0.32546000018597
74,7,33,4,1,31,6,33,7.73734484943948,0.459046065786338
12,1,20,2,1,4,6,26,9.65972089736273,0.582255704762572
19,2,26,3,1,18,6,27,10.7946710566159,0.578233300211066
8,4,27,5,2,24,6,35,4.98894222062717,0.114167315442767
29,4,28,5,1,5,6,31,0.752844496010554,0.182003474572842
74,8,26,5,2,16,5,27,-1.30598962127224,0.260894410068843
62,4,31,3,1,67,11,34,8.68378581286801,0.647622050220305
8,2,24,4,1,21,6,19,1.41239704295268,0.0544634234393016
49,3,33,2,1,37,6,28,7.38943960577898,0.396925206520663
12,3,23,3,8,3,4,25,9.69332035450144,0.523541777154077
94,10,30,8,1,99,12,31,-4.09826695603342,0.000494127609246991
30,5,25,4,3,2,3,23,3.0506184182625,0.679022817375296
90,6,34,3,1,86,10,29,3.56624153739999,0.660199312927359
19,4,25,6,1,5,3,25,2.15384734112425,0.136804301291704
45,3,25,2,1,24,7,25,4.37758940347673,0.490960243602699
77,4,37,4,1,94,12,32,5.73481326384776,0.422447667730307
53,6,27,3,3,41,7,33,6.74239772299736,0.730651937497914
7,3,30,5,1,39,4,29,2.30985115024592,0.145742050139233
49,4,25,3,3,59,11,35,10.769371482984,0.357481037245548
24,2,28,4,1,64,9,28,5.48877866304154,0.111624111188576
20,2,29,3,1,15,7,30,5.03759807000889,0.209162949108261
94,6,32,3,1,71,14,32,2.48112505416312,0.0658135314006358
75,4,28,3,1,76,11,27,4.58605464391822,0.390746398342258
60,6,33,5,1,70,9,28,1.04583648007479,0.0169547734549269
42,4,32,4,1,77,7,32,7.99179553095227,0.199348312422826
90,6,36,3,1,84,11,27,5.46015858600925,0.236960892322215
43,7,32,5,3,67,8,38,9.19731364668246,0.131698958924972
12,4,26,3,13,10,5,30,5.43407316985525,0.124492949806154
58,7,29,6,1,32,5,27,0.46411263491447,0.17873195138641
35,3,26,2,2,10,7,27,8.0770351729687,0.326297848707739
61,5,35,3,2,72,10,37,8.06494563078081,0.0800574928289279
48,6,30,7,1,82,9,31,5.87176576048786,0.124622778734192
91,8,37,5,1,87,12,37,1.14760098901683,0.0682409578002989
33,3,35,3,1,57,8,34,12.3695472068447,0.151812803931534
8,1,24,4,1,33,8,20,0.856416283399858,0.133514405588387
42,5,32,5,1,38,7,31,2.22295068232125,0.0713293690932915
5,3,22,5,1,27,4,27,1.64377458119166,0.0869389349827543
49,7,29,5,1,15,5,29,0.422580788233965,0.257368359937075
92,7,31,6,1,91,13,30,2.27759762564881,0.012506682658568
57,7,33,4,1,68,7,40,1.89630752383113,0.0641990420408547
53,5,30,3,1,63,8,34,6.692835434759,0.491920368259257
62,7,29,5,1,26,6,31,6.05020828869002,0.650286779241794
62,8,29,6,1,42,7,30,1.51879423005215,0.0503472770175377
57,4,28,4,1,78,13,27,3.82848727361448,0.0492928898893297
81,8,29,4,3,76,11,35,6.24183503045165,0.0833876207470894
76,4,25,5,1,46,11,30,3.18903119034437,0.100574299693108
81,9,28,6,1,54,11,34,4.58859745546279,0.127695228322409
83,6,30,6,1,98,16,34,5.29748705409294,0.0241202013593345
93,10,30,4,2,56,7,32,1.39981293266803,0.166823152219877
19,2,25,3,1,6,7,30,6.11828351585417,0.186243676569986
69,7,32,4,1,55,9,35,3.06920339046329,0.0804227035259828
17,2,23,2,5,8,5,31,7.02548364414603,0.274278537825424
36,5,36,5,1,40,4,27,2.34992566444851,0.056482914347444
46,4,35,4,1,79,11,32,6.66095034333894,0.129286285606213
91,7,30,3,2,87,13,37,10.64633710362,0.481629284543401
35,4,35,4,2,43,6,25,4.02063994015096,0.20387862124689
79,9,37,5,2,95,11,33,-0.559449823252044,0.00297415210174888
88,7,32,6,1,96,11,33,2.98043392836216,0.287995061128143
92,7,32,5,1,63,9,28,-0.366563286273967,0.195828301468902
87,7,29,4,1,39,9,31,6.16830420743207,0.452625284881747
98,7,28,4,1,94,16,31,5.45363163083211,0.175594787180885
1,4,27,4,3,4,3,29,2.30886434245056,0.082841956987977
18,3,30,5,1,65,9,34,4.10546483726154,0.00051305303350091
60,5,30,4,1,44,7,33,8.96960741903705,0.380801854238766
4,1,22,3,1,4,5,25,2.51026302941386,0.293632625928348
90,11,33,5,3,86,10,34,6.44390566740587,0.11697811295744
32,3,24,4,1,15,5,25,0.450771358200315,0.143043929594569
7,2,31,4,1,55,7,32,9.00534544193403,0.0479389490792528
35,4,27,5,1,56,8,30,2.68020086837064,0.0119653512977387
74,5,29,3,2,41,11,29,2.90659054431651,0.0586542065562094
77,8,30,5,3,71,10,31,0.500518238455462,0.0766246838029474
91,8,37,5,1,70,7,30,-0.632434486503366,0.260590535810891
56,4,29,3,2,61,10,27,2.68334824133895,0.181021624234247
83,6,34,3,1,94,12,36,3.83016935348355,0.113014010479674
95,7,34,3,1,91,11,28,2.53787078657034,0.0281058246036991
43,6,30,5,2,19,6,30,5.99576964235984,0.106727819773369
51,6,27,6,1,31,7,35,4.9605171998866,0.167279423447326
47,5,27,4,3,67,9,31,5.53402199595771,0.330665134115818
15,1,29,2,1,37,8,33,8.76421071071053,0.119930080404874
48,7,30,4,10,38,6,29,0.306092423926463,0.203257720854209
26,5,25,3,13,17,6,35,5.94945544436484,0.0366706134518608
91,6,36,3,2,98,17,36,9.83386662175165,0.0994610404158949
71,6,27,5,1,90,15,33,5.37285119187589,0.0517891880127284
24,2,29,4,1,71,9,30,6.73127695619431,0.24897368878622
96,7,35,4,1,83,12,37,4.43313897431561,0.394720958990461
92,9,42,5,1,96,11,41,8.79957915369249,0.108935995027423
47,3,29,4,1,82,10,27,8.11073270421998,0.165088265552185
75,8,38,6,1,77,8,35,-0.448000455015467,0.0504930452443659
39,4,26,2,3,18,5,30,3.92378426306807,0.540817316058185
47,6,35,5,1,61,8,34,2.21572841654704,0.00821349621844544
1,3,29,4,4,7,5,31,9.0646477927776,0.14409661910031
50,6,27,6,2,65,10,31,5.43284911919516,0.0424292942861878
54,3,31,3,2,63,9,27,7.67943371207668,0.138721584691666
7,2,26,3,2,19,5,26,6.74498724072373,0.689714696692461
90,5,37,3,1,89,12,31,5.60439508898306,0.198515250337052
80,6,33,3,2,39,9,35,11.0945755839424,0.513557532315558
18,5,27,4,2,6,2,28,0.264477911471902,0.431872151771045
94,7,39,2,1,57,8,31,6.59379442012574,0.74593177048351
14,2,22,5,1,6,4,22,2.21488390775213,0.281409303181547
76,6,35,4,1,89,9,35,2.74572018701389,0.0691502391127869
29,5,32,5,1,19,4,31,3.52896799020318,0.0306843350408599
88,5,39,2,1,64,8,28,6.53114072531789,0.937405151728183
37,4,30,5,1,48,8,28,0.838204276781678,0.0840071501443163
2,2,26,3,3,16,4,28,7.07289881453843,0.169290724443272
95,6,28,3,3,50,10,26,5.66228659019078,0.775538915726257
11,2,32,3,1,18,6,28,4.74328082092826,0.125933041330427
14,5,22,4,10,8,5,28,4.69069889623533,0.405178893639146
55,7,28,3,5,7,6,34,7.34939872344659,0.737445112275791
53,4,32,3,1,85,9,30,6.68434733995385,0.413531742503351
85,10,27,7,1,63,8,28,2.29621165564399,0.426470709943628
75,4,28,3,1,84,11,28,3.75641660055846,0.496830124387002
22,3,31,4,1,23,7,28,8.86162411476886,0.0961809564614668
93,12,32,5,6,67,11,37,5.92246842712131,0.0602900240467261
10,1,28,3,2,16,6,17,4.11269117258471,0.195874947578388
50,5,34,4,2,33,8,31,3.19928861065918,0.144449258019586
77,4,32,3,1,73,10,26,7.99048398793323,0.236979976518753
92,6,38,3,1,95,15,42,6.48763945461511,0.0206812253342396
53,3,35,2,1,23,6,29,8.93814792617551,0.514091486090279
13,3,23,4,3,4,5,25,7.64093245986601,0.97387167573312
76,7,34,4,1,75,8,33,2.17369424069857,0.158611521590501
71,7,32,5,2,91,12,36,2.56762418769518,0.00427077244967222
50,3,23,4,1,19,9,31,8.48764397295065,0.797678701537562
90,5,39,4,1,93,12,32,10.4064097704348,0.102145104319789
33,4,28,5,1,68,8,27,4.32956507671248,0.00653196245868925
52,5,27,5,1,53,10,31,1.39461234805489,0.178370153647612
19,4,32,6,1,46,5,30,7.55309639730614,0.401641728533653
88,6,38,4,1,96,12,32,6.57134953920264,0.0757053414126858
12,1,26,1,3,25,8,30,12.5692261614487,0.23996325720914
1,2,31,4,2,26,4,19,7.38909581539675,0.463420193431499
34,6,28,7,2,84,9,31,0.250965954552423,0.0103922310518101
74,6,37,2,4,66,8,27,4.95052473076707,0.32582374800809
19,3,22,4,1,28,7,33,3.87983527380976,0.158451698720455
42,3,23,1,8,10,6,22,8.60918282171818,1.24178433084959
73,8,28,4,2,23,8,33,5.24952983422803,0.378450727175127
42,4,33,3,1,39,7,28,6.63254977058171,0.11885832879974
86,8,36,3,2,53,9,36,1.60455729590816,0.158730919589289
78,8,29,4,2,50,10,38,3.20024339283293,0.11410891613923
57,4,33,4,1,70,10,32,10.4717499475484,0.19858957826041
71,7,28,4,3,21,7,30,5.27915376883509,0.29412415017255
26,4,22,4,3,33,7,31,4.39425267420476,0.119433966116048
49,5,30,3,1,16,7,33,8.07330736078191,0.147668839432299
87,7,27,6,1,41,8,27,1.25786366070598,0.425397626103318
39,5,24,5,1,48,8,34,2.2118821889468,0.158673958852887
55,5,35,3,1,43,5,32,4.19725179234446,0.1527394404402
43,3,22,3,1,20,9,33,3.9561241511617,0.237295915362167
2,1,31,4,1,62,8,24,4.84597740848903,0.00525270820099776
1,2,26,2,5,2,5,32,10.2178938715517,0.395876273510602
78,5,31,4,1,70,10,22,3.17947933321424,0.199584877489357
67,6,39,3,3,88,8,30,10.4211319024088,0.192452727106665
42,6,26,4,9,16,5,29,2.13381339295526,0.0486818648641929
24,5,28,3,8,6,4,26,4.26269122481048,0.185900994333181
63,7,27,4,4,28,7,32,4.84222919464384,0.201202120621431
78,4,28,3,1,45,13,28,5.84295614311972,0.520939081410104
95,7,28,3,1,54,11,35,7.66637044535636,1.24116418994702
39,3,22,4,1,39,11,30,8.27449529365466,0.251303635294291
75,4,35,2,1,75,11,36,6.22146466642384,0.244645072399391
50,5,35,5,1,91,10,36,5.3739127997981,0.00418534723576158
66,5,31,5,1,73,8,24,-1.92978912840528,0.129901229739342
65,7,28,4,3,71,9,38,6.42492268707714,0.177242903028357
26,3,31,3,1,35,5,29,6.07922260724831,0.474945397560901
97,6,32,4,1,97,13,31,6.08063373471355,0.429943712872869
59,7,35,6,1,76,9,29,5.43694765569474,0.0558908937964588
82,7,31,6,1,71,9,35,1.15627941632772,0.057892874116078
78,4,36,1,1,80,10,31,6.41670520630272,0.146130768582225
54,3,30,3,1,21,7,28,10.1600017196776,0.910097958001882
79,6,29,4,3,80,13,32,6.92109074862543,0.281770060061219
14,2,28,3,2,13,5,24,5.19052021923848,0.130827301065437
88,6,28,5,1,91,11,32,3.82118693033765,0.134044265607372
81,5,31,3,1,84,11,33,3.63813576836009,0.168833639472723
78,5,29,4,1,89,13,34,1.83518052295261,0.182497452468354
28,2,21,5,1,18,9,21,0.420536255784222,0.146980985533446
70,9,39,7,1,88,7,30,1.37774409018821,0.0238626943901181
63,4,35,4,1,88,11,25,5.53182346790852,0.154825550154783
84,10,32,5,4,86,9,32,3.0497926575563,0.368849596260128
71,8,34,8,1,89,10,33,2.79739698840882,0.00194311017164133
90,8,33,5,1,95,13,38,5.75354708723934,0.0379530605860054
55,6,27,6,1,42,7,31,5.53301587914465,0.445526888813821
26,2,23,4,1,59,10,27,7.52906549652573,0.149871018598787
46,4,30,5,1,92,11,28,0.571268151099123,0.0467107779600432
24,5,29,4,2,11,2,31,5.21088275697806,0.422535491620606
71,9,36,7,1,54,5,30,-0.711235320398823,0.024991198675707
99,6,35,1,1,88,11,32,5.38216190254871,0.754177547949267
52,5,29,3,7,29,7,28,7.27188105979761,0.416373602093613
9,3,32,4,1,22,6,27,6.80085486603092,0.0194533912884926
7,3,25,2,12,11,6,31,10.7712218322624,1.10907001507686
89,9,27,4,3,37,10,38,1.43377986669086,0.0782468372490257
80,9,39,5,2,91,10,37,4.32915393328514,0.00744547143253628
69,5,30,3,1,80,12,36,10.0497291015023,0.152612391044386
42,4,35,5,1,62,8,31,6.0724290832057,0.109471553354524
14,2,25,5,1,17,6,22,4.54509108807937,0.274264518133306
36,3,31,4,1,40,7,32,5.4971126212236,0.171967698843218
89,9,42,3,3,92,10,36,7.94589858124824,0.431662783170855
64,4,31,5,1,86,10,26,2.52969497402177,0.126696557737887
35,5,28,6,1,84,9,30,1.25915195138409,0.0140589758520946
5,2,22,4,1,5,5,19,4.24841041675029,0.164108314667828
19,3,26,4,1,46,8,28,6.79846615865596,0.347443329149342
88,10,34,6,1,97,9,34,1.32771718571794,0.0280579143436626
33,4,29,6,1,57,6,25,-1.00578708073144,0.0697374323461494
72,9,27,6,1,12,7,36,4.66600524105563,0.70917699345073
55,4,24,3,2,25,10,29,6.94060745705608,0.203526358109641
27,4,31,5,1,39,5,26,5.29107906379664,0.421821234948138
11,4,27,7,2,27,6,24,3.98872064444707,0.153265770059079
17,2,28,2,2,21,5,31,5.59033080663743,0.284594256653193
97,12,31,6,1,85,10,33,-2.46135532103242,0.00901387562043965
89,5,38,3,1,91,14,38,6.95765214834474,0.269851799112487
85,6,26,3,1,28,8,27,5.08956153849048,0.963736732903511
60,4,33,2,2,78,8,26,6.41650119055369,0.221787415925731
87,6,39,3,1,93,11,39,8.14829712227712,0.0688701590620746
90,6,37,4,1,93,14,34,6.08699621192327,0.0184450977249071
26,3,26,5,1,8,4,22,2.59741834684207,0.126578497118317
19,5,24,5,2,21,6,32,5.31172716508921,0.364179848206645
46,2,35,1,2,53,8,26,6.3576545089542,0.303301505758306
76,5,38,5,1,96,12,28,4.83598550732676,0.135527825099416
60,7,28,6,2,85,8,28,-0.235656486424118,0.0421003707451746
53,5,35,4,1,59,6,30,6.76409714218499,0.129298639018089
44,4,32,3,2,83,8,30,4.13959869980726,0.163825247087516
20,2,33,3,1,75,7,27,6.60456853373446,0.125395539682359
96,9,39,5,1,98,13,40,5.3347366281718,0.191558860464695
78,6,30,3,1,43,10,34,6.15974157039984,0.492996519410467
13,2,18,4,1,13,6,28,1.41634808712773,0.324436034996736
49,3,26,2,2,6,6,22,7.15276274571422,1.92859439233974
46,3,29,3,2,58,10,27,9.06785346920381,0.18496290174194
35,4,26,5,1,15,5,22,1.79226657368928,0.177249148476644
15,3,32,2,9,9,4,27,9.80401020511423,0.475457886212921
75,9,30,4,4,54,9,41,3.02908666779504,0.0835827924311161
99,6,33,4,1,94,13,25,-1.46745679626506,0.0537890312261879
10,2,32,3,2,44,7,25,6.81587096914602,0.0127745814388618
24,5,24,6,2,12,5,23,3.29907318415351,0.160119576146826
64,8,35,5,2,72,7,31,6.13161943781013,0.0943164916243404
56,4,31,3,1,91,12,31,5.73973718753548,0.024863193174179
29,3,34,2,3,66,8,36,13.4328327532557,0.565659537658618
58,7,26,4,2,57,6,32,3.78479923929625,0.192676926099327
20,2,25,3,4,14,6,20,1.45322025637603,0.128325717198607
8,1,24,2,2,31,9,29,6.97446732848998,0.282425424073565
6,1,31,3,1,5,3,24,9.43106252916029,0.290891004715788
21,2,34,5,1,47,7,21,9.28173210439042,0.0743295042775571
40,6,26,7,1,46,5,25,2.72380297220657,0.311599501165304
17,5,31,6,1,57,7,32,2.68242537718009,0.00018735479246625
58,6,24,6,1,68,8,24,5.13399489627779,0.207796410932436
63,7,29,5,1,57,8,31,4.31145392483934,0.331636786916035
43,7,33,4,1,56,5,37,7.09987897750061,0.476488499881184
45,5,32,4,1,72,8,34,7.45622513532047,0.472951773067421
20,3,30,5,1,30,7,32,2.64101080821967,0.0847551781916991
67,6,31,4,1,59,7,30,6.35254207646307,0.421372001969671
45,5,27,3,12,25,6,26,7.51678798582377,0.390299130177389
75,8,34,4,1,71,9,38,3.23646561748637,0.114622632157989
89,7,34,3,2,89,13,39,6.37441492430447,0.188816759026352
95,9,38,6,1,97,11,37,0.314717618286442,0.0433057616464794
11,3,21,3,7,10,6,29,6.08758164099644,0.132833397365175
51,4,34,5,1,79,8,22,4.42698328393025,0.197495885415676
19,4,34,4,6,19,5,26,5.78288285172348,0.0623344276100397
3,4,32,6,1,30,3,31,9.39670245049516,0.113410974969156
66,5,27,3,2,37,10,34,4.17276223731414,0.0804309408413246
74,5,33,2,1,79,10,30,3.31202715420002,0.240647045717272
33,2,31,3,1,27,7,27,5.31561461445637,0.355270375010973
66,5,30,3,2,40,8,31,10.1710146336467,0.650084321821267
62,3,36,4,1,94,13,33,4.08768642199473,0.021964312531054
83,7,39,3,1,90,11,39,3.61324642898251,0.153789832955226
58,8,32,3,9,28,7,31,4.18598433289391,0.41100270624966
52,7,36,4,4,62,8,32,6.56863172867985,0.212368367462161
12,1,29,3,1,68,8,25,5.57752582011237,0.22436693519235
13,4,27,6,1,33,6,29,2.93856703096799,0.0272124094190076
37,4,34,4,2,67,7,25,0.308200943277747,0.0686463296879083
66,4,34,3,1,39,10,32,8.37301921537493,0.914465516331879
14,5,30,4,6,49,7,33,6.24576437711914,0.0310956957762573
90,10,29,4,3,56,8,34,1.64376039918823,0.422006212153888
15,4,33,5,2,65,5,26,2.52614048578685,0.00667500342542348
98,11,36,5,3,75,11,34,4.33022620392578,0.19155814590745
80,8,34,6,1,83,9,27,3.7408477799017,0.00899475142078065
53,5,26,2,4,49,10,38,10.7081774391685,0.189304759803921
59,4,33,2,1,70,9,32,11.0272428220615,0.385040106179377
84,8,33,4,2,58,10,36,3.9869853293325,0.230183081923726
27,3,23,3,3,7,5,30,10.2859299152132,0.564267398278014
60,7,35,4,4,88,10,38,5.68958600795163,0.139817876974121
3,4,25,4,3,11,4,33,6.31345747446575,0.330527543312612
91,10,35,4,2,73,10,38,2.61945160797546,0.0860663418542212
36,5,25,3,4,3,6,33,2.86200507802376,0.240815760518496
32,6,35,4,1,55,4,34,8.08674229682929,0.571278611632222
94,8,38,6,1,97,14,35,4.1582194929482,0.041666412143968
49,6,30,4,5,28,8,33,7.80514980388292,0.0949968869099393
25,3,35,3,2,33,7,31,6.08884724065976,0.0248992893612012
19,4,27,3,8,19,7,32,3.81145899098634,0.289753336216065
28,2,29,3,1,12,5,26,1.47324700598744,0.245002295578572
84,5,29,4,1,83,10,29,-0.750531769757901,0.269719072374258
38,5,35,3,2,19,4,26,4.71548143730573,0.436249993720508
35,5,24,6,1,41,8,27,3.48823977171358,0.125096314935945
53,4,31,2,2,38,8,31,5.15885441846949,0.431871871908611
87,7,39,4,1,95,12,36,5.88047560452519,0.135589626268484
43,5,31,4,2,14,4,25,1.70967783938421,0.25853278277323
89,10,38,6,1,90,10,39,3.15531802805188,0.125398823875003
77,10,28,7,1,68,9,32,1.10277329062605,0.223248860304183
92,11,31,7,1,89,10,37,4.97599288305861,0.235459323786979
92,8,28,5,1,56,11,32,4.56822759270857,0.126188239199109
41,4,36,3,4,47,8,31,8.78606327060826,0.060091397492215
3,1,27,2,5,13,7,26,7.26964926502268,0.0503158601932228
15,2,26,2,9,4,6,25,5.28825508709091,0.22337892394394
77,8,30,6,1,37,7,30,0.00112533586815022,0.19484989879534
73,7,34,3,1,25,7,34,3.91619234932112,0.564264175916249
91,6,30,5,1,98,14,32,4.12408893685218,0.0429224508364493
78,5,31,3,2,45,11,28,6.20391623910155,0.865972684654308
5,3,19,3,2,0,4,32,5.89354185202846,0.269072943961826
65,7,39,5,1,76,8,33,1.46996011559644,0.0259179324052616
51,7,29,5,3,41,7,30,5.37106382181286,0.311081384519463
43,6,34,4,2,72,7,36,1.42214549721646,0.0832014930201694
99,6,30,4,1,81,12,33,-0.354610906395475,0.266589489857474
91,6,30,5,1,85,12,27,3.20409108424217,0.120382916065864
30,2,29,2,1,28,6,30,10.5108493390804,0.95794949442485
19,3,24,4,3,4,4,22,7.13227529716058,0.491128463277078
74,9,41,4,1,37,6,37,8.51916181408088,0.244302405732426
24,4,22,4,6,10,4,23,5.30328674867023,1.33676035368914
22,4,29,4,4,39,6,30,3.10708350645717,0.0753582693869248
15,3,26,5,1,33,8,29,4.67353380674108,0.00807639362756163
53,4,28,4,1,62,10,35,6.90900475009938,0.10373482236173
53,5,31,5,1,77,9,29,3.40743214736768,0.0227934814756736
93,9,42,5,1,92,12,43,8.63510190388237,0.193613705214787
18,3,34,4,1,76,8,35,5.63387428647349,0.00265707413200289
41,4,32,3,4,56,8,35,7.80105637494213,0.0453398753888905
31,2,33,4,1,92,9,22,5.06338307139723,0.239907296829599
82,8,34,3,8,88,9,33,1.7877591138211,0.192563950438922
24,5,30,3,3,4,4,32,6.54128601709315,0.972274020807087
21,2,28,3,1,14,7,31,6.79178418676249,0.193244434416968
13,3,19,6,2,14,6,20,-2.74152794861766,0.045757268439047
67,5,26,2,3,20,8,34,8.646953235058,1.35189470315451
99,8,34,4,1,94,13,32,6.79652534642259,0.251789512560767
22,2,31,1,1,5,5,30,8.69632874132977,0.376131605518464
82,6,31,5,1,81,9,29,0.319548379141832,0.399928165764232
28,4,28,3,5,63,8,28,3.55746952622536,0.0981006460497156
18,3,28,3,3,37,7,33,11.066955439762,0.296073604364622
75,8,39,6,1,77,8,31,6.10649564719351,0.208212156232268
44,6,24,3,5,22,6,34,6.11118976614787,0.645429875204498
26,3,31,5,1,87,10,32,5.67486628835477,0.0295106914446064
64,6,34,6,1,58,8,28,4.77952269422579,0.0688600990688428
39,6,27,6,1,15,3,28,6.44215991979849,0.473638574571765
80,6,33,5,1,92,13,39,2.15899090923432,0.0510687725123685
98,7,29,6,1,72,10,29,-2.55822152523036,0.0345896176295355
46,3,29,3,1,13,8,33,6.00530501306645,0.0992109146163378
76,7,30,6,1,50,7,28,3.78100266935654,0.227697007766153
18,4,31,3,2,32,5,37,6.35505009633533,0.469531848074353
86,6,36,5,1,88,10,28,4.40090643314023,0.325504495984617
34,3,23,5,1,37,9,30,6.25745225265761,0.129176185582764
17,1,32,2,1,29,6,30,14.6741396560738,0.5654609366005
49,5,29,3,4,43,6,29,3.45553019405128,0.103718007513232
76,7,34,3,5,81,8,28,2.7064662415312,0.0469132469055557
23,2,32,4,1,60,7,24,4.61752157074153,0.146670055226423
5,3,30,3,2,2,3,28,6.20690150967317,0.324460612832311
19,2,21,2,9,14,5,27,6.57714639555601,0.247631394293833
61,4,34,4,1,46,8,26,3.83521622812361,0.307569690038192
97,7,29,6,1,98,15,30,3.35295872747771,0.192397569761354
14,4,29,6,1,36,6,25,3.41058525606526,0.0609941977503806
67,5,25,5,1,50,8,27,0.118228145663408,0.166121530812234
10,4,24,4,15,18,5,32,6.64125216042489,0.0750173365231603
64,4,35,2,1,55,9,35,11.5413534738791,0.996933845284969
41,4,26,5,1,77,9,23,1.53225493748236,0.0796483103185892
41,3,27,5,1,63,8,22,5.84373119922286,0.242966044218022
33,5,30,4,5,30,6,31,7.40570085543998,0.268459465222722
4,0,18,3,1,4,4,23,10.8086116836176,0.682752395482892
4,2,19,5,1,17,7,22,6.50467843367547,0.297256758193228
17,3,28,4,1,20,6,31,8.48927445244278,0.0867176351262701
83,7,34,4,1,90,9,33,2.48038600197561,0.253098273568173
42,2,33,3,1,61,9,29,7.36182634778443,0.128726711147465
39,4,32,3,1,6,5,33,8.55029892110501,0.519907967621619
96,7,27,5,1,70,15,31,0.80566695784273,0.0242804173367651
72,4,35,4,1,79,11,32,6.90523886436933,0.419674947371191
58,6,26,6,1,22,8,31,2.48439965910535,0.128093281993642
98,9,35,5,1,70,11,35,1.95704819596596,0.214003502476623
27,4,24,4,1,44,8,34,7.68167631538125,0.235881649412888
30,5,26,5,1,25,5,31,6.73330256814525,0.198378352903503
68,6,29,4,3,71,10,34,3.49401243870414,0.0113620835658325
88,7,40,3,1,86,10,35,6.06689275520844,0.233188443573865
14,3,31,4,1,49,5,32,6.01233956609104,0.0973145521312497
73,6,34,3,1,85,9,33,9.22099693848313,0.245160699838795
31,6,33,5,2,52,5,27,3.59627965415679,0.0519159220857546
91,6,38,2,3,69,12,32,2.87915783804137,0.0845022912835702
58,6,27,6,1,51,7,23,1.56470505512555,0.0228307383538477
14,4,25,5,2,34,7,32,6.42499241808872,0.414345823673016
36,2,21,1,6,1,6,22,8.89908169315897,1.47700005388799
22,4,26,6,1,37,7,35,6.21358363917397,0.0683490452356637
22,5,33,6,1,40,5,34,4.85773680693374,0.0772702245270976
17,2,26,2,2,1,3,22,9.08056952653831,1.95186494391712
40,3,27,5,1,66,9,30,7.48650102811553,0.334585913679305
19,3,25,3,1,4,6,32,9.2416902048815,0.246744102322239
59,5,32,4,1,46,8,32,6.29121752189983,0.0779604860395738
33,2,29,1,2,7,8,30,7.61808224026424,0.388000476852877
85,6,30,2,1,34,11,34,10.7257410629678,0.488761793775383
68,4,27,4,1,52,11,30,2.34863797108327,0.250174963109902
46,7,29,5,4,33,7,30,5.96430569602516,0.106004716362804
86,9,39,5,1,97,12,36,1.10218272780316,0.00420857170104903
66,6,28,5,2,65,9,26,4.81552748019407,0.0658938949927688
56,6,35,3,2,72,8,37,9.45165945119927,0.486253011485046
58,6,26,3,4,14,7,32,4.17746837835981,0.222217986116859
5,4,22,6,1,4,3,21,2.60286391096398,0.856544002848578
9,3,27,4,1,14,3,29,3.23542078572103,0.122286117311877
86,7,34,4,1,93,10,32,1.78469454246076,0.0398549233796075
67,6,32,5,1,43,6,28,0.630437901430398,0.060062927854312
36,5,32,5,1,62,6,35,9.10977202015875,0.164124932605773
42,3,24,5,1,55,11,30,5.0218851096542,0.231933706895191
88,6,30,5,1,67,10,24,3.34030087033622,0.792550103696895
37,4,29,4,1,30,7,33,7.95467060855122,0.116169045776043
85,8,36,5,1,92,10,29,3.63262714888688,0.0667753145098686
29,6,34,6,1,44,5,31,4.87935160804694,0.0495299157919362
63,5,30,5,1,73,9,22,5.61962440848794,0.207253727585751
12,5,32,6,2,34,5,27,2.40642106767932,0.00240514695178717
12,2,23,5,1,3,4,23,5.61365882466754,0.127718602228477
84,7,36,4,1,68,11,32,2.71123570022573,0.0303472179220989
78,9,27,4,5,52,7,30,3.89548957876549,0.592426502343014
34,5,23,5,1,7,7,33,4.71022937711643,0.0495504289915643
57,3,33,3,1,78,11,31,8.83577360775937,0.0933633094071662
77,9,39,5,1,82,8,32,4.13482311323517,0.128829741501249
47,6,26,5,3,30,7,27,2.13467071371961,0.108310907197372
24,4,27,2,6,22,5,31,3.93137679379883,0.35124157599867
57,5,31,3,3,55,8,34,5.05744474518903,0.0698544651674929
33,5,26,3,9,5,3,25,4.30014858321324,1.29092661425194
85,11,28,5,4,39,9,34,3.82120388856604,0.0706339792983471
75,7,29,6,1,92,11,35,2.98091614797866,0.0471849866444245
93,6,32,3,1,95,15,36,4.19871533737742,0.0927580497293909
12,2,24,3,4,4,5,24,7.25412888010742,0.339850642009381
45,3,31,3,1,76,9,29,5.97958599725601,0.268700755789568
62,3,31,5,1,97,17,31,5.10778081985547,0.00118220248259604
7,0,20,4,1,13,6,17,5.26505759285533,1.07879697990822
8,1,22,1,4,5,6,28,4.85547588485258,0.477782072944051
17,4,25,6,2,28,7,26,7.84919719346272,0.0780661525727241
92,5,31,4,1,57,13,34,8.59687924085317,0.156505244434811
4,2,31,5,1,11,5,27,7.42635387961504,0.222828516958955
30,4,23,5,1,22,8,34,7.01884042680841,0.410821862497783
18,2,31,2,3,56,6,27,5.886107186489,0.0353674886282533
49,7,33,4,3,77,8,37,4.25757974037104,0.0432985218940303
36,6,32,5,3,62,6,32,3.81264381809865,0.00814658182207495
64,8,29,4,4,31,5,33,7.40146850457902,0.312995994918722
21,2,22,2,4,16,7,23,11.4534214157327,0.669154014872545
79,5,36,4,1,84,9,24,3.67691688766108,0.159928259556182
11,0,28,2,3,32,7,21,6.20267404181881,0.154185334919021
84,8,33,6,1,86,10,36,-0.668306688727781,0.077075123321265
88,5,31,3,1,81,10,27,3.94693686891181,0.412789961767799
85,8,35,7,1,94,11,38,1.3305034922954,0.0266541324090213
99,6,32,3,1,95,12,32,4.98953753892716,0.32807996146262
50,4,32,5,1,85,9,34,3.24658562898811,0.0103834770860462
25,5,31,6,1,59,4,32,5.65779338708603,0.18393473465808
72,5,34,2,1,25,9,35,7.85377558056561,0.508154205491251
10,0,26,0,2,0,3,21,3.75373954019077,0.964392477128297
32,6,25,4,3,4,4,31,4.47947484629794,0.379352151395238
98,6,30,3,1,68,12,29,5.01933624713101,1.16194732946562
26,2,21,4,1,48,10,28,5.73562905073118,0.261471488130614
59,7,33,7,1,91,9,29,-0.248514655268024,0.0144736601627707
8,1,22,3,1,26,6,22,4.17453519764938,0.192121100601482
1,0,25,4,1,14,4,19,10.6036984760876,0.303437820159572
72,7,26,5,1,50,10,36,1.69940521032183,0.0336499842815101
53,4,30,4,1,48,6,28,2.01394522127135,0.410529762019819
70,5,33,4,1,77,10,35,4.86248873960501,0.0260326545435752
54,5,32,4,1,69,9,40,5.73234828670682,0.156964520225301
69,8,35,5,2,89,8,31,4.25461851784902,0.281130112929943
17,4,28,5,1,5,4,32,2.194125841495,0.163712615263648
78,5,33,2,1,55,9,30,10.1281942767664,0.638403164656991
24,3,28,4,1,54,8,33,5.86567027622114,0.0381399414356438
61,6,27,4,2,23,7,28,3.95811948800619,0.809675225946021
27,4,25,4,5,16,5,26,3.08029017940424,0.506243320160961
4,2,22,4,2,2,5,27,3.01994959485914,0.218367721723619
47,3,32,4,1,77,9,28,6.29588158632232,0.0465264176426828
57,7,38,5,1,89,9,37,8.08829217072466,0.0283013191797164
34,2,23,3,2,13,9,28,6.76983987794138,0.669974279092783
13,3,33,5,1,60,6,33,7.32767962966094,0.0786083193592226
25,3,29,5,1,45,6,22,3.13282264421951,0.00898328225594014
30,5,30,3,3,34,5,33,3.89365948438259,0.346996548564589
26,2,33,3,1,57,9,34,10.1521521761335,0.0594603605775764
51,5,26,5,1,58,9,32,7.37899077960146,0.603313674075401
45,5,31,5,1,46,7,27,2.78114609058842,0.0405423451447859
64,5,36,5,1,92,8,27,4.2615497838778,0.0973203149624169
0,2,22,4,2,2,5,26,3.91895233637105,0.179885967624116
99,6,34,2,1,78,11,28,5.77930688305373,0.161536132916808
92,10,35,6,1,85,10,31,3.17514339096958,0.219290840542171
34,3,29,4,1,15,6,29,5.61069234181422,0.1278320485726
64,5,28,5,1,30,8,29,-0.179597403783887,0.1871822436201
77,5,37,2,1,86,11,35,5.25240686896846,0.338947133616287
94,6,40,5,1,91,10,31,3.19640712304472,0.0788799140136689
55,7,31,6,1,76,9,35,3.18499260712148,0.0200437976128427
55,4,30,5,1,58,11,30,6.82781219607678,0.368803821483111
63,6,27,3,5,27,8,31,2.3875150346691,0.0797998436028138
30,2,20,3,1,1,5,24,5.99836081697991,0.46053535256297
11,2,29,2,5,14,6,27,4.82682691734017,0.0358641780912876
77,6,34,5,1,96,10,32,2.38524475871222,0.0251927470089868
42,5,26,6,1,42,7,30,1.85278203459216,0.296449046571481
5,2,31,3,1,6,5,34,11.396640775537,0.177518646112172
72,5,36,3,1,74,10,28,2.05009771803862,0.0723846638575196
38,4,35,3,2,59,8,32,4.63778028443489,0.040575812687166
77,9,39,6,1,76,8,29,-1.63365424318842,0.0378825278021395
54,6,30,4,6,59,8,34,4.71468028036814,0.103728766203858
11,1,29,1,3,5,4,24,10.786118231157,1.18582066607879
64,6,30,5,1,57,7,28,0.730372325697546,0.106564652058296
58,5,30,5,1,76,10,34,3.53977922165356,0.03139080805704
46,5,34,5,1,71,5,31,3.81825078618127,0.178505997861478
46,5,24,6,1,51,10,34,4.78620996663806,0.372031474937376
32,5,30,6,1,49,7,34,8.93102074044468,0.101092418888584
9,2,24,4,1,12,6,26,4.2143973028579,0.0527387667680159
87,5,32,4,1,72,9,26,1.58290498249893,0.505919217111027
47,5,25,4,3,12,5,26,4.21306677599736,0.801782039883447
30,5,28,6,1,35,6,22,3.34606358671718,0.0256091306218877
17,2,23,3,2,4,6,22,4.66500003526363,0.103122857895772
69,5,29,2,1,48,11,38,8.86796440738592,0.168924343888648
62,4,24,2,3,51,10,26,8.07939820026653,0.772509191143227
92,9,37,5,1,88,11,34,5.31080374648549,0.0872263825731352
68,6,37,4,1,56,8,29,6.28395341995879,0.10415352252312
1,0,30,3,1,43,5,23,7.13441466188658,0.248131916149262
64,8,40,4,3,84,7,36,4.96562137174691,0.138399735643308
40,6,29,4,5,29,7,29,6.28379712648819,0.159416645416059
40,4,31,3,2,7,6,32,8.88263415849869,0.290017504700202
6,2,23,3,1,1,3,23,7.62163793467361,0.801636248784971
32,3,26,4,1,41,7,29,6.68744992157133,0.500185098478055
15,3,32,5,1,70,7,23,1.26847335829107,0.0211735875345767
76,7,38,4,1,77,10,40,5.83332468768776,0.0884906799765304
84,9,33,7,1,88,8,31,2.98720868714495,0.148185149417259
31,2,28,3,3,65,11,29,11.7060922296151,0.139410239199783
44,6,31,3,8,70,7,31,7.45298087065185,0.440701826920217
47,6,27,4,7,53,9,32,4.4919453346069,0.201731044788587
99,6,34,5,1,94,13,33,0.151554639843367,0.103412536394809
92,6,33,5,1,86,13,34,2.03964297488323,0.0426404292229563
53,4,31,4,2,90,11,31,6.96279787952741,0.0750831803306937
10,5,29,6,1,10,3,22,3.86757238169719,0.382362330777055
71,5,27,3,2,72,9,29,7.25187795849166,0.973954257968456
73,8,28,4,2,16,6,33,6.94899560892783,0.410145763286805
89,8,41,5,1,98,14,38,2.71189587218737,0.00969242333016633
26,3,30,2,3,23,5,28,7.74879767078947,0.734430449041438
61,3,29,3,1,78,12,34,8.27468602395181,0.290558549332175
50,6,34,3,2,9,5,34,5.13445677145024,0.385544117519116
9,1,25,2,2,0,5,27,7.90249679719246,0.297678270832378
40,3,33,2,4,26,6,22,8.09605028143359,0.705125994938326
86,5,28,4,1,67,11,28,3.82858105417707,0.320665420953858
98,6,30,4,1,62,10,25,-3.30620296943765,0.228747479141432
93,6,39,2,1,85,9,35,8.88064010805109,0.39352319294349
45,6,27,4,6,58,7,28,1.11961314242132,0.123743361094967
23,3,22,3,3,35,8,29,5.12086572076213,0.515955170595503
73,7,30,3,5,50,7,29,4.12302020655836,0.195911704655182
38,2,22,1,10,25,8,23,3.65328481895993,0.33608415814929
37,6,33,5,1,37,6,33,8.77269952650804,0.158606025041081
10,1,20,4,1,13,7,22,6.03792870598166,0.465644842039248
50,3,33,2,1,41,9,35,9.02117113951341,0.828863237011147
4,3,32,5,1,55,5,25,4.53826691318056,0.140712092863396
72,7,32,6,1,93,13,34,2.65350801822721,0.0201576941180974
84,9,33,4,2,77,9,40,3.54137800968607,0.046795042947052
65,6,32,4,2,86,11,33,4.44057031545517,0.056766829569824
1,2,30,5,1,54,5,23,4.56138484179666,0.00767056950607052
59,3,29,2,1,19,8,28,4.22108705453879,0.830595245542836
48,3,28,4,1,43,8,22,2.22205369153127,0.142641373793595
60,5,27,3,6,57,12,33,5.29649552939569,0.245518006839532
30,5,31,5,2,61,6,31,6.01003865893823,0.0401385574647803
2,3,22,5,4,7,4,21,4.52626867057349,0.0757199415238574
15,2,30,2,3,53,6,22,9.29368494393492,0.260240362248126
44,6,35,6,1,46,7,30,-0.718170864456559,0.0395573497517034
26,2,33,3,1,69,9,27,7.74751786366273,0.00925829904044612
48,6,33,3,3,63,7,37,3.60291337716784,0.126070145639487
79,5,26,4,1,43,8,26,2.46957251847184,0.393668964949852
5,4,30,6,1,49,4,29,3.88959468864533,0.0542332448322267
85,9,28,5,2,77,11,39,-0.521662698383027,0.161134334164672
71,8,28,4,11,47,10,35,6.36797341312336,0.559316528035618
60,4,28,4,1,86,14,33,3.23188897576765,0.00526722357608378
23,2,33,1,1,29,8,32,7.12290211734986,0.0756361085223034
61,4,29,5,1,39,8,23,1.56896686341818,0.109683768358082
62,4,28,4,1,67,11,37,8.12348150643834,0.237757320876059
5,2,30,4,1,34,5,29,5.4747809239856,0.0184966232264904
92,5,30,5,1,97,17,30,5.92772562115278,0.0749608740606971
91,9,29,4,2,24,8,34,5.94913228394738,0.610642319047982
30,4,34,4,1,15,4,25,7.83590972293008,0.530623852709466
38,5,33,5,1,54,4,28,4.23946395442045,0.312418715552169
7,4,28,4,10,5,4,26,6.88856478880548,0.2614139187976
20,3,31,3,3,36,8,32,6.9669920424746,0.0304680645423634
58,7,27,7,1,22,7,32,3.84994981280124,0.0504818985937163
51,5,35,4,1,92,9,29,8.74222885917528,0.132504730136134
29,3,33,5,1,75,7,27,5.62354288749877,0.187045179862753
39,5,36,3,3,77,7,35,6.32654604473008,0.0344189872266725
94,12,41,4,5,96,12,43,4.74872173623893,0.0227414481729004
2,1,31,3,2,23,7,29,8.94453848252273,0.0286779496603736
5,4,28,6,2,26,4,25,3.45380533325648,0.0142241949215531
20,3,23,5,1,33,8,34,7.33283703279976,0.136082075885497
23,2,30,0,6,57,9,29,14.6525016419467,0.245142958847732
5,3,28,5,4,34,5,25,2.74982289650554,0.0182833836278106
63,6,33,3,5,29,8,32,9.4842703607325,0.430866683329933
0,3,20,3,7,0,1,27,2.3846857693625,0.620949667381281
17,5,29,5,1,33,6,38,4.40643714034471,0.11975309648551
32,5,29,5,1,24,5,34,9.37259239036421,0.34885360484705
49,5,33,3,2,74,9,35,6.29287611006869,0.212457777456123
75,6,26,5,1,60,11,35,6.58435728151702,0.17245131067466
60,5,29,3,3,53,10,34,7.90432052221774,0.227142708365548
95,11,43,4,1,62,8,41,2.99102321698441,0.0389326537260786
58,4,31,2,1,46,7,31,8.23773192909404,0.410540791669661
47,6,36,4,1,82,8,41,7.14691483576174,0.0646379605453441
5,1,31,3,1,43,6,22,5.77282244636689,0.0416541325394064
13,4,28,3,11,26,6,30,6.39522829105847,0.099444000122082
25,3,33,3,2,33,6,23,11.1793004937074,0.178990056494924
94,11,42,6,1,96,10,39,5.02397103637445,0.0571286815684289
34,5,30,5,1,62,7,32,0.822276614279914,0.112219610251486
63,5,32,5,1,82,11,31,2.91251786082647,0.0636167277116328
25,4,31,4,1,64,6,33,10.5734164654917,0.255539154856208
77,5,29,4,1,64,12,34,7.39000953778037,0.133765325765125
40,4,30,2,6,14,7,30,8.74252010582406,0.194338087511199
64,7,35,3,4,27,6,32,5.69589317111136,0.146984130493365
42,5,31,5,1,50,8,28,5.70242500877982,0.233468648501414
65,5,30,3,1,38,8,31,7.40989315251532,0.528528064923519
22,4,30,3,8,40,5,28,5.35694466469056,0.48934238037266
25,5,25,6,1,17,3,26,1.13548885844538,0.210295548884872
31,2,30,1,2,29,6,32,12.4871287992125,0.385764358078545
67,5,35,4,1,82,8,33,0.916562630515202,0.133304997347295
42,4,29,2,2,13,7,35,7.20179153711462,0.607640249157482
35,3,31,3,1,22,5,25,3.91151841741203,0.472444158807618
34,5,26,6,1,39,6,28,3.08995664271643,0.0551047548651695
59,6,28,6,1,86,8,30,2.32868975418276,0.333451716451648
33,5,30,5,1,75,6,27,3.42837668554931,0.0199164686532369
61,4,31,3,1,39,8,28,1.78096828014647,0.291179072101343
86,6,35,4,1,95,12,31,1.84968878962645,0.0348137229448184
49,4,23,2,2,1,7,33,11.1609519945182,1.22880617940897
28,3,23,5,2,38,10,27,3.3125350674948,0.133604064118117
58,8,37,7,1,93,9,34,6.78196083474626,0.0506632092874497
77,6,37,4,1,57,8,30,0.889854579642559,0.102685979218222
1,1,17,3,3,21,8,25,5.01534279666597,0.0253260560566559
48,3,24,4,1,29,9,26,3.71346067497881,0.0815218336931088
84,8,30,7,1,94,12,34,2.44412460405116,0.00927297236789511
69,6,30,3,1,26,6,29,3.92926472959075,1.02476681530812
11,4,31,5,2,25,4,28,4.23930849911098,0.0816161503590817
53,5,31,3,3,76,8,25,5.42570823999487,0.184239383761017
38,5,33,4,2,81,7,31,4.64374852592844,0.0856088364588587
90,7,35,5,1,85,13,31,-0.232159002872498,0.0804209755733609
22,5,30,3,7,8,3,27,1.87983800886973,0.151480479980819
29,3,35,5,1,65,8,26,3.29128431734821,3.35243530571461e-05
17,1,33,2,2,42,9,30,9.92603451871768,0.0330260014161468
37,5,24,6,1,13,6,26,2.37553524259727,0.270666574350301
59,5,26,5,1,63,9,25,1.12514209680791,0.0666565517894924
22,2,27,2,4,23,9,26,7.09032219441196,0.169720374862663
72,6,30,3,1,19,6,30,0.997256145474513,0.393545955182331
15,1,32,3,2,35,7,23,11.9889796801218,0.168426532647572
39,4,35,2,4,57,7,30,7.47264610899356,0.46182387692616
61,4,26,2,5,63,12,31,5.26098265807045,0.297946144816208
91,5,29,2,2,88,19,37,9.39614707586385,0.605497995654102
43,4,33,3,4,34,7,26,3.8975620177227,0.269283638558093
92,5,31,4,1,75,15,33,9.58202184928585,0.217747320177707
82,8,29,4,1,73,11,40,2.97158135478974,0.229408471834588
80,8,32,5,1,42,7,32,-0.031755773350957,0.24692014347643
0,2,26,5,1,12,6,26,6.17932670498308,0.0966061780927703
55,5,31,5,1,55,9,25,3.83943327141833,0.231527521689608
16,3,33,2,4,15,5,30,11.3194667629598,0.128351430525072
55,6,33,6,1,86,7,30,4.61781735154137,0.102106158976514
49,4,34,2,2,23,7,29,4.58859891489219,0.17077974032145
39,4,35,3,5,58,7,28,5.0515995687809,0.080331277572175
88,8,32,5,1,94,12,36,2.56177057720916,0.0898727571099575
22,2,25,3,2,2,6,30,10.1441279467533,0.293968535949218
64,4,35,3,1,44,8,27,4.35085376198243,0.149651090265252
89,9,41,6,1,99,12,36,-1.23401057376201,0.0136663113953546
82,10,39,4,5,54,7,29,-1.16339415452835,0.165931790019386
99,6,34,5,1,88,12,31,3.72856632439127,0.129216090776026
82,9,29,6,1,78,9,34,-1.33857096884494,0.0263855380163988
59,5,29,3,1,46,7,31,2.97875484633785,0.118526623933576
44,3,23,3,1,21,7,25,5.28013365520821,0.258049772408666
31,5,30,4,4,21,6,31,4.75048196533295,0.0423916023661838
70,5,30,2,2,20,7,27,3.9249862876531,0.212502785016525
56,3,31,2,2,23,9,29,4.63109812929988,0.222169395292851
3,2,31,3,3,57,8,30,9.11628324657321,0.17546764294498
72,4,25,5,1,75,10,31,2.21370404322567,0.258514467384674
10,1,30,1,3,4,3,24,6.99368641929004,0.305953506136987
82,5,34,4,1,88,14,27,3.99001791933302,0.202066477027591
54,3,36,2,2,44,10,29,8.21704698735365,0.207365245547819
87,8,35,3,5,95,12,34,3.60143576189786,0.0935953811276704
66,4,37,1,1,26,8,35,9.24293982368174,0.62980346518212
47,3,31,1,3,55,9,26,6.6861170075778,0.322545958672392
30,4,27,3,2,25,7,33,11.7007842819231,0.288634109300304
62,7,28,4,2,33,8,39,7.71399985716179,0.440265395191914
10,4,26,5,2,28,6,29,1.57775907789261,0.00304444861424532
20,5,27,5,1,14,4,32,6.44338307492129,0.105581492302008
34,6,31,6,1,36,6,33,5.58205714695195,0.468219902333312
7,3,33,3,2,2,2,32,13.859030791786,0.532476474033827
69,6,36,3,1,93,9,31,4.71302066715472,0.185880262797647
48,7,29,4,2,9,3,32,1.31012823520411,0.610023413287634
7,2,29,3,2,6,5,24,6.57025992110739,0.237127038872543
56,3,26,2,2,20,8,25,8.07218457784729,0.910024621937067
49,3,33,1,4,74,10,30,10.1806936045819,0.0709005451168464
13,3,27,5,1,2,3,25,3.83936875426956,0.100329663255252
76,4,34,2,1,54,10,33,5.78435896880756,0.394651031201437
34,5,27,5,1,3,4,31,6.74196134707056,1.23975166647771
17,2,19,4,2,3,5,24,5.00880730898209,0.580919583762223
21,5,33,5,1,20,4,32,4.30837894726982,0.0294806538966526
94,7,28,5,1,74,14,29,2.53438953314985,0.0133124466519803
8,2,28,3,1,11,4,26,7.90134680835993,0.477862582055336
44,5,26,4,7,18,7,25,5.35837517926818,0.774000119375897
84,6,34,2,2,88,9,34,7.89583993928549,0.864761766004276
36,3,26,5,1,40,8,20,0.646412734889808,0.0105735448887572
87,7,36,4,1,92,10,42,8.2907974661704,0.128939396217618
24,3,27,3,2,37,7,34,4.75470843896126,0.0535131029319018
95,8,29,7,1,95,16,37,0.629022116231358,0.0102638308890164
34,4,27,2,3,27,6,31,6.30092040590626,0.563810189688736
99,8,30,5,1,97,15,33,6.55594020946446,0.0539505677297711
52,7,28,7,1,76,10,31,0.913723038334807,0.0916011842473919
13,4,31,3,7,3,3,27,6.39566403678846,0.366438540609038
23,4,27,3,14,22,6,29,3.71201775342034,0.0432818940410813
87,7,31,3,2,55,9,30,3.10146285134668,0.229524738610464
3,0,21,1,5,0,5,19,8.87011473192552,0.870880001637727
84,7,30,3,3,76,13,34,6.08161744515469,0.540427200736224
6,4,32,5,1,34,3,32,4.3035259161587,0.296925134713504
96,7,34,6,1,98,12,33,3.76726514417375,0.188938572759482
11,4,21,4,6,23,6,28,7.20770790075408,0.294332124282348
3,2,33,4,2,38,4,24,3.93790493864268,0.0174249379509629
95,9,38,3,1,81,8,37,5.92925577152349,0.625784813860589
95,10,31,5,2,66,8,28,4.83430177120627,0.289678507589877
78,6,32,4,1,85,10,34,7.14182811719965,0.783753871875715
83,9,28,5,1,21,5,31,5.52170042356362,0.640112613761956
6,2,26,5,1,22,6,22,7.20901228343529,0.210702138476747
43,5,29,4,4,65,9,35,6.00681995642376,0.125050624017604
47,4,28,2,5,60,9,35,6.48505506276218,0.246634682629931
18,5,34,5,1,60,5,34,9.14781614607278,0.0550531746121123
65,5,30,5,1,80,9,21,4.10110587096892,0.26124637130529
16,1,25,2,4,10,8,24,8.3986036430191,0.363444381372488
47,4,25,5,1,24,7,21,0.44229227464624,0.0441167239168356
36,3,27,5,1,32,6,23,2.12749455634151,0.0261753655504435
5,3,33,2,2,9,3,26,5.32578321420939,0.733890347140742
89,9,33,7,1,74,9,33,-2.99295327937467,0.116727306041867
40,5,35,4,2,55,7,30,8.38591327741904,0.130596613196606
57,4,25,3,1,14,8,29,1.2922955420953,0.601263713525766
61,7,33,5,1,64,7,28,0.706552103873961,0.0127803626213393
3,1,29,3,2,30,7,29,8.3638617341497,0.146145466016605
62,3,25,1,6,38,10,27,9.17260668421387,0.402278754888307
75,6,34,5,1,78,10,26,3.37545677879557,0.314338294545862
96,7,32,4,1,82,9,30,2.290899554861,0.486783475695229
73,5,30,4,1,80,10,31,6.28932544989257,0.668559804061586
87,7,32,4,1,65,11,32,4.85506279288926,0.228753546475175
53,3,28,3,1,69,10,29,6.78398070625422,0.0829783437075093
20,2,23,4,1,27,7,17,0.708273728637757,0.210852418550032
74,8,28,4,2,29,7,37,7.86340218934433,0.47676311225378
65,7,32,3,2,38,7,38,3.97049384758459,0.0745483783539385
38,3,31,3,2,30,8,32,8.23168010646763,0.211581769621673
42,3,25,3,2,47,9,28,6.49195745419021,0.111665220698342
33,4,26,2,3,3,6,33,8.92409361273881,0.459538837873793
15,3,31,5,1,42,5,21,-0.0183926327365551,0.025050500236764
36,2,24,1,4,11,8,29,5.53215287999306,0.505885393337763
31,5,35,5,1,76,6,31,8.1348011406588,0.0883708766195923
62,4,30,2,1,31,8,29,6.12938904421632,1.27095975793378
17,4,29,6,1,38,4,28,4.13475354337696,0.419551676583892
55,4,34,4,1,90,11,35,9.79875666244585,0.28466838178106
1,1,31,2,3,4,3,20,4.43185763302639,0.271584491640223
79,6,31,3,2,38,9,29,5.96847222543786,1.03592745349148
91,6,35,3,1,53,9,30,4.60163699887309,0.439726990160948
23,3,32,2,2,15,3,26,9.14648442453047,1.9344695542324
17,3,22,4,2,12,4,28,8.88694880157377,0.426195880894593
13,4,30,6,1,65,7,30,6.23688231870799,0.022468667360954
82,5,31,3,1,89,13,34,7.73275825448271,0.451393037547773
72,7,26,7,1,32,7,29,-3.08620262402394,0.215711372893977
13,3,23,4,2,0,3,24,7.87987434978465,1.49928924060407
51,5,36,4,1,53,6,32,4.77762270791156,0.0982849131105468
82,7,32,3,3,72,10,36,3.40283053152968,0.257787370345298
86,10,38,6,1,86,8,32,2.28600205940694,0.0478276350291159
83,10,30,5,1,62,9,36,5.8410575534601,0.295934135016782
91,11,32,5,2,93,13,39,4.76832509199745,0.0404433163065161
3,3,20,3,23,0,3,23,0.994940349055614,0.268911428464748
40,3,34,5,1,87,8,29,8.00458847610004,0.456313073720122
33,3,23,3,8,24,9,31,11.5145270387111,0.26769778951967
28,2,32,2,2,74,9,27,8.33100497676612,0.155102836969985
73,6,29,3,2,46,8,35,7.2689125086955,0.665024174811477
48,3,31,4,1,74,8,27,5.39381957558685,0.423854589441276
88,8,37,5,1,97,14,42,7.18492948202777,0.0888807018054649
21,3,29,5,1,58,8,27,2.60059972007021,0.0406788972904906
74,8,36,3,5,44,7,29,0.753602054827264,0.0895341717827021
81,6,32,2,6,85,10,30,7.28089503361833,0.27322982273877
81,5,30,4,1,85,12,36,8.83101988752143,0.170223733177409
83,9,28,6,1,73,8,34,2.74420227570683,0.303789857764471
71,9,35,6,1,60,7,35,5.75944559365482,0.0763228606665507
73,9,38,5,1,58,8,35,6.9532364098351,0.193406421447846
77,9,30,7,2,96,11,34,0.220365053902773,0.00514443055726588
32,2,27,4,1,43,7,25,5.26725507317262,0.138019079226069
37,4,34,6,1,80,8,25,2.45202880757852,0.0400702168699354
5,2,19,2,3,0,4,29,5.54434031646786,0.377665653098141
6,3,26,5,3,40,6,28,3.50378124903334,0.0156579413980169
38,3,28,4,2,34,8,28,2.35858476891295,0.210690269469026
90,6,38,4,1,98,15,38,5.55989571416347,0.00768731902283052
69,7,31,5,1,74,11,30,0.76982856406439,0.0392166724195704
19,3,26,5,1,39,6,32,7.51582830199949,0.0927890531020239
45,4,29,5,1,52,8,26,4.25178810093404,0.272271006357598
79,8,32,4,1,27,7,32,3.09448108229716,0.555742569701904
57,4,33,3,1,76,9,34,11.3093388395233,0.355105485746121
6,1,18,5,1,4,4,17,1.66392557967762,0.140722312848084
96,7,36,4,1,98,12,29,5.97367420346192,0.135248371046242
99,6,30,5,1,90,20,29,-0.0721720581767462,0.0171184581302913
33,5,26,4,1,21,7,38,9.26975442797214,0.205771486822206
85,8,41,3,2,87,9,33,10.3404582839775,0.173136180499569
74,5,35,3,1,62,9,25,7.4094045021809,0.327291365702379
87,9,35,4,2,72,9,33,0.637482403474748,0.142216189909215
11,4,25,3,5,4,5,35,4.42263613658789,0.168289941373294
36,5,29,4,1,30,5,31,4.81180658844246,0.295670248557556
59,3,36,2,2,77,10,25,8.68652328292423,0.516184562796211
73,6,32,4,1,73,11,32,8.47069171606125,0.172335173003376
15,2,28,4,1,59,8,29,2.50671613045891,0.0332273551170953
4,2,21,3,2,4,4,30,7.75342112919818,0.312567006806113
18,5,35,5,1,32,5,31,3.26521099171011,0.0613301565172151
27,3,32,2,4,42,5,26,5.98502676253777,0.143496217788197
71,4,29,2,1,18,7,26,6.22864227024268,0.822971979114127
91,7,38,3,1,79,11,41,5.75271113047059,0.216533828283402
77,7,26,4,1,45,10,36,4.87590256410591,0.372800013960755
97,11,29,4,3,64,9,35,2.8571065524042,0.242395454774353
43,4,23,4,4,27,9,27,7.08895830888494,0.144249295350164
27,3,28,4,1,43,7,24,0.342259988004041,0.170305106090382
74,7,30,4,1,20,6,34,1.29949743975255,0.202581699348029
58,7,36,6,1,93,10,33,5.42822961535992,0.132477221661247
56,8,27,4,6,50,8,37,0.92928353017341,0.158167026937008
17,3,33,5,1,51,5,24,5.82345080164826,0.150437303702347
15,2,25,2,6,22,7,25,8.40700799680204,0.864615112501097
23,2,30,2,3,26,8,28,13.5798096843171,0.138147929916158
32,5,34,4,1,58,7,34,2.52916129455489,0.0808218847960234
55,5,34,2,6,48,8,27,7.68928882593557,0.18536664667042
83,8,30,4,2,57,11,36,6.61918075652755,0.370248216183341
4,2,18,3,4,0,4,30,11.2772579534833,0.577323521800783
76,8,33,3,4,79,9,33,3.01876061459638,0.192416846218931
51,7,29,6,1,84,10,36,4.39558589049025,0.0327823414700106
72,6,28,5,1,76,10,34,3.7583044270522,0.0498436749912798
49,3,29,4,1,82,12,29,4.59948363526958,0.00284281652420759
1,2,29,2,4,12,5,27,13.9580215807705,0.262582646672356
71,6,34,3,4,67,9,33,9.48945169946263,0.71157268097811
2,3,25,5,3,6,5,27,4.20141474165803,0.0192305088013441
88,5,36,4,1,97,12,28,0.91153119812707,0.0450062227834787
40,3,32,2,2,76,8,26,8.93072919722752,0.332643733815032
74,9,30,7,1,68,9,32,-0.105455586526048,0.010666859840267
61,5,28,5,1,87,11,32,7.72088404086954,0.0952973283128813
25,4,26,4,3,4,4,24,4.33605931837724,0.104818760003965
26,4,32,5,1,84,7,28,5.91399477671074,0.0174560124287382
95,8,36,5,1,94,11,33,5.21807218268864,0.0332057660001868
55,6,29,4,4,42,8,31,3.99920361722799,0.183025654480178
14,4,31,4,3,67,7,32,8.61685135983429,0.107120349421166
3,3,23,4,4,6,4,27,5.30820950500501,0.162825340172276
15,5,32,4,3,5,2,27,4.7932965133814,0.21863249921121
69,8,32,4,1,54,8,40,4.75034863241159,0.3236501251708
56,4,27,2,3,40,8,30,6.08146558449735,0.30560815403119
4,4,27,3,4,7,2,32,7.78166991724063,0.481317089383906
20,3,34,3,1,10,4,29,10.9760728453174,0.304376319505948
61,5,32,5,1,90,13,33,4.86972264883496,0.0913209294667467
88,6,28,4,3,66,11,27,3.22526800734191,0.164425266673788
33,5,24,4,1,1,4,29,3.77931604056778,0.151585552841425
51,3,26,4,1,78,9,28,7.38384001513547,0.744361463892174
89,9,31,4,3,47,8,34,0.46025411733129,0.234141784243959
29,3,31,2,1,21,7,37,12.1695971764621,0.230828637479547
36,3,29,3,5,70,10,32,4.42079116983097,0.0559365275548771
74,9,27,8,1,88,12,35,1.08219616287048,0.0409026820375427
86,7,33,6,1,85,9,30,3.05101342634943,0.429169294869012
15,5,32,5,1,18,3,26,2.78695289981472,0.260955568392503
12,3,31,2,3,1,3,30,13.9942712812257,0.584263008522028
56,6,34,4,2,65,7,31,8.23692425967409,0.34275179960646
27,3,28,5,1,57,6,22,7.0841622783441,0.21029922714338
13,3,25,3,5,5,4,25,2.51295274509911,0.12979051086586
78,8,31,7,1,90,8,32,-0.211713281468073,0.117447729222476
98,11,40,4,1,87,8,34,5.71603759699661,0.82658132720263
34,3,30,3,1,20,6,25,4.54020820043636,0.562058893747805
88,7,28,4,2,59,12,34,3.33779707072368,0.043610202354304
55,8,31,5,2,61,6,29,-0.843401676549598,0.0485974288312718
7,4,34,3,2,19,2,34,6.27502386151736,0.521447923187534
67,6,26,3,4,70,11,35,8.85770306449176,0.692766116434866
37,4,36,2,1,71,6,33,6.9392571865173,0.52827693835138
42,6,24,7,1,38,6,30,-1.21508274497386,0.215274873411956
25,2,33,4,1,85,8,23,8.82746655384748,0.179176528364204
46,5,36,5,1,50,7,34,3.1594682785933,0.115970542305149
50,5,31,4,1,80,7,29,2.00898262263081,0.20663710787774
20,2,19,5,1,15,5,21,2.07240245561807,0.220745219203658
35,3,23,3,1,26,7,28,3.83244123819844,0.205131759230635
73,8,35,5,2,76,9,32,4.97177775123756,0.0653016311116517
5,1,28,2,6,3,5,21,3.61240545724228,0.228443404881957
30,5,25,3,11,40,9,35,4.56812567731936,0.164984813309275
76,6,33,4,2,97,15,36,11.1397383175744,0.0581088254063105
24,2,29,3,1,47,8,27,6.59304454098539,0.423867305719709
11,1,27,1,5,26,7,30,8.47401471362235,0.0996954415459186
74,7,27,7,1,77,9,35,6.48582583677635,0.204648405070159
27,5,26,3,17,29,6,29,2.40272891091747,0.380971265662246
39,2,28,4,1,21,8,28,6.04124334998677,0.338896686256123
61,5,29,3,2,22,8,29,3.42769493451825,0.0423069341564934
99,7,35,4,1,90,12,29,2.05801577919337,0.0034788138531205
34,6,35,7,1,83,8,34,3.20335545364147,0.000597211201347075
48,4,24,5,1,68,8,27,1.38579062335653,0.0621912563219666
22,4,29,4,3,43,6,30,2.31548227749156,0.0926087093539536
37,3,23,3,1,10,6,29,10.1186027615697,1.20187520695137
41,4,28,2,2,26,7,38,5.9885609269692,0.134448885335587
92,6,26,4,1,63,12,26,5.08892512275136,0.226006323693994
27,3,25,5,1,36,7,32,3.27958896485517,0.0405722297932758
36,3,24,2,6,40,10,32,4.90684434567973,0.192660279794338
97,7,36,4,1,90,10,29,5.09090648153087,0.595442490155035
28,5,23,5,2,13,5,24,-0.0590076967018804,0.201298135555092
10,2,29,4,1,19,4,25,1.99732212835462,0.227090207296804
6,3,28,3,4,12,3,30,10.6872071493609,0.662635033453041
1,4,29,5,2,10,5,30,6.47648104600167,0.0325684341016705
66,4,33,3,1,94,12,32,3.65925527495883,0.0112200898583978
53,5,34,3,1,78,9,32,3.37983583987152,0.100017249700613
35,2,30,1,7,46,10,30,8.21596912217353,0.186936639238823
60,6,33,3,4,64,9,32,7.82312837548426,0.29214053483561
13,1,28,3,1,22,6,26,4.45288000131018,0.441220111658281
24,2,28,4,1,14,5,25,3.30863762786684,0.0484620052945577
43,4,32,2,2,16,4,29,6.87124907658681,0.303142937588248
52,3,35,2,2,49,10,30,6.18152296818559,0.165145672159269
56,6,29,4,2,42,9,34,4.21009687125017,0.0821077523287386
29,5,32,5,2,72,7,29,2.74874188605377,0.027036884217523
72,5,38,4,1,84,11,33,2.37977588833103,0.0603524367325008
69,6,38,3,1,54,9,33,7.00828412958981,0.455897419692433
87,8,28,6,1,64,11,36,3.28362987583197,0.0511973161833287
71,4,28,3,1,26,10,28,4.14897151659171,0.45804017934908
26,4,28,5,1,46,7,33,4.90655900851839,0.0634325984780946
67,5,37,4,1,73,11,29,2.31242984775143,0.00744947622374892
4,2,27,4,1,15,5,29,3.6922773048737,0.113042598008178
77,8,37,5,1,90,11,38,4.91064959159121,0.1161989151733
65,6,29,3,6,42,8,25,4.58496135060316,0.745966287135849
18,5,28,5,4,23,4,25,0.947784133456378,0.146786426194012
62,3,34,4,1,90,11,29,1.93178589149468,0.0529392573516816
2,0,24,3,1,3,5,19,4.46550568607419,0.216960710230026
95,6,30,4,1,96,15,35,3.70043191140868,0.0647306232713163
27,2,28,5,1,30,9,25,3.42117276153427,0.00840628077276051
34,5,33,3,2,60,5,32,7.00797317474493,0.919948154542238
25,4,27,6,1,11,5,26,3.71867319829538,0.249476626970547
50,5,25,3,4,5,5,30,8.22143978497662,0.564314979240337
12,1,31,2,2,24,6,23,8.98731725361068,0.279231432581994
15,2,30,4,1,77,10,31,11.1841770084128,0.0186893587863885
87,10,30,6,1,87,9,35,4.38245101397193,0.5852105426287
16,4,31,6,1,37,6,29,5.52676750991895,0.115467807045206
93,5,26,3,1,80,12,35,3.48891281174486,0.210294938170093
71,7,34,5,1,80,10,32,5.52906565735282,0.026384690310806
98,7,39,2,1,96,15,43,7.49148942340649,0.282590572711754
39,6,32,4,2,42,5,30,5.86951061838322,0.807914100545359
16,3,28,4,2,32,5,23,3.68171185426488,0.102011009075118
31,4,26,5,2,47,8,31,1.80175461055334,0.0325781361380731
62,6,28,5,1,29,8,34,3.38160307443436,0.334649735818359
58,8,28,7,1,79,11,37,0.271808613589916,0.0124049809851553
36,2,26,4,1,25,8,25,5.9640495084137,0.514150124487883
10,3,32,4,3,17,4,22,6.65337842855214,0.128083835233115
40,5,31,2,3,35,6,35,9.92608371601749,0.426056177334344
40,5,30,6,1,31,4,24,0.65193360543686,0.271382274295335
77,5,37,4,1,96,10,28,4.76680298683293,0.0559043390676379
14,3,28,3,2,20,3,30,4.96928002472268,0.318681601890105
47,4,33,5,1,89,8,31,5.44771647056211,0.13195074594114
99,8,34,5,1,99,16,39,6.85891953152901,0.0609216042794287
54,7,26,8,1,38,7,28,-3.83796315818828,0.0711351068194563
