K:10
N:2000
Gap:1.44491880484574
Rho: 
1 0.8 0.45 0.2 -0.3 0.7 0.75 0.5 -0.3 -0.1
0.8 1 0.45 0.5 -0.1 0.55 0.4 0.6 -0.4 -0.2
0.45 0.45 1 0.1 -0.3 0.6 0.3 0.4 0 -0.3
0.2 0.5 0.1 1 -0.5 0.35 0.1 0.1 -0.5 -0.45
-0.3 -0.1 -0.3 -0.5 1 -0.4 -0.3 -0.1 0.2 0.2
0.7 0.55 0.6 0.35 -0.4 1 0.8 0.45 -0.2 -0.45
0.75 0.4 0.3 0.1 -0.3 0.8 1 0.45 -0.1 -0.3
0.5 0.6 0.4 0.1 -0.1 0.45 0.45 1 0.1 -0.2
-0.3 -0.4 0 -0.5 0.2 -0.2 -0.1 0.1 1 0.4
-0.1 -0.2 -0.3 -0.45 0.2 -0.45 -0.3 -0.2 0.4 1
X:
63,5,27,3,4,55,9,29,20,1
31,4,26,5,1,34,6,18,19,3
24,4,31,3,7,30,5,27,20,2
37,6,27,5,2,29,6,31,19,2
35,6,36,4,5,41,5,27,24,1
29,5,23,4,4,7,4,30,21,2
22,2,24,2,5,13,7,27,23,6
55,7,37,7,1,86,7,34,21,1
18,2,30,1,1,16,5,30,22,4
0,4,26,6,1,4,2,26,20,1
36,6,25,4,10,10,4,24,21,3
88,6,36,2,3,94,10,33,23,2
30,3,31,3,1,35,6,28,22,2
45,3,31,4,1,76,9,29,19,1
43,3,30,3,2,29,8,25,22,3
41,3,32,4,1,80,8,21,23,1
96,7,31,3,1,72,12,32,18,3
14,2,22,2,4,13,7,31,24,10
40,5,31,4,2,40,5,26,21,1
23,4,29,3,9,9,6,30,21,2
12,5,28,6,1,25,4,31,17,1
31,4,33,4,3,67,9,29,20,1
58,3,29,4,1,52,9,19,23,3
66,4,29,3,2,51,9,24,23,2
89,5,39,1,1,59,10,38,22,1
6,2,32,1,5,48,6,27,23,1
94,7,31,3,2,77,12,34,21,3
74,6,30,2,7,80,13,34,20,1
65,5,25,3,2,16,8,26,20,3
21,1,23,4,1,16,6,19,23,5
39,4,31,4,1,44,7,25,24,1
32,2,33,1,2,57,8,30,24,3
48,3,33,2,2,83,11,30,24,1
84,8,30,5,1,53,9,33,22,2
44,6,27,7,1,59,7,25,18,1
50,5,25,5,1,77,12,33,23,1
99,6,34,2,1,87,11,33,19,2
30,2,25,2,2,18,5,29,25,7
4,2,26,3,5,47,8,28,21,1
33,6,25,5,2,33,4,30,20,3
12,1,32,4,1,44,6,27,22,1
71,5,30,3,1,23,8,33,22,4
59,3,36,2,2,91,12,30,23,1
54,5,36,3,3,74,10,36,25,1
42,4,24,3,5,6,8,28,22,5
57,7,28,7,1,60,7,30,19,2
33,5,29,6,2,71,8,28,19,1
87,6,35,4,1,83,10,26,22,4
33,6,33,5,1,69,7,33,22,2
42,4,24,4,4,47,8,26,23,1
48,6,34,3,2,66,5,31,21,1
63,7,33,4,3,68,7,33,23,3
19,4,22,4,2,25,7,34,22,1
53,4,31,5,1,82,10,26,20,2
56,4,27,2,2,22,9,33,22,1
45,3,29,3,1,74,10,31,24,4
92,11,38,6,1,93,9,34,19,1
12,5,34,4,3,54,4,32,20,1
57,3,23,1,3,23,7,27,19,3
26,4,22,4,2,21,7,30,24,3
56,4,25,5,1,59,11,31,23,3
75,5,33,2,2,52,10,34,25,4
23,4,28,6,1,65,9,29,20,1
1,1,28,4,1,22,5,18,19,1
17,4,26,3,12,1,4,25,19,1
20,4,31,3,4,25,6,34,26,4
61,6,30,5,1,37,6,27,21,3
95,10,32,7,1,84,8,30,14,1
22,4,29,5,1,26,6,33,20,1
66,8,35,5,1,55,7,36,18,1
66,8,38,5,1,63,6,36,20,1
77,4,28,1,1,36,12,36,22,4
99,7,27,4,2,64,12,32,21,1
93,7,32,4,1,68,9,34,18,3
9,1,24,2,1,8,6,31,25,4
93,6,26,5,1,94,14,28,19,2
96,5,29,1,1,58,9,29,22,10
98,7,29,6,1,53,8,27,16,1
59,5,36,3,2,88,10,34,20,1
15,2,27,3,1,9,4,26,21,3
22,5,31,6,2,77,6,26,22,1
38,6,35,6,1,35,5,28,22,2
6,2,31,4,1,53,7,31,22,1
72,6,33,5,1,93,14,34,21,1
58,5,33,2,5,63,10,32,24,2
35,3,28,4,2,24,7,21,22,3
68,7,28,4,7,54,9,33,20,1
41,3,29,5,1,31,6,24,21,6
76,5,37,5,1,87,12,35,20,1
42,6,36,4,3,87,9,37,22,1
56,5,35,2,1,30,7,31,21,2
74,9,30,6,2,75,8,31,20,1
88,7,31,4,1,57,9,35,21,1
80,7,31,3,2,40,9,40,22,2
36,5,33,3,5,15,5,28,23,3
43,3,30,4,1,50,9,26,22,4
87,5,38,4,1,92,15,33,20,1
88,9,40,5,2,99,12,35,20,1
91,6,30,3,2,37,9,28,18,2
82,8,31,5,1,75,10,46,23,1
86,8,32,4,2,46,8,31,21,5
9,4,33,5,2,27,3,22,18,1
58,6,27,4,3,64,10,35,23,1
27,2,23,2,2,20,6,25,24,5
54,6,28,3,9,49,8,32,19,2
17,4,21,4,2,14,7,33,19,2
6,1,30,3,1,31,7,27,23,1
89,10,29,4,7,82,11,34,17,1
52,6,28,5,1,55,8,35,22,4
93,9,31,6,1,97,10,30,17,1
98,6,39,3,1,95,13,38,19,1
62,5,24,5,1,31,8,23,19,2
47,6,31,4,4,64,8,33,21,1
58,4,24,4,1,38,8,24,18,2
90,6,34,4,1,66,10,33,22,1
0,4,26,4,2,3,1,29,21,2
64,8,30,5,4,41,9,32,20,1
73,4,25,2,1,24,7,29,21,5
20,2,32,4,1,80,7,24,22,1
76,6,30,4,1,63,11,35,20,1
47,3,29,3,1,56,11,32,25,2
74,5,31,4,1,93,12,28,21,1
1,2,30,5,1,12,2,24,21,2
76,9,31,5,3,76,10,33,21,1
97,6,37,5,1,83,11,29,20,3
71,5,30,4,1,85,10,33,22,2
48,5,30,5,2,71,7,25,21,1
58,5,26,3,2,53,9,35,20,1
38,6,31,4,3,11,2,32,20,2
87,9,42,4,4,82,9,36,19,1
62,8,27,4,6,22,7,34,20,2
25,4,26,4,4,44,8,31,23,3
16,2,19,4,1,6,8,25,21,2
39,6,24,5,2,7,6,39,23,2
30,4,31,5,1,21,5,26,18,1
21,4,29,5,1,8,3,24,20,5
16,5,29,6,2,28,5,23,18,1
26,5,26,4,5,6,6,29,22,3
5,2,28,4,1,9,6,23,19,1
65,6,34,4,2,70,9,29,22,2
64,6,27,3,2,8,4,30,23,6
78,8,30,5,3,65,10,32,19,1
84,6,35,3,1,80,11,34,22,2
55,3,23,4,1,18,8,21,21,5
88,8,32,6,1,99,15,36,18,1
18,2,33,3,1,24,4,25,21,1
85,5,27,4,1,83,11,30,22,7
75,5,26,4,1,77,14,32,21,2
56,7,28,7,1,77,7,29,18,1
45,5,24,4,6,45,8,30,20,3
87,7,37,3,2,72,11,32,21,2
16,3,20,3,7,22,6,27,23,4
85,10,30,7,1,75,9,29,18,1
60,6,30,3,1,34,8,35,23,8
24,3,34,2,3,12,4,25,20,3
71,7,30,5,1,56,7,31,16,2
9,4,23,3,6,1,2,29,22,9
32,6,28,7,1,22,6,35,19,1
3,3,26,4,1,1,2,27,21,4
39,2,27,2,3,73,9,25,21,1
75,6,27,5,1,69,11,34,19,1
31,5,33,3,5,22,6,34,23,1
2,2,26,3,1,11,5,27,21,1
4,1,29,5,1,9,3,22,19,1
16,3,31,5,1,7,3,23,21,4
99,11,35,5,1,83,12,42,23,2
73,9,29,7,1,78,9,41,22,1
95,12,32,8,1,97,12,35,18,1
35,3,22,5,1,16,9,28,22,1
6,3,29,5,1,30,4,24,19,1
99,6,30,4,1,79,12,31,18,2
30,2,29,4,1,24,6,22,21,1
63,4,25,4,1,69,10,30,21,1
98,7,29,5,1,76,13,40,22,1
10,4,29,6,3,13,5,24,18,1
67,6,30,3,1,59,7,30,22,4
59,5,32,4,2,91,11,30,22,2
52,4,25,5,1,38,9,24,20,2
8,4,32,5,2,47,3,25,18,1
6,3,27,5,1,15,5,25,18,1
81,7,30,3,2,45,8,37,20,3
13,4,27,4,3,3,3,24,21,2
24,3,31,5,1,62,7,26,22,3
23,4,22,3,5,9,4,27,20,5
5,3,31,4,1,12,2,22,22,6
76,5,36,3,1,93,15,31,22,1
63,7,33,4,3,56,9,39,24,2
68,7,30,4,3,57,10,39,21,1
75,8,27,6,1,48,9,36,20,1
0,2,27,4,1,36,6,23,21,1
87,6,27,4,1,49,9,30,18,2
73,6,30,3,3,68,10,31,23,3
65,5,27,5,1,34,7,28,18,1
4,1,33,4,1,18,3,19,19,1
17,4,33,6,1,73,5,24,20,1
53,4,35,5,1,93,11,31,22,2
98,9,34,3,1,68,7,35,21,7
8,3,28,3,3,6,4,26,24,4
24,2,21,2,2,0,5,28,20,6
11,1,31,3,1,79,11,28,21,1
3,2,24,2,11,6,5,25,21,2
32,4,25,3,5,7,7,31,21,1
85,6,35,4,1,98,11,29,19,1
41,6,26,3,7,21,5,30,18,4
87,9,42,5,1,76,8,39,20,1
18,3,29,3,2,23,7,29,25,1
78,5,25,4,2,72,12,27,20,1
11,3,27,3,2,2,3,24,20,6
26,4,25,5,2,29,7,27,18,1
34,5,26,5,2,14,7,31,21,2
57,6,35,3,2,75,6,33,23,2
4,4,30,5,4,12,3,22,20,1
18,2,26,2,2,16,6,30,25,6
98,5,36,3,1,85,11,27,18,3
44,6,32,4,5,47,8,37,21,1
43,3,30,2,1,49,8,28,25,3
59,6,31,6,1,92,10,28,18,1
91,7,38,5,1,97,10,32,20,3
23,3,23,3,4,37,8,32,23,2
7,4,30,4,2,3,4,30,21,2
77,8,29,4,7,41,9,31,18,2
83,8,34,6,1,94,12,37,18,1
46,6,26,4,9,10,6,30,21,1
99,8,35,4,2,98,15,40,20,1
95,7,33,4,1,73,9,30,20,1
25,3,33,2,3,76,9,31,26,2
65,7,26,7,1,62,9,27,18,1
27,4,32,3,2,49,5,34,21,1
8,2,24,4,2,6,6,22,23,2
1,3,30,3,5,31,6,34,24,3
52,4,31,2,5,20,9,32,21,1
1,4,31,4,1,32,4,36,24,1
61,4,35,4,1,81,9,24,20,2
62,4,33,5,1,94,10,31,22,1
80,6,33,5,1,94,11,33,20,2
92,8,32,4,2,78,11,32,19,2
48,4,30,3,1,38,7,32,23,6
54,5,35,6,1,91,9,28,20,1
55,5,26,5,2,78,11,30,20,1
94,6,41,5,1,99,15,40,24,1
53,4,29,3,2,60,10,27,22,1
99,7,39,5,1,99,15,39,18,1
78,5,29,4,1,92,13,33,20,1
8,2,23,3,4,15,7,33,25,1
5,0,17,4,1,5,7,24,21,4
77,5,35,3,1,41,8,29,23,6
53,7,35,6,2,97,11,35,23,1
67,5,34,3,1,64,11,31,25,2
26,4,24,5,1,20,6,33,22,2
28,3,34,4,1,25,5,26,21,1
53,4,31,5,1,52,8,27,18,1
54,5,25,2,7,39,8,31,24,3
56,3,33,2,1,76,10,33,25,1
77,4,27,1,3,20,11,31,24,8
14,3,29,4,2,19,6,32,20,1
15,4,25,4,2,0,4,33,24,4
35,4,26,5,1,59,9,29,19,1
3,1,24,4,1,9,5,20,21,1
49,5,24,6,1,63,11,31,22,2
37,5,33,4,2,44,8,31,18,1
72,6,26,4,2,69,11,28,18,1
56,6,28,5,2,32,6,21,19,3
68,8,39,5,2,95,8,33,20,1
25,5,35,6,1,78,7,34,20,1
4,2,29,3,1,7,5,28,20,1
33,4,34,3,1,60,5,29,21,3
82,5,30,4,1,98,15,31,22,2
53,5,33,3,2,60,8,36,21,1
69,5,27,4,1,68,9,23,20,2
64,5,34,5,1,69,8,29,19,1
66,8,38,7,1,94,10,37,20,1
15,4,33,4,1,13,4,34,23,3
40,5,25,5,1,6,5,29,17,2
24,5,27,5,3,21,6,26,22,3
13,2,27,2,3,3,5,24,25,5
11,1,32,4,1,55,5,25,21,1
78,9,31,8,1,92,9,31,21,1
57,6,29,7,1,79,8,25,20,2
23,4,31,5,1,72,8,31,19,1
91,6,32,4,1,92,10,31,20,3
57,4,26,4,1,51,9,29,23,4
3,4,34,6,1,48,5,27,20,1
66,7,33,6,2,95,12,36,19,1
20,4,27,4,6,27,7,30,18,1
48,3,27,5,1,64,8,20,19,1
77,4,33,3,1,75,13,33,25,2
67,6,26,4,2,75,12,36,21,1
85,7,36,6,1,98,14,42,21,1
89,7,35,5,1,89,12,31,20,2
8,4,30,5,1,5,4,32,22,1
9,2,24,4,2,43,7,24,20,1
57,6,31,4,1,30,7,33,19,1
18,5,23,5,2,13,5,28,21,5
24,2,30,4,1,22,6,29,24,2
45,5,28,6,1,28,7,25,19,1
57,6,25,4,6,11,5,27,18,2
46,5,32,4,1,77,8,34,24,2
19,5,26,6,1,20,4,32,20,1
3,2,25,5,1,36,7,25,20,1
34,2,23,4,1,44,9,22,19,1
76,8,40,4,1,76,9,34,18,1
8,1,29,4,1,34,5,23,22,2
51,5,34,5,1,66,8,24,18,1
52,3,28,3,2,33,9,23,22,2
61,6,36,6,1,98,11,35,19,1
70,7,33,6,1,87,9,29,20,1
89,5,39,3,1,87,11,22,17,1
54,7,32,4,1,49,7,38,21,1
36,4,30,3,2,39,8,30,22,1
27,4,27,3,2,10,5,33,20,1
0,0,29,3,1,12,6,24,25,2
51,5,35,2,1,30,5,33,25,4
81,8,28,4,4,60,9,33,18,1
8,4,34,4,6,38,4,30,21,1
2,3,25,4,3,5,4,21,20,3
75,6,29,6,1,91,10,32,19,1
94,7,36,4,1,96,12,34,22,2
62,3,27,2,3,68,13,34,23,1
33,4,34,5,1,54,6,32,21,1
11,4,24,5,4,17,5,26,23,1
82,6,29,6,1,98,14,32,21,1
87,6,34,3,1,78,11,37,24,3
64,5,33,2,6,42,9,32,23,3
65,4,37,5,1,95,10,29,22,1
98,9,30,6,1,91,11,34,17,1
49,5,27,5,1,65,7,30,18,3
80,7,33,4,1,69,11,35,24,1
68,5,38,2,1,70,7,30,20,5
93,9,30,7,1,86,11,36,19,1
8,3,23,3,5,6,4,29,24,4
74,5,27,3,1,35,11,36,23,5
16,3,20,3,7,19,7,27,24,2
11,2,27,4,1,13,5,16,20,1
76,4,26,3,3,36,9,24,21,2
29,5,25,3,4,12,6,40,21,2
3,0,26,2,2,39,7,27,22,1
18,4,26,6,1,16,5,27,19,1
54,4,32,5,1,95,13,32,21,1
14,2,28,5,1,45,6,17,18,1
95,6,31,5,1,94,15,36,19,1
12,2,29,1,5,4,5,24,20,2
61,4,31,5,1,69,9,27,22,4
62,4,34,4,1,94,11,29,21,1
75,4,33,1,2,56,12,33,21,2
54,6,29,4,3,65,7,30,20,1
35,4,28,4,3,50,9,28,23,1
73,7,32,5,1,91,13,36,20,1
13,3,20,4,5,24,6,25,21,2
18,2,27,2,1,20,6,28,25,3
78,6,39,5,1,99,17,35,23,1
3,0,16,2,2,0,5,24,24,9
20,4,26,5,2,34,7,31,21,2
25,3,24,3,6,33,8,29,20,1
0,3,24,2,15,11,4,23,19,3
95,9,41,5,1,97,11,41,21,1
33,4,33,5,1,38,7,30,21,1
96,8,38,4,1,82,10,34,22,3
8,4,32,3,10,11,3,24,21,3
2,4,31,3,7,5,4,32,25,2
25,3,25,4,1,49,7,24,20,2
94,9,37,4,2,91,12,38,19,1
20,4,23,6,1,51,7,27,21,2
30,5,27,5,1,55,8,35,20,1
56,7,32,8,1,59,8,27,19,1
79,5,38,3,1,53,7,28,20,1
68,5,28,2,3,64,8,31,23,5
2,2,16,2,5,1,6,33,24,2
93,6,27,5,1,76,11,31,17,1
80,5,28,5,1,97,12,28,19,1
30,5,29,4,2,29,6,36,20,2
70,4,27,4,1,84,13,26,22,4
62,4,24,2,4,42,11,28,24,4
52,4,28,4,1,71,10,27,19,2
39,4,35,5,1,56,5,24,19,2
46,4,29,5,1,76,10,29,20,1
71,7,31,4,3,72,11,40,19,1
18,2,29,4,1,43,8,30,25,2
95,6,31,3,2,71,11,24,22,7
24,3,31,5,1,32,5,19,19,2
41,5,31,4,3,79,10,33,22,1
82,8,35,6,1,79,9,28,20,1
28,3,23,2,12,29,10,31,22,2
26,3,25,4,3,9,7,25,22,5
26,3,31,4,1,46,7,32,25,3
91,11,30,4,7,82,10,38,23,3
31,3,30,4,1,41,7,26,23,1
76,7,28,4,3,86,11,33,17,1
40,3,22,2,4,3,7,24,20,2
38,5,29,6,1,22,5,21,19,5
83,7,33,5,1,85,10,38,18,1
8,1,24,2,1,2,6,27,21,2
60,6,26,5,2,66,10,29,20,1
6,2,24,5,1,37,7,30,20,1
62,7,37,6,1,76,7,34,21,2
36,6,30,5,1,23,5,34,20,1
48,4,35,3,1,77,7,34,22,1
9,2,28,3,3,18,5,22,24,3
92,6,33,4,1,88,10,32,19,1
51,4,23,2,2,11,7,31,22,2
42,6,34,5,1,29,5,31,21,1
68,4,24,4,1,71,13,33,23,3
16,3,25,3,4,1,3,23,21,2
17,4,32,3,7,62,7,33,25,1
11,4,22,5,3,33,6,28,22,5
44,4,27,5,1,58,9,23,18,2
42,4,33,4,1,59,7,23,19,1
46,3,26,4,1,86,11,21,21,1
76,9,30,8,1,77,8,31,19,1
37,3,30,5,1,50,8,27,22,1
39,3,24,4,1,38,7,22,20,2
85,5,37,2,1,92,13,38,26,5
62,7,37,7,1,95,8,31,20,2
83,7,40,6,1,97,11,36,19,1
53,5,35,4,1,90,9,32,19,1
30,5,35,3,2,57,6,37,23,1
19,5,27,6,2,19,6,29,19,1
80,5,29,4,1,82,14,31,20,1
12,3,22,3,4,0,3,28,23,7
59,6,28,5,3,59,8,27,18,1
57,6,32,4,1,76,8,37,20,1
29,6,30,5,1,12,4,28,19,1
81,6,31,5,1,82,11,30,22,1
71,4,32,2,2,83,13,35,23,3
7,1,25,3,3,38,9,26,23,1
24,3,29,4,1,32,8,32,21,1
38,4,28,3,1,46,7,34,21,2
9,3,29,3,3,30,5,28,22,1
78,5,27,2,3,62,11,28,21,3
14,5,30,5,3,64,6,27,22,2
46,6,26,5,3,71,8,30,22,1
65,4,26,2,1,55,11,37,25,6
94,11,44,6,1,94,10,36,21,1
21,4,30,3,2,16,5,35,25,4
76,5,29,2,3,84,14,37,23,1
6,1,18,1,8,11,7,26,24,3
8,5,30,5,5,5,4,29,20,1
15,2,28,2,4,44,8,31,22,1
91,10,42,4,5,98,9,35,22,2
29,5,28,6,1,48,5,26,21,2
97,8,34,3,4,81,12,39,23,1
32,2,24,3,3,46,8,23,23,1
62,6,26,7,1,55,10,34,21,1
55,7,28,4,1,37,7,38,20,1
43,3,35,3,2,63,9,29,21,1
22,3,30,3,1,26,6,31,24,5
19,3,21,4,2,17,6,19,20,1
48,5,33,5,1,71,8,29,23,1
70,7,29,6,1,79,11,33,20,2
34,5,33,5,1,29,4,25,21,2
34,5,29,4,2,28,4,30,21,6
5,2,19,5,1,26,7,27,20,1
31,2,21,3,1,37,7,27,23,3
49,7,28,4,14,59,6,32,23,3
93,10,34,7,1,94,12,34,16,1
35,4,23,5,2,59,9,27,21,2
56,4,35,3,1,49,8,28,21,3
7,4,29,5,2,20,3,24,22,3
32,4,26,5,1,49,8,24,19,2
20,3,24,5,1,19,4,22,17,1
46,3,29,5,1,71,8,25,22,4
70,6,35,4,1,97,13,35,24,1
60,6,28,6,1,63,10,26,15,1
39,5,35,6,1,82,9,34,20,1
65,5,31,4,1,27,5,27,20,7
69,7,32,6,1,76,8,28,20,2
33,6,28,4,6,17,5,28,22,2
90,7,32,3,2,66,10,35,21,2
33,3,28,2,6,39,8,30,21,3
6,4,34,3,4,22,3,33,23,2
7,1,24,3,2,21,6,19,23,2
78,6,33,3,1,45,7,31,20,4
7,3,31,3,3,10,4,33,25,4
41,3,23,3,2,10,8,26,22,13
83,7,30,5,1,74,9,33,20,3
18,2,24,3,1,24,6,31,26,4
72,9,27,6,1,83,11,40,19,1
44,4,26,2,7,43,11,30,23,2
48,5,35,3,1,30,7,34,22,3
37,4,34,3,2,73,10,36,24,1
13,3,30,4,2,34,6,27,23,1
14,1,22,4,1,30,7,25,22,2
56,7,33,7,1,88,7,30,21,1
6,2,24,2,7,5,7,24,22,1
32,5,35,5,1,86,8,34,24,1
92,6,38,2,1,87,10,38,25,3
10,1,25,4,1,39,9,29,24,4
93,8,31,6,1,94,14,31,18,1
37,3,31,2,2,26,8,33,26,3
92,10,47,4,4,98,9,37,23,2
41,2,30,2,3,34,8,24,21,1
63,3,25,4,1,61,9,23,17,1
5,4,23,4,3,7,2,29,22,9
17,3,23,3,3,2,5,29,22,2
86,5,36,2,1,90,14,36,22,1
10,2,27,5,1,12,4,22,19,2
1,4,20,6,1,0,2,26,23,3
47,5,30,3,2,41,5,31,21,2
26,3,21,3,1,1,6,29,23,4
22,5,31,5,2,12,3,28,20,2
30,2,30,2,4,19,7,20,20,2
66,5,31,4,1,55,7,28,20,8
23,5,29,3,4,3,3,31,21,4
54,4,34,4,1,53,9,32,24,2
49,6,25,7,1,22,5,28,17,1
50,5,31,2,6,15,6,28,22,2
8,3,33,5,1,73,6,30,22,1
21,3,32,4,1,31,5,27,22,2
76,5,28,4,1,55,10,22,21,2
55,4,33,1,4,80,12,36,22,1
29,5,26,6,2,14,6,26,21,1
67,8,36,5,2,83,8,31,19,2
95,6,33,4,1,74,14,32,22,1
31,4,22,3,3,19,7,35,22,2
31,3,27,2,8,35,7,26,22,2
56,3,27,1,3,9,6,24,24,7
16,1,30,2,2,24,9,23,21,1
33,4,32,3,5,17,7,28,22,2
67,4,33,4,1,75,11,31,23,1
45,6,34,5,2,39,7,29,18,1
72,4,33,2,2,68,12,34,25,3
0,4,21,7,1,9,2,25,18,1
78,5,36,2,1,91,12,39,22,1
57,3,24,4,1,16,10,27,18,1
47,6,25,5,5,30,8,28,19,1
21,5,30,4,5,13,4,31,20,1
48,5,35,2,4,61,8,36,23,1
6,2,26,3,4,31,6,29,24,2
63,5,26,6,1,55,8,28,21,2
22,3,27,3,3,5,5,25,21,5
46,7,25,5,5,15,6,30,20,1
94,6,30,2,1,36,9,31,21,3
43,4,30,2,2,8,5,28,24,8
74,9,27,5,2,18,5,30,17,2
73,5,37,4,1,97,13,34,18,1
33,5,27,4,5,22,6,23,22,5
81,5,27,5,1,66,13,27,18,1
97,10,31,6,1,70,9,33,18,2
80,9,28,5,1,73,10,45,22,1
51,3,28,1,2,59,9,29,22,2
54,3,29,3,1,72,12,29,23,4
41,6,26,4,5,9,6,34,22,2
76,6,26,4,1,86,11,30,19,1
73,6,29,4,2,63,9,23,17,1
1,1,32,1,2,26,4,29,24,4
61,5,27,5,1,75,10,32,23,1
87,6,37,3,2,75,10,26,20,2
92,7,27,3,1,34,8,32,18,7
65,6,32,4,1,40,7,26,20,3
21,3,26,4,2,40,8,32,23,1
35,5,23,5,4,31,7,28,18,1
4,3,21,4,3,3,3,27,22,6
90,6,30,5,1,97,15,36,18,1
78,8,38,4,3,95,12,37,21,1
44,5,27,5,1,74,9,32,21,2
10,5,35,5,2,24,2,23,20,1
85,10,29,7,1,69,8,28,14,1
16,4,31,5,1,76,7,29,23,2
43,5,33,5,1,75,10,31,22,1
54,6,25,3,3,7,6,33,23,8
86,7,33,5,1,71,8,28,16,1
54,5,35,4,1,38,8,32,23,2
73,4,28,2,1,44,9,32,23,4
10,2,27,5,1,12,4,20,21,3
38,4,33,3,2,25,5,25,22,5
60,5,30,4,2,88,11,30,22,1
71,6,29,4,2,46,11,30,21,1
3,3,26,5,1,9,5,30,21,3
1,3,28,6,1,5,2,20,19,1
24,3,27,4,3,65,7,26,22,3
45,3,26,4,1,86,14,31,24,1
36,4,31,2,7,74,9,31,24,1
29,4,26,5,1,62,8,28,23,1
52,4,35,4,1,98,14,33,19,1
5,2,27,5,1,11,6,24,22,2
45,3,34,3,1,41,8,28,23,3
56,7,33,4,1,34,5,32,21,7
57,5,27,6,1,82,10,26,17,1
84,9,29,4,2,73,9,39,21,8
13,2,27,4,1,19,7,27,22,1
71,5,36,2,1,70,7,32,20,5
88,6,29,6,1,96,11,31,16,1
52,6,37,4,2,63,8,34,23,3
71,8,26,6,2,47,8,26,16,1
34,6,26,4,8,24,5,31,19,1
92,5,26,5,1,95,17,28,18,1
56,6,28,6,1,38,9,32,20,1
21,2,29,3,1,10,7,27,24,6
64,8,31,5,1,51,5,33,20,2
74,4,27,3,1,45,12,33,21,2
87,10,29,5,1,59,7,33,20,3
24,2,20,4,1,31,8,24,20,1
23,3,30,3,1,14,6,29,23,4
2,2,21,5,1,25,7,31,22,2
47,6,31,5,2,48,7,32,20,1
28,5,28,5,2,24,5,27,22,4
27,2,24,3,2,14,7,18,19,1
29,6,32,6,1,41,5,32,21,1
95,10,45,4,1,86,7,34,21,1
71,5,31,3,2,50,9,30,23,3
2,3,30,5,1,20,4,23,18,1
75,7,27,5,1,30,7,31,20,2
70,4,24,3,1,56,14,29,19,2
35,3,31,3,3,61,9,30,25,3
67,7,39,5,1,62,7,31,18,1
31,3,31,4,1,45,6,23,19,1
58,6,28,5,2,63,9,33,22,1
19,1,23,3,1,5,7,28,23,2
17,4,24,3,6,16,6,32,24,2
99,10,35,7,1,99,15,37,21,1
72,6,29,3,2,45,9,40,23,3
45,3,31,2,3,74,10,28,22,1
32,5,29,3,5,20,4,29,23,8
32,4,28,2,3,4,5,32,23,2
68,4,31,4,1,70,9,26,23,3
11,4,34,3,2,46,4,31,22,1
84,7,28,3,3,59,11,38,20,1
97,11,32,7,1,89,10,31,18,1
97,6,27,3,2,51,12,27,17,2
21,4,33,3,1,42,5,34,21,2
54,4,33,3,1,66,8,22,18,2
12,2,22,4,1,22,6,31,20,2
63,4,24,5,1,60,11,28,21,3
91,6,34,5,1,99,14,30,21,1
42,6,28,5,2,44,8,30,18,1
49,4,28,3,1,13,6,27,23,8
4,1,20,5,1,13,8,22,24,1
21,3,24,2,8,3,5,26,23,4
21,5,28,6,1,3,2,27,22,8
88,7,35,3,1,43,7,30,22,5
74,5,28,4,1,23,7,27,22,9
19,3,33,4,1,19,6,30,22,1
73,5,28,2,1,24,9,30,22,5
63,5,29,3,1,68,8,32,24,3
90,6,38,5,1,90,11,28,18,1
22,3,32,2,1,20,4,28,21,5
44,6,37,5,1,38,5,30,22,2
16,5,33,6,1,56,6,35,22,1
34,4,35,4,1,22,4,26,24,2
37,3,31,4,1,67,8,28,20,1
41,4,27,3,2,47,8,31,22,1
30,5,35,6,1,70,7,34,22,1
12,1,32,3,1,69,8,24,21,1
41,4,33,3,3,71,10,32,22,1
80,7,34,4,1,85,10,37,21,1
29,5,29,6,2,63,9,32,20,1
21,2,21,2,3,11,6,31,23,2
53,3,29,2,1,13,8,29,22,2
38,5,25,4,7,36,7,28,23,3
73,8,32,6,1,88,10,35,19,1
57,4,33,3,1,46,9,27,20,1
75,4,30,4,1,71,12,27,22,4
0,1,27,2,1,1,2,22,25,10
94,5,37,3,1,90,12,35,22,3
35,6,24,6,1,25,6,33,18,1
3,3,29,4,3,10,5,31,25,1
19,3,27,4,4,50,6,25,20,1
23,3,26,3,5,41,5,27,22,4
40,6,27,7,1,64,6,31,18,1
68,5,34,3,2,68,9,26,18,1
35,5,36,3,2,48,6,32,21,2
76,5,36,2,2,97,15,37,22,1
6,4,24,6,1,5,3,27,21,3
2,1,31,4,1,45,6,26,21,1
75,4,30,2,1,62,9,26,20,4
54,7,33,4,2,66,6,33,19,2
9,4,25,4,3,0,1,24,22,7
28,2,30,1,5,40,9,26,25,5
67,4,33,4,1,94,14,31,24,1
38,5,34,5,1,66,6,26,18,1
31,3,31,2,1,45,8,34,22,2
65,6,33,3,1,76,8,35,22,1
64,6,29,5,1,75,11,32,17,1
36,6,28,5,2,50,6,32,18,1
17,3,31,3,2,29,6,22,20,2
75,8,37,5,1,70,9,34,20,1
15,4,22,6,4,27,5,23,20,1
64,8,38,4,4,63,9,37,22,1
85,5,33,2,1,76,14,36,24,1
24,5,27,5,1,2,4,31,22,6
57,5,35,4,1,69,7,33,23,2
67,6,30,3,5,39,10,31,22,2
44,5,34,3,4,39,7,26,21,3
57,4,27,3,3,68,9,24,19,3
56,4,27,3,1,59,9,35,21,1
73,8,31,7,1,80,10,32,18,1
11,4,33,3,7,8,3,28,24,1
45,3,32,3,1,71,7,30,22,1
23,5,24,4,5,20,6,32,23,3
48,5,27,3,4,40,9,40,25,5
72,6,32,3,3,57,11,35,25,1
77,9,34,6,1,52,7,35,20,1
67,6,38,6,1,76,7,32,18,1
16,3,27,5,2,29,6,23,21,1
30,5,26,7,1,14,6,31,19,1
5,2,24,3,4,3,4,28,25,3
1,3,22,4,3,2,2,21,20,2
67,8,26,5,4,24,6,29,19,3
6,2,31,3,1,47,6,31,22,1
30,3,23,4,3,58,11,27,23,2
72,6,34,3,1,33,6,27,19,2
85,10,27,7,1,45,8,32,18,2
47,4,35,4,1,91,9,31,21,1
85,6,32,3,2,65,10,24,18,2
30,4,31,3,1,21,4,25,21,2
99,10,32,4,2,73,11,40,20,2
14,5,33,6,1,36,3,30,19,1
23,3,25,2,5,3,5,26,20,3
92,6,29,3,2,58,11,30,19,4
55,5,32,4,1,56,10,28,18,1
64,7,28,6,1,68,8,32,18,2
28,4,28,5,2,42,8,26,19,1
25,2,24,5,1,8,7,24,20,2
11,4,26,4,8,4,5,31,25,2
98,7,31,6,1,86,10,29,17,1
75,6,29,5,1,63,9,25,15,1
48,4,33,1,5,77,12,36,23,1
43,4,34,2,2,32,5,28,20,4
6,2,27,3,2,7,4,26,24,6
1,1,27,2,3,1,4,24,25,5
87,10,37,5,1,74,9,42,20,1
10,4,30,4,1,19,4,29,20,1
92,9,32,4,4,58,8,25,21,5
14,5,27,6,3,26,6,27,17,1
30,3,23,3,5,8,7,26,21,3
23,2,21,3,2,1,5,23,21,2
59,6,37,5,1,62,7,28,21,2
59,8,32,7,1,73,5,31,20,2
62,6,36,5,1,46,5,27,19,1
96,12,33,6,1,75,9,41,19,1
28,3,24,5,1,57,7,23,21,2
26,2,33,4,1,88,11,30,25,1
81,5,26,5,1,87,13,25,19,1
25,5,32,4,6,39,7,33,21,1
62,5,25,3,3,65,10,30,22,3
74,4,29,3,1,68,13,34,21,1
14,1,26,2,1,6,5,25,24,7
0,0,22,4,1,5,6,24,22,1
95,8,33,5,1,80,9,32,18,3
31,6,28,8,1,83,7,29,20,1
74,7,37,6,1,99,10,30,16,1
35,3,32,4,1,86,9,28,22,2
44,5,23,6,2,26,8,25,19,1
17,3,28,5,1,15,5,27,23,2
8,4,25,5,1,10,3,26,18,2
52,3,26,3,1,71,11,30,23,2
80,5,31,2,1,75,10,30,21,1
58,4,26,5,1,43,11,27,22,2
33,4,27,3,5,22,6,31,22,1
85,5,37,2,1,98,15,40,22,1
86,7,27,5,1,42,7,27,17,1
55,5,33,5,1,91,11,33,21,1
93,10,34,6,1,58,8,36,21,2
19,3,28,5,1,23,5,23,22,1
4,3,30,2,9,5,4,23,24,6
4,3,22,4,3,9,3,27,19,1
23,2,27,3,2,28,9,24,22,1
62,4,30,4,1,68,10,31,20,2
80,6,36,3,1,82,9,30,21,1
71,6,28,5,2,76,10,28,18,1
55,7,29,5,1,65,9,36,21,2
95,10,28,5,2,39,8,32,18,3
83,9,34,7,1,98,10,29,17,1
63,4,33,5,1,62,10,24,20,1
74,9,38,6,1,98,9,33,18,1
7,3,26,5,2,10,7,25,21,1
18,5,32,6,1,33,5,32,21,1
73,5,31,6,1,56,7,23,18,3
26,3,30,2,3,20,8,31,25,3
88,9,30,5,1,42,7,33,19,1
5,3,27,4,1,24,4,30,19,2
98,10,30,5,1,81,8,38,20,2
72,8,30,6,1,51,7,24,13,1
41,3,35,3,1,87,11,33,23,1
46,6,36,4,1,69,5,34,25,3
43,7,34,4,3,33,6,36,20,1
60,6,28,6,1,71,9,34,20,3
17,5,23,5,6,18,6,28,17,1
40,4,27,4,3,68,11,31,22,2
97,6,33,4,1,98,15,33,18,1
67,6,30,6,1,56,9,31,20,3
70,4,36,1,1,26,8,33,25,7
17,3,33,4,1,73,7,32,20,1
53,3,25,4,1,27,9,31,20,1
38,4,30,4,1,73,8,33,23,1
6,3,29,4,6,43,6,29,23,3
62,3,31,4,1,36,7,24,22,6
97,10,37,7,1,98,13,36,16,1
86,7,29,7,1,98,12,28,17,1
62,4,35,3,1,61,9,27,19,2
56,4,33,5,1,65,9,28,20,1
56,5,32,3,1,62,8,33,20,2
57,7,29,4,6,46,6,29,21,1
10,3,31,2,6,19,5,30,25,2
54,3,31,2,1,19,6,27,24,11
70,5,28,5,1,58,10,27,19,2
35,3,26,3,3,52,8,28,24,3
21,5,32,6,1,70,5,31,21,1
61,4,25,4,1,61,9,29,21,6
48,5,35,3,4,52,8,32,25,2
22,5,29,5,3,30,5,27,21,1
32,6,29,4,7,24,4,28,19,1
58,3,25,1,2,34,10,34,21,3
42,6,31,4,8,28,7,33,22,1
88,9,29,7,1,59,11,34,18,1
22,2,26,2,1,14,5,22,22,5
80,5,26,4,1,40,8,26,18,2
58,5,27,4,1,23,9,33,22,2
7,4,24,4,4,21,5,31,20,2
29,6,29,7,1,48,8,29,21,1
95,6,37,4,1,99,17,32,19,1
34,5,29,3,6,14,6,27,18,1
3,4,22,6,3,6,4,26,19,1
3,0,27,0,3,14,5,23,20,3
46,6,29,5,1,36,6,33,23,4
37,4,34,4,1,38,6,27,24,2
82,7,29,6,1,76,11,34,20,1
0,2,31,2,2,16,4,31,26,4
37,3,26,5,1,49,9,21,20,2
0,2,26,3,1,11,5,32,22,1
75,8,30,4,4,50,9,35,20,1
1,2,33,2,2,16,4,26,23,4
61,4,29,4,1,58,8,24,20,2
46,6,36,5,2,60,8,30,21,1
37,3,28,3,1,5,4,24,21,10
19,4,34,4,1,6,3,29,19,1
19,2,31,5,1,66,8,32,20,1
55,5,25,5,1,58,10,37,22,1
34,3,24,5,2,67,10,27,23,1
93,6,29,3,1,74,11,33,24,5
86,5,37,2,2,70,11,29,22,2
88,9,41,4,1,84,9,40,23,2
77,8,28,5,2,24,6,31,20,3
2,1,25,2,1,7,6,30,23,5
69,8,37,6,1,80,7,27,18,1
89,9,32,7,1,74,8,33,17,1
98,10,40,7,1,99,14,38,20,1
59,6,25,4,8,27,7,28,22,3
47,5,28,3,2,9,5,28,20,7
82,7,28,6,1,88,11,32,16,1
77,6,32,3,1,68,9,35,24,2
39,4,36,3,1,76,8,36,25,1
75,9,39,6,1,97,9,33,19,1
20,3,31,3,4,55,6,26,21,3
7,4,26,5,5,4,3,25,21,1
69,6,30,3,2,45,8,32,21,4
68,4,26,5,1,50,12,29,21,3
85,6,34,4,1,88,12,30,19,1
86,6,39,5,1,93,12,30,22,1
83,8,34,5,1,42,7,31,21,5
9,3,29,2,7,4,5,29,25,2
70,5,25,4,1,33,9,23,21,6
24,5,31,3,5,6,5,30,21,2
50,6,34,3,1,22,5,32,22,3
96,10,37,7,1,83,10,33,18,1
18,3,28,2,9,5,4,22,21,1
5,1,24,4,2,46,7,20,22,1
2,4,31,3,5,16,2,28,21,2
83,9,29,8,1,53,9,34,17,1
38,3,26,2,2,39,10,33,25,2
60,4,26,4,1,35,9,28,20,2
64,7,30,8,1,89,8,31,18,1
33,2,33,4,1,84,10,29,23,1
47,4,32,4,1,30,7,29,23,4
9,2,22,4,1,15,6,26,19,1
75,8,33,4,1,63,7,38,23,3
85,9,32,4,1,76,7,37,19,1
92,6,33,5,1,93,13,26,18,1
45,3,30,4,1,89,10,25,22,2
34,3,31,1,4,43,8,29,23,2
56,3,27,3,2,53,11,27,22,4
54,7,38,4,5,35,6,34,22,3
4,3,19,5,1,18,6,28,19,1
62,4,24,3,2,68,10,25,19,2
24,3,32,2,3,45,8,33,25,2
62,6,32,4,4,69,11,34,25,1
53,5,25,6,1,24,7,25,21,1
2,3,23,4,3,2,3,25,20,3
86,7,31,5,1,55,7,25,17,3
70,5,34,4,1,97,14,35,23,1
88,5,33,5,1,96,14,34,20,1
48,6,25,5,4,28,5,24,15,2
55,6,28,5,2,52,10,29,21,2
68,7,34,3,5,55,9,33,22,2
27,5,28,4,10,29,5,26,22,5
25,2,31,0,2,33,7,31,27,6
43,6,33,5,1,20,4,31,22,3
96,7,32,5,1,84,12,35,21,1
93,8,30,5,1,32,9,39,23,3
32,2,27,2,2,19,6,26,21,1
81,7,28,6,2,94,12,31,21,1
40,4,23,5,1,71,9,28,21,1
55,4,28,5,1,82,9,28,21,2
17,2,24,2,2,0,2,25,20,2
69,6,33,6,1,61,9,28,19,2
14,2,27,2,3,0,2,22,18,5
25,5,29,4,5,21,4,32,23,3
74,6,33,5,1,95,15,31,19,1
24,6,32,7,1,50,5,26,22,1
24,4,26,5,1,27,5,28,23,4
66,4,36,3,2,72,10,28,21,1
9,2,27,1,5,31,6,26,26,5
41,4,33,6,1,40,5,24,23,1
58,4,30,5,1,46,8,26,20,2
35,2,25,2,2,36,9,27,25,5
52,3,23,4,1,38,7,23,18,4
56,5,30,5,1,52,8,31,19,1
66,4,31,3,1,79,12,36,25,1
76,5,37,2,1,38,7,31,23,6
97,9,31,6,1,99,15,35,19,1
36,4,29,4,1,57,8,31,21,1
60,5,36,5,1,87,11,35,23,1
68,4,36,3,1,76,10,24,22,2
74,7,35,6,1,83,11,35,22,1
83,6,30,5,1,99,18,33,23,1
46,5,26,5,1,28,6,26,16,2
63,6,28,3,6,82,12,37,23,1
96,7,31,6,1,75,12,30,17,1
97,8,32,5,1,94,13,31,21,1
36,6,35,3,5,34,6,31,22,2
0,0,27,3,1,5,5,22,20,1
67,5,34,5,1,84,9,26,21,1
64,4,26,3,1,63,11,34,24,5
2,3,23,4,3,3,4,27,21,3
25,2,26,3,1,8,5,20,23,5
7,4,29,3,5,0,3,34,21,1
9,2,32,3,3,25,6,26,20,1
93,10,41,5,1,72,9,42,20,1
40,6,31,3,4,13,5,31,20,2
29,3,28,4,1,22,8,24,22,2
33,4,35,2,1,32,6,34,27,3
3,1,25,2,1,13,7,32,25,3
76,7,36,5,1,86,7,32,21,3
74,5,27,3,1,72,13,36,20,1
5,3,33,2,2,2,3,32,22,1
76,9,32,6,2,71,8,32,20,2
83,8,32,4,2,65,10,35,23,2
83,9,29,4,6,27,7,29,16,2
45,7,37,5,1,76,8,41,21,1
69,6,28,4,1,10,5,28,21,7
99,7,39,3,2,99,17,38,23,1
32,6,26,4,2,9,5,34,20,4
97,7,32,5,1,95,11,32,21,4
52,3,28,2,2,18,7,27,24,3
58,4,25,4,1,71,9,27,21,4
90,10,32,5,1,86,9,38,20,1
36,3,28,4,1,23,7,22,19,1
63,6,35,5,1,87,11,31,21,1
46,3,29,1,2,13,7,25,24,10
55,3,33,4,1,97,14,30,24,1
70,7,32,7,1,90,11,30,21,1
28,3,28,2,4,8,6,22,20,4
82,5,32,2,1,87,13,34,21,1
78,5,28,3,3,45,12,32,23,1
88,7,28,3,2,67,10,33,22,5
35,4,26,4,5,13,6,21,19,2
84,8,28,7,1,97,11,30,21,1
5,1,32,4,1,55,7,23,19,1
83,9,38,4,1,35,6,36,20,2
98,10,29,5,2,55,10,34,17,2
13,5,25,4,3,0,1,27,20,2
48,3,30,2,3,66,9,25,24,4
16,5,34,4,3,60,5,33,22,1
33,2,30,4,1,28,6,24,21,5
78,5,36,5,1,92,10,23,21,2
1,4,30,4,5,7,4,32,22,1
47,3,35,1,2,37,8,30,21,2
15,4,26,6,2,13,5,28,23,1
38,3,33,3,1,68,8,26,20,1
22,4,30,5,1,27,6,29,18,1
67,4,28,4,1,59,9,25,23,2
64,6,36,4,3,86,9,28,19,1
27,2,28,1,3,17,5,27,21,1
52,3,27,4,1,41,10,28,21,2
10,3,27,3,5,10,5,29,25,3
86,10,34,8,1,97,13,35,16,1
75,7,36,5,1,69,8,29,21,1
45,3,26,2,2,5,7,29,22,3
31,3,27,5,1,28,9,25,22,2
62,6,37,6,1,87,9,35,24,1
44,6,31,4,1,55,6,33,21,1
83,8,41,3,3,60,7,31,23,3
20,2,31,1,1,8,4,25,23,5
10,4,25,6,1,8,4,31,21,1
95,9,37,5,1,90,10,30,18,1
82,7,27,5,1,84,11,34,21,1
43,3,30,4,1,74,8,26,20,3
78,6,30,5,1,40,10,33,20,4
40,4,24,3,4,43,10,32,24,2
81,5,39,4,1,90,10,27,20,2
45,6,33,3,4,49,5,34,19,1
87,7,40,5,1,80,8,27,21,4
6,2,22,5,2,12,6,22,19,1
46,6,30,5,2,74,7,25,19,2
5,4,29,6,1,8,2,27,23,4
29,3,24,2,7,32,7,23,23,4
43,5,32,2,2,26,5,33,21,1
13,4,33,6,2,76,7,28,20,1
5,2,32,2,3,43,7,35,24,1
65,4,32,1,1,73,8,31,22,5
76,6,27,5,1,81,11,30,19,1
82,7,37,4,1,86,10,41,22,1
67,5,35,2,1,69,7,34,24,10
71,5,25,5,1,73,9,26,21,8
95,8,33,6,1,98,13,32,17,1
26,4,33,5,1,87,9,33,24,1
4,1,26,2,3,20,5,26,23,3
97,6,39,1,1,91,14,40,23,1
41,4,31,5,1,84,9,31,21,1
95,6,38,3,1,93,10,31,18,1
84,6,30,3,2,68,13,33,22,1
36,5,31,3,5,51,6,27,20,1
2,4,22,5,10,3,3,23,22,2
28,6,30,4,8,15,4,29,21,2
99,6,32,3,1,52,12,34,22,4
0,2,28,4,1,26,6,28,24,2
90,6,29,6,1,87,11,29,17,2
75,5,32,2,1,87,12,35,20,1
1,4,32,3,2,17,4,36,23,2
69,4,26,1,2,13,8,29,20,6
32,4,32,3,7,22,7,30,22,2
96,7,32,3,2,77,12,33,22,2
7,1,23,0,2,0,5,30,26,17
90,9,37,6,1,90,12,40,23,1
25,3,27,2,5,11,6,29,22,5
42,6,32,5,3,75,6,28,21,2
9,2,25,2,6,5,6,26,24,5
45,4,28,4,1,76,8,29,21,1
52,5,30,3,1,40,7,31,19,2
34,2,22,2,1,3,7,28,23,11
71,8,33,4,2,73,7,37,20,1
70,7,26,5,2,70,11,33,19,1
56,4,33,4,1,68,8,27,21,2
74,7,36,4,1,82,11,41,21,1
28,2,28,2,3,46,7,26,22,2
12,2,21,3,3,26,8,31,20,1
79,9,33,6,1,47,5,29,18,2
83,8,32,4,2,80,8,38,20,1
70,6,37,5,1,87,8,29,19,1
31,5,35,4,1,55,7,32,22,2
69,5,29,5,1,67,9,26,17,2
57,5,36,5,1,84,8,30,18,1
55,4,31,5,1,96,11,25,22,1
33,3,29,2,3,12,6,20,23,4
15,2,29,1,4,4,5,27,25,2
47,5,36,5,1,87,8,34,23,1
4,4,34,5,1,12,3,29,21,3
76,7,34,4,1,94,10,33,21,1
10,1,20,1,9,10,7,25,21,3
35,5,24,4,4,34,8,30,18,1
93,9,39,6,1,97,10,33,19,1
48,4,36,2,2,45,7,32,22,1
48,6,26,6,1,53,8,29,20,1
4,3,30,5,2,68,6,24,18,1
7,2,22,2,6,14,5,26,22,4
18,3,23,3,5,19,6,28,24,4
69,8,36,4,3,32,6,32,22,5
31,3,33,2,1,15,7,26,21,2
65,4,29,4,1,68,11,28,22,1
61,5,29,4,1,59,11,31,20,1
13,3,32,4,1,6,3,27,21,1
17,3,34,2,3,25,4,29,21,1
23,4,29,6,1,62,7,33,23,1
71,5,35,4,1,90,9,31,23,2
48,4,30,3,1,32,6,24,20,4
14,3,22,5,1,1,5,29,21,3
0,1,28,2,1,1,2,24,22,2
49,6,29,5,1,43,7,36,24,2
24,6,36,5,1,16,4,32,20,1
40,5,29,5,1,26,6,28,19,2
79,5,28,5,1,92,15,28,19,1
10,3,32,2,6,28,5,29,23,4
62,6,26,4,1,56,7,31,20,8
49,5,24,3,9,33,8,30,22,2
67,7,32,4,2,44,6,28,18,3
21,3,29,3,3,6,4,23,21,1
89,8,31,5,1,89,9,34,21,3
95,8,38,5,1,92,11,30,20,1
88,10,28,4,9,51,11,38,20,1
2,1,32,2,1,2,2,23,26,7
60,7,35,7,1,65,6,29,22,1
45,6,30,6,1,47,6,28,20,2
71,5,37,4,1,92,12,32,21,1
39,3,31,4,1,49,8,26,19,1
65,6,31,5,1,82,10,40,23,1
67,6,30,5,1,86,12,36,23,4
7,1,26,1,4,5,7,29,23,2
18,5,31,4,2,32,4,32,20,2
86,9,37,3,5,83,9,31,22,5
28,4,30,5,2,49,7,30,21,1
54,6,35,6,1,97,10,31,22,1
52,5,28,5,1,33,6,24,22,2
63,6,25,5,1,63,7,32,20,2
60,5,27,5,1,31,8,29,18,2
85,6,31,3,1,62,10,38,23,3
11,2,28,3,2,28,8,28,22,2
83,7,30,4,2,62,9,27,20,2
46,4,36,3,1,57,6,30,20,2
4,2,31,4,1,4,2,26,24,2
25,4,33,3,8,68,8,33,20,1
73,7,29,6,1,78,13,33,19,1
79,6,30,5,1,92,13,30,19,1
28,5,34,3,2,26,5,40,25,2
83,9,38,4,2,70,9,40,21,1
92,8,33,4,2,74,12,36,23,3
31,4,35,3,3,37,6,28,24,2
55,6,25,3,7,12,6,32,21,2
57,5,32,4,1,78,9,29,20,1
37,2,25,2,4,29,7,21,21,1
36,3,22,1,3,28,10,36,22,3
40,6,31,6,1,58,8,33,18,1
51,6,36,3,1,19,6,33,22,5
82,5,26,5,1,90,14,31,22,2
52,7,27,4,3,23,6,40,22,5
93,6,26,4,1,77,11,25,19,2
21,5,34,3,3,29,4,34,22,2
73,4,31,4,1,65,12,30,20,1
9,2,30,3,1,19,5,24,22,4
16,5,26,3,15,5,5,32,21,1
79,5,38,4,1,85,11,32,22,1
6,4,24,5,5,3,3,22,17,1
6,2,27,2,8,10,5,23,24,7
30,3,32,1,2,45,8,35,22,1
76,8,39,6,1,76,7,33,22,1
55,3,28,3,1,48,10,27,23,6
53,6,31,4,1,62,7,31,23,3
70,8,31,4,5,57,7,32,21,1
5,3,27,5,1,19,5,30,21,1
99,9,32,6,1,98,14,38,21,1
56,4,26,5,1,60,10,21,21,2
97,6,31,5,1,94,14,24,18,1
93,6,36,4,1,96,12,35,20,1
2,1,27,1,3,6,6,32,26,7
84,6,34,5,1,78,12,33,19,1
23,2,26,2,2,2,5,27,21,6
61,7,29,5,4,84,9,31,23,1
77,8,42,6,1,98,12,35,18,1
93,7,31,4,3,62,10,29,19,2
1,3,33,3,2,41,6,35,22,1
74,8,37,7,1,84,7,33,21,2
16,3,25,4,1,21,4,27,23,4
57,7,39,5,1,50,7,38,20,1
50,4,34,5,1,76,8,29,21,3
34,3,27,5,1,45,7,26,18,1
19,5,25,4,8,5,3,25,22,3
24,5,28,6,1,61,5,28,21,1
27,3,23,3,2,36,8,31,23,2
93,10,34,6,1,84,11,32,16,1
83,10,32,4,3,58,6,32,18,2
34,3,23,5,1,58,8,28,19,1
89,6,30,4,1,83,13,24,20,3
92,8,34,3,2,65,10,38,22,1
79,4,30,2,1,67,13,37,24,2
4,4,31,3,6,37,4,26,24,3
71,8,34,5,1,89,10,39,20,1
96,9,32,7,1,95,14,34,18,1
84,9,32,4,1,33,7,31,19,4
8,2,30,4,2,15,6,27,24,1
82,5,30,4,1,48,11,33,23,3
83,7,31,4,2,88,10,28,19,1
94,6,26,4,1,74,14,33,21,2
65,7,31,6,1,91,10,38,21,1
65,7,29,6,1,91,11,31,16,1
16,4,25,3,4,25,4,28,23,3
44,5,29,6,1,51,7,33,22,2
48,4,36,3,1,53,9,30,23,1
11,3,21,4,1,7,5,27,19,1
10,4,23,4,5,5,3,26,22,2
55,5,32,2,2,59,9,40,25,6
1,3,29,3,5,3,2,19,18,2
14,2,29,2,1,6,5,32,24,2
39,4,30,5,1,36,8,29,19,1
88,8,35,6,1,98,10,35,20,1
73,7,29,4,6,38,9,30,19,1
61,4,31,2,1,81,9,31,21,1
82,7,33,6,1,90,10,32,19,2
11,5,33,4,5,38,5,31,24,1
4,2,25,2,3,6,4,32,23,2
90,6,39,5,1,99,15,34,20,1
85,6,28,3,2,81,12,31,21,2
65,4,25,2,2,8,8,33,21,1
90,10,29,6,2,54,7,29,18,2
32,4,34,4,1,87,9,33,20,1
30,4,32,4,1,49,5,30,24,2
6,2,24,2,10,1,4,22,20,1
20,4,29,5,1,51,8,33,20,1
15,5,24,6,1,10,5,33,21,1
91,8,40,6,1,99,15,38,22,1
57,7,35,4,2,78,10,40,22,1
1,4,29,6,1,8,5,30,23,1
55,6,26,4,9,28,6,26,22,2
6,2,30,2,2,2,4,28,23,4
15,2,31,2,1,43,8,34,26,2
76,6,27,6,1,66,12,32,21,1
33,5,24,6,1,22,6,26,20,3
58,7,30,7,1,73,10,36,20,1
80,8,35,3,3,75,9,40,22,1
36,4,35,6,1,67,8,29,21,1
56,4,28,4,2,71,10,25,21,2
69,4,31,4,1,86,10,30,22,2
68,5,28,3,6,72,12,32,19,1
2,2,30,3,4,12,6,26,21,1
98,10,42,5,1,99,11,36,18,1
85,6,30,6,1,83,11,24,16,1
74,6,31,4,1,95,12,30,20,1
87,5,35,1,2,80,14,37,22,1
37,3,34,1,3,58,8,30,26,3
36,3,25,2,3,2,5,27,25,7
96,6,34,2,1,96,16,35,22,3
63,6,37,4,1,93,9,28,22,1
43,4,32,4,2,27,6,26,19,1
82,9,28,6,1,78,9,30,18,1
96,7,28,3,2,70,11,37,24,4
92,10,47,7,1,99,11,37,18,1
67,4,24,3,1,53,11,32,21,3
53,4,37,3,1,55,8,35,24,2
59,6,26,4,5,13,8,32,22,2
69,7,37,3,5,94,9,37,23,2
7,1,27,3,2,17,7,20,22,3
69,6,32,3,1,83,10,35,23,3
98,7,38,5,1,99,17,36,22,1
90,7,37,4,1,97,14,37,23,1
16,5,35,5,3,79,5,27,22,1
85,5,30,5,1,77,11,24,20,3
61,4,23,5,1,34,8,22,18,6
36,5,28,7,1,66,9,32,21,1
53,6,30,5,2,85,10,34,20,1
75,7,36,5,1,90,8,37,20,2
60,7,27,4,5,57,7,31,22,5
58,6,30,3,6,55,7,31,20,4
72,7,31,5,1,59,10,33,22,2
81,6,26,3,3,44,12,30,23,2
57,6,36,4,1,67,9,37,21,1
21,4,33,4,1,44,4,30,24,5
19,5,27,4,2,18,3,30,21,6
73,5,29,2,2,44,10,32,22,5
22,5,24,7,1,11,4,25,20,2
28,3,27,2,2,13,6,28,21,2
57,6,27,5,2,76,11,35,23,3
89,8,40,6,1,99,11,35,21,1
71,4,29,4,1,48,11,29,22,2
23,3,25,3,2,1,5,29,20,2
32,3,31,5,1,35,6,24,21,1
9,2,31,2,4,16,6,27,22,2
24,3,29,4,1,31,5,27,20,1
98,13,37,7,1,95,13,36,20,1
40,6,24,6,3,66,8,34,19,1
20,5,29,7,1,53,6,25,20,1
60,4,33,3,1,80,12,33,21,1
35,4,35,5,1,49,5,19,19,2
8,3,20,4,2,4,3,25,21,5
26,5,36,5,1,41,6,29,22,1
1,2,19,4,2,23,7,28,25,2
11,3,30,5,1,61,5,26,21,1
44,5,32,6,1,84,9,29,22,1
2,1,28,4,1,25,5,25,23,3
87,9,30,8,1,80,10,34,17,1
91,6,34,2,1,74,10,34,22,3
35,5,27,5,1,38,7,35,23,2
16,4,30,2,6,27,4,27,22,4
6,2,32,1,2,1,4,31,24,3
79,9,29,6,1,63,9,34,20,2
87,7,34,6,1,90,13,36,17,1
69,6,31,3,4,89,11,33,20,1
30,4,28,2,6,29,8,34,24,3
24,4,33,5,1,26,5,29,20,1
85,6,27,5,1,84,12,24,20,2
17,3,26,5,1,13,5,27,22,4
79,7,36,3,2,46,7,32,22,5
9,2,33,3,1,19,6,25,24,1
12,2,33,2,1,33,5,28,23,3
70,7,29,7,1,43,7,27,20,4
14,3,32,5,1,42,6,29,21,2
55,6,35,4,3,40,5,26,20,1
0,2,25,4,3,17,4,28,21,1
82,6,29,2,1,31,8,30,19,2
4,3,30,6,1,33,4,21,18,1
74,8,31,7,1,91,9,36,19,1
8,2,29,3,1,5,3,21,22,3
39,3,34,4,1,80,8,26,19,1
21,4,26,6,1,25,5,27,20,2
60,7,30,6,1,67,9,31,18,1
95,10,40,5,1,94,12,39,18,1
25,3,29,4,1,49,6,29,21,1
90,7,40,4,1,95,13,35,19,1
84,7,36,6,1,86,8,27,20,1
93,7,27,5,1,75,11,25,15,1
73,7,32,5,1,86,9,31,19,1
30,3,26,4,1,11,5,22,21,6
10,4,28,3,8,4,4,28,23,2
12,1,27,0,2,6,6,31,23,3
1,3,30,4,3,24,5,28,23,1
68,5,32,2,3,77,9,26,22,2
7,1,32,2,1,8,4,23,22,3
39,5,35,4,1,44,5,29,22,2
63,4,28,3,1,57,10,32,18,2
8,3,21,5,1,21,4,28,21,1
68,4,37,5,1,97,13,26,21,1
45,4,25,2,3,2,4,23,20,10
45,4,31,4,1,54,7,25,19,1
44,6,32,6,1,69,5,32,21,2
30,4,34,4,1,63,8,30,23,3
50,7,33,4,2,7,4,37,20,1
99,6,33,2,1,81,13,33,20,2
25,3,24,2,3,1,3,28,20,3
16,2,24,4,1,22,7,21,19,2
97,7,37,3,1,60,8,32,22,7
66,5,29,4,1,39,9,33,23,2
1,3,33,4,3,55,7,33,21,1
62,4,33,3,1,88,13,37,21,1
54,4,35,1,2,67,9,33,24,2
73,5,33,4,1,60,10,36,21,1
12,3,20,5,1,13,7,30,21,1
32,5,31,3,2,8,3,32,21,2
76,8,34,5,1,87,7,35,18,1
44,3,24,3,3,40,8,25,20,4
0,1,30,2,1,1,3,25,22,3
22,3,26,5,1,54,7,31,19,1
22,2,22,3,2,42,9,28,21,1
81,7,36,3,1,89,9,39,23,4
8,2,21,3,4,24,5,25,24,6
91,7,29,4,2,75,10,25,16,2
45,5,28,5,1,28,8,31,20,2
88,6,31,4,1,89,10,31,18,2
0,3,27,3,4,0,2,25,19,3
38,6,34,5,2,42,6,27,20,1
83,6,33,3,2,98,14,35,21,1
8,2,23,2,3,5,5,24,22,8
82,5,34,3,1,64,12,37,22,1
2,3,30,5,1,22,4,26,19,1
89,7,33,4,1,47,9,32,18,2
24,5,32,5,3,51,5,28,19,1
14,3,28,4,1,20,6,30,20,1
63,5,33,4,1,53,9,29,20,1
88,7,41,3,2,99,11,33,22,1
10,4,28,5,2,49,5,25,24,1
26,4,31,3,2,17,4,30,21,2
18,2,29,0,4,6,6,27,25,2
68,7,37,3,5,81,7,30,19,2
27,5,24,4,5,30,6,33,18,2
15,2,26,4,1,44,6,22,22,1
68,7,29,5,2,62,7,30,21,5
61,3,32,1,1,47,8,29,23,9
89,7,33,3,2,71,11,37,24,3
27,4,31,2,3,46,8,40,26,3
80,7,29,5,1,80,10,37,19,1
16,4,24,4,5,1,4,30,21,2
24,5,28,6,1,9,4,25,19,2
93,10,36,6,1,68,9,38,17,1
80,7,33,4,2,81,11,31,23,1
59,6,30,6,1,87,9,25,17,1
76,6,33,4,1,78,11,29,17,1
7,4,30,4,7,17,5,26,23,2
84,6,32,3,2,86,14,35,20,2
34,6,27,7,1,45,6,28,17,1
88,7,28,6,1,73,11,31,21,1
8,1,31,3,1,31,7,24,26,1
41,3,26,4,1,19,10,27,25,2
25,2,28,3,1,11,5,25,21,4
16,2,33,2,3,50,6,23,22,1
83,7,37,5,1,81,10,33,21,2
92,6,32,3,1,91,15,40,21,1
56,5,30,5,1,52,8,23,21,3
40,6,24,4,4,5,4,24,21,6
42,3,35,3,1,76,9,23,22,2
60,3,35,4,1,99,18,33,24,1
94,7,31,3,4,60,13,33,21,3
54,5,32,4,2,89,9,29,22,3
92,9,36,5,1,95,10,37,20,1
51,7,30,6,2,87,11,34,19,1
37,4,23,5,1,40,9,33,21,1
68,7,28,6,1,84,8,30,17,1
98,7,37,5,1,87,11,30,20,1
57,6,35,5,1,81,10,42,24,1
64,6,37,5,1,90,10,35,20,1
13,4,35,5,1,31,3,27,21,3
12,1,19,3,2,4,7,25,21,1
64,4,30,2,2,67,13,31,22,2
83,9,40,6,1,90,8,30,17,1
58,4,28,3,1,17,6,27,20,3
19,3,30,4,2,60,6,23,19,1
31,5,32,5,1,66,5,32,23,1
74,5,32,2,2,58,9,24,19,2
59,6,31,6,1,42,8,33,19,1
98,6,33,4,1,78,11,24,20,4
9,4,31,6,1,26,3,23,19,1
78,5,38,3,1,71,9,27,18,2
3,0,26,1,2,3,4,20,23,5
67,5,30,5,1,85,10,29,22,2
65,7,31,6,1,69,9,30,20,1
35,5,25,5,4,15,5,21,18,2
97,12,29,6,1,89,11,43,16,1
1,1,28,4,1,31,6,24,20,1
7,2,23,5,1,14,4,20,17,2
18,4,31,3,4,13,3,29,20,3
18,4,30,4,1,11,4,29,19,1
47,5,36,5,1,90,8,32,20,1
68,6,31,5,1,78,8,26,21,2
41,3,29,2,3,53,10,37,22,1
75,9,33,7,1,89,11,33,17,1
58,5,33,5,1,88,8,27,19,2
59,4,30,4,1,86,9,29,19,2
11,4,29,3,5,6,3,28,21,3
14,4,32,5,3,76,7,29,22,1
25,4,25,3,3,0,3,31,24,4
1,1,19,1,13,1,7,25,27,4
28,3,28,2,4,3,5,30,26,5
99,11,36,6,1,94,9,33,19,1
73,5,26,3,1,25,9,31,18,3
52,3,36,1,1,68,9,35,21,2
54,5,29,3,3,67,8,32,20,1
96,9,33,4,1,77,10,40,20,2
91,9,29,5,2,91,13,37,20,1
62,6,25,6,1,91,11,28,21,1
78,6,27,5,1,95,12,31,22,1
20,1,28,3,1,5,6,24,23,3
85,9,35,6,1,84,11,38,18,1
42,4,32,6,1,74,7,29,22,3
65,5,32,4,1,93,11,30,21,1
35,5,28,5,2,16,6,26,21,2
34,3,30,4,1,65,10,28,22,1
80,5,31,3,1,50,9,25,18,1
76,9,36,4,3,85,8,33,18,1
64,5,30,3,1,76,12,32,23,5
78,7,35,5,1,88,10,35,22,1
35,5,23,5,3,23,7,24,20,3
91,5,31,5,1,77,10,25,17,1
42,3,35,4,1,37,7,27,23,2
48,4,30,2,3,30,5,29,20,2
68,5,31,2,2,51,8,31,24,5
1,3,30,3,2,27,3,29,23,3
32,5,32,5,1,77,7,32,22,2
51,5,31,5,1,44,5,26,23,2
44,6,26,7,1,25,6,25,17,1
99,7,35,3,1,75,11,32,23,2
20,2,29,3,1,5,6,29,25,5
99,6,38,3,1,93,13,31,21,1
99,7,45,2,2,86,12,32,21,1
5,3,31,4,2,30,7,27,20,1
16,3,27,3,1,1,2,25,22,3
57,6,35,4,3,36,8,33,20,1
70,8,37,7,1,56,6,31,18,2
14,4,29,6,1,32,7,30,20,1
74,9,29,6,2,46,9,31,18,1
85,6,33,4,1,95,15,32,20,2
35,4,23,3,3,2,4,27,20,3
23,3,28,5,1,40,7,29,22,4
34,4,23,6,1,55,9,27,20,1
7,4,21,4,6,4,3,33,21,2
4,2,31,2,3,42,7,33,28,1
9,2,20,5,1,47,8,26,19,1
89,10,32,5,2,85,12,41,19,1
66,6,35,3,5,80,10,34,23,2
71,6,28,5,1,76,8,30,17,3
42,4,32,5,1,59,7,26,20,1
47,6,30,3,4,57,6,32,21,1
15,4,26,3,10,25,4,28,20,1
25,2,30,3,1,68,9,26,21,1
57,5,24,3,5,37,10,33,21,3
45,4,34,3,1,45,7,34,24,4
7,2,25,3,1,5,3,21,23,5
0,2,24,3,2,10,5,25,21,3
80,9,29,8,1,62,9,29,16,1
46,6,24,3,5,2,4,30,21,11
47,5,33,3,4,31,5,27,23,4
29,2,31,4,1,71,8,22,21,1
89,6,37,2,1,80,9,32,21,5
27,4,31,3,4,8,6,28,21,2
34,3,30,3,2,83,9,27,23,1
20,2,28,2,2,8,5,24,21,4
30,2,24,3,1,6,8,25,20,1
73,4,25,4,1,64,10,25,21,3
67,8,30,7,1,55,7,34,19,3
58,8,33,4,7,42,7,34,20,1
44,4,30,3,1,69,10,34,24,4
73,7,28,6,1,65,10,32,19,1
35,4,30,4,1,58,6,30,22,4
3,0,16,2,1,0,5,26,25,6
11,4,24,3,9,3,4,25,23,9
7,3,32,3,2,2,4,31,21,1
94,8,32,4,1,77,9,33,21,1
38,3,33,3,1,24,7,29,22,2
95,8,36,5,1,77,9,31,21,3
49,5,28,3,4,12,7,31,20,1
21,2,27,4,1,15,7,21,23,3
32,5,24,6,2,49,8,30,19,1
37,4,28,5,1,26,6,30,24,3
73,6,39,3,1,92,9,32,19,1
30,4,31,5,1,51,7,32,20,1
50,5,33,4,1,73,7,28,19,2
19,3,31,5,1,23,4,23,22,4
77,5,25,2,1,39,10,31,21,9
36,5,28,5,1,24,5,25,17,1
75,5,28,5,1,76,13,33,19,1
99,10,37,4,2,99,13,41,24,1
0,2,20,3,6,17,5,24,20,3
87,5,29,2,2,54,9,25,19,5
87,6,30,2,2,47,9,26,20,4
56,6,30,5,1,38,8,34,19,2
41,5,24,4,2,6,4,29,21,3
2,4,24,5,5,44,6,27,19,1
59,6,28,3,5,57,7,31,20,5
66,4,33,4,1,91,11,27,19,1
25,3,31,3,2,12,5,30,24,4
24,2,27,3,1,26,7,27,20,1
46,5,31,3,2,14,5,32,23,6
22,2,26,2,2,5,5,27,23,5
37,5,30,5,1,58,8,32,21,2
13,3,32,5,1,28,5,27,19,1
37,4,31,5,1,73,6,29,21,1
44,6,34,5,2,55,6,26,21,1
55,4,24,4,1,56,8,29,20,3
14,3,23,3,9,22,7,32,23,4
88,6,34,5,1,98,13,29,18,1
10,2,29,3,2,57,6,25,23,4
47,6,26,3,3,4,6,37,20,2
68,6,26,6,1,70,9,25,15,1
35,6,29,3,4,2,2,29,18,4
69,4,30,4,1,71,11,30,19,1
93,6,30,4,1,59,11,27,19,3
86,5,39,3,1,91,14,40,24,1
79,8,34,6,1,79,8,36,20,1
67,4,37,3,1,63,10,27,23,2
99,11,29,5,4,86,13,39,18,1
37,5,27,7,1,21,6,29,20,1
15,2,24,2,4,35,8,28,20,2
1,3,24,3,9,6,3,27,21,2
91,11,37,5,2,87,8,33,17,1
53,6,31,4,4,68,9,30,19,1
7,4,33,4,1,41,3,30,22,3
2,0,28,2,4,10,6,20,24,3
95,9,31,6,1,92,14,34,17,1
57,7,33,5,1,82,8,34,20,2
82,6,35,4,1,64,7,29,19,3
91,8,34,6,1,98,11,27,14,1
22,5,34,5,2,77,5,30,23,2
68,6,38,4,1,95,12,41,24,1
95,6,39,3,1,95,11,33,22,1
83,5,34,5,1,87,10,27,20,2
99,7,37,5,1,98,13,31,23,1
85,6,33,6,1,83,12,30,17,1
13,2,31,2,1,43,6,29,23,3
38,4,35,4,1,35,7,29,22,2
96,12,30,4,2,40,7,38,18,1
67,4,27,2,1,24,10,30,20,5
69,6,37,4,1,94,9,32,21,1
47,3,35,2,1,43,8,34,25,5
57,7,34,5,2,39,5,27,19,1
91,7,32,3,1,88,14,39,22,1
20,4,34,3,2,7,2,26,20,3
91,7,31,4,1,95,11,33,19,1
72,6,32,5,1,87,9,31,21,3
34,6,36,7,1,94,9,32,20,1
89,5,35,3,1,84,13,35,23,4
71,4,29,4,1,80,12,33,17,1
89,8,34,6,1,90,11,39,22,2
42,6,32,4,1,19,4,30,21,6
63,6,28,6,1,89,10,25,21,2
67,8,35,6,1,85,8,32,18,1
99,7,32,3,1,44,12,36,21,2
79,8,28,4,2,46,10,36,20,2
44,5,34,4,1,35,6,28,19,1
39,4,32,3,1,25,5,28,20,1
27,3,31,4,1,48,6,30,23,1
97,5,32,3,1,57,13,34,23,8
73,7,39,3,1,77,6,37,20,1
44,6,35,4,2,36,5,31,22,2
72,6,32,4,1,49,7,29,21,4
26,5,29,6,1,44,7,28,19,1
52,6,31,3,5,26,5,28,20,4
19,2,20,3,3,29,9,29,22,1
26,5,24,3,19,31,6,29,23,3
25,4,32,4,2,33,8,27,22,1
39,3,22,4,1,27,9,31,20,2
40,5,23,3,13,15,7,28,19,1
72,4,29,2,1,59,9,26,21,2
16,2,25,4,1,18,4,24,20,2
92,7,29,4,2,55,11,28,21,2
35,6,35,3,2,44,4,34,21,2
42,5,30,3,6,47,6,27,21,4
46,6,32,5,2,75,9,35,20,1
13,4,24,6,1,1,1,24,18,3
64,7,27,7,1,56,10,35,19,1
83,6,39,5,1,93,12,37,24,2
68,4,30,2,2,82,12,32,22,1
24,5,30,4,3,33,5,32,21,1
65,8,27,5,1,22,5,32,17,3
85,10,28,4,8,75,11,40,23,2
13,4,29,3,3,0,1,28,23,13
27,4,29,3,2,35,5,31,20,2
61,7,32,6,1,84,9,35,17,1
59,5,25,5,1,53,9,27,20,2
1,3,31,4,2,20,5,33,24,1
55,4,30,4,1,45,10,32,23,1
0,3,23,5,1,1,1,22,22,3
16,3,28,4,2,51,8,31,20,1
75,6,25,4,2,80,14,34,19,1
39,5,26,4,3,37,7,32,19,1
28,6,26,4,3,11,6,42,23,2
35,4,27,2,2,28,7,37,22,4
10,1,24,4,1,43,9,31,22,1
72,6,35,4,2,84,11,33,21,1
67,7,38,4,1,89,8,32,20,1
5,2,29,2,3,33,4,26,25,2
56,7,26,5,3,26,8,30,20,1
30,4,32,4,1,37,7,30,20,1
90,8,31,5,1,44,9,36,17,1
19,2,23,3,2,47,11,29,22,1
14,2,25,2,4,15,8,31,21,1
29,3,29,4,1,51,7,28,18,1
53,5,32,5,1,78,8,27,23,1
24,2,29,5,1,21,7,25,20,1
47,6,34,4,1,28,5,31,20,2
7,3,27,4,2,18,5,32,19,1
85,7,27,4,2,49,9,30,19,3
41,3,35,2,3,81,8,28,22,1
17,1,21,1,2,3,6,29,21,5
19,3,30,5,1,54,7,30,24,2
51,4,31,4,1,67,9,32,22,2
67,6,27,4,2,74,11,29,22,3
12,3,30,5,1,21,5,24,17,1
95,10,30,4,1,38,8,37,21,2
58,4,27,4,1,70,10,34,21,1
49,5,30,5,1,36,8,31,21,2
55,5,27,3,2,45,8,27,20,6
95,6,28,5,1,96,14,29,16,1
25,4,30,4,2,52,6,36,24,1
59,5,36,5,1,67,10,30,22,3
49,7,30,6,1,22,5,32,22,2
67,7,34,4,2,77,11,38,23,3
88,9,40,4,2,75,9,33,19,1
58,6,29,4,2,22,5,31,19,2
30,4,25,6,1,69,7,24,18,2
90,7,36,5,1,93,10,33,21,1
87,7,35,4,1,86,9,36,23,4
99,7,32,3,1,45,11,36,22,4
99,8,30,4,1,66,11,35,18,2
46,4,26,6,1,14,7,30,18,1
41,2,25,4,1,43,8,26,22,2
99,8,41,4,1,96,10,37,21,1
51,6,35,5,1,82,9,36,21,1
90,10,28,7,1,53,9,33,20,1
53,4,28,2,2,19,6,32,22,5
42,3,25,2,6,22,7,24,23,4
47,4,33,3,1,62,8,35,24,2
72,6,29,4,1,67,9,30,18,3
18,4,27,5,2,32,7,28,19,1
9,3,21,3,7,1,2,22,21,2
24,3,23,4,1,35,8,31,24,2
32,4,29,5,1,61,8,29,23,1
81,8,30,5,2,72,11,32,22,1
13,1,29,2,1,7,4,23,25,7
52,3,25,3,1,35,10,37,22,1
79,5,31,4,1,41,9,30,23,4
11,5,29,5,2,19,5,30,22,1
71,8,30,6,1,44,8,28,17,1
94,9,32,4,5,91,11,35,19,1
99,10,40,6,1,98,13,44,21,2
62,4,34,4,1,83,11,28,20,1
81,7,28,4,1,59,10,31,17,1
94,7,38,5,1,83,12,32,18,1
41,4,24,4,1,25,8,31,21,2
66,4,27,4,1,30,8,26,21,3
20,3,32,3,1,13,6,31,22,1
99,6,31,4,1,98,15,32,22,1
3,0,22,3,2,5,6,21,22,2
68,6,34,4,1,81,8,30,18,2
21,5,26,6,2,16,5,23,21,1
5,0,28,1,3,2,6,26,27,4
56,4,29,3,1,59,10,32,24,4
44,3,29,2,2,27,7,24,24,5
97,12,38,5,1,97,10,43,23,2
93,8,27,3,2,21,7,32,20,11
90,7,39,5,1,97,11,32,20,1
61,4,31,1,2,35,10,33,24,5
4,1,22,3,1,2,4,20,18,2
20,4,30,4,2,11,6,26,23,2
28,4,31,3,3,40,7,32,21,2
58,5,28,3,1,23,8,37,23,3
44,4,30,4,1,50,7,29,20,1
97,8,30,6,1,76,10,26,19,1
20,4,24,4,1,24,7,36,26,2
37,4,25,5,1,53,9,34,19,1
21,3,27,4,2,44,7,31,21,1
50,6,29,4,2,26,6,28,20,2
39,6,32,7,1,73,6,28,21,1
8,1,29,2,2,47,9,30,22,2
31,4,28,4,1,23,7,31,22,3
68,5,34,4,1,83,10,31,22,5
29,4,29,3,4,42,7,29,21,1
70,8,30,6,2,70,8,31,20,1
18,2,28,2,1,42,6,26,22,4
74,5,26,5,1,68,12,29,20,2
25,4,31,4,1,67,7,28,23,2
25,2,32,4,1,48,7,29,24,1
10,1,30,4,1,36,6,20,20,1
75,6,32,5,1,48,10,34,19,1
66,5,32,5,1,64,9,23,19,2
80,9,39,4,1,90,7,40,19,3
0,3,31,5,1,39,4,30,24,1
5,2,21,4,1,24,6,28,21,3
16,3,28,5,1,31,6,27,20,1
83,9,34,6,1,81,11,38,17,1
92,7,28,3,1,43,10,36,21,7
13,2,21,3,5,4,7,24,24,4
32,3,31,2,1,52,7,31,21,3
82,5,29,3,1,41,11,30,19,2
75,6,30,5,1,67,12,30,19,1
72,7,26,4,6,66,8,31,20,1
26,2,25,3,2,17,7,21,20,2
40,6,32,5,1,70,6,32,18,1
76,5,29,3,2,82,15,32,21,2
9,4,32,5,2,64,6,30,22,1
29,4,30,4,1,58,6,31,23,4
26,6,33,4,3,13,2,32,25,2
95,8,28,6,1,89,14,34,17,1
18,2,28,3,1,19,5,25,24,3
88,6,28,3,2,44,12,34,22,1
83,6,33,3,1,74,10,33,24,4
26,3,23,3,2,49,7,25,20,1
25,3,22,5,1,31,9,22,20,1
61,4,34,1,4,70,11,32,25,1
76,7,28,5,2,76,12,37,19,1
79,8,30,4,6,50,7,27,21,2
64,6,37,3,1,50,8,33,21,2
46,5,36,4,1,80,9,35,22,1
96,9,29,4,3,42,8,32,22,3
21,2,31,5,1,32,7,30,24,1
17,4,33,5,1,41,5,30,24,1
51,5,32,6,1,91,9,31,22,1
9,4,33,6,1,60,4,24,20,1
14,3,30,5,1,25,6,33,23,1
4,3,25,3,7,16,7,30,26,2
1,3,30,2,8,12,5,31,25,2
22,4,24,5,1,13,4,28,22,4
64,5,34,5,1,54,9,28,18,1
42,4,31,4,1,15,6,29,21,2
63,7,25,4,3,20,6,33,18,1
78,6,35,4,1,68,8,29,17,1
50,5,33,4,1,49,9,34,24,2
3,4,34,5,1,28,2,30,20,1
87,8,33,3,2,52,8,35,21,4
25,5,28,6,3,33,7,26,21,2
96,5,36,2,1,93,15,38,24,4
5,4,28,4,2,9,4,36,20,1
94,6,32,3,1,94,13,36,22,1
4,4,31,3,10,4,4,29,22,2
73,8,32,4,5,76,11,41,22,1
45,4,34,4,1,48,8,35,20,1
65,4,36,1,3,96,13,33,25,1
58,3,33,2,1,71,10,28,19,1
98,6,33,5,1,82,12,28,20,2
83,10,43,6,1,91,8,28,18,1
27,4,23,4,5,55,8,27,20,2
74,9,30,5,3,36,7,31,18,3
59,4,31,1,2,36,9,29,21,3
21,5,32,3,7,50,6,38,23,1
35,3,25,3,3,66,8,26,20,1
81,7,33,4,2,70,11,29,22,2
70,7,26,6,1,41,9,31,19,1
98,6,32,3,1,84,11,33,23,3
42,6,31,5,1,48,7,36,22,4
82,6,32,2,1,32,10,36,22,2
12,3,22,6,1,23,6,27,20,3
53,6,32,3,5,81,10,35,20,1
54,3,30,1,1,10,5,27,21,4
46,4,28,2,2,27,5,29,22,4
59,4,34,5,1,89,12,34,21,1
86,6,32,2,1,44,9,35,20,2
2,2,25,5,1,9,5,23,21,1
9,1,19,4,1,9,5,17,18,1
27,4,26,5,1,20,5,25,18,2
62,5,37,4,1,76,9,34,23,1
95,6,31,3,1,79,12,34,20,4
19,5,23,5,5,23,6,31,18,1
16,4,32,5,2,73,6,24,20,1
95,6,39,3,1,62,10,32,18,2
66,6,28,3,2,31,9,35,22,2
94,10,37,5,1,97,12,42,22,1
53,3,23,3,2,14,7,21,21,3
1,1,31,3,1,44,7,29,26,2
85,9,31,6,1,45,9,35,20,1
74,5,30,5,1,90,13,35,18,1
60,7,32,6,1,76,8,30,20,1
33,3,26,4,2,74,9,24,23,1
74,7,37,6,1,80,9,36,24,1
83,8,38,4,1,60,7,29,22,3
45,3,25,3,2,67,11,29,21,1
22,5,28,6,2,33,6,29,21,1
48,5,30,3,8,25,5,24,22,2
35,5,34,5,1,25,4,27,22,3
10,2,22,1,3,0,5,30,23,5
16,2,22,4,1,9,5,21,22,3
11,2,26,3,1,32,6,30,25,2
28,4,33,3,7,18,5,27,22,1
40,4,33,5,1,60,8,33,21,1
27,2,23,2,2,19,6,30,22,2
78,6,35,3,1,81,11,39,23,2
20,5,26,4,3,3,3,30,21,6
40,6,37,4,1,20,4,30,22,6
20,4,30,6,1,63,5,27,21,2
6,2,30,3,1,29,5,27,23,2
10,1,29,4,1,14,6,24,22,2
67,8,36,4,5,94,9,33,19,1
14,3,26,3,5,13,5,26,22,1
97,6,28,4,1,78,13,31,21,2
83,6,36,3,2,95,13,40,25,2
15,2,27,2,2,37,7,25,20,2
79,7,31,3,2,24,8,33,18,2
57,4,26,5,1,44,9,20,15,1
10,2,28,3,1,31,6,28,24,3
47,3,25,4,1,81,14,33,22,1
62,5,26,4,1,11,6,29,23,4
69,8,40,4,1,53,6,37,22,1
61,6,26,5,1,23,9,31,20,1
24,5,29,4,2,38,5,36,21,1
16,2,31,3,1,70,7,27,23,2
39,5,32,5,2,77,8,29,23,1
31,3,25,5,1,37,7,20,19,1
95,8,34,6,1,99,16,34,21,1
51,3,25,3,1,65,9,29,19,1
83,5,32,2,1,33,10,32,25,4
42,2,31,2,1,24,7,24,20,2
84,5,26,5,1,95,19,32,21,2
68,5,25,6,1,60,10,29,21,2
80,8,31,6,1,56,10,34,20,1
18,5,24,4,6,9,5,33,23,4
49,6,26,3,9,41,9,34,25,1
1,4,25,6,2,24,4,22,18,1
10,3,20,3,14,4,5,22,20,2
63,5,30,4,1,88,14,31,23,2
3,3,24,5,1,35,6,30,22,2
40,6,27,5,2,17,7,36,18,1
5,3,22,3,7,3,4,32,25,3
42,5,34,5,1,83,9,29,21,1
21,5,28,6,1,57,7,32,17,1
35,4,29,5,1,31,6,20,18,2
61,4,34,3,1,69,9,23,23,4
76,5,32,1,2,77,10,34,24,6
56,7,33,7,1,67,9,32,19,1
92,11,34,6,1,96,11,42,21,1
44,6,36,4,1,74,5,32,18,1
45,4,30,2,7,29,9,29,21,1
81,7,27,6,1,97,16,35,17,1
11,4,26,7,1,9,3,25,18,2
98,6,38,3,1,97,12,33,20,1
49,6,26,5,2,60,7,30,22,1
46,6,26,5,1,31,7,32,22,3
61,6,30,5,2,52,10,29,21,2
93,9,39,5,1,79,9,31,23,1
22,5,35,6,1,46,4,24,16,1
5,3,30,4,2,54,5,27,21,1
58,4,29,2,1,13,8,31,23,3
99,6,30,3,1,61,14,33,19,2
39,3,31,1,3,30,8,31,24,1
57,5,32,4,1,78,8,32,18,1
63,6,34,5,1,92,8,33,20,1
63,4,27,3,1,43,9,29,22,11
74,7,33,6,1,76,8,25,17,1
24,4,32,4,3,24,5,27,21,1
36,5,28,6,1,72,8,32,17,1
69,9,28,5,2,39,5,33,21,10
51,5,34,6,1,81,8,28,22,1
95,8,39,5,1,86,8,33,20,1
81,8,37,4,3,91,8,32,18,1
93,7,42,4,1,75,10,36,18,1
90,6,33,4,1,75,13,34,18,2
68,7,37,5,1,73,8,27,20,1
69,5,27,2,3,33,8,30,20,2
87,9,29,6,1,93,13,39,22,1
74,8,28,5,3,66,9,32,18,1
1,1,27,4,1,45,6,25,21,1
9,2,28,3,1,17,4,28,23,5
28,4,31,3,3,71,7,29,25,2
55,5,27,3,5,36,7,23,18,2
73,7,37,7,1,97,10,38,20,1
10,2,30,4,1,41,6,28,22,1
11,5,34,5,2,23,3,24,22,2
63,4,25,4,1,18,9,26,19,3
83,9,30,5,1,68,7,35,22,4
28,5,33,5,1,44,6,30,20,1
0,2,18,4,1,1,3,25,19,3
98,9,33,6,1,93,12,33,17,1
35,6,28,6,1,62,9,35,23,1
92,9,29,5,1,84,11,40,21,1
54,6,32,4,1,67,7,39,23,4
24,2,30,3,1,18,7,25,22,4
10,2,20,4,1,26,8,28,23,4
96,9,35,5,1,98,14,40,18,1
30,5,30,4,6,13,4,24,21,3
88,10,35,4,2,72,9,42,20,1
41,5,35,5,1,73,8,35,20,1
59,5,35,5,1,96,11,34,22,1
43,4,29,5,1,79,10,33,23,1
1,1,20,4,2,3,7,22,20,1
18,4,26,3,5,4,4,31,21,2
4,2,31,4,2,60,7,23,23,1
22,4,35,4,1,42,6,37,23,1
11,1,29,3,1,38,8,34,23,2
3,4,33,6,1,31,4,26,19,1
33,2,24,2,2,9,8,29,23,4
24,4,29,4,1,12,5,31,19,1
98,7,32,3,2,48,9,29,20,2
79,9,31,6,1,88,10,37,22,1
51,6,29,5,1,30,7,33,19,2
45,3,23,5,1,64,9,31,23,2
72,8,31,7,1,71,8,28,20,1
36,6,33,4,6,76,8,36,22,1
91,9,46,6,1,96,11,37,21,3
23,2,31,3,1,22,6,23,21,2
76,5,30,3,1,55,11,32,20,3
43,6,37,4,1,41,4,32,22,1
87,8,34,5,1,82,11,34,17,1
31,5,30,3,10,28,6,29,20,1
67,8,39,4,4,83,9,36,21,1
73,5,31,5,1,66,11,29,22,3
37,4,31,4,3,59,9,30,24,2
98,9,30,5,2,55,10,33,20,1
67,4,33,4,1,91,11,24,18,1
81,7,32,3,1,30,6,32,23,13
82,9,32,4,5,51,9,38,22,2
56,5,28,3,2,30,6,29,20,6
53,4,32,1,4,66,10,33,22,1
71,6,26,5,1,73,9,32,21,1
10,3,28,4,2,43,5,27,22,1
37,6,36,6,1,70,7,33,21,1
35,6,32,4,3,44,6,31,24,1
14,3,30,4,2,62,7,28,23,1
7,2,31,3,1,17,4,20,22,5
37,6,35,7,1,44,5,33,21,1
74,7,30,4,3,70,10,34,18,1
22,2,24,3,3,50,8,28,20,1
72,4,37,2,1,74,12,31,20,1
87,7,35,5,1,76,10,33,20,3
37,2,30,3,1,79,12,29,23,1
55,5,28,2,3,6,7,32,21,3
32,2,23,4,1,58,8,26,21,1
18,3,22,3,8,4,6,28,25,2
42,5,32,4,3,66,7,30,19,1
16,3,32,5,1,70,6,27,20,1
76,6,27,4,2,70,12,35,19,2
88,5,37,2,1,90,14,34,24,6
34,4,31,4,1,31,4,25,21,3
35,5,26,4,5,67,7,27,21,3
14,3,23,4,2,17,7,30,19,1
64,7,36,6,1,77,8,27,19,1
96,6,28,6,1,84,12,24,17,1
3,2,17,3,1,0,3,18,20,11
38,4,25,3,1,21,6,28,20,3
82,9,30,5,2,92,10,33,21,1
1,1,17,5,1,4,5,27,21,1
45,3,29,4,1,47,8,21,19,1
25,4,29,4,3,15,5,25,21,5
99,7,30,3,2,48,9,28,17,1
44,5,30,4,2,50,7,25,21,2
1,2,24,4,3,41,6,24,23,2
51,7,38,4,1,48,7,40,24,2
47,3,34,1,2,85,11,31,24,2
87,8,37,6,1,65,7,31,19,1
26,5,23,3,5,0,2,26,23,7
55,4,34,5,1,79,10,28,21,1
4,3,22,5,2,8,5,26,19,1
35,4,35,2,4,60,7,28,23,1
44,5,37,4,2,82,7,27,19,1
64,7,39,3,5,87,10,36,24,1
4,3,25,6,1,10,3,19,16,2
69,4,32,5,1,88,10,26,21,1
10,3,32,5,1,8,2,23,19,2
88,9,33,4,4,65,9,30,17,2
94,5,36,2,1,90,12,30,22,3
13,3,23,3,5,3,3,24,21,8
87,9,28,5,5,52,8,26,19,7
94,6,31,3,1,89,16,33,19,1
79,8,36,4,1,58,9,37,18,1
69,4,33,2,1,49,9,32,24,2
83,5,38,2,1,90,15,39,26,1
9,5,21,5,4,0,1,22,20,3
78,9,33,5,1,30,8,40,22,5
89,5,38,4,1,97,14,26,21,1
76,5,38,3,1,55,11,34,24,1
28,5,26,5,1,36,4,32,22,3
46,3,32,2,1,33,5,26,20,3
78,6,36,5,1,70,10,36,19,1
28,4,32,4,1,51,5,32,24,3
22,4,33,4,1,49,4,30,22,4
42,5,30,4,4,50,6,24,21,2
42,2,26,1,4,21,8,27,25,14
24,2,30,0,3,8,7,26,26,6
50,4,30,5,1,65,7,26,23,3
34,5,28,4,1,9,3,27,21,5
89,9,33,4,2,82,10,36,17,1
23,5,25,6,1,16,4,27,21,2
73,9,34,6,1,69,6,32,21,2
21,2,31,4,1,65,7,21,21,1
13,5,34,7,1,64,5,25,22,1
59,7,35,6,1,71,8,30,20,1
75,7,27,3,8,62,9,32,19,1
39,3,26,4,1,43,8,25,19,1
97,6,41,3,1,97,13,38,20,2
29,4,33,3,2,44,7,35,21,2
23,4,29,5,1,51,7,32,23,2
