K:10
N:2000
Gap:1.31529441064802
Rho: 
1 0.8 0.45 0.2 -0.3 0.7 0.75 0.5 -0.3 -0.1
0.8 1 0.45 0.5 -0.1 0.55 0.4 0.6 -0.4 -0.2
0.45 0.45 1 0.1 -0.3 0.6 0.3 0.4 0 -0.3
0.2 0.5 0.1 1 -0.5 0.35 0.1 0.1 -0.5 -0.45
-0.3 -0.1 -0.3 -0.5 1 -0.4 -0.3 -0.1 0.2 0.2
0.7 0.55 0.6 0.35 -0.4 1 0.8 0.45 -0.2 -0.45
0.75 0.4 0.3 0.1 -0.3 0.8 1 0.45 -0.1 -0.3
0.5 0.6 0.4 0.1 -0.1 0.45 0.45 1 0.1 -0.2
-0.3 -0.4 0 -0.5 0.2 -0.2 -0.1 0.1 1 0.4
-0.1 -0.2 -0.3 -0.45 0.2 -0.45 -0.3 -0.2 0.4 1
X:
91,5,37,3,1,87,12,29,20,1
93,7,30,3,1,78,11,36,19,2
28,4,28,3,2,3,4,30,19,3
83,9,41,6,1,80,8,27,20,2
64,5,36,4,1,98,11,30,19,1
51,4,31,5,1,66,9,32,23,1
73,7,33,6,1,61,9,31,17,1
13,1,25,1,5,3,7,22,22,4
65,7,31,4,2,55,6,29,20,4
70,6,38,4,1,84,9,28,21,1
45,3,30,5,1,73,9,21,19,1
71,8,34,5,1,39,7,34,19,1
93,9,34,5,1,80,8,35,22,5
25,5,26,4,2,6,5,35,21,2
46,3,25,1,5,21,7,22,21,4
94,8,41,3,2,99,13,36,18,1
97,6,38,4,1,99,17,32,19,1
11,5,22,5,3,26,6,32,20,1
47,5,27,6,1,43,6,26,22,2
56,7,35,4,5,54,9,34,20,1
90,7,35,4,1,90,13,35,24,1
13,3,29,5,1,53,7,31,19,1
98,10,30,5,1,80,12,43,19,2
94,5,38,1,1,72,13,34,22,2
8,1,30,2,2,21,7,24,24,3
51,4,32,2,2,50,7,27,21,3
39,5,34,3,1,38,6,35,24,3
90,7,34,6,1,97,12,37,20,1
44,7,33,6,1,65,8,37,19,1
83,6,35,3,1,75,13,37,21,1
73,5,29,2,2,52,10,31,23,4
81,6,33,3,3,44,7,24,20,8
38,5,34,5,1,48,6,30,20,1
68,6,32,5,1,59,9,27,17,1
0,4,29,3,7,1,2,26,24,2
83,5,37,4,1,86,11,28,22,2
0,4,20,6,3,32,6,23,19,1
20,4,27,4,2,45,6,27,22,3
90,10,39,5,1,94,9,39,21,1
61,5,25,5,1,59,8,31,21,2
37,6,28,5,2,34,6,36,20,2
43,5,27,3,5,4,5,29,24,6
3,4,21,3,15,4,5,31,25,2
97,8,32,3,3,94,16,40,21,2
43,7,33,6,1,87,9,34,19,1
95,9,29,4,2,88,12,37,20,1
88,7,29,4,3,81,14,32,20,2
63,6,33,5,1,74,9,37,23,1
97,9,28,5,1,64,10,32,22,2
61,8,30,7,1,76,7,30,16,1
33,5,23,6,2,22,6,25,22,1
34,4,33,4,1,58,8,30,20,1
39,5,25,3,8,13,6,27,19,1
78,7,28,6,1,85,10,36,18,2
3,3,33,5,1,19,2,24,20,1
74,8,38,5,1,67,9,36,19,1
67,7,34,6,1,57,6,26,19,3
17,2,20,4,1,21,8,26,20,1
26,4,25,4,1,7,5,27,20,1
51,5,34,2,2,49,6,30,23,6
67,4,27,3,1,66,11,29,22,7
98,12,29,5,1,87,11,43,21,1
75,9,37,6,1,91,8,34,18,1
56,6,30,4,1,73,10,36,20,1
84,5,25,4,1,81,13,32,18,1
18,1,25,2,2,3,5,23,25,6
27,2,30,2,3,49,8,24,22,1
82,9,29,6,1,34,8,39,22,2
69,5,27,4,1,58,11,31,19,1
24,2,30,2,1,35,6,22,22,4
4,4,29,6,1,21,3,20,19,1
14,1,30,0,6,8,6,21,24,6
21,3,22,3,2,2,3,27,22,5
47,4,27,3,5,34,9,27,21,2
19,2,23,4,1,35,9,30,19,2
71,5,29,3,1,64,8,31,20,3
0,1,20,4,1,21,6,23,22,1
37,4,30,3,2,52,6,27,21,2
51,3,24,3,1,11,9,30,23,2
0,1,31,1,6,53,9,30,26,1
58,5,27,3,4,23,8,26,21,3
15,4,23,4,4,3,4,22,21,5
35,5,25,5,4,27,7,27,20,1
64,6,30,3,10,59,9,30,20,1
77,8,36,7,1,99,10,30,16,1
56,6,29,4,1,26,5,28,20,3
23,4,31,5,1,67,6,30,23,1
8,2,29,3,1,3,2,21,20,3
8,1,22,3,2,11,7,23,23,2
30,3,25,4,1,39,9,25,21,1
66,4,32,3,1,37,7,23,22,6
0,3,33,5,1,50,4,23,22,2
20,5,28,3,10,7,3,25,23,3
93,5,30,3,1,87,16,37,20,1
92,6,31,2,1,76,10,31,22,4
73,9,27,4,4,21,8,32,21,6
33,5,24,3,4,2,5,35,24,4
51,4,27,3,1,50,10,30,23,4
74,5,30,2,2,32,10,30,24,9
61,4,31,4,1,38,9,31,22,2
62,4,29,3,1,50,12,29,22,5
21,3,28,4,1,47,9,27,21,1
21,4,27,4,1,4,4,28,19,1
38,4,32,4,1,46,7,21,20,2
94,10,39,4,1,84,10,42,25,2
96,11,38,6,1,72,10,38,18,1
73,5,30,3,1,34,9,32,21,1
73,7,33,6,1,72,10,33,21,2
53,5,28,4,1,37,8,32,20,1
0,3,25,6,1,10,5,24,22,1
60,6,28,4,2,30,7,30,23,4
83,9,42,7,1,99,12,41,19,1
75,7,31,3,1,45,8,39,23,2
45,5,34,4,2,75,7,29,24,1
53,7,31,4,2,18,5,33,23,5
53,3,35,2,2,45,9,24,20,1
0,2,18,2,11,6,4,24,24,8
35,4,24,3,2,41,7,30,20,3
61,4,33,4,1,55,8,28,20,1
82,5,26,1,2,20,8,25,20,3
35,4,32,4,1,59,9,33,22,2
41,3,30,2,3,43,7,26,20,2
57,4,27,4,1,25,8,28,23,5
58,5,29,2,6,37,8,24,22,4
71,6,34,6,1,89,12,32,19,1
39,4,27,2,2,14,8,31,21,4
91,6,37,5,1,97,16,35,21,1
96,8,41,3,1,86,10,34,21,3
23,3,31,4,1,70,7,29,22,1
72,8,34,6,1,95,11,35,20,1
90,6,27,3,1,66,13,40,25,3
60,5,27,3,1,8,6,27,20,6
63,7,34,4,1,31,7,37,24,4
93,10,37,7,1,94,9,34,21,1
85,6,33,2,4,83,12,31,19,1
57,8,26,5,9,30,6,27,18,2
82,7,26,5,2,85,12,31,17,1
11,3,27,4,2,35,8,31,21,1
76,6,28,4,1,57,10,35,23,2
62,4,29,4,1,70,13,25,21,1
14,5,31,5,2,29,4,24,22,3
8,2,28,3,1,30,7,29,20,1
46,5,28,3,4,53,9,37,24,1
77,7,32,4,1,57,9,37,23,6
73,7,30,4,2,39,7,28,19,3
81,9,39,6,1,61,6,32,19,1
17,3,28,3,2,11,4,23,21,8
94,7,36,3,1,92,12,35,20,2
29,4,35,2,7,21,5,23,22,1
14,1,32,4,1,67,9,33,22,1
71,6,29,3,1,35,8,34,22,6
32,4,31,4,1,27,6,28,21,1
77,8,38,6,1,84,10,40,19,1
39,3,25,5,1,60,9,27,22,4
67,4,24,3,1,18,9,29,19,3
77,8,27,5,2,66,11,37,19,1
18,4,28,3,5,34,7,34,22,1
2,1,28,4,1,36,6,25,22,1
13,3,23,2,3,0,1,24,21,11
68,4,29,2,2,49,10,27,20,3
93,5,32,1,1,45,11,35,22,7
55,7,29,6,2,76,9,31,17,1
60,5,25,4,1,48,7,32,18,2
19,2,31,3,2,79,9,24,20,1
53,5,29,3,2,38,9,38,24,2
17,2,32,1,6,16,5,19,25,5
45,7,29,5,5,48,7,29,20,2
31,5,36,3,4,76,7,33,20,1
11,2,30,2,4,35,5,21,24,5
18,5,25,4,6,9,6,31,22,1
72,7,38,4,2,89,10,30,21,3
41,5,33,4,2,33,5,25,20,2
41,3,31,3,1,40,8,32,23,1
48,5,31,2,3,56,8,31,23,3
42,6,31,4,2,20,5,35,21,1
13,1,31,1,1,10,4,24,24,4
82,10,30,6,1,89,11,40,21,3
59,7,30,5,3,88,9,30,19,1
79,6,30,5,1,60,8,28,19,1
76,9,41,5,1,63,6,33,23,2
91,11,35,4,2,75,8,40,21,2
86,6,34,4,1,93,13,36,22,1
31,3,32,1,2,36,8,36,25,3
25,5,27,5,1,34,7,36,23,4
74,5,32,2,2,59,11,33,21,2
74,6,33,5,1,49,9,32,20,1
91,8,32,4,1,37,10,37,23,3
79,7,33,4,2,93,12,34,23,2
13,3,27,3,2,31,5,31,24,5
28,3,26,2,4,31,7,22,22,7
19,5,26,7,1,45,4,28,20,3
78,5,29,5,1,62,13,29,20,1
12,4,27,3,13,3,4,25,21,1
12,4,26,6,1,39,8,28,18,1
7,3,25,4,1,11,5,31,22,1
5,3,25,3,3,14,5,31,24,6
53,7,31,3,4,37,5,29,18,2
11,2,29,1,4,3,6,30,22,2
74,5,25,4,1,82,13,31,21,2
73,5,30,5,1,81,11,35,23,2
88,9,28,5,1,84,11,39,19,1
51,7,34,6,1,42,6,34,23,1
85,7,41,5,1,81,10,36,17,1
44,5,35,4,1,48,7,32,20,1
15,4,25,6,1,8,4,22,16,1
44,4,34,2,2,74,8,30,21,1
96,10,40,4,1,72,9,34,19,2
48,7,31,5,4,47,5,29,22,1
25,6,24,7,2,61,9,33,18,1
25,3,25,2,7,39,9,30,23,2
54,8,37,4,4,71,9,39,25,1
64,6,28,5,1,47,7,23,16,2
33,2,30,2,3,23,7,19,21,2
6,1,23,1,1,11,6,30,22,2
45,7,33,6,1,88,8,34,18,1
83,5,31,3,1,57,11,34,23,2
57,5,24,4,1,37,7,29,21,6
35,4,28,4,1,27,6,25,20,2
54,5,37,2,1,43,8,34,24,5
89,8,41,3,1,66,7,34,19,2
48,5,30,6,1,58,9,26,18,1
17,4,22,5,2,5,4,24,21,9
54,4,34,3,1,83,12,30,23,1
96,7,38,4,1,86,14,33,23,2
31,2,21,4,1,38,10,25,21,1
82,6,31,2,2,39,7,30,23,10
30,4,28,5,1,16,5,27,23,2
18,5,30,4,2,14,3,24,18,2
4,3,22,5,2,12,6,24,19,1
24,4,26,3,3,5,3,27,20,5
35,2,29,1,4,15,6,20,22,1
15,5,32,3,9,20,4,28,22,1
30,5,26,5,2,54,9,32,20,1
1,1,21,1,6,10,7,31,26,3
99,7,33,4,1,98,13,33,18,1
80,5,38,1,2,77,10,27,21,3
8,4,22,6,3,27,5,27,23,2
86,6,31,3,1,59,10,25,20,5
55,7,29,5,4,38,6,26,20,2
42,4,25,3,2,12,5,28,20,2
6,3,32,4,1,41,3,28,24,2
56,5,25,6,1,85,12,29,20,1
7,4,32,4,2,18,2,32,20,3
21,4,32,6,1,75,6,26,21,1
54,6,28,4,2,66,9,33,22,4
48,7,27,5,1,44,7,36,19,3
15,4,25,5,2,23,4,23,21,2
14,5,33,6,1,52,7,33,21,1
49,7,33,6,1,58,6,31,21,2
94,9,36,4,1,74,11,33,19,2
33,3,26,2,6,30,7,23,23,3
18,3,24,5,1,17,6,27,21,4
26,3,20,2,3,2,6,28,22,11
53,6,25,3,7,24,8,35,20,1
2,2,28,3,4,23,6,24,20,1
79,6,37,3,1,91,12,42,24,1
11,3,27,4,2,13,5,27,24,3
53,6,32,5,1,51,7,29,20,2
57,7,34,5,1,40,7,37,23,1
61,5,29,4,1,65,11,32,23,2
71,6,38,2,2,59,9,36,23,3
12,2,23,3,3,2,5,20,21,4
31,4,26,5,1,73,10,29,20,1
94,12,43,5,2,97,12,42,19,1
50,6,32,6,1,82,9,29,20,1
13,1,25,1,2,23,6,28,26,4
86,7,36,3,1,82,9,32,21,2
20,2,30,0,1,5,6,28,24,5
92,7,34,4,1,80,12,39,23,1
88,10,31,6,1,44,9,36,20,1
13,2,21,3,2,26,8,25,24,2
78,7,29,5,1,58,9,35,19,2
45,6,25,5,2,62,9,35,21,1
13,3,25,3,7,13,5,21,22,2
88,11,37,6,2,96,13,38,22,1
33,6,31,5,1,50,4,33,20,1
31,3,29,2,2,20,7,29,20,2
40,5,33,4,1,35,4,30,23,3
47,3,24,3,1,14,7,25,20,7
36,4,30,5,1,64,10,29,23,1
46,3,23,1,3,5,8,28,24,4
4,4,32,6,1,51,7,29,23,1
18,5,29,5,1,18,5,30,19,1
98,14,34,6,1,91,9,32,20,1
32,3,31,3,1,52,9,28,21,1
17,3,28,5,1,34,6,30,21,1
48,6,35,4,2,74,9,32,22,1
1,4,30,3,3,5,1,31,23,1
33,2,29,4,1,83,12,29,24,1
2,1,22,2,2,1,4,24,22,2
86,8,30,5,1,49,9,37,22,3
73,5,37,4,1,69,8,25,18,1
31,6,28,6,1,46,4,30,19,3
38,5,25,5,2,55,9,28,18,1
33,3,28,3,1,48,9,34,21,1
8,2,29,3,1,9,6,28,21,1
75,6,33,4,2,95,10,29,21,2
60,6,27,3,4,22,8,27,21,3
14,2,30,5,1,46,5,27,21,1
3,3,32,5,1,74,7,27,21,1
48,4,24,4,1,46,7,25,21,3
44,6,31,6,1,58,7,26,19,1
6,3,26,3,5,18,5,25,21,2
32,3,25,1,5,20,9,29,25,6
87,8,37,5,1,98,11,30,19,1
93,7,35,4,1,71,9,28,18,2
39,3,22,3,2,20,9,19,20,2
15,2,23,2,8,19,6,21,24,5
31,5,29,3,4,12,4,28,22,9
30,3,33,3,1,74,7,26,22,1
10,4,26,5,2,24,4,23,20,1
97,10,36,7,1,98,10,35,20,2
49,4,32,4,1,74,8,31,20,1
9,4,29,5,2,5,2,22,20,3
21,2,21,4,1,10,7,26,24,4
93,7,33,4,1,75,11,31,22,2
29,3,27,3,1,24,7,33,24,3
65,5,29,4,1,61,10,37,23,2
90,10,28,7,1,88,12,45,18,1
99,8,33,5,1,96,14,35,19,1
43,3,34,4,1,57,8,26,23,2
39,5,29,3,8,62,9,34,21,1
14,5,31,4,3,47,4,26,21,3
27,5,31,5,1,8,2,25,21,5
56,5,37,4,1,69,10,34,21,1
93,9,34,5,1,79,13,35,20,2
35,3,27,4,1,33,9,28,24,2
84,8,32,4,1,64,8,32,21,2
72,8,35,5,1,79,9,39,22,1
75,8,34,5,1,82,11,38,21,1
92,8,42,4,1,84,8,31,17,1
0,2,29,2,6,28,6,29,23,2
16,4,31,5,1,53,6,33,24,2
39,4,35,3,3,38,6,26,23,2
67,6,25,4,3,80,11,30,19,1
48,4,25,5,1,28,9,25,20,1
53,6,31,4,1,34,7,36,21,2
31,3,33,2,2,50,7,31,22,3
81,6,36,4,1,93,12,30,22,2
29,4,27,3,2,13,6,32,20,3
40,3,34,1,3,33,9,31,23,1
9,3,23,3,5,0,3,25,24,4
79,7,35,4,1,53,10,36,20,1
35,3,33,4,1,97,11,25,21,1
4,4,24,3,7,1,4,34,21,1
4,4,28,6,2,44,5,30,18,1
95,10,42,7,1,99,11,34,19,1
37,3,31,3,1,29,6,26,23,4
80,5,33,4,1,94,14,36,22,3
91,8,37,5,1,84,9,25,17,1
44,6,28,4,11,42,7,32,23,3
57,5,25,4,2,60,8,29,19,1
7,1,30,1,1,12,6,29,26,2
16,3,28,4,1,20,5,31,22,2
73,5,32,3,1,38,10,36,23,2
47,3,24,3,1,34,10,30,21,1
68,5,26,3,4,53,9,24,20,3
95,6,30,4,1,85,13,31,22,3
49,5,31,4,2,44,8,27,22,2
47,5,30,6,1,52,8,26,17,1
56,5,35,3,1,37,6,32,22,2
65,4,29,5,1,72,11,28,22,2
27,5,35,6,1,48,7,34,21,1
97,16,34,4,2,59,8,37,19,2
64,4,32,4,1,72,10,26,21,2
58,7,29,4,1,52,7,35,17,2
61,4,25,3,2,60,10,30,20,1
92,7,36,6,1,99,15,37,21,1
39,6,33,5,1,53,6,29,20,1
28,4,26,4,3,20,6,27,22,2
9,2,32,2,1,31,6,34,25,1
32,5,23,3,5,4,3,25,22,7
75,5,30,4,1,45,9,25,17,2
10,2,30,4,1,24,6,31,25,2
71,8,37,6,1,96,8,32,19,1
96,7,31,2,3,92,16,39,21,2
20,3,23,4,1,15,5,25,19,1
10,2,22,5,1,9,5,22,18,1
5,2,33,3,1,29,6,21,22,1
82,6,27,3,2,29,10,30,20,4
58,7,32,4,4,77,9,33,21,1
47,7,36,3,9,65,9,38,25,1
36,3,32,1,2,28,6,32,25,3
28,5,25,6,1,30,5,24,17,1
59,5,30,3,1,12,5,27,21,2
81,8,39,4,1,88,9,35,23,2
9,4,31,5,1,28,5,35,21,1
96,8,41,5,1,96,13,38,23,1
16,4,24,3,2,6,3,29,21,2
8,1,21,3,1,10,6,23,20,3
86,8,32,5,1,95,11,30,22,2
52,7,27,4,1,12,5,34,21,3
65,7,32,6,1,39,7,32,21,3
22,4,27,3,8,9,5,23,23,3
72,7,34,5,1,45,6,31,20,2
49,6,26,4,2,10,5,29,21,2
96,12,29,5,3,83,9,35,19,2
90,6,36,3,1,65,11,33,21,2
55,4,29,4,1,52,7,27,19,1
7,3,19,6,1,22,6,29,20,1
2,1,28,2,4,23,5,18,24,9
51,4,24,2,3,14,8,35,24,7
63,7,38,6,1,92,10,36,23,1
41,6,25,7,1,61,9,34,22,1
87,7,33,5,1,68,11,30,21,3
10,4,28,3,4,0,3,30,22,3
98,6,30,3,1,58,10,30,23,4
26,2,28,2,1,36,8,33,24,4
8,1,24,1,10,11,7,23,21,2
38,3,33,3,1,59,7,30,25,3
12,5,33,7,1,63,4,29,22,1
58,4,36,1,1,80,10,36,22,1
24,2,25,2,2,4,7,27,23,2
72,5,34,4,1,87,14,31,20,1
14,4,29,6,1,14,5,29,19,1
15,2,24,5,1,69,10,27,21,1
25,3,28,4,2,64,8,28,24,1
77,9,30,7,1,38,7,35,19,1
42,5,29,4,2,34,5,26,21,3
6,1,18,2,3,25,9,29,23,2
11,4,25,6,2,13,4,25,22,1
48,7,34,7,1,53,7,34,22,1
97,7,28,3,1,60,12,35,19,1
81,9,37,5,1,72,8,32,19,2
54,5,26,5,1,14,6,26,21,8
7,5,21,6,5,28,6,30,22,1
46,7,36,6,1,65,5,32,17,1
33,3,30,2,3,16,6,23,22,4
68,6,34,3,3,86,9,28,20,1
51,6,31,3,4,14,7,32,21,3
51,6,28,3,3,13,5,27,18,3
54,6,25,3,8,27,7,24,18,1
44,4,24,4,3,49,10,30,22,4
8,1,29,1,5,31,6,21,25,3
93,8,28,5,1,72,11,29,15,2
1,4,29,6,1,11,3,24,17,1
41,4,23,3,1,20,8,34,22,3
22,5,24,5,2,33,7,33,23,3
9,1,28,1,2,19,5,24,22,6
48,4,31,3,2,58,10,26,21,1
65,4,32,3,1,86,12,37,22,1
92,9,39,4,1,72,8,36,20,5
36,5,31,6,1,80,9,33,21,1
85,6,36,3,1,62,12,32,21,2
30,3,25,4,1,43,7,28,22,5
46,5,36,6,1,54,9,31,21,1
14,2,21,3,2,17,8,32,22,4
80,9,33,7,1,99,11,32,21,1
66,4,29,2,3,46,10,25,19,2
6,2,21,5,1,28,4,26,21,1
43,3,31,1,2,38,10,32,23,2
39,6,27,4,3,2,2,27,20,3
69,7,36,3,1,59,9,39,24,2
65,4,35,2,1,68,12,34,22,2
40,5,32,5,1,65,8,31,20,1
30,3,29,2,3,49,7,28,21,3
25,4,33,4,1,74,8,33,22,1
67,5,29,6,1,92,11,26,21,1
89,6,31,3,1,85,10,32,20,1
84,6,30,2,2,66,13,33,19,1
39,3,31,1,3,32,7,25,22,2
7,4,33,3,2,7,2,33,22,1
82,10,36,4,2,34,8,39,20,1
7,2,29,5,1,44,4,26,20,1
11,5,26,5,1,7,3,31,22,4
63,8,29,8,1,56,7,31,16,1
32,4,31,3,2,47,6,26,25,2
18,2,32,2,3,51,7,28,24,1
39,4,33,3,1,64,6,29,19,2
86,9,29,5,2,84,12,36,22,2
34,6,28,5,4,37,6,29,20,1
0,1,25,0,2,0,5,30,26,8
91,8,32,6,1,92,11,29,20,1
95,8,30,5,1,81,12,29,21,1
49,3,30,1,3,20,9,29,23,6
46,5,25,4,7,50,8,29,20,1
59,6,29,3,2,48,9,39,21,2
90,7,29,4,1,80,12,33,20,1
17,4,24,3,5,13,3,29,20,1
78,10,29,8,1,66,10,33,17,1
23,4,33,5,1,16,3,27,21,1
57,6,35,6,1,99,12,35,19,1
84,7,30,5,1,60,10,34,21,2
13,5,24,5,3,34,7,34,21,1
89,7,38,5,1,81,9,30,17,1
45,5,28,3,4,30,7,26,19,1
89,6,35,4,1,74,13,34,22,1
24,5,30,5,1,40,6,34,21,1
8,2,28,2,3,5,6,31,26,6
4,1,17,2,1,13,6,29,24,5
97,6,26,4,1,79,14,25,17,1
48,4,36,3,1,90,10,33,22,2
84,8,31,4,1,65,8,30,21,4
41,4,29,3,1,26,7,30,21,1
48,4,29,3,2,83,12,31,25,1
18,4,29,5,1,23,5,32,23,2
75,6,31,3,1,23,8,33,21,4
30,4,29,6,1,28,7,27,19,1
16,4,33,2,5,39,4,30,23,1
3,1,23,3,1,0,3,20,21,8
13,3,29,4,1,32,7,28,24,2
17,4,21,4,2,0,3,28,22,13
51,6,30,4,2,24,8,34,20,1
81,8,27,3,7,39,9,32,20,2
11,1,30,0,2,27,8,33,28,4
89,5,32,4,1,99,17,32,21,1
57,4,25,5,1,85,11,25,18,1
14,2,30,3,1,9,4,25,22,3
90,7,28,5,1,88,13,36,19,1
25,4,33,4,1,77,8,31,21,1
15,3,33,3,1,25,7,30,21,1
76,7,28,6,1,32,9,33,20,1
23,5,26,6,2,15,5,28,22,2
30,5,35,5,1,87,8,25,22,1
51,4,27,3,2,34,7,22,22,5
33,6,25,6,2,50,6,27,21,1
15,1,28,2,1,21,6,29,25,2
26,2,23,4,1,36,9,23,20,2
35,4,35,4,1,58,8,27,20,1
57,5,36,3,2,84,10,35,24,1
80,8,34,5,2,66,9,27,16,1
93,8,40,4,1,94,11,40,24,1
83,6,29,5,1,80,11,32,19,1
12,3,32,4,1,22,5,22,22,1
64,5,32,3,1,71,10,33,23,4
69,6,27,4,5,31,7,22,21,11
3,3,31,4,2,22,6,26,23,2
92,8,36,5,1,92,10,28,17,1
47,6,35,4,2,59,6,30,20,1
26,3,32,4,1,71,7,29,23,5
85,5,26,5,1,84,14,33,18,1
22,3,34,4,1,53,8,25,22,1
79,9,28,5,2,79,8,32,18,1
64,7,31,3,2,68,7,36,23,3
42,5,33,3,3,34,5,28,21,1
9,2,18,4,2,15,6,17,21,2
0,4,33,4,6,19,4,25,23,1
53,7,31,6,1,73,7,35,19,1
52,7,36,7,1,83,9,36,21,1
21,5,28,5,3,32,6,26,21,1
71,5,34,2,1,27,9,34,26,5
96,6,33,5,1,99,16,30,20,1
51,7,36,6,1,75,8,36,23,1
17,3,29,2,2,3,4,29,23,2
56,5,24,5,1,23,6,27,18,2
75,9,34,7,1,93,8,37,18,1
66,8,31,5,1,62,7,38,18,1
22,3,28,3,1,53,8,30,21,1
34,5,34,3,1,61,5,32,23,2
31,2,28,1,2,16,8,33,22,2
90,9,36,3,2,68,10,39,21,1
19,2,29,1,5,58,8,22,23,5
68,6,26,4,1,37,9,36,20,1
13,4,29,3,3,3,4,37,23,1
10,5,30,5,3,18,5,31,22,1
9,5,32,3,3,24,2,35,24,2
91,8,33,7,1,95,11,35,19,1
27,3,23,4,1,16,6,21,22,2
88,11,41,4,1,87,8,44,20,1
77,9,32,5,1,77,9,40,24,2
79,6,32,3,1,81,9,31,21,3
20,3,31,4,1,60,6,25,20,1
4,3,27,3,11,8,5,27,24,3
3,3,23,3,11,5,4,28,24,7
28,5,30,4,4,49,6,26,20,1
34,6,34,5,1,76,8,34,21,1
73,6,36,5,1,88,9,28,19,1
25,4,28,2,6,36,7,33,25,2
51,3,29,2,1,29,6,28,22,3
75,9,31,5,2,88,9,37,22,1
63,4,32,3,1,68,13,29,25,2
20,2,28,2,2,23,7,26,24,6
99,9,29,6,1,71,12,31,22,1
0,2,29,2,9,3,3,19,24,4
20,2,30,4,1,24,5,21,19,1
63,7,37,4,1,75,7,40,25,1
1,1,31,2,1,28,7,34,27,5
2,3,30,5,1,24,5,27,20,1
60,4,28,2,2,52,9,33,23,6
57,4,27,2,1,42,10,36,23,5
24,4,24,4,2,5,3,24,21,3
91,10,35,6,1,89,12,35,20,1
67,8,40,5,1,79,8,33,19,1
64,5,34,4,1,78,11,28,23,1
20,2,26,3,1,38,10,28,23,2
48,5,25,3,2,30,7,38,21,1
98,8,33,6,1,84,10,28,19,2
99,12,30,8,1,86,10,29,15,1
45,5,25,5,1,19,6,21,20,6
71,8,28,7,1,64,8,26,17,1
31,5,23,3,9,2,6,29,19,1
83,8,27,4,2,31,9,38,18,3
43,5,23,4,4,27,9,29,19,1
99,12,37,6,1,89,10,33,18,1
80,5,33,2,1,83,10,34,25,5
48,5,25,4,1,44,10,30,19,1
53,5,31,5,1,84,8,29,22,3
34,2,23,3,1,17,7,28,22,6
5,1,18,2,4,10,5,19,21,6
45,5,29,5,1,75,10,35,23,1
49,7,30,3,4,19,5,35,23,3
28,3,27,3,2,10,6,27,20,2
77,5,28,5,1,80,10,28,20,1
30,3,34,3,1,37,6,27,21,1
51,4,36,2,4,88,11,36,22,1
47,4,25,5,1,22,9,29,22,3
76,8,33,6,1,75,8,30,20,2
16,2,27,4,1,58,7,26,19,1
44,6,28,7,1,43,7,33,18,1
52,6,30,6,1,33,7,31,19,2
47,5,29,5,1,46,7,24,19,3
52,4,30,2,1,40,9,30,25,3
68,5,32,4,1,47,8,27,22,3
35,4,31,2,1,27,7,37,24,2
83,5,33,1,1,81,12,39,26,4
92,7,33,4,1,72,10,32,20,1
10,2,30,2,5,45,6,27,24,3
20,4,25,4,3,12,6,24,21,3
48,6,27,4,2,55,6,32,21,4
32,3,31,1,3,15,5,22,23,3
47,5,35,5,1,91,9,33,20,1
58,6,31,6,1,77,7,25,18,1
22,3,20,4,1,44,8,28,18,1
73,6,31,6,1,78,11,36,22,1
15,2,30,4,1,73,9,26,21,1
69,6,35,3,1,59,9,35,23,2
26,5,27,3,7,31,8,32,21,1
42,5,34,3,3,24,5,26,21,2
72,7,30,4,1,35,8,35,19,1
47,5,37,3,3,47,7,31,24,3
33,2,32,3,1,51,9,28,24,2
24,5,32,5,1,74,9,35,23,1
21,4,26,5,1,51,9,32,21,1
24,4,22,5,2,53,9,32,22,1
56,4,35,1,1,21,9,34,25,2
71,7,35,4,3,46,9,31,20,1
10,5,30,4,2,13,4,34,20,1
51,5,30,4,1,79,12,35,23,1
85,9,32,6,1,88,9,34,18,1
71,7,32,6,1,84,11,37,20,2
31,3,24,2,1,2,5,22,22,11
11,2,32,1,2,23,6,27,25,2
57,8,33,7,1,91,11,35,22,1
83,9,30,4,2,22,5,30,18,2
52,6,32,5,3,73,8,28,17,1
69,4,24,4,1,83,12,30,20,1
49,3,33,2,1,31,8,29,22,1
35,5,26,3,9,32,8,34,21,1
96,10,32,5,1,62,9,35,20,2
92,10,29,6,1,83,9,33,19,2
20,5,23,3,13,24,5,27,20,4
95,7,42,5,1,94,13,38,22,1
87,9,38,3,2,94,12,45,21,1
69,8,35,6,1,89,9,38,22,1
51,4,32,3,1,28,5,25,19,3
48,6,27,6,1,23,7,32,20,4
20,5,32,3,6,17,4,33,25,4
10,3,23,5,1,22,6,34,23,1
47,5,29,3,1,27,8,38,24,2
31,6,32,4,2,19,4,33,20,2
77,5,38,4,1,80,11,31,24,1
90,6,33,4,1,95,13,37,21,1
33,3,27,3,1,58,9,28,24,2
82,7,36,4,1,44,9,35,20,2
22,2,33,2,2,56,8,28,24,1
76,6,33,3,1,56,8,36,24,3
56,4,27,3,1,42,8,26,19,2
42,6,25,4,3,27,5,31,17,3
83,5,36,4,1,98,12,29,19,1
28,2,23,4,1,12,6,26,22,1
47,5,29,5,1,59,8,34,22,2
78,5,33,3,1,47,8,25,19,4
8,3,33,3,2,8,3,27,20,1
39,6,33,5,1,65,5,32,19,1
9,2,29,1,1,4,4,29,22,2
13,4,33,5,1,45,4,26,21,1
22,5,22,3,6,2,3,28,19,2
27,2,25,2,2,5,6,27,23,10
29,5,22,3,12,4,6,29,22,4
37,6,26,5,2,41,6,32,20,1
49,7,36,7,1,68,6,24,20,1
87,11,27,7,2,81,10,29,16,1
74,8,31,7,1,73,11,34,20,1
95,6,26,4,1,94,17,35,23,1
33,4,28,4,1,36,5,27,18,2
82,6,33,3,2,49,11,34,23,1
13,4,29,4,1,19,5,34,21,1
12,4,32,3,5,26,4,27,23,2
72,6,27,3,2,16,6,26,22,11
54,7,30,4,4,20,5,29,19,2
60,7,25,5,1,39,9,38,22,3
12,4,32,5,1,56,7,36,21,1
87,6,31,4,1,75,12,36,23,3
84,8,37,5,1,94,10,30,21,1
4,3,22,4,4,5,5,24,22,2
70,5,30,5,1,54,10,30,21,2
53,6,35,3,2,71,8,35,19,1
94,10,34,5,1,96,11,35,21,1
91,8,28,6,1,95,11,31,20,1
45,4,29,3,2,84,12,30,23,2
76,6,31,5,1,91,13,39,18,1
50,4,33,5,1,75,10,28,21,1
20,3,22,4,1,4,4,22,18,4
71,4,30,3,1,76,11,34,19,2
76,6,30,3,2,27,6,27,21,10
70,7,39,3,3,57,6,27,22,2
19,5,35,4,3,39,5,30,21,1
29,3,28,5,1,49,10,26,21,1
32,5,28,3,14,11,4,26,22,2
57,4,30,3,1,46,8,27,19,2
88,9,30,7,1,67,10,32,18,1
87,7,37,5,1,93,14,33,20,1
38,3,26,3,1,64,11,30,21,1
73,8,32,7,1,79,10,31,19,1
79,8,27,5,2,42,7,25,19,2
72,5,34,5,1,98,11,28,23,1
38,6,29,6,2,53,6,25,18,1
29,3,30,1,2,8,4,24,24,3
5,1,15,4,1,14,7,27,22,1
67,4,36,4,1,75,9,26,20,1
19,5,31,4,5,52,6,32,19,1
62,7,27,4,2,8,5,34,18,1
13,1,22,3,1,13,7,23,20,2
37,6,26,6,2,34,7,27,17,1
31,3,29,2,2,46,8,32,25,2
81,6,26,4,1,53,10,27,21,7
36,4,32,5,1,40,6,25,22,2
43,6,25,5,2,48,6,31,18,1
43,6,36,6,1,54,6,34,23,1
60,5,28,6,1,81,12,37,21,2
40,6,32,6,1,53,7,36,22,1
95,8,29,3,1,31,9,37,22,11
97,10,38,6,1,92,13,37,21,2
91,6,28,5,1,87,14,36,21,1
8,5,24,4,10,13,5,28,23,3
47,4,26,3,1,13,6,27,23,3
33,4,30,3,3,24,5,28,20,2
67,5,36,5,1,94,11,29,22,1
63,5,32,4,1,38,8,32,20,1
85,8,39,5,1,99,13,34,18,1
94,9,32,4,2,86,10,36,20,4
57,7,31,6,1,62,7,33,20,3
53,6,28,5,1,33,5,28,21,8
94,6,26,5,1,96,18,35,21,1
89,10,34,6,1,85,11,37,21,2
41,3,29,3,1,37,10,29,19,1
5,1,28,1,6,23,5,23,22,1
77,9,35,4,6,64,8,33,22,2
92,6,28,4,1,42,9,26,17,2
37,4,33,5,1,53,6,29,24,1
24,4,25,4,4,30,7,25,21,3
8,2,26,4,1,4,4,21,20,1
39,6,28,4,7,48,9,39,21,1
18,5,22,6,2,9,5,22,17,1
13,2,22,1,3,5,6,26,21,4
25,5,25,5,3,53,8,33,24,1
55,6,25,6,1,30,6,22,19,5
14,3,34,1,3,16,3,24,24,8
96,6,40,3,1,94,14,30,23,3
94,10,30,8,1,90,9,31,18,2
99,9,37,5,1,98,12,30,17,1
70,5,31,5,1,77,10,33,19,1
14,4,34,4,1,38,7,27,21,1
0,2,31,2,3,2,3,24,22,6
68,5,35,2,1,80,12,42,22,1
68,6,29,4,1,58,10,36,24,2
91,6,27,3,1,52,11,30,22,4
40,3,25,3,2,43,8,22,21,4
42,5,23,3,3,27,8,34,22,8
53,4,33,3,1,40,8,35,21,1
41,5,34,5,1,48,8,31,18,1
9,2,32,4,1,82,10,29,25,1
38,4,33,3,2,54,7,28,20,1
19,2,18,2,2,11,9,31,25,3
72,8,34,4,2,61,8,32,20,2
1,3,23,5,1,3,4,21,23,2
91,8,30,6,1,88,13,33,20,1
90,8,32,7,1,99,15,36,22,1
75,8,35,4,3,88,11,37,22,1
95,10,29,5,1,59,11,37,18,2
62,4,29,2,3,71,11,35,22,1
65,5,27,3,2,60,11,34,24,3
38,4,27,4,1,51,9,33,22,1
6,2,25,2,6,15,7,32,25,1
69,5,32,5,1,84,9,28,23,2
12,2,26,5,1,20,5,17,16,1
29,5,34,3,5,15,4,26,21,4
63,4,27,3,1,20,10,31,21,4
39,3,28,1,2,49,7,28,21,2
7,2,23,3,2,14,7,34,23,2
86,5,39,4,1,96,13,28,21,1
38,3,23,4,1,56,9,28,21,3
67,5,37,2,2,60,8,31,22,1
2,2,29,3,2,48,8,28,23,1
59,6,33,4,2,44,8,30,24,2
27,2,20,3,1,4,5,20,19,3
39,5,32,5,1,36,7,33,22,1
14,4,32,5,1,28,3,29,22,2
82,5,25,3,1,14,7,26,18,5
14,2,24,4,1,35,7,26,23,2
90,8,39,5,1,89,10,36,20,1
89,9,34,4,1,87,9,33,20,3
19,4,29,4,2,44,7,33,23,1
53,7,38,5,2,84,6,32,23,1
52,4,35,3,2,44,9,31,24,2
16,2,29,5,1,67,7,23,22,1
51,6,27,4,4,15,8,28,22,7
22,2,21,4,1,13,6,14,18,3
28,3,27,4,1,29,7,28,23,7
50,5,27,3,3,41,9,34,22,1
15,2,20,3,1,12,7,26,21,2
92,8,36,6,1,97,15,35,20,1
49,6,29,7,1,34,6,25,18,1
61,7,29,5,1,57,9,38,20,1
74,9,38,7,1,87,7,32,20,1
61,4,27,3,1,44,9,31,22,3
93,7,30,5,1,98,17,38,21,1
8,2,31,1,4,8,5,27,24,1
2,2,27,5,1,19,5,29,19,1
54,6,36,3,3,53,7,33,25,3
24,5,31,7,1,38,4,29,18,1
64,6,26,6,1,33,9,33,20,2
37,4,33,4,2,71,7,25,20,1
4,4,28,4,5,12,3,24,22,1
4,2,24,4,1,23,4,23,21,8
96,14,32,6,1,90,10,41,20,2
22,4,32,6,1,38,6,34,21,1
1,2,27,5,1,8,4,22,22,3
21,2,30,2,2,27,8,23,24,2
5,2,17,4,2,17,7,22,22,1
23,5,29,3,8,35,5,26,21,3
40,3,30,2,3,35,10,30,23,1
1,3,20,3,4,0,3,28,24,8
36,4,28,3,1,11,5,30,22,6
58,7,28,6,2,57,7,26,16,1
60,6,34,5,1,69,7,31,19,2
26,4,29,2,8,44,5,30,23,1
67,5,37,2,2,90,10,35,23,1
93,6,36,2,1,69,12,39,24,2
0,3,23,2,8,0,4,28,23,2
78,7,37,4,1,84,9,35,19,1
80,8,34,5,1,96,12,38,23,1
7,2,24,4,2,7,5,17,23,3
56,4,27,4,1,79,10,25,19,2
53,7,37,5,1,49,7,38,21,1
13,2,24,4,1,43,8,31,25,2
27,2,29,2,4,17,6,20,22,2
35,6,24,5,1,6,4,31,21,3
81,6,39,5,1,96,10,29,19,1
17,3,22,4,2,7,4,25,21,3
52,5,32,4,1,55,8,28,19,1
76,5,29,2,1,34,8,25,23,6
28,3,25,4,1,10,6,26,24,2
43,4,29,5,1,54,10,31,21,1
66,7,26,4,4,23,8,33,19,2
3,4,26,4,3,4,2,25,21,2
56,5,34,3,1,46,8,29,20,1
93,6,34,2,1,46,11,35,21,3
43,7,31,4,9,27,5,27,17,1
93,7,28,4,2,86,11,29,21,3
97,6,30,3,1,70,11,31,23,3
67,7,35,7,1,90,9,30,21,1
29,5,25,5,3,19,7,30,23,1
20,4,30,3,3,2,3,31,21,1
31,6,27,4,6,14,6,32,23,3
85,9,31,7,1,66,8,26,20,1
6,1,26,2,5,19,8,27,22,2
18,2,27,3,1,21,7,29,24,6
48,6,24,6,2,81,10,28,20,1
33,4,22,3,2,24,6,30,24,10
81,7,40,4,1,83,10,32,21,1
87,7,35,3,2,60,11,33,20,1
1,4,33,5,1,60,6,34,24,1
82,5,27,2,2,28,9,27,19,2
40,4,26,5,1,41,7,26,20,1
67,7,28,4,2,18,5,30,22,7
11,3,21,3,3,0,3,26,20,7
47,4,28,2,2,53,7,29,25,5
92,6,38,4,1,98,14,37,24,1
57,7,31,5,2,83,9,37,21,1
91,7,32,5,1,75,10,25,20,3
75,8,27,6,1,86,13,37,22,1
63,5,37,3,2,88,10,32,23,1
79,5,34,2,1,86,10,27,22,1
92,7,30,6,1,87,13,29,18,1
16,2,27,4,1,44,8,30,21,1
19,5,28,4,3,17,5,28,19,1
9,3,28,3,3,27,4,29,23,2
82,7,30,3,2,50,10,31,20,1
80,7,26,6,1,84,10,30,17,1
27,3,21,5,1,27,8,26,20,1
44,6,30,3,5,53,8,39,23,1
62,5,25,4,1,46,9,30,22,8
37,3,33,1,3,49,7,28,25,3
38,6,30,6,1,63,6,31,22,1
91,7,30,4,1,64,13,33,22,3
39,7,26,5,1,21,3,31,21,4
7,2,28,3,2,3,4,23,23,2
70,6,29,5,1,83,12,39,22,1
69,7,26,6,1,37,9,32,21,2
9,3,31,5,1,59,7,33,22,1
3,2,29,1,4,22,7,32,25,4
40,6,26,5,3,40,6,31,19,1
1,2,19,1,16,9,7,27,26,5
56,5,29,3,3,53,7,31,21,7
94,6,30,4,1,82,11,28,21,2
34,3,25,4,1,28,7,30,24,4
24,2,30,3,1,59,9,30,23,1
54,7,31,5,3,43,8,28,19,1
11,2,20,3,7,7,6,22,21,1
37,5,35,6,1,84,6,29,20,1
32,3,29,2,1,40,6,29,20,2
94,7,39,3,1,87,12,33,21,2
91,10,29,4,1,71,8,39,21,2
76,4,37,3,1,89,12,29,22,1
75,5,36,4,1,66,10,30,24,3
99,10,33,4,1,57,9,31,20,5
58,7,35,5,1,47,5,32,21,3
21,3,33,2,3,21,6,26,22,1
13,4,31,6,1,47,6,28,18,1
79,6,30,3,3,91,14,38,21,1
98,6,37,5,1,89,11,23,21,4
98,6,30,2,2,58,14,29,21,3
12,5,27,4,5,12,4,30,22,1
61,6,27,6,1,50,6,29,20,1
85,9,38,7,1,91,10,30,18,1
13,2,33,2,1,18,3,25,22,1
36,3,31,3,3,77,9,28,24,2
15,3,28,3,2,24,6,24,23,6
44,6,29,6,1,75,10,29,16,1
48,6,37,3,1,45,5,32,20,1
95,6,34,4,1,94,13,32,21,1
90,7,26,5,1,66,10,30,19,1
94,8,34,6,1,97,13,31,18,1
77,9,36,4,2,57,8,33,17,1
9,4,23,6,2,25,7,30,23,1
1,4,30,5,1,8,2,21,20,1
33,3,21,2,8,9,5,22,20,1
24,5,28,5,3,8,4,27,21,1
79,8,37,7,1,94,11,38,20,1
49,4,35,3,1,45,9,29,22,2
51,6,35,2,2,34,7,37,22,2
7,2,26,2,2,12,5,27,23,1
34,6,34,3,2,17,3,32,20,1
75,8,38,5,1,88,9,38,22,1
38,6,24,4,5,19,5,32,22,6
0,2,22,4,1,27,6,30,22,1
71,7,30,4,2,61,11,31,18,1
55,6,37,5,1,76,8,32,22,3
7,2,33,4,1,27,6,29,24,3
34,5,27,3,5,34,8,33,22,3
41,6,31,5,1,56,7,36,24,1
31,5,31,6,1,47,6,24,20,1
73,7,26,6,2,84,10,28,19,2
38,3,33,2,2,70,8,26,23,3
61,4,30,3,1,69,10,34,20,1
62,8,32,7,1,97,10,32,18,1
80,7,27,5,1,67,11,34,23,1
65,7,32,6,1,66,9,30,20,1
67,4,31,4,1,82,9,25,21,2
41,5,27,4,3,50,6,29,22,4
66,6,25,5,1,54,9,32,22,3
2,0,15,3,1,21,8,27,24,2
81,6,31,3,1,86,13,39,20,1
7,1,22,2,3,12,8,28,24,2
90,6,39,3,1,77,11,27,22,1
7,2,31,3,3,23,5,21,22,2
19,5,24,6,3,34,7,31,21,1
77,10,34,5,1,70,8,41,18,1
20,2,21,3,1,1,4,20,18,3
40,6,35,4,4,44,5,25,20,2
44,4,26,2,2,2,6,31,25,12
60,4,28,4,1,75,10,28,22,3
57,5,35,3,1,50,9,36,25,6
5,4,29,4,3,18,5,34,21,2
18,3,32,3,2,81,9,29,22,1
29,4,35,5,1,77,8,35,22,1
37,6,33,3,3,23,3,29,19,4
71,8,32,6,1,62,7,25,22,1
12,2,25,4,1,2,4,24,23,5
42,3,28,3,2,79,12,32,22,1
3,2,22,2,3,1,3,26,22,5
45,5,30,6,1,90,10,31,18,1
79,8,30,3,6,33,8,33,19,1
47,6,31,4,2,41,7,34,20,1
23,3,22,3,3,13,5,18,21,6
88,11,31,4,6,94,12,37,21,2
12,3,31,4,1,36,4,29,24,1
26,2,32,0,2,14,8,29,22,3
88,8,35,4,1,65,10,38,19,2
75,7,29,6,1,63,9,27,21,1
9,3,31,5,1,19,5,22,22,1
81,7,27,5,1,87,14,36,19,1
85,5,30,5,1,75,11,30,18,1
11,2,32,2,1,51,8,35,25,1
13,2,26,1,5,18,6,25,25,3
54,5,26,4,2,27,7,21,18,3
5,4,30,5,1,49,6,30,23,1
49,5,30,5,1,73,9,25,19,1
0,3,29,2,4,11,2,25,21,4
84,7,31,3,3,89,12,35,23,1
6,3,30,3,1,33,4,31,24,3
81,5,31,4,1,86,11,25,22,2
53,5,26,5,1,69,10,31,18,1
49,3,31,4,1,88,10,29,21,1
2,1,19,2,5,6,5,25,23,2
55,6,35,4,2,79,8,35,21,1
71,8,27,6,1,41,8,36,19,2
23,3,33,4,1,57,8,29,22,1
81,6,26,3,1,24,8,31,20,2
42,5,35,3,1,50,6,33,20,2
56,6,26,5,1,46,9,34,20,3
15,4,33,6,1,77,6,25,20,1
19,3,31,4,2,68,8,28,23,3
16,4,30,4,1,28,5,27,24,3
83,5,28,3,2,64,11,27,22,2
11,1,32,4,1,65,7,27,21,1
26,3,21,3,2,2,5,28,23,12
79,9,40,5,1,85,7,33,18,1
29,3,25,4,2,48,9,24,22,2
86,6,33,3,1,91,14,35,22,1
3,1,23,2,2,1,5,22,24,2
33,5,30,6,1,48,6,24,19,2
30,5,31,5,1,63,7,31,23,2
12,3,28,5,1,26,5,24,21,1
37,3,31,4,1,40,7,24,19,1
46,7,28,6,1,20,4,29,19,2
4,4,30,6,1,48,7,30,23,2
98,7,27,3,2,82,12,34,22,6
90,9,29,5,2,71,10,32,20,1
97,8,38,5,1,83,10,27,17,1
17,5,28,4,8,34,4,29,23,4
4,3,21,4,2,19,6,32,23,1
14,4,29,4,4,35,6,27,23,2
36,5,33,3,4,76,9,35,23,1
54,5,28,5,1,54,9,32,23,3
93,6,27,5,1,60,13,32,21,3
63,6,32,2,3,21,7,32,22,3
48,3,30,5,1,94,11,27,23,1
8,4,29,6,1,53,5,29,23,1
94,6,35,4,1,99,14,37,24,1
34,5,36,6,1,87,7,26,17,1
36,3,22,3,3,7,8,28,23,2
62,5,26,4,1,25,7,26,20,2
72,8,28,6,1,65,7,30,19,2
19,5,28,5,3,22,7,29,21,1
58,5,35,4,1,83,9,38,22,1
84,6,31,4,1,77,12,37,21,2
99,8,43,5,1,99,13,34,20,1
1,0,23,4,1,25,6,23,20,3
82,7,39,6,1,60,8,34,21,1
20,5,30,4,6,41,6,32,22,1
11,2,30,3,3,41,7,23,24,1
68,6,31,3,1,17,6,32,22,8
27,2,27,3,2,20,6,17,20,2
82,6,34,3,2,98,17,36,24,1
64,8,31,4,3,60,9,42,19,1
52,4,25,3,1,42,8,30,22,4
2,4,29,3,10,20,5,29,23,3
28,3,26,3,2,18,6,27,24,3
3,3,22,2,12,1,5,30,21,1
89,5,36,3,1,88,13,34,22,1
13,4,33,5,1,62,7,35,24,1
5,2,24,3,1,9,5,24,23,1
36,4,23,5,1,54,8,25,23,3
69,7,28,6,1,83,10,32,21,2
89,6,36,2,1,66,12,40,25,2
24,4,30,3,2,17,6,34,22,1
39,6,24,3,10,8,7,32,23,2
62,4,32,4,1,58,9,25,22,7
56,4,30,2,4,30,8,27,23,6
4,4,24,3,4,3,2,29,23,10
47,4,35,3,1,73,9,34,22,1
94,10,37,5,2,85,10,30,19,2
24,5,28,3,7,12,5,27,22,1
67,6,31,5,1,53,9,28,20,1
91,7,39,3,1,87,12,38,24,6
4,4,26,5,2,16,5,30,23,5
13,4,28,3,3,22,5,34,20,2
10,3,32,4,1,63,5,24,22,1
40,3,28,2,2,41,11,26,20,1
96,7,35,4,1,97,12,37,21,1
36,6,34,6,1,77,7,28,19,1
72,6,30,4,1,46,10,33,19,1
70,6,27,3,1,17,7,35,19,1
2,0,29,3,1,20,8,24,24,1
94,6,37,2,1,78,10,30,22,4
53,4,26,3,1,67,9,31,22,1
69,5,27,3,1,37,7,29,19,2
4,4,25,5,1,21,5,32,23,5
91,10,37,4,1,43,8,38,19,3
3,2,24,3,3,18,7,28,21,1
77,6,32,5,1,57,10,33,22,1
52,4,27,5,1,23,6,23,21,3
26,3,33,4,1,32,7,32,24,4
50,4,33,3,1,70,7,30,19,2
53,5,24,6,1,75,9,28,19,1
8,2,29,5,1,61,9,31,24,1
91,8,42,3,1,90,10,35,20,2
56,7,38,5,1,84,8,36,21,1
5,3,30,3,3,2,3,29,21,1
67,6,35,4,1,84,11,37,22,1
62,7,35,4,1,49,8,35,18,1
7,2,23,4,1,34,7,22,19,1
43,5,28,5,1,49,6,30,19,1
64,5,29,3,4,46,9,31,22,2
80,7,35,5,1,66,7,28,16,1
39,4,27,2,3,8,5,26,23,5
77,10,28,7,1,42,6,30,14,2
87,5,32,3,1,87,14,41,26,2
61,7,25,5,4,32,7,24,17,1
35,5,23,3,6,5,3,28,20,4
93,7,29,5,1,79,13,33,19,1
74,8,27,4,5,35,7,27,21,3
6,2,30,2,3,17,5,23,24,1
10,2,29,3,1,47,8,33,24,1
81,9,30,5,2,83,12,38,21,1
79,10,27,7,1,61,9,36,18,1
5,3,24,3,6,15,6,30,25,4
90,7,29,4,1,62,9,33,21,1
72,5,30,2,1,48,8,33,19,4
90,7,31,3,1,89,12,31,19,1
53,4,24,2,3,52,9,28,21,2
34,6,35,5,1,65,7,31,21,1
83,10,34,4,5,81,8,36,24,2
79,7,32,6,1,92,10,24,20,2
53,6,25,6,1,51,9,28,19,1
77,7,33,3,5,56,9,32,22,2
5,3,28,3,2,1,4,26,23,4
45,5,28,4,1,11,6,28,20,4
2,4,28,4,5,34,4,28,22,3
73,6,30,3,2,22,8,30,21,3
70,6,33,6,1,60,9,29,20,1
0,1,20,5,1,10,6,19,23,3
47,3,30,2,2,64,11,37,23,1
59,7,34,4,1,24,6,36,22,1
28,2,26,3,1,41,9,30,24,2
5,2,25,3,1,7,6,27,21,2
37,4,31,5,1,49,8,30,21,1
53,5,36,4,1,78,8,36,23,3
25,5,32,6,1,34,5,24,19,1
94,8,28,4,2,50,11,37,21,1
43,6,27,6,1,43,8,32,16,1
70,5,34,4,1,94,11,33,24,2
17,2,28,4,1,34,8,22,21,1
24,4,26,3,7,43,8,28,24,2
2,1,18,4,1,2,4,20,19,3
32,6,25,6,1,16,6,25,20,2
41,4,25,2,2,3,4,25,22,15
10,4,22,3,15,1,4,31,22,2
85,6,39,2,2,63,10,31,23,3
0,3,19,4,3,1,2,18,21,9
96,7,33,5,1,88,12,26,19,2
80,8,35,5,1,79,9,25,15,1
50,7,29,7,1,43,5,28,19,1
93,6,36,2,1,88,11,38,22,2
46,3,28,2,1,40,10,33,23,1
51,4,30,2,5,71,10,30,22,2
83,8,28,4,4,35,7,25,20,5
16,4,33,3,3,32,4,29,23,2
52,5,30,3,4,46,8,28,22,3
43,4,36,2,3,31,6,30,22,1
33,5,29,6,1,59,7,29,20,2
44,3,31,1,4,47,9,24,20,3
4,1,30,3,1,24,5,26,22,1
24,4,28,3,2,12,4,28,23,7
10,4,28,4,7,7,3,21,18,2
36,6,37,3,4,53,6,33,21,2
65,4,27,3,1,43,11,22,21,4
42,4,25,3,5,53,8,26,19,1
7,2,29,2,2,26,6,32,21,1
68,5,27,3,4,61,9,25,19,1
85,9,28,5,2,82,11,32,21,2
86,9,40,6,1,93,10,31,18,1
8,3,27,6,1,45,5,20,18,1
1,4,33,4,4,28,5,29,21,1
42,5,29,3,5,24,8,31,22,1
97,10,36,6,1,98,12,34,18,1
49,4,30,4,1,55,9,27,23,1
99,8,37,5,1,97,14,43,22,1
49,3,25,4,1,45,8,18,19,2
12,3,32,3,3,20,4,23,20,1
56,3,35,1,1,57,9,36,23,3
23,2,27,1,2,2,4,24,24,15
72,6,28,3,1,67,10,32,21,1
78,6,32,2,1,26,8,32,21,5
44,5,32,3,4,56,8,29,22,1
46,4,30,4,1,74,9,30,21,1
40,6,29,6,1,22,6,32,20,2
90,6,27,4,1,64,10,33,22,4
56,5,35,3,1,51,7,31,22,6
69,5,26,2,4,49,9,30,21,2
33,3,21,2,8,24,9,26,20,2
9,3,26,4,1,5,4,22,18,2
93,10,31,5,2,86,9,29,19,1
67,6,35,4,1,38,7,30,19,2
1,4,25,6,2,8,5,24,22,2
11,2,25,3,1,0,2,20,22,15
84,5,32,3,1,84,15,34,22,2
44,7,34,4,4,67,8,41,25,1
40,7,37,6,1,81,7,31,21,1
43,3,24,4,1,24,10,26,18,1
66,5,34,4,1,85,12,32,19,1
18,3,26,2,6,31,6,26,25,4
83,7,36,4,1,91,12,36,19,1
91,6,36,3,1,87,12,31,23,3
79,7,31,4,1,64,8,30,19,2
50,5,33,5,1,71,10,29,19,1
25,3,28,4,1,24,6,23,21,1
66,5,36,4,1,84,12,30,20,1
94,6,34,3,1,91,15,33,25,2
98,10,30,6,1,99,12,31,16,1
5,4,30,6,1,14,3,23,22,2
38,3,32,3,1,76,9,23,20,1
80,9,27,5,2,40,9,41,21,2
54,3,31,2,1,23,8,28,20,2
30,4,24,4,2,61,7,25,19,1
40,3,35,4,1,56,7,29,23,1
2,4,31,4,3,24,2,27,20,1
84,7,35,4,1,73,11,37,21,3
3,2,33,3,2,9,5,25,24,1
65,7,30,7,1,92,10,29,16,1
59,7,35,4,3,52,8,30,20,1
31,4,35,4,2,73,8,28,22,1
98,11,30,5,1,87,12,40,16,1
82,9,35,4,4,73,10,38,18,1
60,5,32,3,1,42,7,32,22,3
13,1,20,4,1,7,7,24,21,1
87,8,35,3,2,82,9,37,22,3
57,8,26,8,1,62,8,32,20,2
79,6,35,5,1,91,13,35,22,1
2,1,28,3,2,31,8,24,22,1
25,4,34,3,2,20,6,29,20,1
75,6,31,2,2,69,9,34,23,3
82,8,29,6,1,37,7,29,18,4
52,6,26,4,1,6,7,32,20,7
63,5,26,2,4,53,11,33,22,5
48,4,29,5,1,81,9,28,20,3
58,4,30,4,1,35,10,31,24,4
10,3,22,2,8,6,5,29,24,5
84,9,32,6,1,85,9,35,19,1
40,5,34,3,3,60,6,32,23,2
77,7,34,6,1,92,12,32,18,1
95,6,27,5,1,52,9,25,19,5
26,3,28,4,2,71,10,28,22,1
82,10,31,8,1,94,11,41,20,1
65,4,37,4,1,85,10,27,20,1
79,8,33,7,1,61,9,32,19,1
18,2,29,3,1,37,6,29,20,2
75,6,34,3,2,92,13,36,21,1
73,8,36,4,2,77,7,35,18,1
75,8,30,5,1,67,9,41,19,2
33,4,24,6,1,9,4,23,17,1
5,3,26,3,4,6,3,24,19,3
67,5,29,4,1,76,10,30,20,1
4,3,33,2,3,30,6,36,27,2
64,4,30,4,1,73,10,22,23,2
29,4,32,4,1,60,9,32,24,1
39,4,30,2,1,24,5,27,23,11
92,7,34,3,1,88,11,36,20,1
67,4,27,5,1,70,11,22,21,1
71,7,33,5,1,56,9,34,21,1
71,5,30,5,1,65,10,29,21,3
22,3,24,2,2,2,5,29,21,2
40,5,35,5,1,40,4,27,21,1
57,6,36,5,1,59,8,33,20,1
87,8,38,4,1,85,9,28,21,3
59,6,25,6,1,49,11,28,20,1
91,8,32,3,3,83,10,35,23,3
35,2,34,2,2,80,10,28,22,1
25,4,25,6,1,25,6,30,21,3
71,7,29,6,1,69,9,36,20,1
21,4,34,4,1,26,6,28,22,2
44,4,28,2,2,8,7,31,23,4
69,5,37,2,2,75,10,29,23,4
67,6,28,3,3,46,10,35,23,7
18,5,35,5,2,49,3,28,21,1
73,4,24,3,1,17,10,31,19,3
32,5,26,3,10,24,5,31,22,1
35,6,27,4,7,12,5,27,21,4
78,6,36,6,1,92,9,33,19,1
36,6,34,5,2,67,8,37,23,1
28,2,27,1,4,21,10,26,22,2
26,3,30,5,1,49,6,23,22,3
2,3,27,6,2,60,6,24,18,1
65,5,26,5,1,51,9,25,18,1
74,6,30,4,1,61,9,31,21,2
63,6,38,4,1,73,11,33,23,1
5,2,18,2,6,1,4,20,22,7
52,7,35,7,1,84,8,36,20,1
8,3,34,2,1,11,3,30,24,2
27,4,26,4,1,43,6,25,23,4
0,2,26,3,4,0,2,21,18,3
70,6,26,4,1,41,8,29,17,3
79,8,31,6,1,75,10,32,20,1
13,1,22,1,3,25,6,24,22,3
59,6,32,5,1,94,9,29,19,1
35,3,24,2,9,12,6,23,25,4
67,5,27,4,1,46,12,28,21,2
36,5,27,5,2,45,6,26,21,1
80,5,36,2,1,89,12,32,21,1
98,8,33,6,1,99,15,30,20,1
48,6,32,4,2,62,9,31,20,2
7,2,29,5,1,23,7,22,20,1
13,3,25,5,1,16,6,25,20,2
89,5,32,2,1,45,8,29,21,2
71,6,26,3,4,55,10,31,18,2
87,7,35,5,1,92,13,36,20,1
90,11,31,7,1,91,10,34,15,1
47,4,33,3,1,44,7,27,22,3
6,2,22,4,2,45,8,27,21,1
71,8,41,5,1,94,11,41,23,2
27,5,35,6,1,58,7,31,18,1
32,5,28,6,1,35,7,32,19,1
38,6,28,3,11,44,7,32,22,1
33,4,33,2,4,36,5,24,22,4
9,3,20,4,3,28,7,30,19,1
58,4,25,2,6,15,9,24,20,3
75,6,33,4,1,83,10,34,21,2
51,5,32,5,1,70,7,28,22,1
27,5,31,4,3,14,6,31,22,3
44,6,29,5,2,56,7,33,23,2
89,7,35,6,1,97,14,37,21,2
92,6,28,3,2,79,12,29,18,1
52,4,28,5,1,64,9,26,21,4
76,7,40,3,3,95,11,36,20,1
76,8,34,5,1,70,8,30,20,1
83,7,37,3,1,58,8,30,23,4
94,12,32,5,2,56,9,33,21,2
42,5,36,6,1,75,8,22,16,1
60,8,39,7,1,57,7,35,21,1
22,2,28,1,2,2,3,24,23,8
85,7,34,3,3,56,11,35,21,1
92,5,26,5,1,92,14,25,19,2
58,5,32,5,1,41,9,31,22,2
65,8,30,4,5,68,10,41,21,1
6,4,29,5,1,43,4,30,20,1
24,3,27,4,1,47,7,26,22,2
50,5,28,6,1,66,8,33,22,2
51,4,36,1,2,52,8,30,24,3
76,8,29,7,1,74,9,32,21,1
26,3,29,3,2,43,7,27,21,2
68,7,39,3,1,70,7,32,23,2
55,4,24,5,1,70,11,20,15,1
43,7,27,4,5,45,6,35,21,3
86,6,27,5,1,78,14,28,20,1
11,3,26,3,6,41,8,30,22,2
31,4,22,3,2,27,7,33,19,2
74,5,34,3,1,74,11,34,20,1
54,3,31,2,1,64,11,33,24,2
17,2,31,3,1,15,5,22,20,2
68,9,26,6,2,46,8,29,19,1
10,3,30,4,1,7,3,23,23,3
28,3,27,2,4,48,8,30,23,4
72,4,34,2,2,95,16,35,24,2
4,1,18,3,1,1,4,17,21,2
10,3,30,5,1,57,6,24,21,2
41,6,34,4,1,30,5,32,20,1
59,8,38,5,1,80,8,39,20,1
19,2,29,3,1,27,8,23,21,1
50,4,31,4,1,65,10,30,22,3
82,5,34,4,1,93,14,31,21,1
9,4,30,5,2,31,6,27,22,1
47,5,34,3,4,73,8,30,20,1
88,5,36,3,1,96,13,39,24,1
43,7,34,5,1,19,3,29,23,4
27,4,29,4,1,13,6,30,23,3
5,1,32,4,1,46,6,22,21,2
88,10,31,6,1,71,8,30,16,1
14,2,24,2,2,1,6,29,25,5
31,5,29,5,1,53,7,29,20,1
68,8,29,6,1,67,9,33,18,1
28,4,32,4,1,21,6,34,24,1
42,3,32,3,1,82,11,28,20,1
48,6,33,4,3,86,9,33,23,1
24,2,22,4,1,54,9,23,22,3
36,5,36,6,1,52,7,36,19,1
6,1,23,4,1,20,5,22,19,2
36,6,31,6,1,23,5,30,23,1
98,7,34,4,1,73,11,29,21,7
19,3,27,4,2,33,8,24,22,2
87,9,28,4,5,76,10,34,21,5
11,2,26,2,1,19,7,34,22,1
19,3,24,4,3,16,8,27,22,1
73,8,39,5,1,98,10,36,23,1
27,6,25,3,17,26,6,33,21,3
21,5,30,6,1,54,6,27,19,1
58,5,28,3,1,39,8,33,19,2
8,2,26,2,2,0,3,27,23,2
47,4,28,4,1,51,10,33,21,2
30,2,28,4,1,29,7,21,22,1
89,7,36,5,1,94,11,32,21,1
21,2,26,4,1,14,8,28,25,2
52,4,35,3,1,81,10,37,24,1
1,0,24,0,7,1,5,21,21,3
52,7,36,3,9,50,8,37,24,1
38,4,32,4,1,70,10,34,22,1
0,1,26,3,1,38,8,29,20,1
56,5,33,4,1,45,6,25,22,4
44,6,30,4,3,55,8,33,19,1
61,4,32,3,1,90,13,34,24,1
5,5,22,5,9,7,5,30,22,2
65,4,27,3,1,52,11,32,20,4
32,2,23,2,3,5,6,21,19,3
15,4,34,5,1,72,7,34,20,1
21,4,26,3,3,0,1,26,22,10
37,3,28,3,1,12,8,28,22,4
67,4,25,2,1,43,9,33,22,6
15,2,28,2,4,39,8,25,22,2
40,5,27,5,1,7,5,32,20,1
26,5,25,4,3,6,3,26,20,2
34,4,29,3,1,10,6,29,22,3
11,3,28,4,2,26,4,21,19,1
29,2,27,2,4,41,10,30,25,1
13,5,28,3,4,0,1,28,18,4
45,5,26,5,1,42,7,28,21,1
73,9,27,6,1,50,6,32,17,4
5,2,27,2,6,24,6,28,22,1
39,3,32,2,2,71,9,26,22,1
84,7,37,3,2,89,11,36,24,2
39,4,29,3,1,31,5,28,21,5
45,7,36,7,1,83,6,31,19,1
95,7,31,4,1,93,16,35,18,1
77,8,33,5,1,81,10,38,24,2
47,3,24,4,1,18,7,22,22,5
98,6,37,2,1,93,12,33,21,1
29,5,31,5,1,24,4,30,18,1
18,5,25,5,3,5,3,23,22,5
77,8,32,6,1,84,11,33,21,1
87,9,34,5,1,56,7,32,18,2
31,2,30,3,1,70,9,26,23,1
91,8,30,6,1,98,15,37,23,1
91,11,30,4,4,45,7,32,20,3
80,8,41,3,4,96,9,33,19,1
35,5,31,5,1,80,8,30,17,1
67,7,37,6,1,62,6,29,18,2
26,5,28,5,1,46,6,29,18,1
95,11,42,6,1,95,11,31,20,1
12,2,32,3,1,66,9,29,22,1
32,5,33,5,1,58,8,35,24,1
62,8,35,4,6,61,8,37,22,1
24,2,29,3,1,60,7,25,23,5
92,7,27,3,2,48,9,31,18,2
59,6,27,3,3,34,7,31,23,3
36,4,28,5,1,33,8,29,23,2
60,6,29,7,1,77,8,28,15,1
60,4,24,5,1,54,9,28,17,1
88,10,31,6,1,53,9,36,18,1
63,5,27,4,1,47,9,34,21,1
86,9,36,4,3,67,10,36,20,2
92,7,28,5,1,77,14,32,19,2
56,5,29,5,1,34,7,29,22,4
74,7,33,4,1,42,8,34,19,1
39,6,28,3,3,6,5,32,23,5
14,2,19,3,2,0,4,22,21,2
94,7,33,3,2,88,14,34,21,1
24,3,32,1,4,56,7,30,25,1
2,0,32,2,1,56,6,23,21,2
22,3,28,3,2,38,7,23,19,1
23,4,23,4,5,48,8,32,21,1
55,5,28,4,3,37,8,26,21,3
66,5,26,2,2,21,10,34,24,5
49,5,28,2,4,12,7,32,25,6
11,5,24,4,4,7,4,32,21,2
64,6,33,6,1,81,9,33,18,1
62,4,36,4,1,64,9,22,21,2
25,4,35,4,1,80,7,29,19,1
23,4,32,3,2,62,6,28,20,2
35,6,27,6,1,57,6,29,18,1
30,4,26,5,1,25,4,28,22,2
77,7,35,4,1,78,8,37,24,3
22,5,33,6,1,35,4,23,17,1
46,5,30,4,1,56,7,29,20,3
83,9,34,5,1,60,9,31,16,1
25,4,27,5,1,60,8,26,20,1
46,5,31,5,1,66,7,25,18,1
83,8,35,5,1,96,12,36,18,1
33,3,34,2,1,26,6,23,23,1
50,6,26,5,1,16,4,25,15,2
77,7,33,4,2,50,10,32,18,1
17,2,33,1,6,26,6,25,25,4
99,18,43,6,1,99,11,42,17,1
95,6,31,4,1,97,14,30,21,3
51,6,27,4,3,55,8,30,20,2
12,4,26,6,1,34,7,30,18,1
56,4,24,4,1,29,10,35,24,2
3,4,27,4,7,9,3,20,21,3
95,11,34,5,1,86,9,38,23,2
1,3,18,4,2,12,5,25,18,2
57,7,34,7,1,65,6,24,19,1
74,8,31,6,1,94,11,33,21,1
18,3,26,4,1,57,7,23,23,1
29,5,28,6,1,40,7,34,21,2
44,3,24,4,1,58,9,22,19,2
39,3,25,3,2,43,10,34,22,1
65,7,30,5,1,50,7,32,18,2
61,4,30,4,1,85,13,32,23,1
72,5,37,4,1,49,9,35,22,1
32,6,31,7,1,63,6,29,20,1
14,5,29,5,4,55,5,29,20,1
5,4,20,5,2,14,5,30,22,2
95,8,34,5,1,85,11,33,18,1
2,4,24,5,5,7,4,25,18,1
92,7,37,5,1,99,12,29,22,1
36,3,25,4,1,15,8,28,20,1
69,5,37,3,1,97,11,29,19,1
56,5,29,4,2,58,11,30,19,1
28,5,28,5,1,47,6,28,23,1
1,4,22,4,8,6,3,23,18,2
42,3,34,4,1,88,10,29,23,3
61,4,24,1,2,27,8,29,20,5
0,4,26,4,7,4,5,30,24,2
66,4,31,4,1,52,9,29,23,3
11,2,19,3,1,11,5,23,21,2
90,10,33,5,2,91,11,40,19,1
10,2,31,2,1,34,6,25,24,3
56,5,29,2,5,77,12,35,20,1
25,3,34,3,1,46,6,31,25,6
58,5,28,4,1,74,10,32,19,2
95,8,39,4,1,94,11,30,20,1
72,5,32,5,1,96,12,31,19,1
40,4,33,4,1,84,10,34,22,1
49,6,37,6,1,83,10,33,21,1
67,7,26,5,2,77,11,35,19,1
46,7,29,6,1,25,5,26,18,2
29,2,28,3,1,37,10,23,22,1
54,3,32,3,1,89,14,29,23,2
73,4,32,4,1,66,11,28,23,5
77,5,31,3,1,37,7,26,20,6
81,10,27,4,4,52,7,35,20,6
33,5,26,5,3,49,8,32,22,2
89,5,30,4,1,69,10,26,18,4
30,2,32,3,2,59,9,25,24,1
69,8,29,6,1,69,8,34,20,3
19,4,33,5,1,81,9,31,22,1
97,8,28,5,1,60,10,35,19,3
16,3,31,3,2,47,6,21,22,2
17,5,35,6,1,57,6,31,24,1
62,4,24,2,1,36,8,30,21,2
73,5,26,5,1,71,13,30,21,1
93,8,28,3,2,57,10,37,24,3
76,8,34,4,1,56,7,33,20,2
16,2,23,3,2,7,8,28,24,2
28,3,31,3,1,46,8,34,25,3
42,3,25,4,1,21,8,26,21,7
83,5,30,3,1,90,12,32,20,1
15,4,29,4,2,24,3,31,21,3
66,4,24,2,3,55,10,26,22,2
81,7,30,5,1,97,15,35,21,1
67,5,30,3,1,41,9,28,19,1
37,3,30,1,5,43,9,24,24,7
88,9,35,4,1,77,11,38,22,2
57,6,32,5,1,91,10,29,18,1
46,6,36,3,3,51,5,30,20,1
63,6,35,2,1,41,6,35,22,1
74,5,31,2,2,29,9,30,22,2
14,2,23,4,1,11,7,30,24,6
40,3,25,4,1,55,11,31,23,2
45,3,25,4,1,17,9,25,18,1
55,7,33,4,1,83,9,35,18,1
40,5,34,4,1,48,4,30,23,3
99,11,34,8,1,99,13,36,16,1
75,8,28,5,2,63,7,30,19,2
18,4,26,4,1,7,3,20,21,8
10,2,21,3,4,9,5,19,22,3
74,6,30,6,1,71,9,25,21,1
11,4,31,3,3,17,3,28,19,2
99,10,29,7,1,86,12,33,19,1
77,7,31,5,1,93,11,35,18,1
40,5,24,5,1,16,5,23,19,4
27,4,26,4,2,46,9,31,22,1
95,7,29,3,3,79,13,34,21,3
25,3,27,4,1,10,5,26,21,1
12,4,26,3,7,7,5,32,24,4
54,6,27,4,2,62,10,36,20,1
67,8,35,6,1,78,7,33,21,2
37,3,31,3,1,23,7,31,22,3
14,5,29,6,1,17,3,26,17,1
96,9,31,6,1,99,16,39,19,1
6,2,29,2,3,3,2,26,24,12
60,7,36,5,1,68,7,31,22,2
19,4,22,2,5,14,4,29,19,3
56,4,36,2,1,52,6,29,23,7
14,3,27,4,2,13,5,20,22,2
82,10,32,4,2,58,7,37,21,2
32,3,29,4,1,34,5,24,21,1
47,5,35,4,1,58,8,36,25,2
18,5,32,5,1,58,5,34,24,2
51,6,38,4,1,66,7,33,20,1
49,5,29,3,2,16,7,31,22,3
14,4,29,5,1,38,5,22,19,2
75,5,36,4,1,82,11,23,21,2
1,1,26,1,5,23,5,23,26,4
17,5,25,5,1,15,5,34,22,3
11,2,33,3,1,10,4,25,22,2
53,6,30,4,2,29,6,27,21,2
54,3,31,3,1,59,9,29,21,1
2,0,23,1,1,2,6,30,24,3
15,2,27,4,1,21,6,20,22,5
55,6,34,4,3,73,11,37,25,1
75,5,28,3,1,61,9,30,24,8
66,5,32,4,1,86,11,37,23,1
76,8,30,5,3,93,13,35,22,1
14,4,29,5,1,26,5,28,21,1
58,5,28,6,1,64,9,26,16,1
70,6,33,4,1,68,11,29,19,1
42,3,24,2,2,12,9,30,20,3
99,7,42,2,1,86,13,38,23,1
8,4,23,6,1,0,2,26,18,1
54,7,32,7,1,85,8,34,19,1
37,6,25,5,2,36,6,30,22,2
38,5,26,5,1,23,5,24,18,2
32,6,29,5,6,65,9,35,21,1
99,10,38,4,1,64,8,32,19,1
74,9,29,7,1,78,9,28,16,1
77,6,29,6,1,87,11,34,20,1
90,6,36,4,1,76,10,33,23,5
66,5,37,4,1,96,11,29,21,1
69,8,33,7,1,90,10,31,18,1
94,6,31,3,1,63,13,31,24,3
12,2,19,2,2,15,5,25,25,5
95,8,39,5,1,92,12,32,18,1
95,6,32,3,1,94,17,37,21,1
8,4,24,4,6,38,7,30,23,1
84,6,26,3,1,38,12,30,23,2
75,4,27,2,1,56,11,28,21,3
58,7,30,3,2,52,8,40,22,1
30,2,25,1,2,9,7,27,24,10
1,4,31,3,3,23,2,33,22,1
32,3,31,5,1,82,10,26,21,1
16,2,26,1,2,13,5,28,21,7
21,4,35,3,6,51,7,33,21,1
47,4,31,4,1,90,12,36,22,1
0,2,23,3,6,4,4,15,19,3
77,5,28,5,1,92,16,34,21,1
79,7,34,6,1,70,8,24,19,1
11,1,26,1,2,4,7,27,23,8
19,2,21,2,8,6,5,20,22,2
99,12,32,4,1,77,8,40,22,4
90,5,39,5,1,99,17,32,19,1
0,3,32,3,3,47,6,30,25,1
72,7,27,5,1,51,7,32,18,2
40,3,30,3,1,57,8,26,23,2
2,3,32,3,2,34,4,27,24,3
39,4,30,2,2,16,5,27,21,2
17,2,30,3,2,10,6,24,22,3
25,5,32,5,1,49,7,32,24,1
91,7,30,3,5,74,13,35,22,2
37,6,30,5,2,64,7,33,23,2
29,4,27,3,1,6,4,26,20,2
77,9,28,7,1,65,7,32,15,1
1,3,26,4,2,11,4,21,21,2
19,4,30,5,1,55,6,27,21,1
99,9,30,6,1,88,11,27,15,1
1,0,31,0,2,17,4,27,24,6
71,5,37,4,1,83,9,30,18,1
53,7,25,5,4,69,8,30,18,1
39,6,32,3,8,36,5,28,19,1
49,5,24,6,1,46,7,28,17,1
98,6,28,3,1,77,13,34,22,6
49,5,28,3,11,23,6,24,20,4
97,10,30,4,4,88,10,34,19,2
74,8,31,4,4,47,6,30,20,2
68,7,30,5,1,75,10,37,21,1
49,4,31,2,3,43,7,28,21,2
5,4,28,5,1,42,7,33,20,1
78,6,27,6,1,75,10,31,19,1
34,4,30,2,4,53,8,33,22,1
2,4,34,3,3,1,1,32,25,9
62,5,31,2,2,33,8,33,25,5
12,5,24,5,4,9,4,30,19,1
17,4,23,3,2,18,4,29,21,5
63,6,28,6,1,62,7,29,21,3
16,4,26,4,4,16,5,20,21,2
36,3,25,4,1,28,8,22,23,6
22,5,29,6,1,57,7,33,18,1
82,6,27,4,1,27,9,29,20,4
0,1,31,3,1,37,5,28,25,4
15,3,24,5,1,9,6,30,20,3
93,7,35,2,3,75,11,30,22,2
76,7,34,5,1,74,11,33,20,1
82,5,36,3,1,68,11,33,20,1
25,4,29,4,1,8,6,31,20,2
11,5,24,6,2,46,7,31,20,1
13,4,25,5,1,3,3,24,19,2
41,3,27,5,1,65,8,26,21,1
36,4,31,4,2,23,6,23,19,2
14,3,33,3,4,36,6,25,22,1
51,7,38,5,1,70,5,32,23,2
74,8,26,4,4,67,10,35,21,1
10,4,21,5,3,8,5,26,23,3
36,3,23,3,2,44,9,27,19,2
22,3,27,4,3,18,8,25,23,4
89,11,37,6,1,83,9,31,17,1
10,4,32,3,13,42,5,30,26,2
83,7,26,6,1,38,7,26,20,5
84,7,37,4,1,96,13,32,22,1
2,1,26,3,1,18,7,24,20,1
76,7,32,3,1,28,8,38,20,3
27,4,24,5,1,58,7,25,18,1
15,4,29,5,2,24,6,24,23,1
9,2,22,4,1,1,4,22,22,7
71,7,31,3,2,31,8,36,23,5
45,6,29,6,1,83,10,31,20,1
39,6,36,6,1,58,5,24,21,2
61,8,36,5,1,86,9,39,19,1
13,2,32,1,1,20,5,30,25,8
8,3,20,3,4,0,3,26,20,2
66,6,32,5,1,79,11,28,20,1
79,9,28,6,2,42,8,29,19,3
37,3,30,3,1,58,8,34,23,3
79,5,35,2,1,75,10,26,20,3
81,9,41,6,1,99,9,36,20,1
86,10,27,6,1,37,8,35,21,4
42,5,28,5,1,50,9,37,24,1
9,1,33,2,2,33,6,21,22,1
88,7,31,6,1,93,13,41,22,1
28,3,32,5,1,76,9,32,23,2
30,4,35,4,1,27,5,27,21,2
81,5,28,4,1,38,10,28,17,2
58,6,36,5,1,93,10,37,20,1
66,5,31,2,2,35,9,30,21,2
64,5,34,3,2,86,10,29,22,3
22,3,27,5,1,20,7,31,21,1
60,8,36,5,1,70,8,42,23,1
48,4,35,3,1,33,9,32,24,1
58,4,33,3,1,44,7,23,18,3
81,6,26,4,1,39,9,27,18,3
49,6,34,4,4,60,6,26,20,1
8,2,29,3,2,13,6,27,23,1
46,7,28,6,1,51,6,37,21,1
59,4,30,3,1,67,12,33,22,1
91,9,37,5,1,99,15,37,21,1
4,2,28,3,1,19,5,28,22,2
81,6,37,4,1,82,9,28,22,1
8,1,20,2,4,4,7,21,19,2
27,3,25,5,1,45,7,24,19,2
84,9,36,5,1,92,11,43,22,1
91,6,40,3,1,95,13,36,25,2
8,4,32,4,1,3,1,25,20,5
55,4,28,3,1,62,10,34,22,3
4,3,30,5,1,56,5,23,19,1
26,2,26,2,5,18,6,19,22,6
18,5,22,6,1,31,4,29,21,4
56,4,33,3,1,35,8,30,21,2
6,4,30,4,1,11,5,31,22,1
43,3,28,4,1,53,10,24,23,2
55,4,27,1,6,23,9,25,24,6
54,6,28,4,2,28,8,35,22,3
25,3,33,5,1,25,5,28,24,3
16,5,29,5,1,31,4,35,22,1
72,6,26,5,1,86,11,28,16,1
20,2,23,2,1,2,5,30,25,4
58,5,32,4,1,30,8,28,19,1
91,8,38,4,1,68,8,34,19,1
20,4,27,4,1,40,8,36,20,1
83,6,34,5,1,83,13,29,21,2
30,5,30,3,4,20,6,36,24,5
18,2,23,2,4,18,9,28,22,1
51,3,33,3,1,65,10,29,20,1
18,4,32,6,1,34,4,24,18,1
22,4,35,5,1,65,5,29,21,1
95,7,36,3,1,94,10,31,19,2
19,4,32,3,7,59,8,34,23,1
97,12,37,5,1,90,9,34,18,1
93,9,29,4,4,62,11,36,20,1
21,3,20,2,2,0,4,26,25,10
35,3,33,3,1,70,8,28,22,1
9,2,30,2,1,2,4,30,22,1
86,9,37,5,1,80,11,33,20,1
99,8,30,3,2,92,11,32,22,4
57,5,25,5,1,43,8,27,21,2
59,5,33,3,1,70,7,30,22,3
70,5,35,2,3,56,9,25,23,5
57,7,31,6,1,62,9,34,21,1
16,5,33,4,3,22,5,30,19,1
53,4,25,1,7,45,9,27,23,4
49,7,30,7,1,75,7,24,17,1
91,10,43,5,1,96,10,44,21,1
45,3,30,4,1,58,10,21,21,1
42,3,28,1,5,41,9,27,21,4
7,3,29,5,1,21,4,22,20,1
92,6,32,4,1,88,11,30,19,1
31,4,32,3,2,59,7,34,24,3
41,5,34,5,1,86,7,26,19,1
39,5,34,2,5,43,5,25,23,2
69,8,41,4,2,63,8,32,18,1
59,7,28,5,1,50,7,34,20,1
15,3,20,5,1,25,6,28,23,3
34,3,22,2,5,41,11,29,20,1
56,6,35,6,1,46,5,27,19,1
75,4,31,4,1,98,15,27,22,1
88,8,28,4,2,79,10,35,21,5
73,7,30,4,2,30,8,29,18,2
43,6,28,5,1,47,7,30,21,4
2,2,23,4,1,14,5,31,26,3
90,12,31,4,5,61,9,34,18,1
12,2,30,2,1,46,6,29,26,3
99,6,40,3,1,93,14,39,21,1
6,1,24,4,1,24,8,26,23,1
82,7,30,5,1,92,12,32,21,3
35,6,30,5,4,65,9,34,21,1
40,5,24,4,2,8,7,29,22,7
96,10,33,7,1,69,9,33,16,1
53,7,38,5,1,79,8,31,19,1
63,7,27,6,1,68,10,36,17,1
33,6,33,6,1,63,7,35,18,1
10,2,25,2,1,14,7,31,26,5
98,6,27,3,1,88,16,36,20,1
66,4,34,4,1,79,10,24,19,1
0,0,29,2,3,21,5,22,26,2
36,3,33,5,1,38,8,29,23,1
53,4,32,3,2,70,10,26,23,1
55,5,30,4,1,77,8,33,22,2
54,6,37,6,1,95,10,29,17,1
54,4,28,5,1,54,11,27,22,1
58,4,24,3,2,19,10,29,22,2
6,4,28,4,3,2,4,28,22,2
5,2,33,5,1,65,7,26,21,1
89,7,27,6,1,72,11,31,17,1
58,7,32,5,1,23,5,30,21,8
82,6,27,5,1,61,9,23,19,1
57,7,25,4,2,8,6,36,20,2
33,6,30,6,1,19,4,30,21,2
89,7,30,6,1,58,9,26,19,4
6,5,29,6,1,28,4,30,21,1
69,5,34,4,1,86,12,38,23,1
5,4,27,3,2,2,3,31,20,1
86,5,30,3,2,58,11,24,20,7
82,7,27,3,3,71,11,33,22,2
16,4,32,5,1,50,4,27,21,1
81,6,28,4,1,93,12,31,17,1
45,6,36,4,2,92,8,30,19,1
25,5,23,6,1,30,5,24,19,3
57,7,31,7,1,59,6,29,17,1
68,7,30,5,1,65,10,37,20,1
60,6,37,3,3,55,7,31,20,2
67,6,27,3,6,75,9,29,19,1
24,4,27,4,1,38,6,27,21,1
95,8,29,7,1,95,14,31,19,1
93,5,29,3,1,52,11,27,23,5
69,6,34,4,1,71,9,36,22,2
27,5,23,5,4,31,8,32,21,1
97,6,38,1,1,89,12,32,22,5
5,3,24,3,6,2,4,26,21,2
59,7,31,4,3,54,7,31,19,1
65,4,26,4,1,56,9,27,19,3
77,7,37,3,2,73,11,38,22,2
74,5,38,3,1,56,9,34,22,1
84,10,39,4,3,98,11,36,17,1
82,8,37,6,1,79,7,28,16,1
46,6,34,3,4,30,7,35,21,1
17,2,29,2,2,27,9,26,23,3
98,7,41,5,1,87,10,28,21,3
40,3,26,4,1,65,10,27,21,4
76,5,35,4,1,80,10,27,19,1
9,4,33,5,1,46,5,36,24,2
89,7,34,3,1,77,12,40,20,2
80,7,27,6,1,46,10,37,20,1
62,7,38,6,1,91,8,29,20,1
63,6,32,3,3,69,8,31,21,4
90,8,31,6,1,65,8,25,20,1
81,6,40,3,1,62,7,28,21,3
49,4,36,3,1,48,6,25,21,1
72,6,34,4,1,50,7,27,19,4
78,9,30,4,4,41,8,30,17,1
27,2,34,1,1,36,7,31,23,4
71,9,30,8,1,51,7,32,18,1
57,7,39,3,2,37,4,32,24,3
89,9,34,7,1,86,11,34,17,1
2,1,17,3,1,1,5,16,19,2
67,4,30,3,1,63,10,26,22,1
69,9,33,6,2,69,9,30,19,1
57,5,28,3,1,21,5,29,22,6
83,7,39,6,1,99,13,32,18,1
29,4,23,5,1,42,7,20,19,2
19,4,25,3,3,21,8,32,22,2
16,5,33,4,1,5,3,36,25,3
1,3,33,4,1,64,6,28,21,1
11,3,33,2,6,60,6,27,22,2
6,3,32,2,7,15,5,31,22,1
80,6,37,2,3,57,8,26,19,1
13,3,24,2,3,0,4,32,25,5
9,1,21,1,4,3,6,27,25,9
89,7,35,2,4,73,9,28,22,5
73,6,34,6,1,61,8,30,19,1
50,4,34,3,1,30,6,27,21,5
27,3,34,4,1,71,10,33,22,1
10,3,30,3,4,15,5,25,24,2
84,10,34,5,4,81,11,36,18,1
71,6,30,5,1,76,11,33,20,1
80,7,28,5,1,45,11,32,21,2
1,3,33,5,1,28,4,25,19,1
25,4,25,3,2,4,5,32,23,4
40,6,35,3,2,54,6,38,25,3
33,3,34,4,1,70,11,27,23,1
86,6,32,3,1,34,9,33,19,4
17,5,28,6,1,37,5,31,20,1
36,4,34,2,3,47,7,30,20,1
2,3,28,2,11,31,7,31,21,1
90,11,42,4,2,90,11,47,21,1
84,6,29,3,2,72,13,34,20,2
96,7,27,5,1,73,13,36,19,1
61,5,37,2,1,66,8,37,22,1
12,4,24,4,2,2,4,35,23,3
92,9,30,6,1,79,10,34,17,2
12,3,20,4,1,7,4,29,21,2
55,8,37,7,1,70,7,36,18,1
18,3,32,4,1,69,8,25,21,1
98,11,32,4,2,80,11,40,19,1
70,6,33,3,1,50,10,35,21,1
25,3,26,5,1,34,6,24,23,3
79,8,30,5,2,67,10,30,18,1
37,3,34,1,3,45,9,33,23,1
88,6,36,3,1,89,13,32,24,2
13,3,30,2,6,27,5,25,22,2
90,8,33,3,4,58,9,29,22,2
90,11,30,4,2,31,6,34,18,2
85,9,28,6,1,38,9,36,21,3
53,7,31,4,3,31,7,31,17,1
82,10,39,5,1,58,6,34,20,1
93,7,29,4,1,62,11,29,19,1
56,4,36,5,1,84,12,28,22,2
39,6,26,4,3,24,6,33,21,1
18,4,27,5,1,34,5,26,18,2
88,5,28,4,1,59,13,31,21,1
23,5,32,6,1,39,6,31,20,1
94,9,45,5,1,92,9,37,21,3
65,4,36,2,1,88,12,31,22,1
15,3,29,3,2,46,7,31,25,4
95,6,38,4,1,99,14,28,18,1
15,3,31,2,2,2,3,25,19,2
95,8,32,6,1,78,12,34,17,1
65,6,30,5,1,65,10,35,20,1
2,2,31,3,1,22,5,28,21,1
42,5,24,3,5,17,8,36,25,2
20,4,31,4,1,49,6,35,21,1
62,4,30,4,1,93,13,33,21,1
92,6,28,2,1,20,10,33,22,4
57,7,36,6,1,90,8,29,17,1
14,2,23,3,3,44,8,27,25,2
36,3,32,2,3,57,8,24,20,1
5,2,24,4,3,20,6,22,21,1
11,2,23,1,7,19,5,27,21,1
72,6,35,3,1,64,9,39,26,2
16,5,25,4,3,3,5,30,20,1
95,9,31,4,1,49,9,29,20,6
6,4,32,5,1,47,4,29,19,1
97,10,42,4,1,79,10,33,18,1
49,7,27,3,10,11,6,30,22,5
70,7,30,4,4,76,10,31,22,3
72,8,30,4,3,60,8,33,17,2
76,7,38,6,1,63,8,33,21,1
87,8,26,6,1,55,10,29,17,3
71,7,35,5,1,64,8,26,20,2
24,6,30,6,1,37,5,30,21,3
49,5,27,6,1,36,8,23,18,1
75,5,28,5,1,82,14,30,20,1
0,1,32,4,1,82,7,22,24,1
8,1,23,2,4,11,6,16,22,9
77,6,33,3,3,63,11,33,24,1
29,4,24,3,10,11,7,27,23,3
34,6,30,4,2,11,5,33,21,1
64,7,28,6,1,44,6,28,18,5
84,5,27,2,2,76,12,35,20,1
6,3,25,3,5,0,2,26,20,3
26,4,30,3,3,14,5,31,24,2
71,6,35,5,1,97,13,39,22,1
5,3,23,5,2,38,5,22,18,1
33,3,22,5,1,71,9,22,19,1
89,5,29,2,3,69,13,28,22,3
22,3,27,1,2,16,6,31,22,7
57,6,34,6,1,89,9,28,19,1
19,4,22,4,3,49,7,28,22,1
99,7,30,2,1,53,12,40,24,2
50,3,29,4,1,28,7,23,19,1
82,6,35,4,1,64,8,30,20,1
63,8,29,4,8,32,8,31,21,1
85,7,29,3,7,60,12,33,23,4
68,6,29,6,1,96,12,29,18,1
77,7,33,4,3,73,8,29,17,2
14,2,32,0,2,25,7,31,28,2
27,3,33,2,4,44,7,26,22,2
26,2,31,2,1,34,5,26,22,4
35,6,29,5,2,38,5,28,19,1
26,2,25,3,3,15,6,21,24,4
85,9,27,6,2,76,10,29,20,3
73,7,38,6,1,90,11,33,20,1
85,9,32,6,1,93,12,40,21,1
73,6,30,5,1,80,9,34,21,3
72,5,26,5,1,47,10,30,17,1
98,7,27,5,1,72,12,28,18,1
16,2,29,2,4,53,8,24,22,1
76,7,30,6,1,61,10,27,19,2
95,9,33,6,1,96,12,35,21,2
26,2,28,5,1,61,8,21,23,2
8,3,29,5,1,40,4,26,21,1
22,5,35,4,2,7,3,31,20,2
33,4,33,3,1,26,5,33,24,2
95,6,34,5,1,93,13,26,21,2
