K:10
N:1000
Gap:1.48283658725062
Rho: 
1 0.8 0.45 0.2 -0.3 0.7 0.75 0.5 -0.3 -0.1
0.8 1 0.45 0.5 -0.1 0.55 0.4 0.6 -0.4 -0.2
0.45 0.45 1 0.1 -0.3 0.6 0.3 0.4 0 -0.3
0.2 0.5 0.1 1 -0.5 0.35 0.1 0.1 -0.5 -0.45
-0.3 -0.1 -0.3 -0.5 1 -0.4 -0.3 -0.1 0.2 0.2
0.7 0.55 0.6 0.35 -0.4 1 0.8 0.45 -0.2 -0.45
0.75 0.4 0.3 0.1 -0.3 0.8 1 0.45 -0.1 -0.3
0.5 0.6 0.4 0.1 -0.1 0.45 0.45 1 0.1 -0.2
-0.3 -0.4 0 -0.5 0.2 -0.2 -0.1 0.1 1 0.4
-0.1 -0.2 -0.3 -0.45 0.2 -0.45 -0.3 -0.2 0.4 1
X:
48,5,32,4,3,52,5.60228618351313,0.129420656361617,0.669891881989315,3.92171028215186
91,7,31,6,1,96,11.3289240755078,0.323552715115923,0.177335578249767,1.09949571849361
5,4,29,5,1,30,1.79952065223762,0.135876401560381,0.500328432302922,4.12180006094809
70,5,33,6,1,78,7.85670210955113,0.128112200137211,0.453499528579414,4.02252861039843
31,4,26,3,2,26,5.15069805886091,0.552302161665791,0.961749254725873,5.98613341541674
54,4,25,5,1,39,6.45078185544094,0.0149905636805192,0.265847167233005,3.99204923397475
67,6,33,5,1,69,5.97347148126983,0.127148269210011,0.613573075272143,7.35684705437695
50,6,29,4,2,65,4.44517363504062,0.131004058742157,0.358422032557428,4.92440182210968
18,4,28,5,2,63,6.28719640609364,0.306899740583006,0.452967314282432,1.59978536941401
87,5,31,5,1,88,10.9825022588512,0.446957322282201,0.846452025696635,3.58145556446898
39,6,24,5,2,21,1.26686228516092,0.0866999216515043,0.585111375199631,8.30642017601575
15,5,26,5,2,1,-1.39731907336276,0.119949965388514,0.52816018788144,5.83915847931535
65,4,31,4,1,70,10.1362836242306,0.125003351713531,0.878025414887816,3.48694118232705
26,5,33,5,2,35,3.92852006618933,0.0780895553847705,0.660370257683098,2.96816285201609
47,4,27,2,3,19,6.40217813315979,0.23101823360956,0.473042042227462,3.16193357929204
66,7,30,4,2,30,2.67961391000122,0.0528138785198833,0.0219373847357929,5.78543321182689
24,2,30,2,1,19,3.02383092495756,0.135494475136511,0.981976031092927,9.45237157814112
21,5,25,3,8,3,2.20757669565759,0.226384717727754,0.312270469032228,5.65299668217323
2,2,23,3,4,6,1.47676410691682,0.0200340793235227,0.911260118009523,9.19184100633287
11,5,32,6,1,11,-1.29856957810938,0.150126320193522,0.400698950514197,4.82230205918681
96,6,32,3,2,90,10.6633545050533,0.176913615804113,0.959909667028114,5.02241332900236
87,6,30,3,2,41,6.098471022156,0.0313710668903825,0.488292951369658,11.1079005315319
16,2,28,3,2,12,4.89709198738671,0.0967009542509913,0.598513745469972,2.20298601582102
1,3,31,4,1,4,-0.370770940722742,0.246466258102586,0.771642541280016,2.97308704990204
36,4,22,5,1,48,4.26487460127456,0.0149918139371191,0.309432018781081,8.52037919947461
15,1,31,2,1,5,3.04884582469,0.149321780190803,0.995531565509737,5.35609232487993
86,10,36,6,1,92,8.6443026760077,2.1937800750192,0.505043888231739,2.41340255923281
57,4,23,5,1,39,6.37272840700204,0.00283820426557213,0.148988750763237,7.867334247192
71,7,37,6,1,98,8.11293147548049,0.802553532603097,0.854879609774798,3.505505780271
41,3,30,3,1,61,5.87507906252131,0.0351225500155131,0.898445228813216,5.98662536141089
98,9,27,7,1,58,5.24475835800803,0.127687545493245,0.025914074620232,3.61670957382451
15,3,28,2,5,18,1.4848349274344,0.0619677187642083,0.717517628334463,3.60292979386291
92,6,26,2,3,72,10.4977003751266,0.38183064564244,0.28679585782811,3.17504663255938
3,1,31,2,3,29,2.2888156267883,0.0287852896846575,0.992528204573318,7.45516711791547
4,4,30,4,2,3,-1.95806748804885,0.146953812800348,0.463811214081943,2.89622746805395
67,8,26,5,5,35,5.17362080551285,0.110236868145876,0.218282162677497,3.98343400604985
58,5,32,4,1,61,4.46383740436654,0.00979478189609181,0.059187869541347,5.62083486043153
40,3,34,1,2,54,6.22041523047369,0.088301611833176,0.974464940140024,9.0960547603094
23,6,33,7,1,61,3.07022142042721,0.124676164006814,0.218903465662152,1.65109770924468
21,2,22,1,5,1,4.10590857918968,0.0790990509558469,0.63481757696718,10.0705630834878
43,3,31,2,3,73,5.37688527693384,0.0494516707258299,0.621075198752806,4.98318148331772
94,7,29,3,3,77,9.1930077752398,0.444255734307176,0.291566549567506,4.08931435122134
76,6,36,4,1,72,7.4811047949315,0.104058810363504,0.378900327021256,4.32014813265154
10,0,26,2,1,7,2.34474554482027,0.048527774125512,0.594694529427215,4.76058210399026
35,4,23,4,1,22,3.12641387975873,0.0400751990964636,0.231658886419609,7.3863979383701
10,4,29,4,2,30,-0.970162040328039,0.119496240477117,0.795980751980096,7.37443642994535
49,5,28,5,1,24,6.22256394487935,0.13286874035839,0.45035764737986,3.72829698406158
4,1,23,4,1,2,-1.27359252453354,0.00153703091915528,0.306397158186883,5.68242379916426
71,5,24,2,5,46,6.38274202049985,0.0517029449993847,0.811189770698547,7.32639164418592
13,3,34,2,2,13,0.776678324304048,0.190849172872233,0.958366365870461,5.33815803095136
38,3,30,3,1,58,6.32671045088323,0.128310652915388,0.657274844124913,4.93880288667675
71,5,26,3,2,72,7.90413546695031,0.192239593936804,0.409455041633919,6.47859420525935
8,2,25,4,1,22,3.06146248232188,0.0357921207657164,0.216040733503178,2.67452656579391
84,7,33,4,1,97,11.534669862319,0.584985224964255,0.862932616611943,4.50654800698509
46,6,36,4,1,42,3.36069727922585,0.453341570196158,0.588949375320226,3.64566392604156
37,3,24,4,2,57,5.82316120687438,0.0267222649446209,0.236930869054049,2.59673692375637
24,6,35,4,2,7,-0.771254481852907,0.436153648865825,0.548022119095549,6.20993354044951
57,5,36,3,3,58,4.60557064900492,0.0365326553591301,0.475799441803247,4.8853921764176
21,4,23,6,2,28,5.14421584752935,0.0307530499994755,0.206010340480134,3.12913128678035
64,4,30,4,1,73,8.29341332745578,0.0821644004900008,0.267099670600146,2.18256003443041
95,6,29,5,1,93,11.3170853025021,0.499874022768295,0.0518262940458953,3.81182544197785
55,6,26,3,9,61,6.05773253578138,0.280511897512454,0.665564699098468,7.28380166538494
67,5,38,4,1,84,9.52687988519245,0.196374886154181,0.118767616106197,2.31944485043602
54,5,34,5,1,43,3.73268728344143,0.101136949262582,0.71150105795823,7.63691089111709
45,7,26,6,1,43,4.93527396649764,0.375188525279468,0.033727427246049,2.71831636013878
39,5,36,3,5,51,4.7715896496029,0.468060938154763,0.98158633406274,5.33506378952041
95,10,29,6,1,91,10.6750335252232,1.10339930533776,0.456757801584899,4.25579444975786
66,4,26,5,1,93,10.0658628855288,0.0487816663226113,0.153397683752701,4.19481647485057
12,3,33,4,1,68,4.005590746239,0.323619923543859,0.903833853779361,2.75448805111995
60,5,32,2,2,19,2.50063230092693,0.0522615204099566,0.542887339601293,11.4209635722629
48,4,24,2,3,36,4.32167172568118,0.0947182809468359,0.935914155561477,14.0230006238277
59,6,31,4,2,63,4.36158995576101,0.411046890804589,0.8010156203527,7.57980608098039
86,9,30,7,1,93,10.2853886080113,0.306723925485915,0.0330045139417052,2.09909586953477
90,6,37,4,1,87,6.77749684836281,0.132733482639282,0.352365812752396,7.74898177201033
93,8,28,4,1,31,7.23952598670223,0.501795738448805,0.411192266037688,3.76917996482294
5,3,26,3,4,27,2.83807611680193,0.291620889435265,0.765120178461075,3.58197958049927
81,6,29,2,2,28,6.8505110071044,0.445444293764836,0.952860641293228,8.17036083554482
8,4,22,3,8,14,2.63767350115759,0.512890966588116,0.956903970101848,4.72222611210473
62,4,23,5,1,44,4.73322783308097,0.0181654957123101,0.228256456553936,6.36251446666835
33,5,32,4,2,55,5.01032602927745,0.368403787348519,0.548968628980219,2.36359677159678
97,10,32,4,3,65,5.12310725019418,0.242290680821681,0.0654238052666187,4.23609655024431
91,8,31,6,1,69,8.71672985147675,0.170114264823496,0.542361940024421,5.14310279835811
33,4,27,5,1,74,6.19791898742693,0.0432548238895833,0.216984216123819,1.72953235003222
70,8,27,4,7,39,5.21449345215414,0.325520076312798,0.572336445795372,10.9532945056704
18,4,26,3,8,9,2.46134842972756,0.045811458196279,0.808745184680447,7.14393262765445
15,5,24,5,3,27,0.16962071131258,0.0352061371086165,0.507187832146883,10.2225587835851
70,4,30,3,1,82,7.79953446324742,0.125019958708435,0.593990619992837,7.25847791369334
24,2,22,4,2,14,5.29465323264304,0.00397101758100356,0.259895395254716,3.9313902693908
20,2,28,4,1,50,4.32423659493614,0.15294328421397,0.647241476923227,2.41540131767
22,2,28,4,1,37,6.01003083492144,0.0453007788164541,0.338948943419382,3.3175026571271
70,7,31,5,2,78,7.63267119869752,0.261511930486861,0.412491113645956,5.16023066780505
62,5,29,3,2,27,6.60343791672793,0.54028315513038,0.494847271824256,3.15567160879749
65,6,25,4,3,58,6.58201340547319,0.207298660007907,0.0450639030896127,5.80925134918469
37,3,30,4,1,61,5.61606689529589,0.110247381059593,0.925088297110051,7.34306462197282
40,5,35,4,1,67,2.66233050754428,0.389464937130413,0.214526530820876,4.47858282996057
2,3,33,2,9,4,-0.333604962785822,0.0128818481462076,0.400935579789802,4.14842191743415
30,3,27,3,1,18,2.9526684982325,0.0290992519206984,0.571976678445935,5.52688250723346
9,5,31,4,2,4,-0.305056258620501,0.453511014559722,0.954984602052718,8.17174962362643
51,7,34,4,3,44,2.65200121484634,0.208432695119384,0.754465022357181,4.03209605169322
15,5,25,5,2,5,1.4202607226823,0.103860329953022,0.551055282587186,9.21309010542263
61,4,35,2,2,38,6.95792877598191,0.265895536158907,0.940378345083445,6.65446867982197
61,4,32,3,1,70,6.58112929062945,0.20647785415754,0.30689832684584,6.32378819862295
65,8,29,7,1,25,1.38769158033933,0.0875876654172316,0.0213155625388026,4.1305633013142
53,4,30,4,1,27,4.14071780009728,0.0360344313318233,0.284987409831956,3.38113106481995
43,5,36,3,2,42,4.19648218918918,0.229274266621771,0.451851742109284,5.89615059523526
14,4,29,6,1,24,2.38196432072323,0.157079242402688,0.318655358161777,2.20490123128432
59,7,26,6,1,29,3.90826221341586,0.0817480972036719,0.137901503359899,2.82790412282288
89,8,34,4,3,59,6.34866253526796,0.163641577586532,0.66201772284694,3.77990227880589
10,5,23,6,1,12,-0.000331937345764644,0.17764570795812,0.645006451522931,5.23463881755283
47,3,27,3,1,16,4.8653351651162,0.0592770617356544,0.829905420308933,8.07237984242258
1,3,22,4,1,0,0.361570152061264,0.139809781801887,0.784167837584391,4.34649257145057
48,5,24,5,1,23,3.59033402152943,0.218563546648923,0.112267124233767,2.69730188751632
30,5,24,4,6,16,3.21070230800609,0.0909545532194898,0.283017922192812,5.41021864947523
39,4,25,3,3,4,1.92336781780382,0.0235137742711231,0.296441211830825,4.48382741698231
50,3,29,3,1,20,6.00715102150073,0.117172689293511,0.208343911450356,6.02881819674072
99,10,45,6,1,94,6.86158974230796,0.10767330462113,0.0207845240365714,3.6539238467346
15,3,33,3,2,6,-0.159364631161816,0.070446603698656,0.589268049225211,3.23888433370531
58,6,26,4,4,33,5.19316458457082,0.0289407989475876,0.0268309130333364,3.71701058634377
85,6,25,5,1,74,11.0102714637968,0.10593054164201,0.0138174330350012,3.09743513881081
38,4,33,3,1,52,5.61875312704914,0.100161558599211,0.298738935496658,2.87901652107597
44,5,35,5,1,78,3.06813940518135,0.114044606219977,0.111257710959762,3.70180879088754
10,3,24,3,2,18,3.15574365906418,0.31038998857953,0.99603400263004,6.78012225708164
51,7,31,5,1,16,2.27771081533369,0.35080946467579,0.143071482656524,2.07330950599049
13,4,23,3,8,20,4.34120451982782,0.384663761106736,0.947012361139059,7.54670354438031
47,3,24,5,1,19,4.24052753169628,0.0196329065365717,0.459957433398813,7.95132997035852
97,8,30,5,1,69,5.57089765665207,0.229113156896758,0.150770544307306,6.42519504764893
70,4,35,4,1,84,9.68064190448979,0.277602367558259,0.801860266830772,7.24167679979202
34,4,28,5,1,41,5.26518773104506,0.067669336861003,0.641009184764698,4.54087515648577
78,6,29,3,1,20,3.59060077186235,0.13465055252891,0.215112838661298,4.33939784721558
5,1,29,3,1,34,2.26038737944402,0.0236744997290049,0.973475849721581,4.93585715679342
11,1,29,4,1,16,3.57623545791818,0.00174449015890444,0.164484133478254,2.44952413311879
22,5,22,4,3,0,-2.21638084988814,0.110899520572275,0.866946252062917,11.0954910139303
9,3,26,4,2,18,1.51628448071215,0.00238689256366342,0.159326643915847,1.74153349899379
29,4,33,4,1,50,3.82023527087518,0.229273083664733,0.761380550684407,7.29255116026896
57,4,29,2,1,37,5.26058232405419,0.227118561732325,0.812990921316668,4.16967677678397
34,3,25,4,1,16,5.92543119508633,0.113674841006286,0.776192491175607,2.7345191276552
14,3,28,3,5,31,1.92604930543381,0.00805971829686314,0.166608458617702,3.4661507468327
68,7,27,4,2,23,3.47708427148784,0.488797428996718,0.232399868546054,3.58019604553635
72,6,27,3,5,74,8.96529988939194,0.315801717330444,0.205692712916061,4.69914250822355
6,4,21,5,3,20,3.42144795710404,0.163866973831318,0.44058475131169,2.81850023641518
82,6,31,3,4,54,6.91675786424271,0.0834917314350605,0.353322057984769,5.93871571962655
27,4,28,5,1,12,1.93104481806846,0.0738062300952151,0.0718045560643077,3.6272002520669
72,5,30,4,1,79,10.1573345352305,0.179472722335461,0.279055600287393,4.16891869023893
79,5,28,3,1,65,7.31107628870048,0.289677322133187,0.0979745537042618,7.2885344674744
60,6,27,7,1,83,8.1720367885824,0.142208377248608,0.00450281845405698,1.98782448359228
78,6,25,3,2,47,6.7139542522925,0.188179248617469,0.0794243044219911,5.21893139337933
38,6,36,3,4,25,1.97885624300805,0.392470677362239,0.17350339773111,3.65190636737338
88,7,28,6,1,90,10.6510546795294,0.309832287941802,0.343556112609804,6.22122598661392
57,4,28,3,2,51,8.19980003275743,0.123931572539732,0.268745935754851,3.34098838985768
98,12,28,7,1,90,9.42455493933768,0.598693563105697,0.0109636103734374,2.75627470794394
95,8,29,5,1,95,11.7824961431015,1.00595134631136,0.77123294188641,4.64487844129289
99,6,38,4,1,99,9.88608287218795,0.110305522335693,0.641992929857224,6.77453777071036
55,6,36,4,1,46,2.7476543918326,0.169147423584945,0.202148630982265,4.88765535402441
88,7,34,4,2,81,6.72158644161814,0.139285457669757,0.578851718455553,8.58834031136597
10,3,21,3,2,1,1.753883648093,0.343648873724717,0.559222031850368,7.28794687440458
96,10,31,6,1,80,6.19324267025044,0.6524946312105,0.0426983206998557,2.39842134377303
55,7,32,6,1,65,2.39953990266821,0.274599452750022,0.55886335647665,4.91568580819441
41,4,33,2,5,45,4.47837043744349,0.02842823183164,0.446359209250659,5.340618959385
77,5,34,4,1,96,10.740623963894,0.316718338046897,0.262416524114087,2.95831983196892
26,3,32,4,1,46,3.36529333052437,0.0214438034669216,0.320587889058515,2.63876974657562
46,4,32,6,1,48,2.90870285983791,0.0285410097567365,0.435889237793162,4.59557318902632
78,5,27,2,4,49,7.66185430828374,0.048182048843776,0.0798257603310049,3.85377603381856
25,5,23,5,5,32,3.22380316654869,0.0956985840982873,0.164660650538281,4.98544883708168
0,3,32,3,5,22,-0.214112116655879,0.0717507514380877,0.975776026723906,6.3633774699666
13,2,28,1,3,2,0.968659582177801,0.0592192392796278,0.59896404761821,5.9586596888825
95,7,28,3,3,64,9.88760956582289,0.375627876496925,0.209823687560856,6.7951788084828
2,2,32,2,1,13,-0.491680681864199,0.0508222753414884,0.357176164863631,5.70443578275913
82,9,35,5,3,97,8.13397094777591,0.677540552305216,0.199356902390718,2.5703111645131
77,7,31,4,1,59,6.21838703348008,0.430533837506032,0.538804196519777,8.73878308364986
41,4,32,2,3,42,5.41072966135288,0.119770869263448,0.906825061421841,7.25242369584228
86,6,38,3,1,87,7.19844553217041,0.161219089175574,0.780363220954314,5.751230581059
84,7,29,6,1,97,12.5572462121403,0.553780423911446,0.487973819719627,1.98849107249061
94,9,33,3,5,86,9.11871972630786,0.934931506772813,0.633052878314629,3.28406750052035
68,4,32,4,1,91,10.5773141239144,0.0737530691353622,0.261884080246091,2.29753272662868
71,7,41,4,1,64,7.03117003347345,0.378273304996497,0.176397882401943,1.55027433997766
90,7,32,6,1,97,12.3854313990704,0.341054476321417,0.207945895148441,2.32589483411099
5,1,27,4,1,56,6.14511224913485,0.145128014613874,0.530419395072386,3.45690634165034
28,2,21,1,11,13,4.67840730449392,0.0103022978873923,0.81648431182839,11.3236046415926
24,2,23,4,1,55,8.03356528824163,0.0527224298428139,0.557983143255115,5.79966240576151
50,5,34,4,1,88,7.75748251963547,0.199574958106488,0.665519585367292,1.74790571413932
89,10,29,8,1,85,5.37219801812652,0.449469841995692,0.0224788768682629,3.38305907120487
38,5,32,4,2,61,5.45850904786765,0.454930840970433,0.417570900637656,2.4404172825348
95,11,32,5,1,85,5.4388075663951,0.489399262217289,0.355917790671811,4.41239455377529
98,7,37,4,1,99,14.5975531237657,0.639343597429031,0.52791679976508,2.62495273124596
55,5,36,3,1,42,5.11988336438003,0.231561392302367,0.88984897127375,9.14406719448367
1,3,28,5,2,36,2.09870411110579,0.0679156385594979,0.273005635011941,1.39282167396976
70,7,33,3,2,61,6.15971919981012,0.322223741550672,0.233724195277318,4.72368278315875
30,4,22,4,2,9,4.54936318956026,0.13269496592693,0.919166942825541,4.52203674767937
26,5,24,5,2,44,3.4075804232845,0.123610580805689,0.86304676393047,4.53109743805758
65,5,27,4,1,80,8.57013462613004,0.180107160228047,0.811313572339714,6.91360666486415
35,5,34,4,2,55,2.12428383783948,0.182439316492741,0.493766157655045,2.6470926673289
26,3,21,5,1,12,2.9856342075229,0.000990083091892302,0.0454279270488769,4.77979999520933
38,6,28,4,6,13,3.81090325028949,0.151229177834466,0.0707877357490361,3.45936221445108
81,9,35,4,2,45,5.55273585670251,0.585333453465159,0.80930888094008,7.00276135440609
97,10,27,6,1,72,5.41267716321696,0.405402315759516,0.400622234912589,5.75820863629412
74,8,36,5,1,98,7.46038847276516,0.231037341280583,0.0234522346872836,1.88900654620099
46,5,32,6,1,58,5.11589691172809,0.0678723364835605,0.157317508012056,3.37423880133787
54,6,24,4,2,44,2.88845902758284,0.279124401266429,0.104679298354313,7.2768240647098
99,6,28,3,1,77,10.2311523675227,0.494587205795056,0.529359688982368,5.79821331511096
7,3,27,3,5,25,3.94515366971014,0.265779720348042,0.651660744100809,2.50998134505839
19,2,31,3,1,38,5.1773837745914,0.337635860767889,0.98777670157142,6.11532479327435
57,6,31,3,3,60,5.15499290483002,0.539276736291283,0.256258306093514,3.99140248471278
50,5,32,2,3,44,5.50768754176477,0.416310119421637,0.738951818784699,4.60218138346934
53,6,30,6,1,32,3.413053951939,0.188944644749838,0.469131872057915,3.86361400570773
0,2,21,5,1,7,-0.769063320807115,0.00489995726634796,0.506839769659564,12.3545231107483
59,4,34,3,1,67,6.09061280744634,0.525355028422707,0.531631499528885,3.31551981217487
80,8,29,4,1,78,6.26866327260287,0.671717886315817,0.452427921351045,3.17131216360706
28,3,33,4,1,80,7.70771000501441,0.13654714229051,0.834553435212001,5.0555527467647
91,7,39,4,1,90,9.30185816591876,0.182434639448544,0.479990588501096,4.48671285872577
1,3,22,5,4,1,1.39186494363404,0.0213744500936492,0.863316067028791,4.66150858198813
80,9,37,7,1,87,4.32530092989883,0.466037477811283,0.375687292544171,3.59968502954403
66,7,27,5,2,77,5.58629535486401,0.202063546272668,0.615629023173824,7.26104160318662
59,5,27,4,1,49,5.65819471551363,0.0932509099366143,0.748788914643228,7.45781180012782
47,3,31,4,1,77,6.39587090775827,0.00567342729335768,0.478568731807172,5.42192816015714
49,4,27,3,2,57,7.55766439173883,0.461635289227074,0.877731551649049,3.17456481900258
84,6,31,4,1,78,8.96439466535544,0.102777443709783,0.393955670529976,5.65955509131983
40,4,29,3,1,12,1.6218674504601,0.0238277376623634,0.312144154217094,8.956387710072
90,5,28,2,1,32,6.19942376681423,0.0627319932185142,0.790982383769006,13.3714715714432
72,5,27,3,1,49,8.07308603804436,0.652426797861073,0.931201090104878,12.6109113868914
91,9,34,7,1,98,10.652117242591,1.78370499134737,0.178164463257417,1.07188836681955
84,8,33,4,1,55,7.13530918010375,0.941036847490042,0.263462313683704,3.67445861405169
90,5,32,4,1,79,11.7503266917126,0.117309343905621,0.250659975456074,2.98820263629542
14,1,17,1,5,0,0.720625774557734,0.000530656663118283,0.431443547364324,15.66367066527
82,8,37,4,2,62,7.26279427039491,0.391269132972891,0.176218634005636,2.17145390423089
55,5,27,4,1,69,6.46658079088983,0.170934754307382,0.180505385156721,4.50855897731077
13,1,28,3,1,18,2.89063280856451,0.0561747764004394,0.749712023185566,4.25913369158846
86,6,34,5,1,88,10.1883303449191,0.247558303864133,0.620822072261944,2.18015630299554
24,4,23,4,2,23,1.532118212663,0.0459574549458921,0.129393244860694,5.29422064049203
98,12,34,4,4,84,5.98697516499458,0.215880440352549,0.151614009402692,6.62522019493221
38,5,26,5,3,38,5.50105582335351,0.178643958148419,0.0970421966630965,2.75018628673466
62,8,28,4,7,46,3.79344352866328,0.138948675128631,0.0460591982118785,4.83946751457105
37,5,29,6,1,30,3.41092783960841,0.319121282304379,0.544508404796943,3.21694419665262
20,2,19,5,1,38,5.65308877086958,0.0263198065866279,0.758598730200902,4.92728733291662
45,4,23,4,2,15,6.6275541245302,0.036918660858646,0.0998769819270819,4.10385424887772
96,10,45,4,1,70,6.612160242289,1.54775699592176,0.494464415824041,2.4355527199359
71,7,38,3,1,85,4.34762278055132,0.578186005788082,0.473230240400881,6.11717437454124
5,0,30,3,1,47,4.65658804653803,0.0740192350931466,0.73488830961287,2.62965587783299
86,6,34,4,1,83,10.6807113798075,0.255419248704541,0.378826578613371,2.36807567781142
20,4,22,4,2,25,2.17392906023799,0.0999979669213912,0.366874009137973,3.7116695464495
86,6,35,5,1,75,6.59280779832327,0.123684678925201,0.100983099313453,2.59397133114652
31,4,29,2,4,6,3.20644870282118,0.241347572866075,0.983399526914582,10.9463525563859
97,10,28,6,1,54,4.79737902740171,0.197611750588544,0.0315210677217692,4.46968647652981
25,3,32,2,6,23,1.83200960650608,0.016430375748314,0.923317677574232,7.49995837863611
9,3,28,3,2,3,-1.16595066233645,0.0109523117635119,0.977568098111078,8.94525629736233
51,3,33,4,1,77,8.91321316310418,0.343670597522262,0.947795046493411,3.47475556251892
22,2,28,3,1,51,4.29806410858035,0.0113151475015826,0.860273553756997,7.38980036498545
85,7,33,3,1,67,4.30796269195181,0.495375312378115,0.722852517850697,8.04136457658708
11,3,28,3,4,23,2.51641484746836,0.014998146565631,0.252378172473982,5.00971259099502
76,6,27,3,3,25,6.67106173039641,0.176243753627616,0.463528976077214,3.70931489321781
12,1,29,4,1,63,5.28742485024424,0.00496056512929499,0.947118279291317,5.14067067263917
32,3,29,2,2,33,6.87659354884687,0.0874495675088838,0.771139335585758,4.39568567917855
21,2,31,1,3,38,2.16852840194012,0.0356091376161203,0.776803096523508,6.25144925949174
20,3,24,4,1,40,4.13256474834278,0.0578290562843904,0.841873381752521,5.71406713659983
2,4,27,6,2,62,4.51964628924299,0.137409732793458,0.334443190367892,2.10698357410765
59,8,38,6,1,51,4.14254983469466,0.31854503856853,0.0377087050583214,3.37871406818018
71,4,31,2,1,58,8.18981694769624,0.138031742884777,0.46964133461006,6.21310772343092
66,6,30,4,4,72,7.02395843114986,0.200774331100959,0.43742869514972,4.14472058533179
99,8,39,5,1,99,12.1162829990227,0.436130349968976,0.208912340691313,1.90826620243542
46,7,29,5,4,54,5.25493519153637,0.372137033261278,0.561246228404343,4.37859000662759
87,11,35,8,1,93,7.68398872080097,0.488715694730586,0.033813979011029,1.19047597509159
67,4,34,1,1,41,4.18561024700352,0.108024296967146,0.965557299088687,9.20370555960618
11,3,28,4,2,44,4.33419053058011,0.100291363778524,0.742907505016774,3.23075418093583
71,6,38,3,1,84,7.64567852424703,0.534140661049764,0.549667360726744,2.57917465100443
76,6,34,5,1,96,10.5302690847142,0.683086704896921,0.327381273033097,2.28925062515877
95,7,36,3,1,61,5.81775962877742,0.250685515083659,0.283608271740377,8.71649378000185
75,6,34,3,2,73,7.54181593761225,0.16500286757946,0.715228125918657,3.92345230664678
70,6,27,3,1,28,6.41172710732977,0.510728670263147,0.588457742938772,5.4566135382024
94,10,33,5,1,50,7.00382586214574,0.631473924787251,0.0279706409201026,2.78837273614577
58,4,28,1,6,17,6.12335943038874,0.0298820561729372,0.463004369521514,6.9126699709233
36,6,34,5,2,69,3.9759438793469,0.533880575440169,0.232682544272393,2.81760732270056
66,9,32,5,2,46,3.15796473276008,0.12544316414278,0.0832673732656986,2.49719818600473
98,11,34,4,5,81,7.3603152209382,0.517726379891342,0.693200172623619,5.97343073751127
84,6,30,5,1,96,8.61304830555961,0.0866358106723055,0.133282387629151,3.63782711428547
8,4,32,4,4,22,-0.301769229033024,0.070379062788561,0.801284258719534,8.58117358758524
97,10,41,4,2,98,8.5677278353815,0.783506695139122,0.193800169276074,2.28466672398684
69,6,29,4,1,46,4.83249090711562,0.167440825141966,0.354037411045283,6.2477564276302
28,4,34,3,1,32,3.26583720219385,0.229171847336039,0.703951365314424,7.54531713798495
44,3,21,3,1,44,5.92568500978519,0.079782119486481,0.847886106697842,15.2604817541205
87,7,29,4,1,54,7.92618947298193,1.15411872131037,0.686721021542326,3.73945351173043
35,3,29,3,1,83,8.80716215454082,0.175836777839783,0.470505823148414,2.13362631338954
70,6,35,4,1,58,5.34149359328732,0.0731457497296382,0.64489030931145,6.4484945385625
18,4,29,6,1,13,-0.634664323001503,0.0413673438597471,0.25077796773985,3.58794764159971
3,2,32,2,2,34,0.0337369127909319,0.133388475514948,0.75470133475028,2.82343987702124
95,10,31,6,1,64,7.27883968814738,0.938343537453205,0.651028456166387,6.97445861016705
18,5,26,6,3,43,3.71831628663905,0.318920172282678,0.567227772204205,2.46701893229474
75,8,27,5,1,58,6.79385310625054,0.595382013565899,0.391654598060995,5.49511366400962
92,6,37,2,1,63,8.63071226148247,0.407801005872539,0.888636120595038,4.34921971238141
40,3,30,4,1,18,5.00025628831001,0.178439053696322,0.653915144968778,5.81623815914331
37,4,30,3,2,28,4.80202462481085,0.354170137064016,0.871649039909244,6.42481140067162
3,4,29,3,27,4,-3.28786409925953,0.0370903806760907,0.303549879230559,3.00765128273313
91,9,27,6,1,94,11.5496140685288,0.815586151513171,0.108045839704573,1.14684613479231
7,3,32,5,1,33,3.41213958187156,0.151293689385056,0.933600898599252,2.95671206836953
18,4,33,5,1,16,-1.88824426778548,0.0187609314452857,0.275088008726016,4.15368369734645
37,4,23,2,3,1,0.63606597201944,0.080012240447104,0.324086275184527,6.43511130641257
12,2,20,3,1,5,1.26720809914005,0.0216521099826678,0.63159216940403,9.53880861929751
15,1,21,1,3,7,5.11968166609804,0.122375773033127,0.978124575456604,13.5974989008201
47,6,32,5,1,39,3.45407388854153,0.17218577733729,0.0930003717076033,3.36321565421604
73,9,28,7,1,77,7.84591898276118,0.208665564412925,0.198961606016383,1.96618475384901
23,3,20,3,5,10,1.82597080523116,0.00954718596767634,0.068089960841462,4.01080246052619
72,5,37,5,1,99,8.66331476212944,0.203770806425276,0.58408098295331,2.66010730131273
75,7,32,4,2,74,5.25873604297359,0.366850986590093,0.363475407939404,7.82318460594823
93,6,33,5,1,95,8.84198781734655,0.034122087768958,0.0247240711469203,3.31864084021007
70,6,24,5,1,26,6.91346836664545,0.156105509961349,0.739227318903431,5.19356731491186
61,8,37,7,1,85,3.54430034781582,0.14386402699165,0.394405982457101,2.88073835854446
21,4,27,4,4,32,2.87457446818166,0.127080372096364,0.67392441839911,2.88599937606735
88,7,32,5,1,86,9.2801928486035,0.182642454736608,0.448698067106307,4.36585150319752
88,8,26,6,1,86,9.7002176773714,0.433180964530861,0.357577321818098,5.50311259521502
72,4,25,2,2,28,5.76519121096742,0.0828201688127592,0.564559166086838,6.3917020617089
5,2,18,3,2,1,0.472423830625374,0.0022015082898757,0.440689680865034,6.62405219105644
55,7,30,6,1,38,1.55710604362332,0.0774560413556173,0.294022881425917,5.82581124793235
40,5,33,4,3,79,7.25514206213487,0.287623170985583,0.93606384517625,5.02916357897661
53,6,30,5,2,63,5.13002253379796,0.151640486903489,0.616260255686939,2.93451393919253
76,5,38,2,1,90,11.0715525288796,0.712203532950147,0.887756632873788,5.59587317853176
9,2,31,4,1,45,2.0428231037149,0.0299953701905906,0.183524988824502,3.79611660165927
66,7,28,6,1,72,5.38605598579237,0.318551584136415,0.0453592510893941,2.31712518101925
63,4,31,3,1,65,8.15863929861018,0.145568350562826,0.889018585206941,4.05269264776658
90,6,30,5,1,76,8.31293556230238,0.139429918373935,0.828114071395248,4.9260069630424
39,5,30,6,1,61,3.39079067254496,0.0110345417633653,0.296559164300561,3.12794523791176
84,10,29,8,1,52,4.77256457160155,0.239164266606443,0.190913869999349,7.13241230197499
96,9,31,5,1,93,7.11914102101249,0.476275926900512,0.663957418175414,5.9797188462365
23,4,23,6,1,12,0.728022614397033,0.0368883962510154,0.489740843418986,7.06204867591775
32,6,31,5,1,8,0.856727878181429,0.268060092105272,0.187920375261456,3.72547847777482
78,5,26,4,1,94,10.0782582132579,0.0510249750223011,0.121239026775584,4.24804374369764
97,9,27,4,2,24,6.03425858685417,0.822413902687741,0.168342021293938,4.44427619997265
19,2,32,4,1,90,8.40782388297473,0.0989036512328312,0.481462175259367,1.040719481263
24,6,29,5,2,10,-0.230348838103316,0.114016746388452,0.0755449312273413,3.10345149546437
55,4,23,2,3,45,6.45874910449988,0.224922953810637,0.55388469574973,6.01267417594508
58,4,31,4,1,90,9.63573037981534,0.343526847417209,0.386495264945552,3.63173882173973
22,5,24,7,1,12,-0.208554934684765,0.00424940523225814,0.0650453681591898,5.95319820733558
68,7,32,5,1,60,4.34157270700144,0.0859475104371086,0.0993152500595897,4.5653084009174
78,10,42,7,1,94,7.09884880179383,1.26752428377146,0.0922194211743772,1.84933982590875
54,5,32,5,1,30,2.89739537920001,0.0836691163713112,0.0550380740314722,3.18314533675932
98,6,28,3,1,91,12.9811870450997,0.489838772432363,0.0872859975788742,4.01220477165733
22,3,23,2,2,17,3.70182488584981,0.297990992421958,0.877998819109052,5.90545545390502
31,5,28,5,1,23,2.3428168152592,0.249975929026234,0.159977148054168,4.32746058809609
56,7,35,4,2,89,5.85825070511772,0.56863772353732,0.528404894284904,1.5173786017653
10,3,21,2,4,10,0.670152684247963,0.0631392674986273,0.934281087713316,8.84186235980527
37,4,24,3,3,7,3.45486084926825,0.0990776079706848,0.68279221188277,13.0531365181173
17,5,29,5,2,41,2.89793030708547,0.390901411316917,0.509585664374754,1.87171827672842
40,4,26,4,1,23,6.55113823936988,0.0356108678532484,0.161852170713246,3.62592132767525
51,5,23,3,8,29,5.43344438535576,0.117229211002957,0.872745867818594,8.18898269522217
73,7,37,4,2,57,4.01873855607666,0.0936736697331071,0.27979206899181,3.09725977187525
82,7,27,5,1,91,9.08665011304397,0.262108536426652,0.648623156361282,4.9562542923298
28,4,25,3,5,26,3.1102179002853,0.300562090928409,0.733056853758171,4.45904075201545
70,8,40,6,1,73,4.32032292288562,0.374325964787986,0.0478138905018568,1.56890106877766
45,6,25,5,4,24,3.10825314839294,0.134991555591114,0.732534741051495,6.83845923243106
12,4,32,3,3,34,1.87647187261424,0.424094481838352,0.747813520953059,6.38284928892973
92,6,38,4,1,78,9.30905351996812,0.166777274571359,0.768618425587192,5.0714742001062
3,3,27,3,2,24,2.62408500566243,0.375767737878922,0.693501580040902,3.32703360163429
36,6,33,5,1,43,1.82093170193113,0.0969083101954311,0.12873501656577,4.30551834690025
98,6,25,4,1,87,12.9517966421356,0.140421654796228,0.384458951186389,5.60134905692713
75,6,27,5,1,90,8.86249394295265,0.0956176115432754,0.540975403506309,6.17476011322225
85,6,31,3,1,60,6.92124887805389,0.109456531703472,0.195558581734076,4.25671192314445
44,3,31,4,1,84,6.45683066305279,0.089594426099211,0.792808812344447,8.96097787708455
25,2,27,4,1,14,2.19123943128052,0.00451779365539551,0.129204224795103,3.85641875012037
19,4,25,5,1,19,2.40838168793632,0.571402404908785,0.405146784847602,2.81570091976383
18,3,33,5,1,78,4.72533553109476,0.00747760350350291,0.0863134353421628,2.40998412547872
68,7,29,6,1,47,3.255302665783,0.0978663300629705,0.00394933274947107,5.06744410793812
53,4,27,2,2,8,4.53045788943024,0.22356083219752,0.887886854587123,7.31077944560203
82,5,30,5,1,62,8.81299798111563,0.19861732570193,0.166482897242531,2.30316712333553
25,2,26,4,1,7,2.02209329693529,0.024627001141198,0.265442080562934,4.64627152850888
71,5,34,2,3,92,11.4858949863693,0.759526992174697,0.938202617689967,4.21991346499313
46,4,35,5,1,65,3.48105740677621,0.0340352503117174,0.157506965333596,3.04110590283426
7,4,25,4,6,24,3.27143896856394,0.117949781240895,0.589520086534321,2.81751267300258
9,3,20,4,1,5,0.555512914418465,0.0706305847270414,0.144789659185335,5.68742846135355
68,5,27,5,1,75,7.29975538931544,0.23984313289516,0.214555837446824,6.23384907920338
57,4,33,4,1,65,5.62769719184366,0.189271094260495,0.561828541802242,3.17602031223963
29,2,22,2,2,18,4.68360549700524,0.0435041291639209,0.397101681679487,8.15433363627357
77,5,25,3,2,47,9.00072413999229,0.0895168059505522,0.860301573295146,4.87768839406558
51,3,31,3,1,77,9.6961988961857,0.177548827576006,0.823395081330091,2.38054230372702
35,5,29,6,1,33,3.29851452507974,0.248032132618803,0.212956955190748,2.40228980729327
91,5,32,4,1,98,12.3443363603232,0.144812741084024,0.156898453366011,1.51590373801236
46,4,30,3,1,35,6.70854459359116,0.141752286232077,0.687256525736302,4.5663064703563
10,4,33,4,3,69,5.39737532439747,0.453955629353827,0.611324087018147,1.06495466976846
27,5,28,4,5,12,2.16901407334151,0.29045167354748,0.438715820200741,3.74040008202277
64,5,33,5,1,87,6.72080992085955,0.0428498010151088,0.697395070223138,4.0739215899685
26,3,24,2,3,3,4.27688939367235,0.0916200777282938,0.569076483137906,5.4287140959758
54,4,24,3,2,20,6.89962107888416,0.475536384598768,0.969881613040343,5.9322688292705
58,6,27,3,3,23,3.77507969237783,0.381605324210814,0.328664297005162,3.7775870317005
1,0,27,4,1,15,4.48040778570125,0.0292082645464689,0.436596861807629,1.9244942331528
44,5,32,5,1,46,2.45963429916701,0.0924759922781959,0.483291754964739,6.7661494289196
88,8,32,4,1,36,3.83587829184924,0.149796314537525,0.347602649824694,8.24407105879957
71,9,37,7,1,99,7.27351006137215,0.165070036775433,0.0808389368467033,1.81942105259051
3,1,29,0,4,18,2.0549639839614,0.0279269342628767,0.488751271506771,4.76336902472907
29,3,22,2,20,17,6.82658562229464,0.113437877542393,0.366028212476522,7.02746021893059
45,6,29,4,5,39,3.48927385582977,0.22614244509276,0.694827232742682,6.93677654382641
84,7,39,4,1,87,6.54884355737709,0.39261538859219,0.866047640331089,7.68267564248719
62,4,34,3,1,56,3.47637379285227,0.0880991775856328,0.262908881530166,5.14638006959187
95,7,31,3,2,71,9.39690016481024,0.770077384966326,0.830148188164458,6.95647907158094
72,6,31,4,1,76,7.71129809032666,0.203371708000769,0.122898197267205,4.00693469118064
23,3,22,5,1,56,5.53233738522355,0.120734810130671,0.62108770548366,3.3789163265554
30,6,28,6,1,22,0.405239446510903,0.149848747299984,0.0713216625154018,3.10833467308983
61,7,32,5,3,70,7.33955318287036,0.550018636012608,0.186963987303898,1.32088106799512
26,6,34,4,2,18,0.776519835405466,0.337998239778656,0.484094881219789,3.48025408844526
37,5,26,5,2,21,2.72974222627796,0.040884658228606,0.462218304630369,11.478572576478
35,6,29,5,4,69,5.03070429078392,0.498156751950687,0.300738977268338,1.88550690844425
53,5,25,6,1,76,5.915529757534,0.0735610987758264,0.539091172162443,4.52490645328331
33,4,25,4,1,22,3.31921679786135,0.0184688773006201,0.27365913009271,3.9367013537243
47,7,32,5,1,24,1.84995196001636,0.280110705400559,0.448694897815585,4.41939414554323
88,6,29,5,1,79,9.18514884217641,0.358445449245578,0.162510026246309,5.64043141533198
11,1,28,1,2,10,2.4844903247005,0.091204097145237,0.699190036160871,6.15749970519429
1,1,20,3,1,4,1.41210075298045,0.0391339409029724,0.834318241570145,15.3299782215598
64,7,33,4,3,45,3.97129257290915,0.205931042310524,0.405653500929475,8.63920735537944
2,2,26,4,2,37,4.37842307174894,0.0356168061261997,0.606635738397017,2.64445470235958
4,3,23,3,3,9,1.92195256967542,0.313358190924603,0.693785945419222,5.77199138922654
75,5,35,1,1,68,6.96084483849097,0.363250851988489,0.965830203145742,13.8726821254284
99,12,28,8,1,91,8.69303644124506,0.828691702294064,0.0762827610597014,2.03909633288268
74,8,31,5,1,37,1.86926587402957,0.0887583720032126,0.137834096327424,10.4735678535545
9,3,33,5,1,51,1.84020209085141,0.0817784208338708,0.550184282939881,2.38070802020855
12,1,26,4,1,66,5.45344405762201,0.0127027238486335,0.89810078102164,3.46995926370784
18,3,23,2,7,1,-0.236986048689619,0.00596640515141189,0.419391412753612,13.0339801733353
82,8,31,7,1,99,8.80389692926308,0.154420888400637,0.280262813670561,5.36396547258569
77,6,40,4,1,98,8.37091078013906,0.599781930880779,0.213129246840253,2.09444882709804
11,3,31,4,1,46,4.08324074217038,0.650038915189141,0.710944134742022,2.37371008832739
90,8,31,5,1,51,5.42066115744703,0.25994260719962,0.329771738266572,4.78292702938339
99,8,36,5,1,94,10.1023401679976,0.322564905370044,0.164699349552393,2.82247296018664
29,3,22,2,4,19,4.96750872550671,0.303111289151687,0.601652661105618,8.4022887130421
17,2,30,3,1,59,5.72946421586122,0.0863619165872675,0.822528385091573,3.79431926949638
82,6,26,3,1,34,5.32214808990904,0.0595331749645993,0.587130159838125,7.5285116110431
28,2,29,2,1,12,4.23771406080323,0.0700299220262511,0.507917606737465,6.38060998616665
89,5,34,4,1,92,11.5197396422349,0.1349784177728,0.286650048801675,3.39036136065448
24,5,23,5,3,22,3.07989595951574,0.0680073837283999,0.112337194150314,2.23520577886207
93,6,26,3,1,74,11.7580544189817,0.317584437773305,0.448166990187019,8.49175000949262
28,3,28,3,1,53,4.89581937603666,0.04345441411715,0.164100569207221,3.82852726132821
92,6,27,3,1,50,5.96320331038659,0.300939795084971,0.660017622867599,8.17095291217533
37,5,27,4,2,8,1.21290234569549,0.0766793842194602,0.547917514573783,9.09213316431633
21,2,33,2,1,58,3.05285020388909,0.0839769156882539,0.974696204764768,5.77850305777652
6,3,24,2,7,13,3.0024613458984,0.256618052943352,0.905479442561045,7.73799971043979
2,3,24,3,8,7,2.03414425377088,0.0468190726222968,0.491671892115846,2.78303020968908
24,3,20,4,1,19,5.69821324908633,0.259625620551388,0.850612292531878,4.05339889072118
13,4,31,3,3,8,0.561120661592212,0.337335078500885,0.394627001136541,4.08993847027538
44,3,28,3,1,35,6.16648162524769,0.0418148048920557,0.670168299693614,4.71169243888769
4,3,29,4,2,41,1.61272306013914,0.0396041877102107,0.533389820484444,3.51441874427851
41,4,28,5,1,76,6.27138722572055,0.125057892990299,0.320825099945068,2.25869493537301
63,6,28,6,1,70,5.40156735619987,0.0160661336267367,0.0330397230572999,2.8478365607258
21,3,23,3,1,4,1.48961772122161,0.0504718589873217,0.734586646780372,11.3891664776701
0,0,24,1,2,0,1.72167001425881,0.107125252769813,0.902273099636659,12.0938336248931
53,5,29,2,3,12,3.17890302685313,0.230073289702389,0.41667470545508,5.18525480725761
6,1,28,3,1,24,2.83760834014704,0.0662805628962815,0.694332115817815,5.84249894765547
90,5,31,4,1,87,11.6052133949311,0.195744463791421,0.182205270975828,1.69357219329731
63,4,34,5,1,66,6.1389213379718,0.0175563943339512,0.162060295464471,3.3144358346029
78,6,24,4,1,28,5.15994506745156,0.0856384342302236,0.0399242206476629,4.67908713230166
84,8,30,7,1,83,7.79608643925278,0.869649806473047,0.645799069432542,4.13742015534632
12,3,21,2,7,11,2.66742724245793,0.19312616692737,0.833040535915643,6.69411449022804
59,6,28,4,2,20,4.26676216251708,0.185064201699086,0.475402609910816,4.66807602844279
64,8,33,7,1,77,3.40210383139884,0.412388410398221,0.0500856661237776,1.71123044176652
91,5,25,4,1,70,10.2808629178013,0.0533180260150712,0.120964406523854,2.95730908924733
32,3,23,3,2,19,4.88301095264032,0.0210441416442229,0.772844725521281,12.3453566893156
53,5,30,4,1,58,6.22575063986207,0.357860673197961,0.568063062150031,2.85289687399982
57,4,27,3,1,73,7.99919022911731,0.0795726899523288,0.172912231180817,4.27254545788557
69,7,37,5,1,71,3.47367357296378,0.400522038785225,0.771267801523209,7.24255885788021
90,9,36,5,1,97,10.033300792289,0.895990801456958,0.493568914011121,2.48188110563203
26,3,33,4,1,57,4.65502292776818,0.0150270619096828,0.120858965208754,3.18882092075259
67,7,30,7,1,88,7.51951521102057,0.229971978570077,0.179673246573657,1.76069105468394
23,5,24,6,1,5,-1.20340463354758,0.0969115073094144,0.683104675495997,5.03469986731288
59,4,29,4,1,84,7.94421913519147,0.156726767541841,0.102523003006354,3.11373694815631
9,4,27,4,4,3,1.23013131935099,0.29161452850208,0.828841093927622,3.77036839374505
42,4,28,5,1,15,4.18761685843699,0.11190033168532,0.788885169895366,4.67918980882635
68,8,38,4,5,78,4.22813176103187,0.1102925601881,0.0234221615828574,2.91572806098636
88,6,28,4,1,29,5.01494680181075,0.0757004712941125,0.606060474179685,8.04306184163423
76,7,30,5,1,56,7.04927486751434,0.310649839219379,0.0830462905578315,4.83690335914731
2,3,27,4,2,22,-0.619675515138992,0.0791217318577845,0.674419194459915,6.37172501991897
25,4,23,4,3,12,2.88535882352858,0.037193499166564,0.54207648918964,10.6874684378968
83,8,28,6,1,49,5.49653985184863,0.0721977305365726,0.0174523438327014,2.46698240966568
59,5,34,4,1,92,8.05016851472334,0.264672728244889,0.435378193389624,3.4383616583448
16,3,25,4,1,11,3.57818138790451,0.183743042824787,0.992984461598098,6.2485703387428
9,2,28,5,1,52,2.04195268672551,0.0570065615365853,0.714311647927389,4.79992650048209
96,6,28,3,1,80,11.8297835684093,0.396297751904881,0.821672487305477,6.46631577277475
94,7,28,4,1,89,11.7866971601488,0.943184284279993,0.911434351000935,7.03071444694729
75,6,28,4,1,29,6.84852483535642,0.120536980568431,0.59120994922705,8.82495927996739
78,7,26,4,1,34,6.03004327080185,0.31060337111235,0.532553349621594,5.41853231446612
41,6,30,3,9,23,3.64492026076084,0.167210560524836,0.916776922764257,6.95020267145799
2,2,17,3,1,1,0.92288603163435,0.116056115715764,0.773298206040636,11.6321358498301
36,6,34,5,1,46,4.0658658918115,0.39863487202223,0.805728912819177,5.39936672540781
54,6,30,5,1,76,4.47139324363336,0.104189735837281,0.46718277852051,5.39732456219043
2,3,24,2,4,3,-0.632045929060682,0.0335144185228273,0.559808126650751,8.04813983418791
10,5,27,5,1,11,1.26852838280675,0.548453798037036,0.941409079823643,5.05833014565972
24,2,26,1,4,28,6.46905008338227,0.0805694424780086,0.637722271960229,5.44143685365849
44,3,26,1,1,36,3.94347936321738,0.185232654203403,0.944115413352847,10.4439500620142
40,6,33,4,3,58,2.5831651210805,0.112561463727616,0.798973502591252,3.26896503695597
71,6,30,3,2,84,8.88267577914557,0.359040956156443,0.792909893905744,4.48259741072443
6,3,28,4,2,15,2.15471739673957,0.0827884809114039,0.925608894787729,5.99774137127717
70,7,32,3,2,63,5.96681181560874,0.992966116819173,0.573785982094705,4.98663889825191
10,4,34,6,1,29,0.143186998616599,0.140789868509944,0.745967800961807,2.43980942179443
45,6,24,7,1,30,5.55100215177943,0.143299840856344,0.309776713838801,2.9781422754807
20,2,20,2,8,0,1.00541832701589,0.0012220679782331,0.66008912702091,17.0363931104876
88,6,29,6,1,99,14.9758995726728,0.272610625008795,0.42941529629752,2.75650373586566
46,6,35,4,2,74,4.17570444820579,0.298730990838933,0.297960814088583,3.45289036687371
29,5,31,6,1,42,1.5773457156914,0.0801359337056056,0.41957923467271,4.3896091494188
67,5,31,5,1,61,4.9729191245771,0.0429886834463105,0.6512605198659,4.370628018766
30,4,25,6,1,57,5.91473355675207,0.0439596821580616,0.0217641689814627,2.50328801617069
68,9,35,7,1,91,4.63116190107507,0.480800732483572,0.278746746713296,2.55613829161635
56,7,40,7,1,55,1.60025143987714,0.0732141769258305,0.125838679494336,6.4005628922552
65,6,26,4,1,64,8.30169053318806,0.533018077226514,0.427730387542397,5.03401720529436
21,5,32,3,5,32,1.65959119471644,0.651690457450384,0.852841578656808,3.32361741582357
38,6,28,7,1,67,4.40619287903632,0.214129808532021,0.0961600658483803,2.79513185747981
10,4,29,3,3,14,-2.06116819607464,0.172825059271418,0.63274089503102,7.26221376203311
77,8,28,6,1,55,4.56420271692467,0.198277795909646,0.204592280089855,5.37401971526134
50,6,27,4,2,12,2.84499314912379,0.175124215650114,0.678961031604558,7.24891701238453
43,4,27,3,3,69,7.88369091449494,0.321709958825934,0.359903835458681,2.48809266416894
78,6,37,5,1,98,9.15450049142164,0.538666061321552,0.948457282269374,3.70873188977911
78,7,37,3,4,76,6.75055553756076,0.189348452015522,0.858537613414228,7.41366429042191
62,4,29,4,1,93,10.2655097316996,0.184459044904825,0.879560493864119,4.35300923587627
99,13,30,4,4,75,8.78475858291409,1.279199820404,0.53736238181591,6.54767737526967
82,8,37,4,1,88,5.13888319099131,0.743872428270889,0.825062784831971,4.31623808718431
39,6,34,3,6,41,1.19942664996906,0.115610528970137,0.44631785643287,3.41373161601648
7,1,30,3,2,16,3.53349142450484,0.011329070199281,0.935158731881529,4.23181418784479
36,5,34,4,2,54,4.37229195076115,0.48058556015009,0.276437015272677,4.01727713791674
34,3,21,4,1,5,3.86556948096335,0.0305216867842777,0.052512891124934,5.18071156096981
4,1,23,2,2,2,0.219617510295654,0.00837862554938287,0.937289369525388,14.6220813297586
85,9,29,5,1,84,5.66783707693569,0.475906504762775,0.488691178848967,4.95431992487011
92,6,27,3,2,67,9.83134023406257,0.201115145854969,0.543145636096597,4.07963921212906
87,9,38,6,1,99,9.56013647271173,0.973109272868367,0.146666946355253,2.30979159644874
3,4,31,3,2,16,-2.80280493537811,0.174750596156104,0.884546792833135,8.22461665573306
2,4,22,5,2,4,-2.59478566336152,0.0352672949666157,0.147268025670201,8.34986050548731
77,8,38,4,1,79,8.02183498342846,0.997845554709313,0.92743743211031,2.81103473852419
13,2,26,4,1,12,3.43719612087061,0.146313926205039,0.712636673822999,3.67626305960909
69,5,32,3,1,51,6.40718574493061,0.131287498632446,0.879827234195545,10.657335751137
6,3,30,2,5,24,3.68079902901125,0.219872442529279,0.695328027475625,5.67809603390011
92,8,30,6,1,82,9.81742884885963,0.322945515381846,0.270704583264887,2.968458454699
93,8,34,4,1,67,7.35835731720947,0.221044235153797,0.69813277432695,4.77939389182519
46,6,26,4,2,33,1.90985162755313,0.153099965653382,0.608085510786623,13.1826872883916
67,4,31,4,1,31,6.16368407866869,0.215133078618649,0.614087120862678,8.84402928073143
1,3,24,3,6,0,0.647335570043381,0.109422180918045,0.425635563908145,5.61265648620795
50,4,34,4,1,55,4.99352936780397,0.184327202372927,0.753394236555323,2.63579970168836
1,4,32,6,1,47,-1.14632794904492,0.080187451094389,0.429813826456666,2.08565320379054
26,5,23,6,2,47,5.04072884267725,0.2695833285784,0.17392424447462,3.20143661724708
58,6,34,4,1,68,5.68098292814252,0.32281800614551,0.596960482886061,2.56638415098132
7,4,32,6,1,46,2.24796961635769,0.518113341627127,0.691688754362985,2.98925463989708
15,3,20,4,2,1,0.80537219534331,0.0463007247308269,0.554739789804444,6.15860670900985
70,7,35,5,1,96,9.11782615089373,0.712959634787533,0.654740714235231,4.44340246722038
2,0,31,4,1,79,5.25901999779734,0.00668310944456607,0.548210767330602,3.27655450392627
98,11,29,6,1,83,9.48850888555593,0.694039891248161,0.500658123753965,6.22361625609323
64,4,24,1,6,69,10.712074813772,0.251177980786863,0.968733343295753,6.60856256961229
95,8,35,6,1,88,8.66892832203371,0.219703453582454,0.0166083045769483,2.13604397757442
21,3,31,2,2,47,2.84226201014851,0.0728804901009426,0.870660975808278,3.89445666027093
98,7,29,4,1,67,9.68525373412488,0.993637514713794,0.649569354951382,6.98772551835587
97,8,38,4,2,98,11.7694375660595,0.5358424481353,0.295858570141718,2.52636336091077
49,3,31,4,1,55,5.34141929370978,0.00229483668226749,0.472899171989411,3.55870757855397
32,4,33,3,1,45,5.72739666631001,0.33907428033531,0.933366968296468,3.37868291403993
63,4,31,2,1,15,2.57993885880059,0.0434709788097476,0.729899310739711,20.674507889125
30,4,22,3,4,18,4.1551965833459,0.175442503289062,0.742833406897262,6.22546521719214
98,10,33,6,1,80,8.02827350760226,0.45971486668796,0.00706290081143379,3.2740782829022
0,3,22,3,9,2,0.772794415753669,0.0942975812358782,0.610535133397207,4.28276979954342
52,5,32,5,1,68,5.01449190074675,0.221589930345047,0.800084895454347,4.86195755301243
17,5,22,5,3,5,2.22452027536563,0.193095471848061,0.56694592977874,8.19626236552565
22,3,25,4,3,18,2.58031368818181,0.00478854656505609,0.290021280990914,3.64578122024928
30,5,30,6,1,36,4.02247163711888,0.039969694102183,0.0407726778648794,1.78666928324727
62,6,28,4,1,47,4.49716119957463,0.229951836391094,0.0819521753583103,3.63210521685644
28,2,29,4,1,67,4.72624360446609,0.0198893533198503,0.521410377230495,3.00620043312139
51,6,31,3,3,58,6.40656950073304,0.906910312490415,0.714217568747699,3.2355992663449
1,2,25,3,1,0,-0.954911340595889,0.0289778222614345,0.593030263436958,7.16052969245591
71,9,39,6,1,98,6.49331492131775,0.542477170365273,0.58676041662693,3.45060620394655
27,5,26,5,3,39,4.768303113108,0.0947650148300454,0.373329933965579,4.14068016979101
62,6,29,5,1,46,5.10722706629145,0.0662524393898755,0.090398252941668,2.22921556396149
55,6,31,4,4,77,5.26952415812036,0.174777991978192,0.482446467969567,3.13429120275917
46,3,22,3,1,10,2.97756431604292,0.0611685479859937,0.178325141081586,4.91851648575896
67,4,26,3,1,52,7.36028566374121,0.289589522628787,0.714408099651337,8.04272830819695
60,7,32,5,3,89,7.00628706472177,0.428770426639772,0.519370225258172,2.15165375974852
15,4,25,6,1,48,3.22432298820382,0.179378364676972,0.68116735201329,4.09690779486338
78,7,36,4,1,93,6.33569411930068,0.38903908378759,0.644619252532721,4.63437810514214
9,3,33,5,1,31,2.22353792699019,0.104962533456273,0.936921802116558,3.39779381378795
70,8,32,5,3,48,3.66345090484885,0.0375144791476094,0.333143487805501,7.0430130617577
97,11,37,4,2,78,7.0762987951103,0.573281569466379,0.32531623612158,3.03557058054249
40,3,34,1,2,51,5.60838679047076,0.367682727514936,0.996960430638865,5.01761519733814
80,8,38,5,1,75,7.71472154641332,0.518698295091695,0.295334040885791,4.22527618542531
3,3,31,3,3,20,3.31480224490502,0.072804473573342,0.911503993440419,5.822346039533
39,6,23,4,21,38,6.12021582790892,0.328683182353827,0.820102066500112,5.83425233921861
66,6,31,6,1,62,4.4182523163679,0.00675592210609466,0.0230166523251683,4.19416478019109
29,3,30,2,7,46,6.59482127070513,0.217133414688262,0.974116868106648,3.85855487951581
88,6,32,5,1,74,7.20584641923885,0.0747708013514057,0.204806998372078,7.3981019175994
46,5,36,5,1,90,8.62111698320205,0.455093828008926,0.622085870942101,1.39393867434517
11,3,22,5,1,9,1.65040064312928,0.0317239897558466,0.151521293446422,2.67930208329297
97,10,28,5,2,48,6.16846361850409,0.23972402066393,0.0973989942576736,3.62684360973834
46,4,35,4,1,78,5.98439127868687,0.0260683638377461,0.270829027052969,2.56985926095997
21,3,22,5,1,33,4.21760210817721,0.164895074325614,0.876720090629533,4.52392387561727
23,5,22,4,5,7,0.503136273062473,0.0393317382549867,0.476544084958732,7.75982775783952
15,1,31,3,1,27,4.98712804974188,0.0113569381393955,0.619532312266529,3.20987712943259
9,3,22,3,5,6,1.36605432038291,0.00716041505802423,0.513952397974208,12.3609337841845
54,4,35,5,1,74,6.96519057305384,0.291558657762337,0.333033872069791,3.62681127617106
66,7,33,4,4,64,3.58043269279886,0.117162020062096,0.681907358579338,10.6873915620433
48,4,35,4,1,90,6.74696266893552,0.0776789811717343,0.559342124033719,2.63551046619115
35,4,25,5,1,15,4.92226791881279,0.0919323970630788,0.251007845392451,6.06768987771704
4,3,27,4,3,42,2.04545912819003,0.0872403472894803,0.444389652460814,2.66479410232651
22,5,30,4,3,3,-1.58370691725595,0.158113175188191,0.687907207990065,6.37201419778905
6,4,28,4,7,16,-0.547802749294738,0.0368227893295346,0.779750219546258,7.58490252795707
82,5,35,4,1,66,6.41507637245258,0.140914751746865,0.315371814649552,3.15961904910561
80,5,28,2,2,40,8.07493380533504,0.101568541722372,0.646892189746723,14.8581804980825
92,9,27,6,2,95,8.34956301814082,0.155379629926756,0.0191889188718051,2.97110934764867
13,3,22,3,2,12,3.79964773417728,0.484331110005683,0.993470255983993,7.90798909527514
30,6,26,5,4,24,2.5843495723129,0.0970565314139523,0.0332666588947177,2.95204990940502
0,1,23,3,1,3,-0.113440218996248,0.0142556715290993,0.402624529553577,3.3780185820772
2,2,23,3,4,20,4.04539141833568,0.0963354175910354,0.747768719447777,2.95414973218533
78,5,28,2,3,25,5.28414719089101,0.0552887215161986,0.61783092841506,8.4361324905991
82,9,42,5,1,62,2.5955536769081,0.289536308719519,0.0204363795928657,3.49708448111846
96,10,39,6,1,80,5.71141020293566,0.109812645823695,0.0547290765680373,2.1570196778835
70,6,28,5,1,31,5.83367009920118,0.206906369411129,0.765046390006319,7.69692577410058
82,8,30,3,3,65,7.39062348851476,0.812481863382173,0.190458691678941,6.80063908936929
85,5,30,4,1,96,10.1810310290582,0.0946183239575475,0.799825949128717,6.04394536095128
72,4,24,5,1,83,10.4224983091555,0.0287700636104866,0.113102867966518,3.64597956803846
7,3,28,3,2,28,0.455381506274031,0.128460537490153,0.925130125368014,4.58925042260187
93,6,38,4,1,91,8.70008907939707,0.19403975114256,0.136119355680421,4.69130169592136
60,7,32,4,1,46,4.21943678196875,0.501770126612342,0.313408592715859,3.69808414601741
62,6,30,6,1,61,6.30730176424083,0.184899257718328,0.471941580530256,4.27408278695629
77,5,27,4,1,68,9.54362845026683,0.113183187870505,0.643273276044056,4.42667196752237
59,6,25,5,3,47,5.49462007238592,0.0619961675256491,0.424428578931838,8.23941630177069
46,5,28,4,1,28,3.91466281150319,0.062368368303372,0.707725187530741,10.0065389864469
90,9,32,5,1,70,5.21540028987408,0.250088416029441,0.111314482288435,3.03318081517528
62,6,35,5,1,81,5.08123389397772,0.0466627434629829,0.70534498617053,3.70693735677047
4,3,24,2,3,6,0.943566608125612,0.173713848217133,0.519191699102521,8.9434276167115
60,6,28,4,1,15,1.74134932624759,0.0455273713450879,0.061304357368499,6.91898535752699
61,7,30,6,1,79,7.90000524229558,0.733218800234509,0.554590822197497,2.38288812696448
0,3,26,3,10,10,1.1052406287613,0.120172530296259,0.876560401171446,7.87881770303774
60,5,26,4,1,23,3.8164957762568,0.0368680424289778,0.233155332971364,4.20394584849942
46,4,28,4,1,63,7.14245809105352,0.164356649620458,0.958993908017874,4.62125280361404
35,5,33,6,1,64,1.73842697662123,0.158222269383259,0.643052731407806,4.51162272462898
70,7,32,3,4,80,5.3625023869857,0.199970636763685,0.273176803253591,3.41078696122391
58,4,25,4,2,51,6.94796703543435,0.0173678875435144,0.235656304983422,2.82303873207623
13,4,34,3,3,19,-1.53598452733404,0.114589761476964,0.422738725552335,6.14979738951272
38,4,26,3,3,51,6.57148440812965,0.262130410632792,0.340751202311367,4.98126702411276
86,7,35,3,1,74,6.23718092735649,0.541841641502613,0.946601305389777,7.16641107086422
87,7,38,4,1,68,7.07021242059495,0.817242961334896,0.734377484070137,3.4791606636439
48,3,31,2,2,43,5.37529272620917,0.0115791927950301,0.5672838462051,6.70704459180825
94,9,27,5,1,50,6.21481932911651,0.166154434205964,0.145287286257371,4.67532573105081
15,4,34,5,1,32,-0.301055216812181,0.0817876472515622,0.676987605402246,5.91125195540958
28,3,29,4,2,49,3.60771606154158,0.0203223575372249,0.152281049638987,2.70968022642898
51,5,33,6,1,46,4.85067828399462,0.113302761188406,0.152489892672747,3.49044855627116
96,6,34,2,1,87,9.07606986521409,0.412747645729637,0.706288679735735,7.87037810425827
37,3,22,3,4,12,3.80496031665433,0.00531848732030336,0.24434838606976,3.86228790374191
58,7,34,4,1,58,2.17640244545997,0.421662284505969,0.0521911350078881,3.74984267409496
87,5,31,2,1,75,8.93215148316828,0.683640422733659,0.994752870174125,6.59979957919332
26,5,32,5,1,6,-0.279787282642369,0.171206676634029,0.268512676935643,7.56449833698685
45,4,31,3,2,18,4.09863039009482,0.198719082459818,0.629621588159353,4.16119226964506
38,3,35,2,1,19,4.95862503450432,0.296077662158553,0.980208751978353,12.185255214798
54,7,37,5,1,29,1.19015634469128,0.254526689638126,0.201292526675388,5.16260736718188
50,5,26,2,3,3,2.46364288723468,0.128626087331213,0.586201769066975,11.8672055323129
3,4,27,5,1,9,0.0586458731464425,0.173516402739149,0.96303008380346,6.49527976060178
71,7,34,7,1,86,7.60648067514449,0.145405943039805,0.382478327024728,4.63986298309631
2,2,24,3,4,3,1.22509649504703,0.00855705281719565,0.549946399405599,6.47768884264202
66,6,25,3,3,25,5.93095653747504,0.819591472547559,0.574948787456378,6.79722974979334
60,4,24,5,1,51,5.39348294634104,0.0191982780189522,0.131613737903535,10.2230293963305
60,7,33,3,4,60,2.96701995774924,0.378009757471687,0.61385220172815,8.98380670009645
49,3,31,1,2,17,4.92670207625725,0.137624562995009,0.481558382511139,9.0576305153101
61,4,26,4,1,38,8.44521117016993,0.0968113799314273,0.229586079251021,5.50575058269359
67,9,38,5,3,79,5.03863351855674,0.426608091237926,0.245618705637753,1.75700731957776
5,3,28,3,9,31,2.99008021564291,0.0843010166427121,0.961888237856328,4.84132484696744
25,3,29,4,1,11,3.68958840335916,0.198432775669473,0.705636264989153,4.86688559759663
65,6,30,4,1,74,6.40304378751582,0.440605329328632,0.509977128589526,3.9749147203277
90,9,35,5,1,96,9.30226389838041,0.461001315598792,0.0202018117997795,2.63717640501338
1,4,24,6,2,1,-0.94676507588605,0.0632481202483177,0.159912549424917,2.35810354617279
60,5,37,4,1,99,11.291593403227,0.454969157909459,0.96453874791041,2.24893446034718
17,3,33,4,1,86,5.01100863780182,0.0248848871560767,0.67799502494745,4.58585517237715
44,5,26,3,2,31,3.82064078811341,0.59252699135446,0.38874657638371,9.11837753349229
9,4,24,6,1,2,-2.12345525119524,0.0341240844757112,0.122114081867039,2.82421916278621
90,8,29,4,1,41,4.41537912908192,0.271698049491945,0.459042337257415,11.1609196839556
83,6,34,4,1,93,10.554323385534,0.392717514631754,0.175599086564034,2.6352145949091
82,7,33,4,2,69,7.08428041041472,0.0928074028342962,0.0855631555896252,4.44798305463298
88,5,36,2,1,88,11.8516643664643,0.254100583483207,0.686190374894068,4.87165229426196
95,6,28,2,3,43,8.74667569811085,0.108350806636736,0.272766468347982,4.70546913199543
75,7,30,3,6,84,7.12568798228817,0.2345945618476,0.160581636242568,5.50288126609598
20,2,20,2,7,36,5.42468453319761,0.0425813009257903,0.574163271579891,6.78276094279317
31,4,29,4,2,51,3.61681174093266,0.0353701119175566,0.655567877693102,6.31985701004838
55,5,36,4,1,59,4.97528650239491,0.302687129228118,0.451875417027622,5.45315930182277
36,3,24,2,2,21,2.91335777549033,0.117132471408695,0.657460389658809,13.1770518233213
59,4,34,3,1,91,7.77733931199917,0.0820481121180322,0.677094321930781,6.83559302208974
15,2,25,2,1,2,0.25884241491893,0.0509519414044917,0.45018839254044,5.00406779069535
80,6,31,5,1,71,6.21046578682196,0.248429533549327,0.133648753864691,4.30672868126001
17,4,34,3,1,9,-2.28495962674104,0.037605264224112,0.338054429274052,7.40400065508776
20,5,32,3,6,30,2.06282825158276,0.20493824033879,0.913649697089568,5.98852444237835
22,5,36,5,1,49,1.29694084550624,0.299657376698033,0.914797284640372,5.19877619289284
93,7,35,2,2,83,7.36419070426142,0.131386001361534,0.804702817928046,4.83013503813955
74,6,30,2,2,26,5.43680285285307,0.360936955062157,0.783766449196264,12.7098171179912
16,1,22,3,1,35,3.44097523439892,0.0272142012157143,0.476131614530459,3.46695526299841
64,5,35,5,1,97,8.33047697691037,0.245629368579576,0.147058264119551,2.00456798890739
87,5,37,1,2,93,8.54489307462905,0.127275209524669,0.530735211679712,6.06423588111579
49,3,23,4,1,50,8.06688371712345,0.0686417249962687,0.548718952108175,3.96836532421717
54,3,31,3,2,70,7.55146815073687,0.0290490498300642,0.514084951020777,3.66455550846166
10,4,30,3,6,20,-0.0768236439305703,0.145130287157372,0.712878888007253,4.7641070092738
99,10,30,7,1,96,7.79025714071561,0.385714206789833,0.255547719309106,2.54963062142575
0,4,31,3,7,0,-4.24756628510362,0.0380121287621367,0.96277824183926,7.8944805896951
88,6,35,5,1,91,11.0914190148395,0.510567750295109,0.744309371337295,2.8968419757486
5,3,25,3,7,1,1.74584266302472,0.0822374406197603,0.548598242225125,3.11517069664459
60,5,32,6,1,98,11.1190954132324,0.45541470076651,0.673609284218401,1.77459556736887
85,5,32,2,3,94,11.2927583113784,0.328563336479196,0.379187307553366,2.72313325194284
27,4,29,6,1,18,1.66551131750484,0.0141871882369742,0.0148972659371793,3.71892710562338
58,8,30,7,1,81,6.33239304188584,0.661399974921876,0.0801510531455278,3.37507536271737
13,3,22,4,1,20,2.98547866372623,0.0785622771363705,0.238733594538644,3.74560077784081
70,7,28,4,1,38,4.96948980608048,0.341559747689146,0.111506103072315,7.14081915087302
24,4,35,2,3,32,1.3017790916145,0.326631671971384,0.87412067502737,5.03109388184934
26,5,25,6,1,4,1.61750303958166,0.209378524905744,0.787952258018777,6.21848621039997
62,5,24,6,1,63,8.4617853206825,0.0784860490821302,0.620880144182593,3.51971655752388
63,6,29,3,5,50,4.3814119911609,0.0480410327436402,0.724909336073324,10.5482358882525
83,10,31,7,1,49,3.30430692859206,0.116877140244469,0.000232254154980183,3.90326667155
76,6,28,4,3,69,9.20979785280017,0.24491408926631,0.697519570821896,7.15609950805127
42,3,30,4,1,86,6.30754600600892,0.0401673887741397,0.575123597634956,4.78150629104047
88,6,35,5,1,94,9.06479171241919,0.308979447454888,0.208390828687698,5.16772559397467
61,8,35,6,1,69,4.37376394765112,0.812312191310239,0.683048865990713,3.12877854390141
35,6,25,5,2,1,0.913987920342441,0.274409033813256,0.254013944650069,3.32890409350612
64,6,35,6,1,89,7.53465505403295,0.0858467527288732,0.0987713118083775,0.816128747525218
70,6,29,3,2,47,7.57060170532605,0.930159858360934,0.941848071990535,11.4168389583481
86,9,33,5,1,60,6.94354088756265,0.436615300809449,0.363513892982155,5.23048198218639
39,4,32,4,1,86,5.50882582654562,0.0370822352860984,0.744700787821785,4.25288168515619
31,3,32,5,1,88,6.47117344746834,0.04341632546857,0.669565855525434,5.94584070795635
11,5,33,4,2,7,-0.217113846224361,0.347236682878942,0.864275190513581,7.45404216061265
67,5,26,4,3,82,9.20188990747826,0.208978357155727,0.807983580511063,3.69787546878217
23,3,22,2,12,7,2.89847514777541,0.0149133465019986,0.433224753011018,9.47446737485782
24,2,29,1,2,25,4.95204553447352,0.29586343326487,0.833130223676562,10.0119037795301
96,6,32,3,1,80,9.37922730132334,0.236442023179236,0.136995378416032,3.74201360700296
31,4,33,3,3,86,5.66278725441678,0.103277946938761,0.569949025986716,2.52724375179391
51,4,29,2,2,29,3.30846142133648,0.263811084664169,0.661528693279251,6.38134020734673
49,7,32,6,1,84,4.46608241268131,0.0430813927669078,0.271977805532515,5.91291946370497
47,3,31,3,2,64,6.45869143739018,0.0442007947713137,0.378723727772012,2.09833332503477
12,2,19,2,8,9,3.85180731446083,0.0155140680027889,0.236019696341828,5.74542264925264
12,4,30,5,2,66,4.27815072383817,0.0995188255265149,0.402389466762543,1.87230604548475
12,4,33,4,5,27,-0.770432018283374,0.050143395550549,0.892229630146176,5.04030174655803
53,5,26,5,1,47,6.48812046701427,0.24771108290993,0.165527258999646,5.38845613366688
13,2,31,4,1,41,4.88492086871769,0.0158942894777283,0.853118427563459,2.38328957445568
39,5,28,5,3,65,4.65788437468143,0.15108175156638,0.695861673448235,2.90134355401727
6,1,22,3,2,2,3.08109092916059,0.044860503335239,0.311297623673454,6.13708249582467
31,4,31,3,5,41,2.02889386871942,0.0554221049083468,0.371686469763517,3.43985164237217
5,4,31,3,4,39,0.862474958559302,0.198663291191352,0.985932948766276,6.45193489287276
59,8,30,7,1,36,3.42317297953947,0.206989486225623,0.387381269130856,5.00661814236944
76,9,31,7,1,83,7.60320942428421,0.377456177987062,0.00517366849817336,2.33522123644052
29,2,24,4,1,34,6.04126033859187,0.00690760820290552,0.30384085746482,2.87711602761402
44,5,24,3,4,50,6.68831793315124,0.404297868218363,0.839837203500792,8.78393983622929
77,6,29,5,1,82,5.96192748577204,0.310216720205474,0.101468276698142,2.52890518854101
25,4,28,3,2,28,1.47382575463606,0.19076857412115,0.858435119502246,6.93559503524387
29,4,34,4,1,21,1.55795632608937,0.150355974095874,0.385218480834737,3.72577492555168
6,2,22,2,4,10,1.78800894546783,0.101363236317411,0.911495834589005,6.56845380865901
46,4,26,4,1,37,3.01116808269547,0.0450209486298263,0.760564889293164,13.6616781523626
21,3,33,4,1,28,2.01536208000701,0.0276579967978223,0.222541207447648,3.61781073377497
54,4,29,2,4,17,5.6943792744986,0.195207361819896,0.860523731680587,5.47049787528407
99,8,38,3,1,79,6.2804944448128,0.24017335856076,0.573099894216284,9.17227420210275
82,9,42,5,1,97,8.28098265804788,0.515145562102503,0.574690631357953,1.73135120634404
30,5,31,6,1,39,3.39521968010259,0.0995242778444663,0.608913976466283,4.48687105227038
41,3,30,1,3,35,5.01009668981686,0.0147304764250293,0.900990802561864,7.57428593911328
46,5,28,5,2,31,4.41154085703507,0.00761875111475392,0.168618115130812,4.38775556035486
23,3,23,3,2,3,0.981945359457289,0.0527337556231451,0.708871875423938,15.0546576674938
38,3,31,4,1,24,1.7263476279967,0.0335515688639134,0.466412416659296,3.48449875792206
77,5,28,5,1,69,7.83347108893803,0.141085714916699,0.651676608948037,4.10865263297866
55,6,25,6,1,36,4.74476209986386,0.566889207630411,0.436813231557608,3.77655586025992
30,5,29,6,1,18,-0.258263126687659,0.0151114293363944,0.100048685446382,6.4720279865868
32,5,23,4,4,28,5.20081874764759,0.430280923822379,0.431090616388246,3.45144675258584
2,4,29,4,2,1,-4.12696114960706,0.021933685255108,0.841409042011946,16.2850889751197
49,4,32,2,1,46,6.27611983726309,0.103247764054686,0.825806811219081,5.37169409791661
87,6,28,5,1,77,7.71784794074271,0.102381323697045,0.0847230274230242,7.10146034442332
90,7,28,4,1,72,9.65563909181829,0.58934805560934,0.453806014964357,5.57059848329738
8,3,22,4,2,5,2.61831149258141,0.0845349165130623,0.82061440940015,9.47692721672018
59,4,33,4,1,82,5.83272258100435,0.171731115551665,0.281058740569279,2.25964190573291
3,2,21,2,3,1,-0.348047651482871,0.0239253589468036,0.872436944628134,7.35458694740996
37,3,31,3,1,70,5.58683245745961,0.0503825021442026,0.797634755261242,2.9800600993079
70,5,25,3,1,41,7.8766808454171,0.709411212732798,0.84221409028396,5.47281196788876
71,9,41,4,2,52,2.24768331114481,0.198898674549946,0.453909608302638,6.70590355549873
97,7,35,2,2,78,7.31647963951368,0.370576762247414,0.941067928215489,7.325265384821
12,3,29,3,2,23,1.85865231399517,0.170309788663872,0.986004285747185,7.27898584164138
21,4,23,6,1,31,2.74101737488464,0.045116264932303,0.575101338559762,4.20214690663656
11,2,30,3,1,14,3.94613793862824,0.0596349107299784,0.853698446415365,4.5945467226053
61,6,26,5,1,42,6.84299022583951,0.409580719634736,0.0382637889124453,3.42694500579383
71,7,30,4,1,29,2.67541417335978,0.234229036829177,0.141140516614541,3.90250908624061
40,3,25,4,1,46,5.33672683506301,0.0136470206216544,0.650208332110196,3.65037907848756
10,5,25,6,2,19,1.79783788005834,0.0455370791023597,0.240186274982989,2.87747931940156
24,5,35,6,1,56,4.18110994389452,0.248694120065073,0.357212893664837,2.70499831631951
36,3,23,3,1,13,5.99921127064161,0.164489164133556,0.361236596247181,3.86047403141501
80,7,31,5,1,75,7.69077259092244,0.153370979358442,0.027972343377769,3.94511328635681
76,9,31,4,2,69,6.20807238761548,1.16380966914104,0.380028381943703,5.0454578238494
96,12,28,5,4,42,6.91716040964853,0.60335568009519,0.0709915647748858,2.6838696500666
36,6,31,7,1,34,0.63100881529734,0.0293744738446549,0.377190337516367,4.2124483430999
91,8,35,4,2,98,8.94158953265284,0.446784868349737,0.435183851746842,3.64401006375399
44,5,36,3,2,25,4.22224159540938,0.357663877147033,0.922450141981244,8.5117180484865
79,7,41,4,1,66,7.08037499895323,0.943874532397439,0.958660023286939,4.71729499361412
17,4,26,5,1,11,0.607036279115439,0.0399327596929148,0.699638152262196,4.26783341144701
60,8,39,7,1,76,4.52100800622251,0.0891474720556289,0.193647868698463,3.00931503084084
52,4,34,2,2,69,7.55694445395722,0.706883677561534,0.812641240889207,3.07353747082042
48,6,34,3,4,22,1.54454119598077,0.137349966331385,0.385278984205797,3.24076411880933
96,8,30,4,1,92,7.92094191776669,0.372952014652497,0.280814938945696,4.51980301768541
5,3,23,6,1,24,2.42477333724226,0.0589640841353685,0.691870460053906,3.94707760852499
42,5,36,3,2,62,2.07041503889187,0.29090417222001,0.422787096817046,6.59712796883345
69,8,27,6,2,69,5.93122268706752,0.134117912292471,0.123004944762215,2.13103968961222
64,6,35,3,1,43,4.40202198873673,0.370197161338151,0.853094245074317,9.77469896758614
71,5,32,5,1,71,9.31558265815167,0.267617337860841,0.186379747698084,2.41935690006318
37,6,29,5,3,64,2.89412726796844,0.0648888826835901,0.20702745183371,3.06524987535054
36,4,31,5,1,51,2.90117279381391,0.01143161021173,0.0509524212684482,2.94427831862347
44,5,26,6,1,23,3.50891134994295,0.0306407231712752,0.0606407343875617,3.06826087412745
68,6,30,6,1,57,5.28396088469889,0.132725744741037,0.0171190102118999,5.05837430032901
76,9,39,4,5,90,5.38995591778144,0.485159582437432,0.444919656729326,4.32580676645028
88,8,37,5,1,63,5.4045596310251,0.239502367785874,0.608174506109208,5.74829774675653
28,4,21,3,2,5,1.02410167050709,0.0850503882393241,0.761994702741504,17.087044092357
70,8,34,6,1,92,5.62282597418576,0.139192276983522,0.0351253193803132,2.40848955680055
12,3,21,2,12,0,2.39353625724841,0.0620125867426395,0.952586086466908,6.45469974400998
97,7,34,5,1,90,10.9319241062134,0.91615514591673,0.730087680509314,3.75636869152376
46,3,34,2,2,44,5.02211430601787,0.036580128595233,0.957694840151817,10.808075590487
30,3,27,4,1,31,3.0654988525523,0.00447028770577163,0.764377996325493,12.9829331136629
76,5,33,5,1,96,9.1246591792873,0.116329026641324,0.595694302581251,3.30948275076843
18,5,26,7,1,34,3.29538196634716,0.230808065346023,0.514842146076262,6.20269499828129
89,9,33,6,1,88,6.71015694436757,0.500357104624477,0.139936871826649,2.03256034424937
66,6,32,5,1,53,5.76055647593874,0.172679383889772,0.368785354075953,3.5351628274365
6,0,28,4,1,10,2.94215453830139,0.00735873787198216,0.328133982606232,2.24047728097106
67,8,27,4,5,62,5.90490936335035,0.587028827952379,0.825294989859685,7.33675161163012
9,3,30,3,1,35,2.66600410625255,0.339867804887447,0.998104721540585,5.15710149594909
98,10,28,6,2,65,9.01457463241587,0.127933797426522,0.134271963732317,6.36162422903826
83,7,32,3,1,26,2.4258521711958,0.156604239833541,0.588120270753279,8.9244616094929
56,7,39,4,2,79,3.75341267982668,0.821478102314186,0.657248255098239,5.63880764902135
44,6,36,7,1,96,6.34882875012806,0.464679987614459,0.738994766725227,2.3523258409088
96,7,37,5,1,99,9.421967364233,0.266976539500731,0.636296090902761,4.19078598564681
12,4,27,3,7,6,1.03152235553359,0.215865003167394,0.833827427821234,6.00481513937383
35,6,32,5,3,75,5.36759874785998,0.226035164192992,0.0698102524038404,2.42681834292609
91,8,30,7,1,77,9.11807473041465,0.260084275378588,0.0046310902107507,3.28254562672098
28,6,23,4,6,26,1.52310186580117,0.189514844429214,0.607899889349937,5.14078619467654
24,5,31,5,2,23,3.91385085696964,0.10319995530881,0.156110992189497,1.88743869044561
4,4,22,3,8,15,2.42225368080327,0.263800730219784,0.952669376973063,6.94208730080148
74,7,38,6,1,99,9.76402239243778,0.188748867240477,0.150907681090757,1.60133375969018
90,6,33,2,3,86,11.7996562473058,0.457204863873726,0.428547145798802,3.93397201310042
27,3,33,4,1,62,4.97577066300249,0.384570628895216,0.805596675956622,4.17848003769281
19,4,29,4,2,28,0.795842024448072,0.235798673599263,0.162010170519352,3.68813748512961
96,7,42,4,1,99,8.41624050940238,0.530188630883508,0.385881938738748,3.31707404269885
48,4,24,4,1,66,8.64818135308628,0.351600082570171,0.926473830128089,6.53866502973124
16,2,32,4,1,64,6.68293762500023,0.0410497775301337,0.184429256012663,1.766506971419
31,2,33,3,1,50,6.61363026517394,0.0552285426529124,0.967437931802124,3.32201546224918
22,2,21,4,1,63,6.64680259687229,0.0206350948428735,0.874455637764186,6.47075784236919
23,3,25,2,7,21,5.68680766576063,0.191919434003069,0.929080350324512,5.29554075628232
6,3,19,5,1,2,-0.419655763823084,0.0126284849694208,0.408271960914135,7.91503976183944
35,3,34,2,1,12,2.65380567740537,0.153051685425453,0.996343443403021,6.60645102771405
19,2,29,5,1,49,6.58750065399766,0.0458760939072818,0.75396397174336,2.49961187873891
53,7,34,4,5,71,3.5070830621596,0.294276572287756,0.758842739043757,5.9056734739468
73,7,25,4,3,58,7.91739138748614,0.316559873045164,0.0827113692648709,5.45845788906042
98,10,32,5,2,85,8.10848306620746,0.356242568151867,0.133807065431029,3.43758796470503
30,4,30,2,7,56,5.27676906715472,0.165809849975631,0.631409492576495,2.75502450778156
84,9,30,5,1,45,5.76349119526878,0.775851048633396,0.335547653725371,5.93830690505795
27,5,26,3,3,1,-0.114349633966252,0.14096723718103,0.645881168777123,15.4748764752041
92,7,31,4,1,89,10.2689239441392,0.613999157646829,0.873836738057435,6.56953733868122
85,5,29,3,1,68,7.46432433126941,0.221206546983424,0.58847836824134,10.4965189369133
88,6,31,5,1,92,9.21900762322826,0.0475979362381622,0.218157955445349,2.99608310249362
22,4,33,3,4,29,0.579213602943264,0.0415134960785508,0.694143874337897,7.90436102074897
26,3,28,5,1,66,6.67500377312025,0.231893674957018,0.803696291986853,4.05888443171234
68,4,25,3,1,53,8.40107112240123,0.371908924055702,0.848001271951944,10.7986980061567
16,5,27,7,1,58,2.85704054977067,0.237051109074357,0.792942218016833,3.27937594028184
54,3,32,2,2,63,6.3238343632935,0.0988617723342031,0.571637659799308,3.63265710657259
88,8,34,3,1,63,4.92907028829707,0.801394481169892,0.549828350078315,5.66490053820055
43,4,27,4,1,36,5.67405987099,0.152383738197386,0.928498325170949,4.52647239144768
0,0,29,3,1,44,4.30600132847961,0.186259848576982,0.737230604048818,1.9171608287302
18,5,30,4,6,9,-1.88277362173081,0.0249398846031292,0.670519846491516,6.79459502043991
41,3,23,5,1,48,6.57245998244074,0.00400728418104815,0.382159529719502,3.68870509934616
83,9,34,5,1,73,6.61797763815517,0.889314185571277,0.709108569193631,9.06816551206297
48,7,31,5,2,68,5.15418224060341,0.23342979698323,0.464129759464413,3.7842708557127
36,5,28,4,3,37,3.30037060550058,0.0256678721634671,0.126697258325294,3.76689930453533
27,3,21,3,1,5,1.6114746151052,0.0523182082688436,0.362544608069584,4.40312953274019
92,7,37,3,1,83,7.84673592809836,0.592197206305498,0.787339252885431,4.88759930676108
94,9,42,3,2,91,8.25865633567323,1.08191530915521,0.334491796325892,3.00573984943794
13,5,27,5,2,2,-3.43470575513416,0.0902277528821882,0.348502940498292,10.7389087586663
40,5,30,5,3,50,5.71424492904893,0.115912509849295,0.70924825547263,5.0983471627095
1,4,27,3,4,3,-1.69908327099615,0.121524225795524,0.620844294317067,7.1732058473224
28,2,22,4,1,11,3.08591905614519,0.00494428727101688,0.38297342392616,5.16058302124735
26,3,32,0,4,26,4.06641644655916,0.0420189051020908,0.676056291209534,7.74805342708519
44,5,36,5,1,41,1.72977338142617,0.13999661966227,0.212477317778394,4.62451438108217
3,3,19,6,3,3,2.61435168579921,0.0153067277278751,0.287092922488227,3.33863893834534
55,5,23,4,3,60,8.88386430834745,0.342782602867785,0.141994148725644,1.91588960639201
94,11,30,5,1,80,8.75407381196385,1.02298820525745,0.634145088260993,3.9189982723606
91,8,31,4,2,92,9.33133971750333,0.668953976096743,0.23906399612315,2.24947891870598
9,4,24,4,3,1,-1.1554688611025,0.00995868619065732,0.235256118001416,7.06344492398071
3,3,19,2,14,7,1.43871404964122,0.0121565762674436,0.511716114357114,7.95190525883288
75,5,37,1,2,63,7.98004193356043,0.56893831255489,0.837561559397727,5.58635136021457
77,4,25,3,1,71,10.4446439398328,0.396281996720886,0.680918742902577,5.9073622188033
13,1,28,4,1,71,4.56813468251679,0.0316528264665976,0.725934679154307,5.43744408368968
7,3,30,5,1,7,-0.571130543862747,0.0135296233929694,0.517752795945853,3.46073515135678
42,4,31,3,5,58,5.08051206319255,0.0828264839947224,0.399052926106378,5.75927268159383
24,4,33,4,2,62,2.22059347069999,0.0429109750882666,0.208369589876384,2.49458965327151
46,5,30,6,1,61,2.91568245938799,0.048905577743426,0.0754746969323605,4.39940870596784
20,3,25,4,2,27,5.60955859166756,0.0646229063068147,0.784220620291308,2.98336143950191
74,4,31,5,1,91,9.61926226932647,0.0284555895486847,0.0924691269174218,2.18622704547943
15,3,25,2,11,5,1.46579940405996,0.03549473953899,0.46226591989398,6.67950349888969
57,4,25,5,1,78,8.82676898805572,0.25451157054745,0.248029712820426,1.57476972725832
48,4,25,4,1,76,9.3092612418492,0.273805100879829,0.938989819958806,2.85426116248881
40,5,33,6,1,86,6.78234551161488,0.615751389848226,0.683682297356427,2.05059732800283
46,6,31,4,2,51,5.80274846393735,0.339123831120062,0.619678121991456,7.43917959458333
82,7,27,3,1,12,3.6340583583933,0.151950566796586,0.432432008907199,18.0502536399612
32,6,36,5,1,53,0.910422241372206,0.232314388722855,0.883785562356934,5.50708938139358
5,4,21,6,1,28,3.05442792755432,0.25087201896936,0.769540653331205,3.66110359724072
37,5,23,4,5,39,5.86679693444404,0.807394657242012,0.46633067377843,2.94840709386034
20,4,28,5,2,26,3.41427474610761,0.246257635987106,0.878593006171286,3.14233124505005
20,4,33,4,2,62,3.12974988209094,0.0967420399935315,0.351372275268659,2.35431693340927
47,4,24,3,2,33,3.60813611701088,0.0708308202332226,0.422624559840187,3.51416436197224
18,2,24,3,2,50,6.1054742302774,0.0456174183636904,0.797534070443362,2.69985095130585
4,1,18,5,1,33,4.0692984515656,0.0056150077143684,0.510362307541072,4.01910631074707
70,5,32,5,1,93,10.8409142605444,0.726460499646974,0.284733788110316,1.65960237056597
32,2,27,2,1,6,4.62087446456923,0.102188042597845,0.422608469845727,3.69177768212937
6,2,24,2,3,0,-1.3832906802587,0.0294491881504655,0.983477921457961,11.3199187811613
75,5,25,4,1,82,10.3476526309612,0.414581322759101,0.878781443694606,4.38790541921481
47,6,26,3,4,34,3.15028082865363,0.197440508564753,0.221088766586035,6.93448600671783
50,7,26,8,1,49,4.71696613443962,0.610039267191821,0.683931261533871,3.41060386637495
91,5,33,5,1,98,12.6424073427568,0.238819353039119,0.812612572684884,3.34603523462547
36,6,24,4,4,14,-0.0346119962866442,0.479730619562274,0.841018246253952,8.92977216151993
11,3,21,3,6,6,1.08265331835677,0.0332694618264213,0.824728198116645,7.65769065069145
71,7,39,3,1,62,2.83823086275361,0.489433407762504,0.972294712904841,6.90610323149047
42,5,28,6,1,46,3.92405258912935,0.0450598796596751,0.00847232434898615,2.8115383073289
45,4,35,4,1,62,4.35805989865128,0.121584820352311,0.411238107364625,5.27704528843325
68,7,29,5,1,24,3.03269583563349,0.191128557537425,0.341581599554047,4.18222374213464
29,4,34,5,1,66,3.13876286103728,0.0228218823904172,0.88298917748034,2.90031517543827
46,5,28,4,2,67,6.57678897229863,0.439526906681663,0.235289708478376,4.0633334602916
53,4,34,4,1,54,5.44623298068615,0.0812866110345283,0.331930327694863,4.85841099689262
24,3,20,3,1,12,3.31734573133917,0.29915577591278,0.842724644346163,7.46800350828385
97,5,35,4,1,74,9.31569688614183,0.299157491176131,0.793469576863572,7.66142050483146
76,8,38,5,1,76,6.58436483923469,0.0976337221218273,0.231861211592332,2.37097126991042
39,5,22,4,2,14,5.24921859710379,0.435412189902222,0.923896771622822,4.89661086584494
35,4,32,5,1,50,5.70832384351861,0.107399001019076,0.727195106679574,3.43415932206012
57,6,32,5,1,77,7.68396757428544,0.785880129742336,0.546115715289488,2.53131655090502
90,7,33,5,1,85,6.58467165608155,0.182495818695727,0.306019536219537,7.77626314574267
12,4,27,5,3,59,5.3123249549307,0.199293496490071,0.848949731094763,2.20801629931078
51,4,27,3,1,38,7.17181366338247,0.0719454430509359,0.595766681944951,8.00110297118106
11,1,30,3,1,19,5.00290352610613,0.0254469601204619,0.258297598455101,2.80801835421135
33,6,30,6,1,59,3.921480755725,0.318808822882104,0.779575931141153,3.26822397270435
33,3,26,1,2,16,2.96680946187727,0.0833568281959742,0.852485391777009,9.21359106496831
45,4,27,3,4,60,6.37893892755925,0.0807833895087242,0.636727388482541,3.26568992341435
20,2,27,3,2,66,8.19816916588855,0.138936782022938,0.868815562687814,2.42696028842398
34,5,24,4,7,29,5.55851023060191,0.228066702364805,0.166222172090784,3.16615151263595
67,5,37,4,1,70,7.42248234618633,0.118419042788446,0.741915202699602,5.17034393603379
71,6,27,3,4,81,7.39084164341585,0.0648082359482622,0.0523945863824338,5.13983933502077
27,4,35,5,1,39,1.89929585803778,0.0260365104966377,0.0843213421758264,2.58298276297603
12,4,27,3,12,15,0.709162497817275,0.09790044437082,0.957107523921877,7.97030778539717
42,3,26,3,1,24,6.72283059125888,0.0799667559969491,0.915755500318483,5.89809236853378
80,7,33,5,1,84,7.18143755455963,0.123400246840902,0.620610447367653,2.99877622959399
20,3,30,4,2,15,2.13435692608968,0.0132354904392147,0.507752854842693,4.99283681695146
54,4,34,2,1,35,5.53233183576216,0.309448620293963,0.841122386511415,5.62023822357316
58,7,35,5,1,89,4.96163610355347,0.411753687986589,0.510488181142136,3.01256569897274
66,7,31,5,1,48,5.23793884034429,0.399629069936878,0.286940314341336,3.09997681050327
42,5,36,4,1,49,3.09344492674332,0.21587393292107,0.53108506789431,3.23304574306807
62,5,32,4,1,85,8.70366663315301,0.823213439392758,0.945860337466002,7.79365724191019
78,4,33,2,1,55,7.59464084608074,0.131089332027949,0.627010736381635,4.41367069634318
99,7,30,4,2,84,8.63637232376542,0.0789611069284726,0.152402038918808,2.65519885030623
91,8,35,6,1,72,7.9245714449552,0.51580847983942,0.565150785725564,3.26157986214216
6,3,33,5,1,70,4.91537841198258,0.368338119683272,0.635164371924475,2.28731888240602
74,7,36,3,3,44,4.87255564776102,0.206948590177284,0.289555503986776,5.65747696425049
13,3,32,4,1,61,5.4873871575208,0.174499674159189,0.579396328656003,2.76129114781644
35,4,24,3,5,18,5.80707888653687,0.0635636314982548,0.385336546227336,3.56145753229843
46,4,27,5,1,27,3.60885490978431,0.0394881846150383,0.375683994032443,8.07960104902596
48,4,26,2,5,54,5.2834808164631,0.0774352765874937,0.547460767440498,4.9418232565085
9,1,17,3,2,0,1.76745485078733,0.00857315148415562,0.842212441144511,7.21368527960132
53,6,34,6,1,69,4.79821557183415,0.0229529647349741,0.140540345571935,2.82839362491259
72,8,33,4,2,66,5.78830305073684,0.769163457634759,0.338641201611608,4.1689895564204
84,10,27,5,3,43,3.0831291657126,0.188527952195374,0.00628132605925202,5.05964116468987
44,6,29,3,3,45,2.16391922492884,0.504575428997582,0.793058261508122,4.56382323614834
87,9,30,5,1,76,7.1657105044933,1.06238379043745,0.37987330625765,5.88935669799591
5,4,32,4,2,48,1.43922637100758,0.0566303917723381,0.175546754850075,3.05508136768026
6,4,31,4,5,18,-0.576634237045536,0.0436130028838995,0.379657584708184,5.05257421842525
27,5,31,6,1,43,1.45083466929029,0.0890076884783734,0.682255384977907,5.25325450743363
57,5,26,3,3,16,5.66174433568372,0.454073940848416,0.279666320420802,7.03315045498074
85,6,34,5,1,74,8.31527405240542,0.0627824987758466,0.09525505034253,4.06257476659031
26,5,28,4,2,0,-3.56160310410957,0.0919736701762304,0.652040743734688,9.81377815769765
90,5,38,3,1,98,11.0665198312847,0.185182132310214,0.440558847505599,2.10753815761904
20,5,30,4,1,11,1.58765172860991,0.642103633346194,0.501691218698397,2.79215356431081
26,2,24,4,1,20,4.49246110028117,0.121020308638368,0.871696303132921,4.96989274524105
25,4,31,5,1,24,2.72277231680625,0.0919675249606371,0.448294976260513,6.84909733313014
40,5,29,2,3,7,3.50658656435612,0.439088415799147,0.924249675124884,8.71054219977188
36,3,34,4,1,76,6.17694456923812,0.0255776561168485,0.540682856459171,2.27502658322954
59,8,33,7,1,69,3.26082275983616,0.0221158725919613,0.0196284553967416,3.03969234032907
74,6,28,3,2,56,5.93401822745642,0.396591864039606,0.460306145716459,6.45766551175499
64,8,30,5,2,62,3.52617625750342,0.617892737003201,0.419897336279973,7.82046439970602
75,4,30,3,1,41,8.1557266012027,0.161865544272587,0.639328598743305,6.66755054691424
49,6,36,6,1,81,5.3835578621951,0.525261635426235,0.698555624578148,3.26291482393826
9,1,28,4,1,8,-0.0399031402201526,0.0101094791898504,0.193113185232505,3.39132932039302
0,4,25,6,1,22,-0.373078251936347,0.0151184574933723,0.139067703858018,5.66257139466664
39,6,30,6,1,65,2.293199513728,0.129804256488569,0.564261113991961,5.60830327016143
69,5,35,5,1,98,9.40939895919098,0.244010902232233,0.541741042630747,4.65086052998698
90,6,29,4,1,65,6.98856895962948,0.0215733107179403,0.0338555385824293,4.02184411566423
59,6,33,3,2,41,4.09465178037453,0.624044490480954,0.314168610610068,4.20444525315302
49,5,37,3,1,66,4.31985173301757,0.480968740282065,0.564889376750216,2.08609592649055
81,7,34,5,1,86,7.38940211900675,0.465195796897119,0.797830087132752,3.62704649724664
47,5,26,3,2,24,3.95153562758877,0.767251774626684,0.361966209718958,8.24187284170725
28,5,27,4,5,51,3.36031455890506,0.167362341657281,0.283135043689981,3.12939519914959
57,6,30,5,1,85,7.62528091473361,0.11110669944901,0.287904145661741,2.33305874521318
84,5,29,5,1,99,11.5833745728821,0.130280566782652,0.667706250678748,4.10813404992991
42,4,27,2,2,21,2.97809078713489,0.107454309007153,0.896436186740175,6.27301353558474
7,1,30,2,3,22,2.85525798689854,0.0202016181796438,0.972706432687119,5.08694731349816
31,3,33,1,2,21,4.76694277733202,0.0607813852191498,0.982840695418417,8.7176038873986
80,9,26,5,2,26,3.41736243435634,0.400694165278083,0.222691416973248,9.89249943699938
22,4,31,2,11,50,5.50225260990282,0.320411555458534,0.861191063886508,5.19685349024089
98,7,38,4,1,88,6.91635318538887,0.164027507184073,0.759395401459187,6.49050740920093
85,9,38,4,4,92,9.14845090830097,0.79110686598432,0.230941312387586,2.23304822137016
3,3,33,4,3,47,2.28645064993233,0.0582877303556048,0.841910415329039,2.8169076243928
97,6,34,4,1,73,7.42776334483366,0.109264079581428,0.48838265798986,6.52599583921061
12,2,22,1,3,4,3.57098127084118,0.296283636231649,0.999468910973519,12.7481034927743
51,6,24,4,3,31,2.55117016431902,0.145156031474471,0.20027554105036,9.37439862446951
82,6,34,5,1,89,8.56906384578309,0.0864010440418497,0.674345097038895,3.40824592655471
92,7,40,3,1,70,7.00377771767754,0.53376707943731,0.387379489839077,3.46578870352745
88,6,29,3,1,60,9.79376170672258,0.249787503610107,0.683757441816851,10.0269020700513
65,5,30,5,1,79,5.86453331828813,0.118231963133439,0.153051906498149,1.94637672244954
45,7,29,6,1,69,3.5174138740317,0.398245060347848,0.586568580241874,7.0234531762067
2,3,30,6,1,14,0.938035441887553,0.0061759205023346,0.415157882729545,5.02226950117395
9,2,26,3,2,10,3.65849560725356,0.0983709494007656,0.939846086315811,11.0109063592864
85,6,30,3,1,86,9.10344989455247,0.566265468661408,0.410203410778195,3.09990861517027
41,6,32,3,4,32,3.96930601693474,0.656809138568276,0.738160254899412,4.68760955720268
60,8,30,4,3,65,5.4923624911425,1.03739533335307,0.357878305017948,3.04102681805513
99,6,35,5,1,85,9.23503814019373,0.35271475787968,0.849571404280141,4.41711809167558
25,5,32,6,1,47,3.03524302738964,0.153725900221616,0.857199054444209,2.82407402846857
79,8,36,5,3,89,8.50944735027404,0.376333482542491,0.0921410201117396,2.3388493722964
68,8,39,3,1,39,3.61137889401608,0.78744843411715,0.197490940103307,4.66415904815122
63,7,28,4,6,77,7.13170378590961,0.241987304984334,0.0659250130411237,3.15395558947209
23,4,25,3,7,37,2.75138847808289,0.0393397405277938,0.136311726411805,5.40394038068176
17,3,26,4,1,3,1.55016573505479,0.0373925931053236,0.672027567401528,9.29625865419871
56,8,35,4,2,76,4.14501017564064,0.759029040068791,0.159294202923775,3.40510140820681
84,6,39,3,1,98,11.4366898150974,0.483312895966178,0.933952684048563,7.56936007311119
