K:10
N:1000
Gap:2.05870390012655
Rho: 
1 0.8 0.45 0.2 -0.3 0.7 0.75 0.5 -0.3 -0.1
0.8 1 0.45 0.5 -0.1 0.55 0.4 0.6 -0.4 -0.2
0.45 0.45 1 0.1 -0.3 0.6 0.3 0.4 0 -0.3
0.2 0.5 0.1 1 -0.5 0.35 0.1 0.1 -0.5 -0.45
-0.3 -0.1 -0.3 -0.5 1 -0.4 -0.3 -0.1 0.2 0.2
0.7 0.55 0.6 0.35 -0.4 1 0.8 0.45 -0.2 -0.45
0.75 0.4 0.3 0.1 -0.3 0.8 1 0.45 -0.1 -0.3
0.5 0.6 0.4 0.1 -0.1 0.45 0.45 1 0.1 -0.2
-0.3 -0.4 0 -0.5 0.2 -0.2 -0.1 0.1 1 0.4
-0.1 -0.2 -0.3 -0.45 0.2 -0.45 -0.3 -0.2 0.4 1
X:
63,6,30,4,2,30,8,31,4.47440267855305,0.34372814115018
31,3,31,3,1,17,7,30,9.01611934123423,0.28365861949392
24,3,29,4,1,18,5,24,5.10729468132099,0.0885910007636994
37,5,29,6,1,79,10,34,5.06847842884084,0.0012343742095146
35,4,35,6,1,64,6,29,7.31028095246836,0.137694450560957
29,3,28,5,1,59,9,30,7.08340657005167,0.331081141241568
22,2,33,1,2,65,8,32,10.7439808324288,0.29354034270041
55,4,35,3,1,69,7,28,8.10018103424125,0.556984597381471
18,3,23,5,1,41,8,30,3.03876601225501,0.136638106661849
0,2,32,2,2,19,6,28,11.6911838406605,0.1942266287976
36,5,35,3,4,31,6,31,11.2920551503472,0.362378999104208
88,8,29,3,6,48,11,35,7.11506501695015,0.684068475352758
30,3,31,3,2,72,7,24,9.12433826452862,0.285108027503568
45,3,31,4,1,62,8,28,6.21494659820516,0.0712087553692982
43,5,35,5,1,69,5,33,4.61734109864838,0.0565264467149973
41,3,23,4,1,14,6,24,4.0776078679819,0.382841676918274
96,7,30,3,3,60,10,29,7.94798949659879,0.502000711837268
14,4,29,3,9,11,3,25,2.01831944244976,0.146974305427136
40,5,23,6,1,43,6,30,1.21867749507192,0.0706279559325913
23,2,29,3,1,33,8,25,9.32122446011975,0.308953250282186
12,5,33,6,1,84,8,33,9.85799853176031,0.01843270775126
31,5,32,5,2,80,9,32,7.38555680517369,0.0763048412045464
58,5,27,3,5,22,9,27,2.56388343324491,0.0227170760044828
66,6,31,5,1,76,10,35,5.82332939841521,0.15598741476424
89,7,41,4,2,79,11,29,1.89873578825101,0.163698268705048
6,3,30,4,1,2,3,29,8.15943875559949,0.137990765622817
94,12,32,7,1,85,9,39,-0.78877037894453,0.00721683353185654
74,8,37,6,1,77,8,28,2.28532245785607,0.0274566051084548
65,5,36,4,1,76,10,34,8.10551430621429,0.207084864833134
21,3,26,2,3,13,4,25,5.91557672519191,0.982500535849124
39,5,34,4,2,73,7,35,4.8443927190111,0.00923161674290895
32,6,33,4,5,51,5,33,7.00266559546858,0.262461239228699
48,5,24,4,5,24,8,23,3.07080943525745,0.844112870913006
84,9,36,5,1,70,7,34,3.83161008132519,0.164156238432042
44,5,24,5,1,18,7,33,3.12890112725971,0.0491877719759941
50,6,28,7,1,80,9,25,-4.31404225523908,0.0205854083178565
99,6,31,5,1,92,14,30,1.79344105406702,0.117657856317237
30,5,29,5,1,5,3,26,5.39682577814107,1.20628467661546
4,1,29,4,1,27,8,23,9.28899193844943,0.355872699256438
33,3,32,3,1,38,7,25,8.48087009569687,0.854760626288963
12,3,24,2,4,9,4,30,10.0802663531926,1.10437985223936
71,5,29,4,1,82,14,34,7.59514746325003,0.205462263653728
59,3,29,4,1,58,11,32,9.59270760920809,0.367789158110923
54,7,30,6,2,79,10,32,0.308936669740955,0.0130380726186559
42,6,25,4,8,29,6,28,3.80905497482618,0.111930103506893
57,5,35,2,3,65,7,29,6.35747160615161,0.465811031849539
33,4,26,4,2,44,9,34,2.5555141105789,0.0702168554804679
87,7,36,3,1,59,10,37,8.18287875109197,1.24958526249069
33,5,35,6,1,58,5,25,-0.143113333867181,0.0546181357931346
42,3,30,4,1,71,12,27,3.69513017271582,0.00613432970061761
48,4,26,4,2,73,10,28,5.9941418259075,0.138190448400564
63,7,28,7,1,52,6,30,0.0346801541489521,0.183425987385813
19,5,24,6,2,5,4,25,-0.0676060110252479,0.179310012598264
53,5,25,3,10,46,9,32,4.74867958261729,0.0450771634932607
56,3,31,4,1,81,10,31,2.49797168906484,0.259463211783331
45,6,32,5,1,22,4,29,3.91518102450025,0.19415411496382
92,6,34,5,1,99,17,33,1.09149852210826,0.00492643041070551
12,2,19,3,3,13,8,23,5.66844306813708,0.104167673853226
57,5,26,4,3,62,8,28,2.35907556658588,0.0358408651590228
26,3,29,5,1,16,6,31,3.71177347319539,0.138440716662444
56,6,28,5,1,77,8,28,4.08258011671091,0.0660120086977258
75,6,27,5,1,84,12,35,6.59554496623732,0.135450953268446
23,2,34,3,1,56,10,28,8.73137666867899,0.164040750823915
1,4,20,5,3,13,5,33,8.1954618964931,0.172614185838029
17,3,24,5,2,45,7,24,-0.67455099638425,0.0524818609130386
20,2,24,2,3,22,9,27,5.66594317851524,0.378715051782733
61,4,30,3,1,20,7,26,2.76416624896082,0.480227749308056
95,6,40,4,1,99,17,35,3.14807151498573,0.0164354840526357
22,5,33,6,1,27,2,28,0.204824986361675,0.0663944745996548
66,4,28,5,1,92,11,26,1.99381965751792,0.0139113048790023
66,8,37,5,1,90,10,41,7.92248177156359,0.0503669219324365
77,5,31,4,1,80,12,30,5.77139322186607,0.746636817365599
99,9,30,5,1,97,12,32,-0.86958884043516,0.0382471720806311
93,9,37,5,1,95,9,36,5.90539545907531,0.0561081289779395
9,1,22,4,1,12,6,17,1.1052621106372,0.2944999942451
93,5,30,5,1,68,13,31,6.98412305052902,0.324363115000281
96,12,29,6,3,64,9,29,-2.34524995434314,0.135288635850884
98,8,38,3,2,95,11,35,3.29214396965609,0.23143302189098
59,4,33,5,1,76,10,26,5.18384458686435,0.237590860797302
15,5,25,4,2,6,2,30,4.4143442126302,0.27555306557447
22,4,32,3,2,5,2,25,1.81365767624679,0.444478869417167
38,4,35,3,3,65,6,28,9.95012159427059,0.2006876598113
6,2,31,2,7,45,5,25,11.8935437508362,0.318700016232881
72,8,38,4,2,66,6,33,6.95605632619821,1.16309579176115
58,5,30,4,2,90,14,33,5.58274211380595,0.0156576908193529
35,2,32,4,1,51,7,25,7.27083759729353,0.404085529947138
68,9,39,4,4,95,9,36,7.36365428113254,0.0296601670561358
41,6,37,3,3,46,6,36,8.82588282472843,0.265758264566514
76,10,29,4,9,74,11,38,4.73477033960702,0.161677191027248
42,6,30,6,1,31,5,27,3.25262587016491,0.0631681705126539
56,7,27,3,3,31,8,41,4.20159612113106,0.6165775921812
74,6,27,3,3,33,8,26,1.9211457835515,0.398825307821339
88,8,31,4,2,87,10,31,2.62960654875842,0.436196845469481
80,5,36,3,1,94,11,30,8.0514435987877,0.781158020677877
36,3,29,1,2,40,8,36,6.45407007457912,0.504304152892387
43,3,27,2,2,62,11,33,6.38468067935996,0.134244952816516
87,6,27,4,1,61,10,29,0.944172497133211,0.311301198078993
88,9,35,3,2,93,11,38,2.25362520369375,0.0651306256186217
91,8,36,5,1,97,13,36,5.08563402677559,0.0413979676713453
82,6,28,3,2,83,11,30,3.36752992303533,0.602052486935789
86,9,40,7,1,86,10,40,2.36431035369692,0.0262021729722619
9,2,24,5,1,17,8,23,7.68020750378165,0.310910602122727
58,4,32,2,3,72,10,31,8.88660054771358,0.108484801254235
27,5,31,5,1,16,5,28,1.83453316379326,0.150552882696502
54,4,25,4,1,27,8,28,1.11165505451762,0.158429882256314
17,4,24,4,5,37,7,33,7.20998874168788,0.0791599880636025
6,4,29,7,1,21,5,26,-0.197165834203833,0.0185817300023755
89,6,28,4,1,94,13,27,4.07186783153564,0.357167498187578
52,6,30,4,1,26,5,26,2.12098714025329,0.622951937342221
93,10,32,4,7,52,10,33,4.34843525239942,0.266145637946877
98,8,33,4,1,93,11,31,6.52375983230577,0.202225541219789
62,5,24,6,1,59,8,27,-0.182889459221791,0.0793285728432238
47,4,29,5,1,78,9,32,2.06089875020072,0.0273444172926247
58,6,32,3,5,63,8,33,4.73313221958682,0.139031889964826
90,8,37,3,2,60,9,34,8.38495923117776,0.166034288005903
0,3,31,3,7,19,5,30,13.3703398791867,0.188284600448106
64,7,35,4,2,59,9,36,4.02112889882554,0.00481162668598706
73,7,35,5,1,77,10,40,9.78720856716988,0.109164866269566
20,2,30,3,1,63,6,27,10.0740867653041,0.35520251279459
76,7,27,4,3,76,12,35,2.07225576463703,0.0649864015867934
47,7,37,3,5,78,8,39,11.2254606781585,0.193503982376981
74,5,27,5,1,73,12,32,8.69645266999514,0.134208163828589
1,3,33,2,3,3,2,33,9.16380863279115,0.377044870031482
76,6,27,4,2,56,8,28,4.00555001456123,0.112426258274354
97,6,42,2,1,75,11,36,7.95122301803309,1.09337129903244
71,7,36,5,1,87,11,42,7.78806731007105,0.156250470899977
48,6,37,3,5,75,6,26,1.06224844583142,0.0748090881163187
58,5,28,2,7,68,9,29,2.4791853849265,0.136912702349946
38,6,24,4,6,27,6,28,6.15188017415503,0.742039842489076
87,7,31,6,1,91,11,28,0.0165442681473769,0.224898252858523
62,8,33,7,1,95,10,32,2.86873251348213,0.0234840305056423
25,3,33,2,1,9,5,33,3.78945350933213,0.174459768670123
16,4,30,5,2,37,4,27,1.96308374455041,0.0305190293232862
39,5,35,3,3,31,6,30,4.89008179593657,0.250343453594226
30,3,26,2,3,21,7,29,8.54163183938811,0.627317417847151
21,4,30,3,7,13,6,32,4.10036856698158,0.0733432958368212
16,3,27,2,10,5,3,22,5.57285001023881,0.60442416599595
26,3,22,3,1,7,4,24,3.87582478006016,1.13905900570102
5,2,23,2,3,7,5,29,6.66276274429872,0.558463054211968
65,6,27,6,1,75,10,26,4.05956016720065,0.120596558204852
64,6,31,3,2,55,7,31,5.3903626560878,0.241270058777857
78,5,25,2,1,19,8,31,3.34384658566122,0.211953814506323
84,8,38,4,1,95,10,42,9.45817423948293,0.138008221401833
55,4,33,4,1,55,9,32,6.84738365645262,0.823596205520344
88,6,28,3,1,58,9,30,-0.0974425246055377,0.792435541706991
18,3,26,3,2,17,4,31,7.99575642619523,0.242749718705866
85,7,34,3,2,51,7,32,6.0634782831086,0.422275308498597
75,9,28,5,1,15,7,36,0.170235832863486,0.0713515464449301
56,4,24,4,1,67,9,26,1.28110187448399,0.0547521578465614
45,5,25,3,3,1,3,27,4.60427061149305,0.621582989895675
87,7,29,4,2,84,10,31,0.141041493173516,0.0536977689035838
16,3,26,4,2,13,7,27,2.26330693688927,0.0285725032979432
85,6,28,4,1,62,10,34,6.96194771183209,0.283422525961626
60,7,30,7,1,56,8,32,1.61698958259755,0.00201579555863817
24,2,31,2,3,25,6,20,10.3883756813032,0.278669621029334
71,4,29,1,3,71,12,31,5.33791229158957,0.229541503040688
9,1,27,3,1,40,9,29,9.54872593144003,0.495670395882285
32,5,26,5,1,36,5,28,2.33764123081359,0.0519499010990904
3,4,26,5,3,3,1,21,0.239736184037376,0.0559042547829449
39,6,30,6,1,44,6,35,6.59613050899834,0.0484122111229226
75,9,38,8,1,99,15,37,3.60616965889379,0.00648991938214749
31,3,23,5,2,38,7,21,2.12627725751748,0.11986076051835
2,3,32,2,2,6,3,30,8.03091871734991,0.493926962816572
4,0,17,3,2,33,7,22,3.56382454521347,0.07252811691736
16,2,20,4,1,1,4,22,3.78005272375668,0.598834108995432
99,9,32,5,1,82,9,33,2.8559829051601,0.403377498944706
73,5,27,3,1,35,9,24,0.370080774390464,0.235438220192421
95,7,37,6,1,96,13,30,3.89434904303753,0.0403001706581563
35,6,29,8,1,60,5,31,5.89079697488025,0.343425568415526
6,0,25,1,2,18,8,32,12.1116074695349,0.144877579063177
99,7,37,4,1,80,12,37,8.90022798370524,0.14942225755658
30,6,30,4,8,44,7,35,2.39584340972703,0.0625790418661751
63,6,34,6,1,98,11,31,0.375101153800786,0.00391715799923986
98,10,30,4,1,63,10,40,7.21906173948112,0.288332973829213
10,3,31,2,2,1,3,31,8.96889043300051,0.161918558413163
67,4,36,3,1,87,11,33,4.32331122200487,0.196396024421531
59,4,34,1,2,58,9,33,12.18092017206,0.646839182035152
52,7,25,4,6,15,4,27,0.451674626617232,0.339615014138374
8,4,26,6,2,11,4,23,0.644245226627987,0.0363002449739724
6,3,30,3,3,23,5,29,7.20582937290999,0.276723883938983
81,5,28,2,1,44,12,35,7.10378227088355,0.223416198034513
13,5,32,5,3,29,5,31,3.93668606851802,0.0225463988026604
24,3,32,5,1,47,7,22,5.56702002990797,0.185419174352786
23,3,23,6,1,28,6,21,2.36277526045654,0.365657714174545
5,0,30,0,3,4,4,21,5.38343499706618,0.358503519348718
76,8,34,7,1,95,11,42,7.50844047192912,0.0775165733719922
63,6,27,4,1,20,7,33,4.08532663978937,0.151275371550582
68,6,37,4,1,65,7,32,6.63827333264928,0.308866505500603
75,7,30,6,1,82,10,27,1.22367158136608,0.246588377970013
0,1,30,1,3,18,4,23,12.7270621663751,0.57678152012282
87,8,27,6,1,71,11,35,4.05977330736288,0.651003647896553
73,8,35,6,1,76,9,33,5.97217810757141,0.263952795883133
65,6,31,5,1,41,8,29,5.29246994930555,0.383748541162835
4,3,30,4,1,19,2,27,8.7262365189597,0.739565094890905
17,5,25,6,2,34,6,29,6.27979223594331,0.16596458456479
53,6,27,4,5,51,9,29,0.593162727276646,0.165737422009855
98,9,32,5,2,97,15,38,7.99529096416655,0.0364751743618399
8,4,28,4,2,34,5,32,2.78290274669123,0.212694435239463
24,3,32,2,5,9,6,31,9.9720349117025,0.238705689729716
11,2,23,4,1,9,4,23,6.83427313894513,0.7785520851192
3,2,21,1,5,1,3,24,7.4767527223462,1.24422199106613
32,2,31,3,2,44,10,26,5.61501986966898,0.200609259995374
85,5,32,4,1,87,14,40,6.28989093716081,0.082891215919517
41,5,36,6,1,72,6,27,7.50898943092312,0.0784659114286976
87,10,31,5,1,60,9,38,-0.478905764457942,0.170845718239434
18,3,25,4,3,38,7,26,4.19429277862423,0.0755949039012194
78,7,36,3,1,53,6,33,6.76310142443371,0.268010792760321
11,4,31,5,2,47,4,24,4.46067350777269,0.0821725672576576
26,5,28,5,2,35,6,28,6.13591344660656,0.533577095904496
34,2,29,4,1,80,9,24,4.30610414565494,0.138930305955
57,3,34,4,1,70,10,26,3.35693122607666,0.126996129285544
4,1,22,2,2,7,6,26,9.33889530676905,1.03335720062593
18,5,30,6,1,66,6,27,0.76306957827056,0.0592849897375051
98,7,36,4,1,88,12,33,5.60934263314121,0.128922928241082
44,4,33,4,1,87,10,27,2.75688073066912,0.0907265651611157
43,6,30,5,2,32,5,29,3.06479572435925,0.0182103000115603
59,4,35,3,1,67,10,35,8.5790684541007,0.144215456093661
91,11,41,5,4,98,11,36,-0.516637388712172,0.028084991300374
23,3,21,3,6,33,7,27,11.2583585457433,0.530371696926263
7,3,30,4,2,11,5,27,8.50625550560892,0.466867612188166
77,7,34,4,1,84,10,34,5.89283681079824,0.0589972884627059
83,7,32,5,1,50,9,31,-0.646340463374044,0.132113648927771
46,6,31,3,2,34,7,40,5.97909304007624,0.141477761764969
99,6,37,2,2,95,12,28,2.71607698018255,0.322831601825285
95,6,29,2,3,81,14,33,6.80066051171273,0.272642164713445
25,2,23,2,8,15,8,25,9.0032014679299,0.138098150142469
65,6,30,3,5,47,10,32,3.5608960675892,0.0329640387634306
27,5,23,5,2,26,5,31,4.20413620736402,0.102322083897889
8,4,33,5,2,32,4,30,4.65969242362733,0.0049330453710094
1,2,28,3,1,4,4,25,4.85098955201431,0.407949701115466
52,6,37,5,1,94,9,36,6.13103960250876,0.0784595095323034
1,0,17,3,2,32,8,22,10.1190527946033,0.233203809882974
61,5,32,4,1,92,10,29,5.9625054842432,0.493112056029445
62,8,31,5,3,76,8,30,0.982298155981175,0.133568780729547
80,7,30,4,1,49,7,30,0.327382857439094,0.19120478396185
92,6,30,2,5,60,13,32,6.80603157366559,0.113032538443804
48,6,33,4,7,49,7,30,3.66056710556201,0.112562345340848
54,5,30,4,3,71,9,28,4.49055065445531,0.163984941784292
55,7,30,3,9,30,5,29,1.81233192712169,0.254197359540242
94,9,34,4,2,93,11,34,0.914969435753987,0.12757995177526
53,5,34,4,1,28,5,30,7.04696819288426,0.199193108567075
99,8,35,5,1,99,14,33,5.53032904037758,0.0797761486610398
78,6,30,3,1,76,10,34,4.0424878219981,0.639314705464649
8,2,28,3,1,24,6,27,10.1632878502306,0.96950173884967
5,3,26,3,3,2,1,24,5.40087342557389,1.04518524271654
77,8,30,5,1,62,7,35,7.62699877773808,0.408600334057069
53,5,32,5,1,84,9,33,7.87283562561476,0.408427512287027
67,5,31,2,3,46,7,27,4.92503007034963,0.419380484118887
26,5,31,3,3,25,5,42,10.9360156370239,0.170044640777633
28,3,35,4,1,88,9,29,3.97242024180393,0.00127436406910419
53,4,31,1,1,32,7,34,12.9874936556601,0.671244333001012
54,4,25,3,3,32,8,25,3.13854475464796,0.161176777561195
56,7,27,6,1,42,6,29,-3.04305624248335,0.195769411734048
77,6,28,4,1,57,11,33,1.71540578671305,0.360420032437457
14,2,29,1,3,1,5,29,6.89308462959753,0.393281442474959
15,4,23,5,3,8,4,23,7.90956250635672,0.383925844894207
35,3,23,5,1,35,9,25,6.33985433332129,0.312953578996214
3,1,31,3,1,64,7,25,9.11077128088475,0.276213326841224
49,7,30,5,1,27,5,28,2.68661315054737,0.136008945992216
37,4,35,4,1,49,5,30,4.96301018769798,0.0401163904652953
72,4,35,2,1,38,7,27,3.38623047446704,0.116264116679039
56,6,30,7,1,38,6,29,4.09403305715009,0.410374856296825
68,4,27,3,1,75,10,30,1.80022160567976,0.231710990995391
25,2,30,4,1,36,6,22,6.51967640962581,0.119695977159271
4,1,18,4,1,28,9,26,4.7639246238623,0.0113296825438738
33,2,29,4,1,19,8,27,7.87214273692776,0.342719708791676
82,8,32,4,2,80,11,44,8.99018906896065,0.298719983071762
53,5,25,4,1,55,8,34,4.85165606701955,0.120228871639684
69,7,28,5,2,76,9,30,0.0305851881550838,0.160347136086784
64,5,31,4,1,60,8,23,3.83630115726662,0.10176664008759
66,4,27,1,3,28,11,32,9.00965935234728,0.367055690360671
15,2,33,0,2,25,6,28,8.46594289044694,0.212704638008702
40,4,26,3,6,17,8,25,4.19143049768534,0.247873115109953
24,4,32,4,1,32,5,30,1.58147691266613,0.0788385421037674
13,4,25,5,2,47,5,27,1.88047136943058,0.132393374224193
11,2,30,2,1,4,3,25,6.17694798801133,0.564186807442846
78,6,36,4,1,74,8,26,0.959757394973069,0.161588115151972
57,4,24,5,1,42,10,29,2.3753999762312,0.0153060727197589
23,4,31,6,1,44,6,24,5.7204291685984,0.0092861612677973
91,9,32,7,1,96,12,36,6.70254553130422,0.0680516195716336
57,5,27,4,1,56,9,35,4.33042546609498,0.748379815350433
3,2,27,4,2,29,7,24,4.77755339633179,0.0377684830504443
66,4,33,3,1,77,11,31,10.7516768546843,0.340753217450085
20,3,33,3,2,26,5,27,9.16306980220849,1.11172593099283
48,5,28,2,2,13,4,30,2.73717549698315,0.819439001339388
77,8,31,5,1,58,10,35,4.62353028636804,0.250075855663017
67,7,28,4,5,30,7,29,5.39844299599022,0.464180416872209
85,9,35,4,2,55,7,31,2.02597755994541,0.413301865083581
89,10,30,5,3,55,9,29,5.66415885048738,0.210864446581084
8,2,28,4,1,8,4,24,3.26095210524141,0.120386400380424
9,1,20,2,3,1,4,20,4.68563749598513,0.140116064809263
57,5,31,6,1,72,10,26,4.25259558725369,0.0310006152139977
18,3,28,5,1,77,9,26,5.94763184501509,0.0433143060654402
24,3,23,3,2,18,8,29,2.71463525071097,0.212117885461751
45,4,29,5,1,59,8,21,4.20388579096732,0.226451915911141
57,7,27,3,10,53,8,32,7.29620160241873,0.330865849031809
46,7,35,7,1,83,7,28,3.27783144506067,0.0225975781213492
19,3,24,4,1,8,6,31,3.54783366574623,0.413265171905464
3,3,21,4,6,17,5,28,4.81496732131005,0.510256498099721
34,3,29,3,1,23,8,28,9.80153807032796,0.317270830961618
76,7,29,4,2,57,9,34,2.2858000619976,0.596365864822799
8,1,23,1,6,25,8,26,6.61179672429955,0.251904037283773
51,3,33,2,1,85,11,29,4.50649147140055,0.079081742327009
52,3,30,2,1,24,10,28,8.03286077930563,0.561376585127944
61,5,28,5,1,43,10,26,5.19170334346902,0.311963948876339
70,7,37,4,1,97,9,31,6.26289560979045,0.371722029650715
89,9,28,4,5,52,8,31,1.92833918724754,0.478223210179663
54,7,33,4,2,75,7,33,3.26150992951406,0.192205980642441
36,2,30,3,1,73,11,31,3.48262393002585,0.0347220038529485
27,3,26,2,4,23,5,26,8.08089704164734,0.617731019357377
0,3,26,4,4,22,4,27,7.01164597597989,0.449627952810632
51,4,32,3,1,63,9,25,9.22774641876477,0.190458616696972
81,7,33,4,2,88,11,35,7.60775307497918,0.237990924845192
8,2,26,1,6,2,4,24,7.5641673484981,0.618229565644795
2,1,26,2,2,2,4,25,8.93373657636874,0.739167099776578
75,6,34,4,1,41,8,31,5.03005620349968,0.476721214657459
94,10,36,4,5,83,11,36,7.55994016447725,0.0875163414748386
62,5,33,5,1,87,10,31,3.73788035831059,0.0400021231528062
33,5,30,5,2,14,4,29,4.80887452154197,0.542025963278645
11,1,31,1,1,13,4,22,3.41092848887876,0.475462824550873
82,6,29,3,1,75,9,33,1.85557889053998,0.241402264673936
87,8,30,4,2,70,11,32,2.08267543240217,0.0123862170148641
64,5,37,1,4,58,9,25,4.28120886321499,0.254104488984424
65,6,31,5,1,42,9,31,2.43982613704425,0.183601313320257
98,6,32,5,1,97,12,30,3.16266506048928,0.101440497557633
49,4,31,2,1,18,6,28,7.91904956571197,1.06164294940637
80,6,30,3,1,41,9,35,1.97738110210357,0.479700128526843
68,6,26,6,1,20,7,28,3.68610004833034,1.21313973927969
93,9,32,5,1,95,11,34,0.559363848308932,0.0114701220279632
8,2,31,4,1,49,7,24,3.24641881658573,0.00546629342716187
74,5,28,3,1,59,13,32,3.7131921430327,0.087907979497686
16,3,28,2,5,2,3,28,9.70316615645845,0.749124710147167
11,2,29,4,1,10,3,22,3.56137638045265,0.187368998293507
76,9,33,3,3,47,6,34,4.60591403111842,0.261044687694612
29,3,26,3,3,17,6,22,2.97226168004919,0.113171458244324
3,1,25,2,4,31,6,22,6.55135854185161,0.138308349647559
18,4,22,4,2,0,4,29,4.45532365713939,0.826705655041051
54,4,31,3,1,36,9,31,8.3476988492838,1.36276328230376
14,3,27,3,2,12,5,32,10.5349393867416,1.32360331287705
95,7,31,6,1,85,11,26,-1.74860929963862,0.0651614124171949
12,4,26,4,4,5,4,26,4.37797736820347,0.181658417674455
61,4,31,3,1,59,10,29,4.64379424576715,0.0661275171441957
62,5,28,5,1,80,9,27,2.86287919493238,0.312726197753775
75,5,32,3,3,64,11,28,6.14603950795917,0.161401316290721
54,5,32,6,1,77,8,31,1.09478536030506,0.0523556952830404
35,6,35,6,1,43,7,32,4.88459626000938,0.0256010970159683
73,6,34,4,1,75,9,29,7.34768320208316,0.201228593206025
13,5,27,4,5,1,2,30,2.64090160597471,0.276382222354315
18,4,32,2,3,12,4,33,5.82858125823515,0.134577936376445
78,10,28,5,4,29,8,32,3.85870083867255,0.172184220165946
3,4,22,4,9,4,5,33,7.29323231313532,0.361225731649852
20,2,21,4,1,42,10,27,6.48327685064966,0.213515078769734
25,5,30,7,1,19,6,30,1.37134802063582,0.00106607231412599
0,4,23,4,8,0,2,27,5.2997846615341,0.503815067445344
95,10,35,6,1,97,12,46,7.74550844194094,0.0219883871031925
33,5,36,4,1,45,3,32,3.82906150778032,0.0992063238518313
96,5,35,1,1,74,14,37,3.19037523599152,0.324026747685789
8,3,26,5,1,24,5,25,4.13977699911632,0.246897336919254
2,0,23,4,1,15,5,18,1.70256606149412,0.092360013183787
25,3,30,5,1,21,5,24,3.80829334403078,0.0946251208745997
94,11,32,6,1,62,7,34,1.60366559461453,0.127442284720019
20,2,29,3,1,63,8,27,8.67966165504468,0.449358345230957
30,4,30,3,4,70,9,32,6.88416070338875,0.085453145338717
56,7,34,5,1,76,7,35,2.57920730853742,0.0294707083289206
79,4,26,5,1,64,12,29,1.70858341672346,0.0548829401377589
68,4,30,2,3,45,12,30,4.39835860297621,0.0662679121596739
2,0,29,2,2,32,8,28,13.6823751872682,0.0592525654938072
93,7,35,5,1,98,15,39,4.63018079703018,0.143877345753274
80,6,33,5,1,88,10,28,6.29960647205967,0.329385880370367
30,3,23,5,1,59,11,32,3.51312800069208,0.00206104388944845
70,4,34,4,1,86,10,29,8.19084662729882,0.176059823705557
62,4,35,3,2,93,14,34,5.72224952790548,0.0804377845488489
52,5,29,3,2,30,9,36,10.1655372494258,0.509068398249751
39,3,31,4,1,67,9,29,7.04461551746283,0.330161789887327
46,5,29,2,2,35,6,34,6.11973282961861,0.38906407447294
71,5,32,5,1,89,13,34,9.21239688350275,0.10738871328067
18,2,28,4,1,69,10,26,4.47950935836574,0.0470727146979345
95,9,39,3,1,64,8,36,5.10322591083128,0.440437322637737
24,4,31,6,1,22,5,26,2.54290079295419,0.0441891291782492
41,2,34,1,2,44,10,28,12.0558012856335,0.516298398354507
82,7,35,6,1,84,12,30,2.16293893249856,0.049765640636906
28,3,33,3,1,22,5,25,11.8744836273962,0.497753006385124
26,3,24,2,5,3,6,30,9.50616557728814,0.319521618996489
26,4,25,3,5,3,4,32,9.56817068840906,0.493898531866676
91,7,37,5,1,98,13,32,3.90936617491186,0.06357769090175
31,2,32,2,1,33,9,30,7.99410178072382,0.0487056906264896
76,5,27,3,1,63,11,33,6.36919247995313,1.61875581312786
40,5,28,3,5,5,5,31,4.89634118185192,0.115923659177497
38,3,29,1,2,14,5,24,4.27154329027867,0.818408830049348
83,6,33,3,1,49,8,28,0.989811702391973,0.236533542618829
8,2,23,5,1,19,6,21,4.02846131635348,0.41834169667404
60,6,29,6,1,74,9,35,2.32064379435307,0.0396079713273021
6,4,30,4,5,25,5,34,6.83159901798436,0.0355320876872331
62,4,28,1,2,28,8,29,10.9236993086314,0.888420355919391
36,6,33,7,1,80,7,35,6.96980186466981,0.0318507496267557
48,5,33,4,1,33,5,29,8.98530070746554,0.301327335172075
9,2,20,3,3,0,6,24,3.7623989335715,0.685949545787805
92,9,40,6,1,98,14,34,3.64938253715584,0.0278636520659344
51,3,27,2,1,10,7,26,1.28853615751111,0.459702605138819
42,6,28,3,4,20,6,40,9.28201048939247,0.36562574606151
68,6,30,4,1,59,9,35,4.70140632883606,0.198983163096684
16,3,29,5,1,16,4,24,4.79714812949712,0.0633497686152388
17,3,23,4,5,24,9,30,4.70172897946707,0.0517324833199382
11,4,31,3,3,1,2,30,8.85313694977301,0.338882649772543
44,2,22,3,1,5,7,27,4.83649290411563,0.525007285611862
42,3,35,4,1,75,11,30,4.62033639207718,0.135869961814024
46,4,26,5,1,65,10,29,7.65262063500516,0.0593373429617082
76,6,31,5,1,84,10,25,-0.879731586808529,0.0944963373476639
37,6,29,6,1,20,4,24,6.88063287419261,0.229525983323085
39,5,36,5,1,84,7,30,6.15049781919321,0.0223243612720469
85,6,28,4,1,67,14,27,2.15999125217423,0.26282531650618
62,7,37,4,2,76,9,35,6.02272042688565,0.341723207606676
83,9,28,8,1,94,10,29,-2.94856650380047,0.0123560564825311
53,6,30,3,2,10,3,29,7.51026455826178,1.12317882937597
30,5,32,4,2,8,2,26,1.6013313352369,0.738158956128073
19,2,25,5,1,17,7,20,2.25358810174293,0.0342037811642513
80,8,41,5,1,92,9,37,1.0263433439178,0.0043803530279547
12,4,32,5,1,51,5,30,9.35879220380107,0.202334393646109
59,4,32,2,3,70,10,28,4.18582297784643,0.159610183211043
57,3,31,2,1,32,7,24,5.43590574311507,1.11838955891536
29,3,26,4,3,51,9,31,4.21165484671786,0.0233879642607992
81,9,29,7,1,44,7,29,3.76501947614963,0.218498191172228
71,7,27,5,2,38,8,33,1.44917171916249,0.0234650240934223
7,2,24,3,1,21,7,31,6.03471157861001,0.0304840854369104
24,3,30,4,1,57,7,29,5.69888307050919,0.143916554865427
38,5,30,5,2,27,4,21,2.31744689188303,0.499381347538388
9,4,29,6,1,49,7,32,7.16507191557861,0.0101165254600346
78,5,28,4,1,89,15,33,1.25336087527691,0.0186490679077833
14,4,28,3,3,8,4,32,6.18722405467515,0.123158305650577
46,4,31,5,1,68,7,22,1.73151600392214,0.116343095083721
65,6,26,6,1,82,11,36,3.1378805524151,0.0341532422462478
94,7,29,4,1,86,10,33,3.70692078793561,0.676750360490912
21,3,29,3,3,24,8,31,8.75491899651226,0.476481530328697
76,9,27,4,2,44,7,36,-0.736772539742794,0.405972872374064
6,2,31,4,1,13,6,30,7.07933560647466,0.0332515389891341
8,1,31,4,1,27,7,28,8.86627713521672,0.225444369960693
15,2,27,2,6,38,8,29,6.98002779740574,0.60430388289147
91,8,34,4,1,91,13,45,8.42101146764991,0.370776165721423
29,2,27,3,1,21,6,19,4.63941708760686,0.489719342419362
97,8,34,6,1,99,14,38,5.70734768329045,0.0634501502441843
32,4,30,5,1,40,6,25,4.95154764661764,0.363686552250242
62,5,34,2,2,51,7,28,4.57903562060689,0.457585472592568
55,5,29,6,1,66,8,27,4.35628533930495,0.382196566534644
43,3,32,3,1,70,11,28,6.56697232498233,0.0541295755303338
22,2,33,1,1,4,3,25,7.80455539165992,1.48121144986692
19,3,34,5,2,69,6,25,7.24388039164389,0.0510682616150007
48,7,36,5,1,40,6,35,5.31092765527959,0.0368773851722624
70,4,30,4,1,76,11,27,4.61069547083878,0.0521623034728691
34,6,33,4,5,24,5,31,10.1990766271272,0.225677501865405
34,2,32,2,2,51,9,28,6.25742954594862,0.0303314030170441
5,2,25,5,1,14,7,26,4.38908042458851,0.0139482511440292
31,3,33,5,1,71,8,24,8.23632050813971,0.0376884224486651
49,5,32,6,1,93,12,35,3.62265362289873,1.48521503433585e-05
93,6,39,5,1,99,12,30,3.18566909443516,0.154602499795146
35,6,33,5,1,13,3,31,6.67778357082006,0.193370505225587
56,3,34,4,1,70,8,24,6.13740427673349,0.329345120106566
7,4,31,6,1,13,3,29,2.11833797356096,0.0207993996380834
32,2,28,1,4,31,10,29,8.40647397176655,0.498017429818815
20,2,28,4,1,27,7,26,5.16933873405507,0.0796668719778355
46,7,33,6,1,83,6,33,0.756634870486492,0.0235253701684996
70,4,32,5,1,91,12,32,8.92438630162852,0.145133139682002
60,4,31,3,1,44,7,31,4.28993429194857,0.171009608078748
39,6,26,5,3,57,6,27,0.207182360293853,0.00499889405909926
65,6,38,6,1,97,12,33,6.39691498923746,0.0117291588712599
69,4,30,2,1,37,10,29,4.54367500318805,0.0597653283039108
33,4,28,2,7,37,6,27,7.00924218158348,0.726316861766291
90,6,31,4,1,51,11,34,5.13483898393543,0.349853565895414
33,5,24,4,8,26,6,25,2.82956218143494,0.222935070831752
6,3,22,3,5,0,3,23,6.11514535695993,0.518540047088123
7,3,25,4,1,3,5,27,4.2973029317576,0.0755407453980297
78,8,44,4,1,75,9,31,6.04482192170102,0.333866410179737
7,3,31,3,7,30,5,26,6.61867474000225,0.427006876089622
41,3,30,4,1,80,11,28,5.71711240303984,0.185565701908174
83,7,29,3,1,26,9,33,5.16835614212158,1.73760973931032
18,4,28,4,4,32,4,31,6.1845119770752,0.1549033181509
72,4,31,5,1,65,10,29,7.84367672680956,0.383415105731642
44,5,29,3,10,56,7,27,6.41335815671976,0.665344464381985
48,6,25,4,3,36,6,34,5.5941143599277,0.969742556515724
37,2,28,4,1,73,10,31,6.69838774665958,0.080580173005945
13,4,28,5,2,6,2,22,-0.482028747895292,0.0558584163663909
14,2,22,3,2,20,9,23,2.20398086378677,0.0501102640992031
56,7,32,4,3,75,10,40,6.41982715049268,0.0166923468121003
6,1,29,2,1,19,7,30,5.65320136128339,0.281675870752636
32,5,34,4,3,48,7,27,4.39941380653975,0.259463415703479
92,10,32,4,6,87,10,35,4.58019884034205,0.0842689063865776
10,3,24,3,5,1,5,23,2.23296544493821,0.119565562743256
93,7,34,2,1,85,10,40,10.0337788535571,0.366848194019353
37,3,22,4,1,17,6,20,4.33602438013902,1.05081004363703
92,6,36,4,1,73,11,34,3.479142636271,0.0490308720071254
41,6,34,3,2,12,3,31,2.27009012312917,0.346463385027576
63,3,36,3,1,94,10,30,3.25004030102379,0.144580559339374
5,3,31,5,1,17,3,24,3.69746141727253,0.102217206382193
17,2,31,3,1,49,5,28,4.44199363096638,0.0882820470724255
86,5,35,4,1,91,11,25,1.49391548311658,0.181751047127866
10,4,25,5,1,0,4,31,2.48749736843164,0.232126888110045
1,1,29,2,2,39,8,30,7.25266428073,0.078048795927316
47,4,28,4,1,50,9,28,5.28765906990303,0.100632110494189
26,2,22,2,5,3,6,24,6.19568092463933,0.290807806410569
22,4,32,3,3,20,6,33,8.35873127826313,0.0529924790953623
30,2,26,1,8,46,11,32,12.1266103679052,0.21365385648573
66,5,29,5,1,76,9,24,-0.798298151314485,0.0329619706837613
23,3,24,2,3,17,5,30,8.79065911890402,0.559436005043024
54,4,29,4,1,48,10,31,6.88467430303671,0.200753946545276
49,4,34,1,4,71,8,25,7.10934122172979,0.372155240496218
50,6,25,7,1,55,8,27,0.915341499738368,0.0128319839714095
8,2,29,2,1,3,4,24,7.00925101600995,0.335285054742101
21,4,31,3,7,23,5,32,8.23227526488492,0.146338157355785
76,8,45,5,1,98,11,32,1.48735052332458,0.00897843768630846
55,4,36,1,2,29,7,30,6.65885893458483,0.396369090748435
29,2,32,3,2,55,8,24,7.13419347210542,0.047677205008758
67,8,26,5,1,31,7,33,3.34022811017566,0.559738758454257
95,6,33,2,1,63,9,33,6.25783739052686,0.57834144156406
31,5,34,5,1,74,9,34,4.00222641922433,0.000869863648876658
31,5,26,4,3,16,4,27,6.55190312962864,0.824290724429202
56,4,32,3,1,76,9,32,10.9561428574566,0.251478676208037
16,3,21,3,3,0,5,28,5.16569220038825,0.89619015664199
33,3,27,5,1,24,8,33,7.90310588927702,0.0590720943873748
67,4,27,4,1,70,11,27,4.36585289841344,0.0810171431746998
45,6,37,4,1,43,6,39,10.6529365181714,0.227568450054619
72,5,32,2,5,90,11,31,9.1690567973666,0.346903863991083
0,3,28,6,1,24,5,28,4.19718069177594,0.0245279881150334
78,6,39,3,3,96,11,32,7.88567185664294,0.0849197893403471
57,4,27,4,1,44,9,28,4.76547585470005,0.993256167921812
47,5,27,5,2,44,8,26,-0.520953967105222,0.0606072755763307
21,5,26,4,4,12,3,30,5.38700543811413,1.36732250118727
48,5,31,4,3,66,9,34,10.5067777301682,0.141443273518234
6,1,28,1,3,9,5,20,6.96865732759684,0.0587346305837855
63,4,27,5,1,81,11,21,4.06653413058025,0.543238373907441
22,5,29,7,1,31,5,28,3.94641520133328,0.251635902632899
46,4,30,3,1,34,8,26,4.04346141728508,0.271690807993266
94,8,29,5,1,55,10,31,1.72414356930344,0.711761951017794
43,4,35,5,1,70,7,25,3.17914523504741,0.0370142826577649
74,5,32,4,1,95,15,32,8.2749212751058,0.0458366217790172
73,7,27,5,2,54,9,32,6.04121782869226,0.56929541515761
33,5,36,4,4,50,7,34,3.54427065708221,0.0175579495262355
81,10,37,6,1,71,9,42,5.9690175909016,0.060308798472426
97,9,35,6,1,95,11,34,3.11944314019434,0.00995720166247338
80,5,32,4,1,97,15,33,3.72785791447051,0.00229453616836415
51,6,29,5,2,58,9,33,6.90035849749528,0.206462366402349
54,7,32,5,2,57,6,25,4.44555943355235,0.397759662454432
41,4,33,3,1,71,8,30,3.00443862187025,0.0419003580775012
76,9,35,4,2,69,6,37,6.02318349023294,0.611588789584273
73,6,36,2,2,52,7,27,4.97956040075796,0.759245611116344
1,4,32,6,2,69,7,29,4.59163970684395,0.00613993374544789
61,7,28,4,5,70,8,31,3.52074639604548,0.544901565741795
87,5,38,3,1,95,13,37,5.94771065022775,0.0528454027951331
92,7,33,5,1,77,11,32,4.8684373970299,0.199697060732845
65,7,26,6,1,68,11,37,5.81081761560818,0.272113218006888
21,2,23,2,1,4,6,27,6.76877692080427,0.297332369095712
35,4,30,3,4,29,5,23,2.23458651450382,0.138249030903795
4,2,17,2,5,0,3,26,10.2012228248827,1.2662380183952
90,5,37,4,1,78,10,28,7.58177467199364,0.521879695790047
78,5,29,2,2,66,10,24,1.17974221675535,0.586396007042069
44,5,33,4,3,73,10,33,8.11174884357371,0.0883947646943852
10,2,30,5,1,61,7,23,2.70447599551147,0.0176287444628495
85,6,31,3,2,28,7,28,8.03373291245897,1.21468089187617
16,4,32,5,1,42,6,31,4.64510097803174,0.163081547361799
43,4,23,3,4,11,5,27,8.25465090812152,0.7718482490842
54,5,32,6,1,85,9,34,7.99580348982878,0.072812877362594
86,7,33,5,1,91,11,38,5.40806775483176,0.254000889825377
54,6,33,4,1,45,7,36,6.22128596109849,0.537569922006545
73,6,32,3,4,78,11,32,7.28433381076646,0.119231562595814
10,2,19,3,4,7,7,25,4.29541477997151,0.537473029891187
38,4,31,4,1,64,10,32,8.67834928923426,0.0553273849654943
60,4,32,4,1,71,10,23,1.76707405102988,0.150417962344363
71,4,25,4,1,48,11,29,-0.247647524445941,0.112930609844625
3,3,30,5,1,45,4,31,1.79689963007241,0.02937753484
1,4,25,4,5,17,3,25,4.66171574351741,0.384178502929813
24,2,31,3,1,67,9,29,9.29694046160177,0.66912743910172
45,5,31,3,3,37,6,33,7.30432310106386,0.26402453155443
36,5,27,3,9,12,6,28,6.59397063473124,0.730105483862472
29,5,35,4,1,21,5,35,5.45158857085085,0.0521037640397094
52,5,25,5,2,69,11,26,0.400303484992437,0.0398374834263556
5,4,27,6,2,44,4,25,-0.819050968421157,0.0269921995932236
45,5,32,6,1,71,7,27,2.11471230369312,0.022357528173376
56,7,35,5,2,87,10,33,3.84988941984878,0.0713720475323498
57,4,29,3,1,25,8,27,8.08321787650865,0.73903703228196
84,9,33,5,3,71,9,30,6.49325443104573,0.0859100477963414
13,4,28,6,2,37,4,24,4.09101716499826,0.115424720510165
71,6,29,5,1,69,9,30,5.63023078233331,0.215591257660392
88,5,39,3,1,87,13,32,2.45939824869109,0.0339026862056926
52,6,26,4,2,22,5,32,4.4453040031982,0.630492648543948
71,9,35,5,2,81,8,30,2.01489435281364,0.0132235715864226
34,5,30,3,8,10,5,26,2.58694162242851,0.169827257748693
92,10,36,5,1,68,7,32,-0.21907976599713,0.175203171781007
56,4,35,3,1,65,8,27,7.62199376034697,0.126523698563688
21,3,29,5,1,33,7,26,0.975580343989591,0.0784089805092663
64,5,34,3,1,40,9,35,9.71259434201087,0.327464808932248
74,6,35,3,1,29,6,29,6.62737461481311,1.53095414853635
87,9,33,5,2,96,13,36,0.662222024690909,0.00180431296829738
24,3,25,5,1,58,9,24,1.86172207279818,0.0291560382139574
23,4,31,4,4,57,7,29,4.18000815954978,0.00448267420092782
2,2,20,5,1,39,5,23,3.47015137961944,0.144837209722027
47,6,27,5,1,19,5,25,3.16490464125557,0.0970925155561417
28,3,32,1,4,5,5,30,5.43841432035112,0.203106739176484
27,4,34,5,1,24,6,28,2.2075318760073,0.091755818692036
29,4,26,4,1,36,6,33,3.3754197394098,0.141636824817397
95,7,26,3,2,83,14,37,4.02733579372773,0.130114366766065
71,5,36,5,1,93,9,27,-0.0315572189592093,0.0544333052821457
2,2,19,3,5,1,3,24,8.90604103666323,0.515438631155944
75,6,29,2,5,41,9,30,6.15503584199836,0.116314343758859
70,7,33,6,1,55,6,26,-0.220195148161713,0.117972030653618
35,6,32,4,3,21,4,30,6.34328587637495,0.189493657079268
67,4,32,3,1,88,12,29,5.36003933221047,0.137330692843534
31,4,30,5,1,33,6,26,5.69344970202426,0.0458792695675832
58,5,33,5,1,93,11,33,6.86489781873801,0.279532199249345
19,3,24,5,1,10,4,20,1.47614334152743,0.451333572601384
17,3,30,5,1,78,9,28,7.23899662158396,0.0876502493629232
99,9,37,5,1,89,10,30,1.86027326457016,0.10185150085557
72,4,36,2,1,90,14,33,6.82389561584714,0.0992414411232349
45,6,33,4,3,26,6,34,3.60638795703974,0.103881552233361
32,2,33,3,1,33,8,24,3.27043351794121,0.140843751840293
32,5,33,6,1,77,7,30,4.52867530534082,0.0478329968173057
68,6,35,2,2,39,7,30,6.48023656867606,0.364573989413628
11,2,19,3,5,41,10,29,5.51250199237217,0.0662843368700288
84,5,29,5,1,87,13,33,7.3640393613605,0.227196020126276
97,6,35,5,1,99,18,32,4.01761991858149,0.0353748950874433
97,12,35,4,3,91,9,35,3.36325960547562,0.0361113569317206
21,2,29,2,2,12,5,26,9.26863377208397,0.99945103511551
54,3,31,3,1,26,8,30,5.37287881715051,0.418920974226153
12,2,30,2,1,51,8,32,11.8651424844038,0.448009616208679
63,4,30,3,1,66,10,25,2.55049333472103,0.0329862338257954
91,8,34,4,1,73,8,32,6.1835766163948,0.46755940558151
42,6,25,4,7,12,6,27,3.2190598819693,0.441294896395362
49,7,30,6,2,55,7,29,4.79480917573639,0.181425148467579
4,4,32,4,6,7,4,29,6.20076687351348,0.0258140884106979
21,4,29,3,9,26,6,30,6.13257917169666,0.0335332620581536
21,2,27,0,6,28,10,28,8.96703434320845,0.268032924940798
88,6,33,3,1,88,12,36,4.27438298279283,0.306672127906907
74,6,41,2,2,80,8,33,4.45828221303279,0.0697424918180332
19,4,30,6,1,27,6,27,4.9932370179595,0.0550011124686117
73,6,27,4,1,44,9,35,6.20381198648634,0.593559671048542
63,6,35,4,1,68,8,31,3.83136298463073,0.201576866897497
90,7,31,6,1,82,12,30,1.24399263970608,0.278220339900556
22,3,24,2,9,2,4,22,6.01623484370013,0.988965900124569
44,4,30,3,3,28,6,30,3.37155117742905,0.0804716690909117
16,3,33,4,1,48,5,22,6.68478779234015,0.131249880534597
34,5,32,4,2,69,8,32,6.69317512602065,0.205797228801894
37,4,33,2,2,9,5,31,10.3023076762103,1.72585153151165
41,5,29,5,3,31,7,23,0.382703681959415,0.138722593994893
30,5,29,5,2,6,4,32,9.10069758474633,0.39250178307057
12,3,29,4,2,59,6,24,3.90171642700205,0.176599660412151
41,6,31,6,1,52,5,32,1.84704184901207,0.0759181418138052
80,8,30,4,2,81,12,42,5.36612997403729,0.0266176147852093
29,5,24,3,5,0,4,31,7.73687984045848,0.984685340378076
21,3,30,3,2,5,5,28,5.44874828623719,0.213517551299858
53,3,30,3,1,61,7,26,1.01280870999504,0.138535876758397
38,3,25,4,1,13,8,28,5.77649666964582,0.295106401423666
73,8,34,5,1,86,9,31,2.32215265554029,0.0228782078484073
57,5,35,5,1,94,10,30,5.64507483872794,0.0233810901895959
75,9,31,4,8,44,10,33,5.2201529626602,0.246680021479218
0,2,25,3,1,2,3,26,4.13013995004579,0.862874254542303
94,7,34,6,1,97,14,40,8.18554127862184,0.0977762410184368
35,4,32,3,2,15,5,28,6.83116086381878,0.172293397248723
3,3,21,6,1,15,5,22,4.35909081991295,0.318893232174037
19,5,23,4,7,1,3,25,3.19506135152235,0.749751707496953
23,3,25,1,2,5,5,31,7.75524218363148,0.927213100198299
40,3,34,1,2,23,7,27,5.45733534480259,0.431169319411224
68,7,29,4,6,47,9,31,6.69147187237543,0.307311865956265
35,5,32,4,5,31,7,27,2.34655201960081,0.01637231442146
76,5,32,3,1,76,14,31,4.35941861548807,0.0739504332887009
6,2,16,3,4,2,4,19,4.06902878294968,0.485177832634604
2,3,23,3,13,3,3,22,5.7960741157112,0.935744782391578
75,7,30,6,1,48,8,29,5.70773869065101,0.584769157195622
54,7,29,7,2,43,8,32,4.7942531241402,0.139084820286371
9,4,28,4,7,20,6,30,4.6956724430368,0.106680744211189
28,2,30,2,2,47,7,30,7.23512296313897,0.155790980090387
67,5,30,3,2,67,12,34,4.23043767048252,0.0866822666721418
38,5,30,2,2,25,7,37,6.13684389126302,0.620295986035997
31,5,24,4,2,4,4,28,1.49336999798584,0.614793510610396
65,8,32,5,2,38,6,30,6.19674666230124,0.307262441831383
64,7,34,3,3,78,11,38,4.55098364676509,0.0892219736963264
36,2,27,2,1,22,7,30,7.38126249192883,0.394978501347309
17,4,31,4,4,39,7,30,3.31700100865639,0.0139524493762786
75,4,26,5,1,54,11,26,6.92044563209636,0.445003809386349
15,5,31,5,3,49,5,31,1.23251617285859,0.028033284470439
64,4,26,5,1,73,11,26,2.75166320848469,0.203010239860717
85,7,29,5,1,86,13,36,4.12559770550429,0.0199744535192599
24,2,29,4,1,13,6,23,1.12836424169667,0.217114561630005
57,4,28,5,1,75,12,32,1.97359772577085,0.043476278601802
67,5,33,2,1,21,8,32,6.91901228642738,0.500524464973664
44,6,25,6,1,49,6,29,-0.872041517289922,0.115218391617289
57,6,36,4,1,86,7,34,7.33425259808422,0.0763011611589448
56,4,36,4,1,64,9,31,1.94997532236489,0.0693839227315038
73,8,37,7,1,75,8,30,-0.182210934400449,0.0204031901666895
11,2,28,2,1,3,4,27,4.89487863620543,0.373147917446408
45,5,34,5,1,43,7,34,6.51474559068861,0.481527857461429
23,2,25,3,1,8,4,24,6.88924407578906,0.522723451972666
48,5,24,5,1,71,11,31,5.65823106796291,0.21337755219796
72,4,37,3,1,66,8,29,3.16939566660598,0.133390616509132
77,6,39,3,1,52,8,29,2.24450711995074,0.330065595674071
67,6,29,6,1,81,9,31,1.0035534795451,0.236632825796235
16,5,25,6,3,15,4,22,1.11450480332026,0.147810108959675
30,5,35,5,1,74,6,27,4.92492262357655,0.0729740440146998
5,4,22,6,1,1,2,24,4.97330093186292,0.404286654601235
1,1,22,2,1,9,5,29,9.91396794494819,0.282090162847865
67,6,38,5,1,80,8,27,0.258472005595356,0.0222232671243343
6,2,32,4,1,50,7,28,11.2377300675213,0.0738034155219793
30,4,24,4,1,16,4,27,4.00265416501145,0.349716727600849
72,7,33,3,7,42,8,28,3.18464927540806,0.0973061366239563
85,9,28,8,1,84,14,33,3.00696711209772,0.0477238381920122
47,6,35,5,1,41,5,32,0.482614908393589,0.0912384494562043
85,5,28,4,1,70,13,24,-0.524845808759453,0.0403915274655446
30,3,31,1,2,31,7,32,9.05029372938626,0.71621607867479
99,9,33,6,1,98,15,34,5.36270368643371,0.024182810375324
14,3,33,4,2,34,5,21,5.86608036018462,0.490405797006047
23,5,23,6,1,5,4,26,-0.552827994503605,0.0572912242827588
92,6,28,3,3,83,15,40,8.48172756035809,0.459044811202202
55,4,31,5,1,76,10,29,3.80212237694219,0.108748620375991
64,8,27,8,1,29,6,31,-0.828020903513358,0.0555310626649343
28,5,26,6,1,10,3,27,1.01335756216761,0.389694571196864
25,4,23,6,1,66,10,29,1.25256785201413,0.000838555744849145
11,4,24,3,15,9,6,32,8.46506473532429,0.464189258383072
98,8,34,4,1,88,10,30,0.199869878518356,0.109390170267338
75,6,37,6,1,98,14,39,8.02647086407823,0.100667300634086
48,5,35,2,3,36,8,33,9.00108354086055,0.0926929749548435
43,3,29,1,4,55,10,31,4.17481822822308,0.112288748146966
6,2,22,5,1,3,6,24,4.62580941632065,0.405663650461888
1,0,23,3,1,1,4,19,6.96112504520793,0.892825202932572
87,9,28,7,1,77,12,32,3.13890797978671,0.147502935025841
10,4,32,5,3,43,5,30,5.89448519923735,0.12011007941328
92,10,30,6,1,90,10,37,5.91166083905322,0.295006264714785
14,2,28,2,3,50,9,25,4.57430974355934,0.0839677781332284
30,5,25,4,6,12,4,31,4.93568087792479,0.255886738410893
23,4,27,3,2,15,4,28,7.35275821104106,0.703199863391829
59,4,36,3,1,89,14,34,9.02042735283571,0.0137815407942981
59,5,30,5,1,91,12,32,6.54745645941814,0.0770768893416971
62,4,31,2,1,63,10,37,6.95608895119472,0.195324581338766
96,9,33,5,1,91,12,35,1.04247503724737,0.151345421676524
28,4,30,4,1,15,5,31,6.75785691669371,0.132552330731414
26,2,31,3,2,31,8,24,9.85994025554174,0.423129505456841
81,6,36,3,2,91,12,33,2.54692991398757,0.0430687053193079
25,4,30,3,2,11,6,32,6.58717489569957,0.255149439432401
62,5,35,3,2,85,11,35,8.19660105701757,0.0185405526713451
74,5,34,5,1,83,15,30,3.72036161124222,0.0180362794781104
14,3,25,3,6,20,6,24,6.10561658248485,0.128594562760554
0,1,22,5,1,22,7,24,8.27394802854595,0.443733089410946
95,10,34,4,3,82,12,41,0.808559896316449,0.0347845487438449
31,4,28,3,6,28,7,25,6.40411162080465,0.400864034714759
74,8,28,3,6,39,7,30,2.21143471440372,0.392443904166526
35,4,34,2,8,63,9,32,3.86628630888749,0.0728976153768599
44,5,28,6,1,68,7,31,4.75630244729308,0.590546403514379
17,4,25,4,6,3,5,28,8.37915276822731,0.270981225640255
8,1,19,4,1,3,6,24,2.04394126649448,0.151620477307164
52,3,30,4,1,45,11,25,2.605200187785,0.121541659580544
80,7,30,3,3,71,12,35,5.84098002428087,0.069891595787322
58,6,30,5,1,43,7,27,-0.333402288487022,0.13173749903217
33,4,32,5,1,72,7,28,1.52785002948367,0.0154491113498807
85,9,30,4,7,55,11,36,5.02805552952782,0.0826253042323515
86,6,28,5,1,90,13,33,1.50353664587936,0.105676748324186
55,4,33,4,1,73,12,29,7.80503881053475,0.116177805815823
93,10,46,6,1,99,15,40,2.93858777753413,0.000502218207396177
19,3,27,2,2,0,2,27,5.09050647333995,0.45596054473654
4,3,32,3,5,30,5,33,10.7970329218695,0.109963551396504
4,4,27,6,1,43,6,36,9.59222663102356,0.0289993413025513
23,4,33,4,2,22,6,31,7.87705262901877,0.369812326019114
62,6,26,6,1,73,7,29,-0.45895201918497,0.297249404919437
80,7,29,5,2,59,10,26,2.44860878106553,0.0577835362602371
71,8,27,6,1,70,8,35,1.81472663131815,0.318545464415777
55,7,27,6,1,67,7,30,-2.19524630728593,0.0396141273522712
95,9,33,4,5,91,14,36,6.89271706854362,0.353946042619809
83,9,40,4,4,97,11,38,5.07184578696395,0.0167038379004225
63,5,31,4,1,75,9,31,2.84624177857973,0.329376681930128
74,7,38,6,1,99,10,31,5.28239055703452,0.0599271778992646
7,4,31,4,3,5,2,26,2.48547755149516,0.16302829911001
18,2,32,3,1,11,6,28,6.80190586469105,0.0862875229213387
73,7,34,6,1,83,11,37,7.26618721757713,0.117881745449267
26,3,24,5,1,18,5,24,4.87998171769049,0.637276897641057
88,10,39,8,1,81,7,31,-0.804273840073873,0.00283500231055074
5,2,21,4,1,22,7,31,3.1669070060063,0.0302048888768606
98,6,33,3,1,83,14,36,7.05474738398791,0.698103096294117
72,4,34,2,1,82,13,33,6.89175457496651,0.143568819505163
41,3,34,4,1,65,7,28,3.07187177818977,0.137791246408597
46,5,31,6,1,68,8,33,9.08695816639425,0.141256089671515
43,6,31,6,1,59,6,31,0.27460778051373,0.086287290090695
60,6,29,7,1,62,9,30,5.42319781891489,0.156905176932923
17,2,24,1,2,8,7,28,13.9251606250702,0.595636222014362
40,4,36,4,1,37,7,30,7.9521071340546,0.534146706076497
97,6,33,2,1,86,12,34,3.52721721815042,0.449025368709416
67,5,28,5,1,62,11,28,0.442215879689527,0.113800031132996
70,7,29,7,1,82,9,27,1.25696193626046,0.160158139653504
17,3,24,5,1,3,3,25,1.82021862286006,0.142622718238272
53,3,28,2,1,31,10,32,4.30853840956081,0.265233446411321
38,6,32,7,1,70,7,31,6.78077457529119,0.0258203527191654
6,4,24,5,1,17,4,34,9.2513490378513,0.361222617772824
62,8,26,7,1,32,9,32,2.66699603435816,0.530655830601388
97,5,37,3,1,91,13,34,4.61017896475433,0.0407633107388392
86,7,30,3,7,89,14,37,5.13086394378851,0.353045240082703
62,8,30,6,1,39,8,36,3.07621049464601,0.0527289813617244
56,6,35,4,2,86,9,35,6.8599704083338,0.154041218571365
56,7,33,4,6,38,7,32,7.20244678637285,0.0997624938322338
57,7,30,5,4,78,7,31,1.64707526962535,0.0376842647846547
10,3,22,3,5,12,4,29,6.38606995501281,0.291922542954537
54,6,30,4,3,60,7,24,0.192195258389543,0.178826242074736
70,5,32,2,1,50,9,32,9.09982418057809,0.660781864511007
35,3,26,2,2,7,5,26,6.85099885127069,0.417898123131549
21,3,32,4,2,78,7,24,3.1325518190241,0.00748614175245166
61,5,36,2,2,90,12,37,11.812259590736,0.0864779489347711
48,4,30,4,1,73,11,34,7.65262513048354,0.150012219906785
22,3,26,5,1,35,6,25,2.06366839528419,0.227221275083652
32,2,22,3,1,30,7,29,3.70804163944689,0.0946689230622724
58,4,36,3,1,91,11,34,7.37053150066252,0.0369411271531135
42,3,27,2,3,58,10,33,5.42812414014815,0.0778340859105811
88,5,29,3,1,58,10,24,4.91353619366145,0.920386706892044
22,3,28,2,5,16,8,28,5.45577719447846,0.16561758168973
80,9,32,6,1,89,8,32,3.99537390431498,0.0547519271494821
58,3,24,2,4,21,9,21,3.98822044614749,0.855539521160436
7,4,26,6,1,21,4,27,0.469353538855059,0.101604865049012
29,3,28,5,1,68,10,29,1.82370279900541,0.010797103631035
95,6,30,6,1,97,15,35,2.56509514850856,0.0728974248049781
34,3,29,1,5,26,9,32,8.2669621978087,0.0711088017560542
3,1,22,3,1,4,6,26,7.32842530398481,0.143670327728614
3,4,32,3,4,0,2,32,5.99887297038863,0.102600887534209
46,5,31,3,6,69,8,31,5.80046120831902,0.183748049620732
37,3,29,2,3,26,6,23,9.51309759267872,0.283274705045599
82,5,29,4,1,66,11,27,-0.42909737731156,0.192313707957356
0,2,30,4,1,5,2,26,7.03925310555194,0.252612063309307
37,5,27,4,9,68,7,31,4.49670722397694,0.0427856197572297
0,3,33,2,2,6,3,36,7.00183335171571,0.0547989785602363
75,8,38,4,2,62,8,32,4.39762680611317,0.16184426646214
1,4,28,4,3,3,3,33,5.86344712729449,0.0223229236435145
61,7,37,6,1,97,9,30,0.925484410346658,0.0102370207896456
46,4,33,1,4,35,7,27,11.2930061241888,0.407395588213062
37,5,29,4,2,26,7,33,8.53348642234899,0.224467188575047
19,5,24,6,3,7,5,26,2.74529317870572,0.0383801487041637
19,3,31,2,2,46,6,31,11.0839478587082,0.93964992970565
55,7,37,7,1,92,9,31,5.60433182606866,0.0154391711850933
34,5,33,4,2,76,8,35,9.16431916191677,0.0511090432580821
93,6,30,3,3,65,14,32,3.93178819242257,0.516694919185197
86,8,32,3,3,36,8,32,1.45597315445008,0.128241606173106
88,7,37,5,1,80,9,31,5.06439944649416,0.239191368677396
77,8,28,5,1,83,9,33,-0.334226911593903,0.0182436406612396
2,3,28,3,7,34,6,32,6.60827569801336,0.275719122950661
69,6,37,5,1,97,13,38,10.1601520098959,0.0261590736918151
89,5,39,3,1,93,12,30,5.37030982462694,0.01354248806656
98,7,29,2,1,59,9,34,4.07562607227371,1.0273822149668
59,7,30,7,1,97,11,33,2.29690627699163,0.00119064508491347
47,3,35,4,1,90,9,24,7.53079531998418,0.513433669207102
82,9,38,4,1,94,11,41,2.53888130780783,0.065325031176069
77,6,33,4,1,79,9,34,7.30581439873875,0.441804707029319
39,3,25,4,1,37,7,26,7.5169497841741,0.80285918708415
75,6,37,4,1,81,9,31,4.53058844001164,0.21105470204607
20,4,30,4,3,36,6,31,6.32610923362477,0.0376538280397654
7,4,28,6,1,26,4,31,5.28248507363944,0.0665348112815991
69,5,33,4,1,74,10,32,7.40178469046077,0.258754841077852
68,5,27,4,1,59,11,33,3.61086729353556,0.0231658491636252
85,7,30,4,2,50,11,31,0.0486244669435134,0.153275282355025
86,5,30,5,1,79,15,29,5.94245600947693,0.164627821184695
83,5,37,1,2,83,12,33,12.1366511877891,0.317053545255888
9,2,32,1,6,33,7,28,12.005374707619,0.175981688768345
70,7,31,5,1,68,8,30,1.67487175636425,0.178951099126794
24,2,26,5,1,25,6,19,1.2046512199164,0.0269370158416005
50,4,24,5,1,24,8,25,0.968604599793639,0.257612838269314
96,5,36,1,1,91,12,36,8.87442028584163,0.423768404384559
18,3,25,2,9,5,5,26,5.04549824750241,0.299466441840607
5,3,30,5,1,37,6,30,3.60638061516991,0.023537122644484
2,4,31,5,1,24,5,35,2.71428048219678,0.0626175224315375
83,7,31,5,1,56,9,32,6.18116420225392,0.377361061961806
38,6,27,7,1,53,7,31,0.341833940884798,0.0859793862327933
60,5,33,3,2,54,8,31,6.01186317741956,0.0791174893047885
64,5,35,3,1,82,10,30,2.76230474746759,0.0730236248346046
33,3,24,2,9,33,9,29,7.69972135283278,0.760961847485348
47,6,36,6,1,88,10,37,4.29852580890695,0.0717712306650355
9,3,25,5,2,17,6,25,7.29759145294895,0.242247694072239
75,5,26,3,1,49,13,30,5.60084345623637,0.504355276913798
85,6,33,3,2,75,12,35,6.23220205799223,0.0792853373568505
92,7,39,4,1,99,15,36,8.8415432186504,0.0177300865396574
45,5,30,5,1,31,7,28,0.800787681749634,0.0925718564540148
34,6,34,6,1,42,7,32,3.53781487933117,0.0545118728186935
56,7,32,5,1,37,5,29,5.44855305823147,0.154584584175609
54,4,24,5,1,73,10,26,2.2138276264557,0.406585272846228
4,4,22,6,2,28,4,28,1.71937542840855,0.00520876224618405
62,4,27,5,1,48,9,21,4.18956424839888,0.817470258505906
24,3,31,4,1,48,7,27,4.99790537668187,0.0295194138282241
62,5,33,6,1,87,12,36,5.29193436198763,0.00549062261507435
53,3,28,2,2,59,11,31,9.90028758302447,0.724268132584666
2,1,25,2,6,23,7,27,9.50895982783299,0.171502051060088
86,8,38,4,1,71,8,30,2.93621440032468,0.266632964557197
70,8,28,4,5,13,6,31,0.945258563258251,0.321711070592257
88,10,37,5,1,79,10,37,2.08581294443136,0.139355677412823
48,4,26,3,2,42,8,26,3.94473634500384,0.801244581076217
55,6,31,5,1,73,9,38,8.11167685967655,0.425894841530776
68,6,30,4,1,66,9,37,9.64328095438652,0.193616589753631
27,2,23,4,1,16,6,19,3.29068788275577,0.0683293085312471
25,4,27,4,3,19,7,27,4.13176507130784,0.166030001710169
43,4,24,5,1,50,9,30,4.79927915108922,0.0491818532813856
96,7,27,4,1,67,13,33,0.615143370008926,0.0594623427605256
93,10,32,4,1,40,7,36,1.00506948615533,0.122455924516544
32,6,36,7,1,85,7,37,6.0790318431632,0.01066327188164
81,9,34,7,1,93,12,38,5.54164565991923,0.216352992562689
40,4,25,4,2,55,9,29,3.62827243272963,0.267607406469736
55,4,31,3,1,78,11,32,7.46470658175867,0.50471079207719
17,3,23,4,1,18,5,29,6.66297767920484,0.50262490750984
69,4,28,3,1,34,8,24,2.75066658370878,0.55442750248557
14,2,30,2,1,7,5,27,9.34529848810162,0.348884396124457
25,2,30,3,2,32,9,25,11.6853517722645,0.153672504704446
74,8,37,5,1,91,11,40,3.9786801566162,0.0112883145128354
24,3,31,4,1,24,6,24,6.36711020465567,0.0517211258411407
24,2,24,2,1,2,5,25,7.66891923292582,1.22937276626105
66,6,29,5,1,47,9,33,5.18195275926821,0.189280370076724
9,2,16,5,1,6,5,20,1.43645292371109,0.0458512310664782
41,3,33,2,1,45,8,29,7.28851878217847,0.240696605284441
58,4,27,5,1,68,8,26,2.47526957263035,0.634530942942644
35,6,34,7,1,51,7,26,2.35581304712177,0.0177477871035508
52,3,33,4,1,77,9,28,7.12792360178129,0.515408993677652
56,6,31,3,2,10,4,31,0.551635489226436,0.388515481238669
66,4,35,3,1,86,10,32,7.6993538923438,0.0829176509287208
76,5,33,4,1,98,15,32,3.49413591925341,0.0189110167557374
97,6,39,5,1,99,15,27,1.12116473943452,0.000918103498406708
36,5,25,4,2,26,8,37,6.16445934997187,0.0391002604737878
60,5,28,2,3,65,9,32,7.49919332918367,0.660280063251191
68,5,26,4,2,76,15,31,8.05643785027848,0.194804014829972
74,8,34,5,1,47,6,28,-0.410639094005521,0.221971856885332
83,6,35,2,1,65,9,32,7.82894689925372,1.37843514645571
46,6,27,4,3,14,7,32,3.77520813210276,0.0535741473816621
63,4,27,2,5,77,11,30,2.74600335779398,0.206445931679311
96,7,35,4,1,98,14,36,7.85899830646369,0.0875677061267197
97,11,32,4,4,44,7,31,-1.51286957261724,0.143078790744767
36,5,24,5,2,13,6,33,6.23473609502508,0.177518997610671
0,2,33,3,2,22,5,30,9.34690620017228,0.498941028003997
67,5,37,3,1,61,10,30,3.36536123953882,0.0240239648062988
64,5,33,4,1,71,10,33,7.93521583640375,0.163003465626389
2,2,26,5,1,39,8,25,3.63227540582098,0.0441335847135633
25,4,27,5,4,37,5,24,4.51183169795015,0.0369964424753562
7,3,32,4,2,38,5,29,10.0811791233818,0.249455048874161
9,2,30,2,1,6,5,31,14.5904093437679,0.746792252810122
93,11,31,6,1,84,9,31,-2.11929168841696,0.167162621277384
40,3,23,2,3,23,9,33,8.85421485873712,0.862140165599895
29,6,25,3,10,29,7,37,3.53937934721763,0.0485979642253369
33,4,34,5,1,33,7,28,4.40704661093678,0.0530311830807477
3,2,30,3,1,15,4,25,3.25057553074555,0.129558912012726
76,6,29,3,5,71,10,29,6.63827434585316,0.333309947735372
74,8,27,6,1,51,7,33,4.27109730171356,1.19350877118515
5,2,32,4,2,57,6,23,8.9798794056738,0.126874595764093
76,7,26,5,1,72,11,40,5.5626878915767,0.185122941205597
83,5,31,3,1,73,13,35,9.16118934798437,0.095944483531639
83,7,36,5,1,87,11,31,1.2148203789281,0.0162907695001048
45,6,36,5,2,77,7,30,5.16477280081683,0.24386516282216
69,5,27,3,1,60,8,33,8.26425315027903,1.11987848594142
99,6,36,3,1,98,13,28,6.35154312373715,0.166098995017819
32,3,29,2,6,49,8,28,7.45509992134554,0.18895220545933
97,11,28,5,1,76,9,34,-0.202585975573784,0.152360812411644
52,5,35,5,1,94,9,30,6.16024675600665,0.0267403085017577
58,7,30,6,1,57,7,29,-0.540961118110817,0.0125340667513677
90,6,32,2,2,86,11,32,4.19709409900055,0.212753375050354
36,3,24,2,5,15,7,32,6.21823673807345,0.274252458930689
63,6,29,5,1,80,11,33,3.39817274685756,0.193719612191173
46,3,35,3,1,82,11,28,9.38940774811755,0.0696921775816008
55,7,35,5,1,80,6,36,3.03338073955736,0.0464240072760731
70,7,37,4,2,74,9,32,8.81129081011971,0.304080671154636
28,3,34,4,1,50,8,26,3.69447568145847,0.0365608572634631
82,8,29,7,1,82,11,30,3.15862817309019,0.048767612199299
78,6,31,3,1,40,8,33,2.58156005901236,0.433699244146651
88,8,42,3,2,98,14,39,3.42323245199824,0.00998683051688867
35,4,29,3,1,8,5,27,4.57478926665319,0.666333684768879
84,9,31,4,1,67,7,34,2.02781203456539,0.215584079064952
5,4,22,6,3,20,6,31,2.46070848174893,0.0141457932803425
83,7,33,3,2,83,12,41,10.5994983064987,0.290800020553845
98,10,42,7,1,96,11,32,2.395744897873,0.166550519643351
13,2,23,4,1,11,5,22,3.49925504917042,0.125687762745656
48,4,33,4,1,59,7,24,4.67726156349343,0.371251698715814
16,2,33,2,2,65,8,32,12.130432748496,0.0613230395829305
33,6,30,4,4,24,4,32,9.98464418801832,0.405630023197687
78,7,40,4,1,47,8,34,5.56923563424629,0.477647291941053
1,1,23,2,4,15,5,21,6.85310909451394,0.935754345211774
47,5,28,3,2,42,6,31,2.89778232910745,0.153276702854782
15,2,26,4,1,22,6,16,4.87791640879207,0.502589930293566
38,5,28,5,2,47,8,26,6.31272996489156,0.286901172007176
22,2,22,2,2,3,4,23,6.31014040090848,0.557775999853546
67,4,33,5,1,98,14,31,6.51374658925938,0.302150320251215
64,7,29,6,1,75,10,36,3.26127726154776,0.0377546159262798
27,2,33,4,1,85,11,30,5.43782147463084,0.00116830080301269
52,5,30,3,7,28,8,28,4.29665351049774,0.107932272424824
10,1,23,3,1,5,5,25,4.34367167249848,0.353639936609238
86,8,36,7,1,82,8,31,2.66940194980193,0.116765163144078
75,9,31,4,2,71,7,37,5.28373497657002,0.826115123885584
45,6,30,5,2,39,8,32,2.5769381193258,0.0255816920151942
31,4,24,5,1,60,9,31,4.97149860806779,0.126694347709417
62,4,25,2,1,19,10,33,5.44425141837803,0.931233753863365
44,3,31,4,1,41,9,25,3.57255582543333,0.0100967527832836
83,7,27,5,1,34,10,32,6.4219233291965,0.476731013951308
20,2,24,5,1,34,9,23,6.67842697086363,0.241745436320755
10,2,32,5,1,22,5,25,7.84923937079381,0.104041018858654
95,9,41,6,1,99,12,31,-0.214997995363093,0.0424116983407068
82,9,34,6,1,79,10,34,-0.443832527565492,0.0268218921264634
43,2,26,3,3,66,11,24,3.07161978656462,0.0958971580257639
78,8,31,5,1,59,8,29,0.00797304927291442,0.152110115846446
40,6,29,4,2,8,5,38,9.05937847059833,0.399147949362616
81,5,38,3,1,86,12,34,8.4886140459912,0.231559442345727
45,6,29,6,2,74,7,27,-0.738564214132706,0.00489696755539626
87,5,26,4,1,70,13,33,4.02274345618873,0.311527859409082
6,2,25,3,6,6,6,24,3.86351839321151,0.159616116783582
46,4,26,5,1,78,10,28,3.05763369616565,0.0175708301831037
5,3,28,2,10,8,3,24,6.35751928495376,0.0860030678476135
29,5,29,6,1,53,8,30,4.89923077107989,0.0484239847928528
43,6,33,6,1,62,5,24,0.593692276600092,0.0485335369594395
13,1,27,3,1,46,7,27,6.61951121060378,0.160696441074833
5,1,21,4,1,30,7,22,9.41670728857143,0.283128497180271
65,7,31,4,2,76,8,37,2.60178420735003,0.0162399797421951
76,7,37,4,1,94,11,34,3.59468529141536,0.00217501832686791
