K:10
N:500
Gap:2.04710608398311
Rho: 
1 0.8 0.45 0.2 -0.3 0.7 0.75 0.5 -0.3 -0.1
0.8 1 0.45 0.5 -0.1 0.55 0.4 0.6 -0.4 -0.2
0.45 0.45 1 0.1 -0.3 0.6 0.3 0.4 0 -0.3
0.2 0.5 0.1 1 -0.5 0.35 0.1 0.1 -0.5 -0.45
-0.3 -0.1 -0.3 -0.5 1 -0.4 -0.3 -0.1 0.2 0.2
0.7 0.55 0.6 0.35 -0.4 1 0.8 0.45 -0.2 -0.45
0.75 0.4 0.3 0.1 -0.3 0.8 1 0.45 -0.1 -0.3
0.5 0.6 0.4 0.1 -0.1 0.45 0.45 1 0.1 -0.2
-0.3 -0.4 0 -0.5 0.2 -0.2 -0.1 0.1 1 0.4
-0.1 -0.2 -0.3 -0.45 0.2 -0.45 -0.3 -0.2 0.4 1
X:
48,6,30,4,3.68958840335916,0.0429109750882666,0.162510026246309,5.77199138922654,38.1642070656333,5.50297573161501
91,7,41,4,2.13435692608968,0.436615300809449,0.853094245074317,6.47859420525935,27.1966108467928,-25.2532281585667
5,4,30,6,6.33239304188584,0.0317239897558466,0.0450639030896127,2.09833332503477,37.7269087427406,9.25695943802539
70,7,29,5,7.79953446324742,0.31854503856853,0.462218304630369,4.88759930676108,14.6878234325892,2.37569858247864
31,4,28,3,8.88267577914557,0.1349784177728,0.513952397974208,8.9434276167115,40.5525330520091,16.0969046490788
54,3,28,2,2.89412726796844,0.0864010440418497,0.773298206040636,7.29255116026896,50.4369771518779,9.99162168505036
67,7,28,7,2.03414425377088,0.291558657762337,0.742907505016774,7.10146034442332,26.4286441029303,-10.6859975053062
50,4,30,4,5.26518773104506,0.321709958825934,0.86304676393047,4.10865263297866,36.9331469272621,-7.20165365970518
18,5,25,6,4.46608241268131,0.034122087768958,0.061304357368499,3.94707760852499,27.8936103217789,14.1021610260727
87,7,31,6,3.92405258912935,0.256618052943352,0.900990802561864,4.52647239144768,26.1950478464515,-26.1608213666267
39,3,22,4,2.99008021564291,0.0149918139371191,0.214526530820876,2.90134355401727,30.794283734825,39.5124905226123
15,2,19,3,6.94354088756265,0.0153067277278751,0.150770544307306,1.65960237056597,53.6906588556092,49.2635540845381
65,5,34,4,2.87457446818166,0.58934805560934,0.680918742902577,3.85377603381856,64.3953519783257,9.90470197763151
26,4,21,3,12.9811870450997,0.00675592210609466,0.379187307553366,3.37423880133787,49.135463791726,48.8995296237114
47,5,33,3,5.85825070511772,0.0396041877102107,0.09525505034253,4.52392387561727,37.9527672958087,11.4374913908436
66,5,30,4,0.943566608125612,0.131287498632446,0.61385220172815,7.0430130617577,39.8391409813005,1.65938571991525
24,4,30,3,11.7503266917126,0.104189735837281,0.338948943419382,4.69914250822355,61.233076655276,13.0916597484634
21,3,33,4,2.66600410625255,0.341559747689146,0.405653500929475,2.50998134505839,30.7007848401629,-33.2377749276105
2,1,29,1,11.0665198312847,0.122375773033127,0.27365913009271,2.44952413311879,80.0361859478342,13.425546008246
11,1,27,1,5.72946421586122,0.0187609314452857,0.205692712916061,3.36321565421604,53.8350603003975,25.4903822074242
96,8,42,3,8.03356528824163,0.599781930880779,0.913649697089568,12.185255214798,44.2187114761804,-6.80648737650389
87,8,34,3,7.39062348851476,0.127275209524669,0.354037411045283,7.54531713798495,46.0844349049728,28.3150695063199
16,3,30,2,7.00628706472177,0.0290490498300642,0.178325141081586,9.19184100633287,45.8045247954586,3.8420001016248
1,4,26,5,4.98712804974188,0.036918660858646,0.0191889188718051,4.39940870596784,41.9231762689656,16.8037214221815
36,3,34,2,1.90985162755313,0.297990992421958,0.333143487805501,4.01080246052619,50.2169310812384,8.84829945391371
15,3,22,2,11.7580544189817,0.00567342729335768,0.231861211592332,3.31551981217487,46.308755473079,29.2374522762751
86,7,26,5,5.87507906252131,0.445444293764836,0.941067928215489,5.67809603390011,20.3550690090719,-2.59270266550988
57,5,26,5,5.10722706629145,0.374325964787986,0.884546792833135,5.58635136021457,30.5153975591016,2.4916529201941
71,5,38,2,3.48105740677621,0.178643958148419,0.636296090902761,9.21309010542263,53.5692052486174,-3.53299585244764
41,3,32,4,3.42317297953947,0.370576762247414,0.915755500318483,3.65190636737338,31.5749477959402,-13.9734357143154
98,11,45,6,3.29851452507974,0.631473924787251,0.889018585206941,6.2477564276302,10.9323912342702,-23.766531207918
15,3,29,4,3.15028082865363,0.0332694618264213,0.340751202311367,3.69808414601741,52.0006644861337,-8.55316817851021
92,10,34,7,1.58765172860991,0.494587205795056,0.686721021542326,9.53880861929751,35.8104999180181,-6.59286864595251
3,3,33,4,6.67106173039641,0.0678723364835605,0.198961606016383,4.0633334602916,29.6488779100261,-19.524776000585
4,4,26,3,14.9758995726728,0.00857315148415562,0.090398252941668,4.38775556035486,31.0929341561497,9.05607155786828
67,5,29,4,-0.0399031402201526,0.316718338046897,0.565150785725564,3.79611660165927,26.2243259880205,20.1451308890737
58,7,30,5,3.36069727922585,0.125057892990299,0.180505385156721,8.15433363627357,32.1311179678654,-3.75660605892589
40,4,30,3,9.10344989455247,0.0662524393898755,0.334491796325892,3.89445666027093,34.3553469661704,-0.802896691652107
23,4,32,3,7.57060170532605,0.117229211002957,0.0863134353421628,5.05833014565972,45.9880539229544,21.8684606614704
21,5,30,5,5.66783707693569,0.13286874035839,0.357212893664837,9.47692721672018,33.8967425774832,-12.8177398111316
43,4,23,5,1.532118212663,0.119770869263448,0.579396328656003,3.77655586025992,26.9478872625829,8.07526703451471
94,7,26,4,4.22224159540938,0.308979447454888,0.92743743211031,4.72222611210473,23.3243237384681,-8.31431236156975
76,7,31,4,8.25865633567323,0.262130410632792,0.586568580241874,3.17602031223963,31.1804126294661,2.55787535914473
10,4,33,3,7.63267119869752,0.0254469601204619,0.00706290081143379,2.59673692375637,38.0008795710265,12.8153479735658
35,6,24,7,5.34141929370978,0.045811458196279,0.168618115130812,2.98925463989708,14.0977301884885,-20.9039659081623
10,3,30,4,6.30730176424083,0.0523182082688436,0.166222172090784,2.27502658322954,25.2093461669099,-24.3910696665803
49,5,24,3,6.94796703543435,0.0820481121180322,0.411238107364625,7.06344492398071,43.2894017006449,33.2390602036884
4,4,24,4,6.59280779832327,0.00761875111475392,0.00517366849817336,2.67930208329297,20.004462794606,26.3697016682836
71,5,24,3,7.08428041041472,0.367682727514936,0.846452025696635,3.67626305960909,24.4875282477039,11.4643339746483
13,4,33,4,8.96439466535544,0.25087201896936,0.245618705637753,6.20269499828129,40.5526740499152,-27.503159113137
38,3,24,5,2.5955536769081,0.31038998857953,0.811189770698547,3.45936221445108,36.4810692525673,5.31021273989187
71,5,27,5,2.4258521711958,0.189348452015522,0.797830087132752,2.20298601582102,36.6711773972904,11.5637479415959
8,4,26,4,9.07606986521409,0.0132354904392147,0.0843213421758264,5.61265648620795,54.3774198905946,29.0198328818777
84,5,29,2,5.96681181560874,0.248429533549327,0.892229630146176,6.15749970519429,43.5582451491938,20.460641295949
46,5,26,4,8.19980003275743,0.164489164133556,0.463004369521514,3.00765128273313,20.8472939330002,-0.123636845140062
37,5,31,3,6.26866327260287,0.0527224298428139,0.0718045560643077,5.42192816015714,63.0927364892216,32.8698693607941
24,2,26,5,2.39353625724841,0.127148269210011,0.460306145716459,2.13103968961222,27.1788121780075,-28.5761297524123
57,7,38,5,5.86679693444404,0.584985224964255,0.546115715289488,6.15860670900985,45.9534621301647,-13.8937132448701
21,5,27,6,7.66185430828374,0.103860329953022,0.136311726411805,2.81751267300258,22.7425714529367,-12.6264657855073
64,5,32,3,6.21838703348008,0.192239593936804,0.601652661105618,4.69130169592136,53.1385257881622,35.0437515449735
95,9,36,3,10.4224983091555,0.466037477811283,0.959909667028114,9.45237157814112,42.0827532090918,15.4634071402836
55,7,34,6,1.61272306013914,0.110236868145876,0.151521293446422,3.85641875012037,36.3742000680133,28.4637768670716
67,5,36,3,4.09863039009482,0.175124215650114,0.327381273033097,2.75650373586566,44.6953649097026,23.5117045640779
54,7,36,5,4.22813176103187,0.426608091237926,0.52816018788144,11.4209635722629,37.1590118130818,-0.841924421041547
45,3,27,3,3.96930601693474,0.190849172872233,0.487973819719627,3.64597956803846,61.5416380006783,18.5741465195709
39,4,28,4,6.47117344746834,0.180107160228047,0.586201769066975,3.58794764159971,29.5701257900657,-15.4695995466473
95,8,29,5,0.913987920342441,0.226384717727754,0.82061440940015,10.0065389864469,39.393891766465,1.72430470675561
66,4,36,3,1.92604930543381,0.161219089175574,0.697519570821896,4.78150629104047,57.4395541221211,0.976149292792529
12,3,22,4,6.58436483923469,0.0611685479859937,0.472899171989411,2.30316712333553,46.513375502367,9.74935760397068
60,4,26,4,3.06813940518135,0.191919434003069,0.758842739043757,3.46578870352745,26.9508279162458,-0.345153224196252
48,3,29,3,5.19316458457082,0.377456177987062,0.771139335585758,3.3144358346029,35.8976568052467,-16.705481646137
59,4,27,4,3.05442792755432,0.062368368303372,0.270829027052969,3.00620043312139,46.0973527287568,24.9012843342332
86,7,29,4,5.4045596310251,0.476275926900512,0.665564699098468,6.4720279865868,50.6834280119738,30.0706328237649
90,9,34,6,-0.000331937345764644,0.195744463791421,0.311297623673454,5.0714742001062,39.2192582030903,28.2953205053402
93,5,30,3,1.5773457156914,0.231037341280583,0.983477921457961,5.06744410793812,48.5960064763994,27.4058840740598
5,3,18,3,9.7002176773714,0.0136470206216544,0.207945895148441,3.92345230664678,54.7449762037895,12.2244470008142
81,6,38,3,5.4873871575208,1.26752428377146,0.995531565509737,11.1609196839556,46.7231395419402,-41.7768301975991
8,1,32,2,2.96701995774924,0.0455370791023597,0.202148630982265,3.17456481900258,57.7951486138224,32.465789039164
62,4,34,3,-0.632045929060682,0.357663877147033,0.655567877693102,5.0555527467647,36.9278568641881,8.25572197224325
33,4,30,4,5.32214808990904,0.0890076884783734,0.165527258999646,2.90031517543827,42.3976757432096,31.1297723438166
97,11,40,4,8.07308603804436,0.78744843411715,0.769540653331205,8.96097787708455,28.7296007428025,0.433551576961401
91,7,32,3,7.62528091473361,0.116056115715764,0.805596675956622,6.49527976060178,49.2261458355805,34.8999143947182
33,4,24,4,3.413053951939,0.0686417249962687,0.53108506789431,5.62023822357316,34.2346685201537,6.47839628969979
70,6,37,5,-2.80280493537811,0.770077384966326,0.749712023185566,7.57428593911328,44.2712576772243,5.15513693386715
18,5,35,4,6.12021582790892,0.0425813009257903,0.139936871826649,6.49050740920093,37.5859122637,0.339055010007681
15,4,34,4,6.27611983726309,0.040884658228606,0.0654238052666187,4.66150858198813,40.2755890551796,-6.75360949099229
70,6,30,3,9.15450049142164,0.0963354175910354,0.489740843418986,5.82581124793235,27.2663707359418,-0.601100750551348
24,3,21,4,9.61926226932647,0.149796314537525,0.507917606737465,4.01727713791674,40.6141806494284,-8.19961430577785
20,3,24,5,0.670152684247963,0.119496240477117,0.215112838661298,2.62495273124596,29.0925952473872,4.97660620773366
22,3,26,3,10.2655097316996,0.0487816663226113,0.385218480834737,6.11717437454124,42.8713765816921,2.07907847546502
70,8,31,4,5.83272258100435,0.254526689638126,0.54207648918964,15.4748764752041,39.1561508515273,9.49245796340132
62,6,25,4,6.84299022583951,0.131089332027949,0.236930869054049,5.50708938139358,21.3563770627508,21.9072603757871
65,4,27,4,4.23771406080323,0.24771108290993,0.800084895454347,2.35431693340927,38.9487329176632,33.9008739605232
37,3,26,4,5.83367009920118,0.0827884809114039,0.738160254899412,2.38070802020855,23.1796042877522,2.63040171723542
40,6,23,6,8.64818135308628,0.177548827576006,0.32531623612158,3.64578122024928,18.2073718083616,-2.06359424684812
2,3,22,4,5.3835578621951,0.0766793842194602,0.168342021293938,2.9781422754807,52.606996586184,21.206428698186
30,2,19,4,1.23013131935099,0.0475979362381622,0.5672838462051,3.55870757855397,46.6697913259973,9.22073149814299
9,3,24,5,3.08591905614519,0.0978663300629705,0.422738725552335,4.98544883708168,64.0598748694358,-0.975267100856128
51,5,32,3,8.4617853206825,0.484331110005683,0.667706250678748,4.33939784721558,56.9922921797248,12.8270902389001
15,3,30,2,9.11782615089373,0.100161558599211,0.193647868698463,5.91291946370497,65.0540710834181,8.91215230206813
61,6,38,3,8.1557266012027,0.19861732570193,0.402389466762543,3.09743513881081,47.6400151172614,19.701525093007
61,5,26,3,8.82676898805572,0.323619923543859,0.657460389658809,3.86228790374191,23.2647547821982,3.99822277446158
65,4,25,5,3.01116808269547,0.453955629353827,0.972294712904841,4.7641070092738,52.4828780558649,0.511726820789052
53,5,32,5,3.39521968010259,0.249975929026234,0.377190337516367,2.96816285201609,31.1132721311444,15.3318937687182
43,3,28,3,0.0586458731464425,0.205931042310524,0.804702817928046,6.7661494289196,50.6301046765643,3.23827893196916
14,3,31,4,4.37842307174894,0.0578290562843904,0.0872859975788742,1.94637672244954,41.2214939112612,5.28932922941174
59,5,33,5,1.26720809914005,0.339123831120062,0.608085510786623,2.43980942179443,37.6459641453773,19.5010581003041
89,9,27,5,8.6443026760077,0.23101823360956,0.683104675495997,7.3981019175994,21.197460756225,-17.5029448154322
10,4,32,6,2.293199513728,0.237051109074357,0.250659975456074,7.87037810425827,50.0001750727018,-5.91580584469145
47,7,31,6,2.42225368080327,0.291620889435265,0.186963987303898,6.47768884264202,33.2949044397213,-8.37978325955833
1,3,28,5,2.5831651210805,0.0191982780189522,0.0518262940458953,4.25579444975786,47.0005113607119,10.6492284470995
48,5,27,3,6.79385310625054,0.138948675128631,0.476131614530459,8.92977216151993,52.6337922744514,15.6555460242875
30,4,29,5,5.49653985184863,0.154420888400637,0.300738977268338,1.91588960639201,20.0240833046532,-6.34497166587499
39,4,22,5,2.84226201014851,0.113437877542393,0.532553349621594,3.06826087412745,27.2844142568291,23.0587882122652
50,6,30,5,4.52100800622251,0.264672728244889,0.505043888231739,6.38134020734673,26.4997890088488,-1.60952780506472
99,9,29,5,6.46658079088983,0.310649839219379,0.648623156361282,4.32014813265154,35.9582980343857,12.268794032809
15,2,23,2,9.88608287218795,0.0110345417633653,0.208369589876384,1.76069105468394,44.2408830358288,-1.9833688531895
58,5,37,5,-0.771254481852907,0.428770426639772,0.66201772284694,7.25847791369334,32.698379115884,-25.1454499095129
85,6,28,3,4.99352936780397,0.116329026641324,0.724909336073324,6.93677654382641,54.8614854854855,24.1183415498797
38,4,27,3,6.21481932911651,0.0807833895087242,0.20027554105036,4.25288168515619,61.4864966331108,23.3688462648124
44,6,26,6,3.30430692859206,0.153051685425453,0.255547719309106,3.40510140820681,26.6034108059954,-16.7265093373933
10,1,27,1,7.79025714071561,0.0463007247308269,0.422624559840187,3.90250908624061,41.5008058405425,12.0914862163483
51,6,29,4,8.50944735027404,0.263800730219784,0.573099894216284,4.05339889072118,32.3771818453265,15.799037713624
13,2,32,4,2.16391922492884,0.163641577586532,0.17392424447462,1.65109770924468,33.3616016332646,21.5041254544258
47,5,35,5,0.862474958559302,0.20647785415754,0.172912231180817,2.55613829161635,41.4686625752095,-5.20177216302995
97,9,27,5,7.14245809105352,0.706883677561534,0.996343443403021,9.81377815769765,18.020497127716,-19.8377868287817
70,6,39,6,2.24768331114481,0.651690457450384,0.646892189746723,2.41340255923281,28.045975231604,-10.0676573555149
34,5,23,4,8.02183498342846,0.021933685255108,0.111314482288435,4.27408278695629,32.1316089567422,18.5508948505901
78,6,39,5,-4.24756628510362,0.828691702294064,0.811313572339714,6.45193489287276,36.6139735514232,13.6689206365516
5,4,24,6,3.8164957762568,0.0399327596929148,0.140540345571935,8.63920735537944,40.8678457410409,-12.830828666241
11,2,33,1,5.01494680181075,0.109422180918045,0.25077796773985,7.24891701238453,51.7788276336506,-1.13616865719195
22,3,20,3,11.3289240755078,0.0509519414044917,0.453806014964357,2.52890518854101,35.1333979003362,13.6126379293351
9,2,24,4,3.53349142450484,0.161865544272587,0.651676608948037,4.82230205918681,74.7685342416029,8.30687820361681
29,5,26,4,6.86158974230796,0.0828201688127592,0.335547653725371,5.38845613366688,46.2057857128662,23.2124452661026
57,4,28,4,5.13888319099131,0.339867804887447,0.699638152262196,2.25869493537301,39.8978609977732,13.5045272825966
34,4,32,4,2.38196432072323,0.113674841006286,0.164100569207221,2.13362631338954,26.5503904067388,-10.7982962624055
14,3,20,4,4.53045788943024,0.0316528264665976,0.353322057984769,6.02881819674072,31.6391857203602,-5.74575854186841
68,7,32,4,7.68396757428544,0.396281996720886,0.670519846491516,5.05257421842525,22.7458569351722,-8.62944743865148
72,5,31,2,4.96750872550671,0.265895536158907,0.717517628334463,6.14979738951272,37.5424995391688,12.9040095548079
6,0,29,3,1.66551131750484,0.0504718589873217,0.161852170713246,3.20987712943259,56.6793020675831,24.9444141841635
82,9,34,6,2.45963429916701,0.461001315598792,0.824728198116645,20.674507889125,54.5480278756794,-7.54764734578739
27,3,29,4,-0.114349633966252,0.199293496490071,0.620880144182593,4.50654800698509,71.1827030117289,11.5385789266229
72,5,31,3,0.607036279115439,0.0919675249606371,0.359903835458681,3.46995926370784,36.9123208181721,8.17292194469119
79,6,27,4,5.26952415812036,0.303111289151687,0.933366968296468,6.95647907158094,25.7090512612678,-7.06196362961231
60,6,27,6,1.08265331835677,0.137349966331385,0.66008912702091,6.31985701004838,49.1746567717049,9.26933315390496
78,8,33,6,-0.159364631161816,0.370197161338151,0.761994702741504,13.5974989008201,48.4568587892372,-4.45346121600972
38,5,26,4,6.1054742302774,0.167362341657281,0.382159529719502,5.18525480725761,27.8453740131708,-6.97370102053299
88,5,27,4,1.82093170193113,0.530188630883508,0.954984602052718,5.49511366400962,36.2528953761759,4.74251225862948
57,4,31,4,3.4075804232845,0.480968740282065,0.870660975808278,5.03469986731288,34.2240595698497,-33.352942637813
98,10,29,4,6.40718574493061,0.203770806425276,0.568063062150031,12.9829331136629,49.8105038407927,40.6505448033435
95,8,28,7,3.5174138740317,0.823213439392758,0.952586086466908,4.17848003769281,24.0124106811472,-7.00380286275497
99,10,37,8,1.02410167050709,0.510567750295109,0.941409079823643,6.56845380865901,16.3792328013246,-9.20576902982603
55,6,35,7,1.39186494363404,0.440605329328632,0.347602649824694,3.9313902693908,27.8432706486567,-8.74240216860844
88,8,42,5,1.46579940405996,0.221044235153797,0.238733594538644,4.58925042260187,44.7960019449876,16.3772929081988
10,4,30,4,9.79376170672258,0.164027507184073,0.123004944762215,2.65519885030623,52.4138923161426,18.5665722422036
96,10,34,6,2.01536208000701,0.498156751950687,0.650208332110196,10.5482358882525,36.0542384356561,3.46552523024042
55,7,31,4,7.0762987951103,0.0552285426529124,0.422608469845727,6.66755054691424,28.3664630870377,-19.360809296461
41,5,31,4,5.15418224060341,0.0432548238895833,0.312270469032228,7.26221376203311,32.8458093574112,0.115498004469083
77,7,29,4,5.00025628831001,0.0784860490821302,0.550184282939881,14.0230006238277,38.2080812692989,7.31469044380258
26,2,33,4,1.21290234569549,0.124676164006814,0.24434838606976,1.74790571413932,51.8082067437923,13.7384685104691
46,3,27,3,1.47382575463606,0.176913615804113,0.463811214081943,3.77990227880589,34.4457082128134,2.85039089175164
78,6,34,5,-0.770432018283374,0.869649806473047,0.980208751978353,7.95190525883288,34.7061182572449,-27.684613665239
25,2,23,3,7.75748251963547,0.170114264823496,0.857199054444209,5.77850305777652,41.603751349827,-10.0394244402726
0,1,25,2,10.2808629178013,0.0728804901009426,0.402624529553577,2.82790412282288,44.4074531075591,2.71829509488044
13,3,22,3,5.80274846393735,0.0260365104966377,0.397101681679487,5.60830327016143,57.6064596901276,25.2906618187244
95,6,31,3,6.54884355737709,0.610039267191821,0.994752870174125,7.14393262765445,25.0263734554857,-15.7899478615437
2,2,27,3,4.49716119957463,0.00668310944456607,0.0755449312273413,2.41540131767,56.5829538673805,32.5478654333891
82,5,37,3,1.83200960650608,0.261511930486861,0.543145636096597,5.57059848329738,36.04090540002,33.1490929930032
77,6,33,5,0.910422241372206,0.33907428033531,0.833130223676562,6.62405219105644,29.8933325346434,-19.4170612625346
41,4,31,3,4.91537841198258,0.101136949262582,0.567227772204205,5.65955509131983,79.0180208691915,2.83900391824738
86,6,31,4,-0.769063320807115,0.191128557537425,0.821672487305477,6.45469974400998,55.3774334953129,26.182870861796
84,6,36,5,-4.12696114960706,0.934931506772813,0.850612292531878,7.87881770303774,21.0369959469288,-11.3345030054657
94,6,38,3,3.70182488584981,0.309448620293963,0.682255384977907,3.10833467308983,38.4895514945987,21.5145895901753
68,7,39,3,8.06688371712345,0.306899740583006,0.436813231557608,5.44143685365849,33.1361912957379,8.24233773593841
71,5,24,4,1.84020209085141,0.0902277528821882,0.538804196519777,3.33863893834534,30.7385658002924,29.7894144825772
90,8,34,4,8.40107112240123,0.812312191310239,0.88984897127375,8.5117180484865,29.8685511808931,-5.33719042832321
5,2,25,5,2.15471739673957,0.0845349165130623,0.275088008726016,2.75502450778156,33.5629833355077,7.31182599181015
28,6,34,5,3.0831291657126,0.149848747299984,0.143071482656524,6.93448600671783,45.4392429973451,18.8005607980849
24,4,24,3,8.31293556230238,0.0147304764250293,0.0659250130411237,3.37507536271737,52.5790533967288,43.3957000490417
50,4,25,3,7.84591898276118,0.185182132310214,0.829905420308933,5.65747696425049,30.129968236627,12.5059799761694
89,5,30,2,6.22256394487935,0.0924759922781959,0.48838265798986,3.17131216360706,51.6935385661078,36.6497611722444
38,3,32,5,-1.39731907336276,0.2695833285784,0.694827232742682,4.77939389182519,34.9114685233058,3.51321341312645
95,6,32,5,0.579213602943264,1.54775699592176,0.96303008380346,4.64627152850888,43.7353722764684,-5.23155020385505
98,9,32,4,5.58629535486401,0.585333453465159,0.787339252885431,6.56953733868122,23.4662242794045,4.31441773305531
55,4,32,5,2.83823086275361,0.360936955062157,0.571637659799308,2.36807567781142,17.4083013245855,-9.28754695947571
1,1,32,2,4.72624360446609,0.123610580805689,0.417570900637656,7.34306462197282,82.6445912110465,-2.23196417373164
70,4,33,3,5.65308877086958,0.480800732483572,0.77123294188641,3.10345149546437,40.4876846332955,3.94466015320907
30,2,25,2,9.31558265815167,0.0969083101954311,0.517752795945853,2.70968022642898,39.3363242279247,-1.71384641729645
26,3,28,4,4.27688939367235,0.156604239833541,0.629621588159353,3.82852726132821,70.578359057708,2.52117769147448
65,6,29,6,-0.305056258620501,0.407801005872539,0.687256525736302,10.2225587835851,23.0596935788295,-20.6336447207378
35,4,33,3,4.36158995576101,0.179378364676972,0.190458691678941,3.64566392604156,36.4276976085365,15.585697744268
26,5,28,6,7.11914102101249,0.25451157054745,0.46964133461006,5.0454578238494,34.4643028454952,-3.67860756641563
38,6,26,7,1.4202607226823,0.0260683638377461,0.0924691269174218,3.09997681050327,33.1550304661909,24.888623606874
81,9,30,7,1.55795632608937,0.188179248617469,0.493568914011121,7.49995837863611,44.4383128451706,9.89704424458369
97,10,35,4,5.44623298068615,0.375188525279468,0.569076483137906,10.9463525563859,28.0755839094761,-2.61008496136123
74,6,36,4,1.78800894546783,0.566265468661408,0.807983580511063,6.62522019493221,42.1253856556385,10.9325452837299
46,3,34,2,4.41154085703507,0.113183187870505,0.636727388482541,9.11837753349229,58.0601308478465,4.43298998143409
54,4,22,5,2.9526684982325,0.09790044437082,0.828841093927622,4.10385424887772,32.730711066124,5.58413679586083
99,6,28,3,2.83760834014704,0.107399001019076,0.933600898599252,8.9244616094929,40.886808417616,20.9441475707116
7,3,32,4,4.08324074217038,0.134117912292471,0.286940314341336,2.95414973218533,53.2644381794208,13.6391057507028
19,4,26,7,3.9759438793469,0.214129808532021,0.206010340480134,3.63265710657259,19.5539178052128,-26.5173013955029
57,5,26,6,3.61137889401608,0.392717514631754,0.931201090104878,4.9260069630424,46.2524036700559,-4.93407714446507
50,6,31,4,6.48812046701427,0.0410497775301337,0.272766468347982,5.43744408368968,44.6510420201328,10.9160870713328
53,7,31,5,5.92543119508633,0.108024296967146,0.431090616388246,8.7176038873986,40.5896541692387,14.1432354692562
0,0,32,2,3.40210383139884,0.131004058742157,0.338641201611608,4.02184411566423,40.3110245303111,-6.8003408495463
59,5,31,6,-2.59478566336152,0.132725744741037,0.373329933965579,3.45144675258584,27.8275293191777,22.4178001428334
80,7,38,3,3.82064078811341,0.230808065346023,0.709108569193631,14.6220813297586,27.2366312343866,1.82010165461321
28,4,29,3,6.58201340547319,0.00995868619065732,0.141140516614541,5.52688250723346,42.3044250265976,1.0780795431559
91,8,30,5,6.34882875012806,0.45971486668796,0.88298917748034,4.53109743805758,33.0665305694772,-3.41727370686873
1,2,26,2,11.3170853025021,0.0213744500936492,0.164484133478254,3.21694419665262,72.7850958487685,12.6809064155424
80,7,29,6,4.47139324363336,0.272610625008795,0.539091172162443,3.43985164237217,20.5419548034373,-24.0371854227527
66,6,30,4,3.94613793862824,0.1102925601881,0.183524988824502,5.90545545390502,31.6373855205316,8.69924984115235
59,3,25,4,-2.21638084988814,0.0790990509558469,0.742833406897262,4.44340246722038,37.0156429244757,9.15167955144972
47,3,35,2,4.768303113108,0.0738062300952151,0.314168610610068,2.40228980729327,71.3362849316439,34.0914119212237
49,4,32,3,6.78234551161488,0.0887583720032126,0.559808126650751,4.37859000662759,37.9487905893713,-10.3298077115895
84,7,31,6,4.0692984515656,0.573281569466379,0.8010156203527,2.95730908924733,17.4964175178265,2.07265839403549
40,6,32,6,5.28414719089101,0.21587393292107,0.235256118001416,3.72547847777482,38.2454125796713,3.63320060733999
90,6,32,5,-0.576634237045536,0.416310119421637,0.916776922764257,5.83915847931535,37.7723725115996,-1.32360146374893
72,7,36,6,1.60025143987714,0.79110686598432,0.842724644346163,6.3633774699666,18.3488198165952,-33.1228371229693
91,7,28,4,8.66331476212944,0.15108175156638,0.714311647927389,3.12794523791176,43.7159035174459,12.0728902387456
84,5,32,2,2.55117016431902,0.378009757471687,0.873836738057435,6.59979957919332,65.1363218490028,44.021432814577
90,5,25,3,4.93527396649764,0.306723925485915,0.952860641293228,6.42481140067162,39.6879018655644,40.6582198835148
14,3,30,3,7.46432433126941,0.0436130028838995,0.280814938945696,4.52490645328331,43.0473531185073,-8.07609589778939
82,8,30,5,2.39953990266821,0.232314388722855,0.59120994922705,10.9532945056704,30.6255871015754,21.6738211897311
55,5,33,4,6.16846361850409,0.405402315759516,0.619678121991456,2.89622746805395,43.6342028152135,3.05836928739843
13,1,24,4,4.35805989865128,0.156726767541841,0.799825949128717,3.32703360163429,42.7750644855522,18.4870261470323
86,5,35,2,7.42776334483366,0.534140661049764,0.941848071990535,6.22546521719214,64.9029796696483,13.5630757633908
24,2,23,3,5.90490936335035,0.0235137742711231,0.166482897242531,1.71123044176652,34.4587062129154,19.1514921902192
98,8,30,7,-1.88277362173081,0.733218800234509,0.978124575456604,11.0954910139303,22.3900250630398,-4.70324132647425
38,3,22,3,5.98697516499458,0.0255776561168485,0.446359209250659,4.62125280361404,29.5004735142147,19.2804994099003
62,7,34,4,7.55146815073687,0.396591864039606,0.779575931141153,6.43511130641257,38.9387969365386,-25.0039556481517
37,3,26,5,1.47676410691682,0.0946183239575475,0.519191699102521,2.63579970168836,22.3748905697691,-13.7709855432893
20,4,29,3,11.0715525288796,0.0875876654172316,0.0973989942576736,3.37868291403993,66.215916788323,13.3939954172081
45,5,28,3,10.3476526309612,0.070446603698656,0.306019536219537,4.48382741698231,63.4069808608405,14.45863655529
96,8,27,4,5.60838679047076,0.444255734307176,0.957694840151817,15.0546576674938,53.2998126622627,15.3608167586486
71,6,25,6,3.58043269279886,0.254100583483207,0.823395081330091,2.56985926095997,33.4162376367266,22.5286310363018
5,1,23,1,9.11871972630786,0.0554221049083468,0.488751271506771,4.47858282996057,70.9622311807547,13.4181746121981
86,9,29,6,4.49246110028117,0.592197206305498,0.837561559397727,7.38980036498545,34.6233249473319,14.6097782654129
20,4,23,5,3.77507969237783,0.0126284849694208,0.111506103072315,2.49961187873891,51.2492348805646,8.1704848941553
86,6,27,3,8.88386430834745,0.0936736697331071,0.548968628980219,3.03318081517528,37.6406460814175,48.9215870385239
31,3,28,2,6.55113823936988,0.14096723718103,0.410203410778195,4.19481647485057,63.0716892398156,8.70204871571826
97,9,33,3,4.89709198738671,0.372137033261278,0.58408098295331,13.0339801733353,25.9756301993844,4.21860951782169
25,6,35,6,1.3017790916145,0.0450209486298263,0.00628132605925202,3.20143661724708,45.8431069460214,27.0679206059236
9,4,26,3,11.0914190148395,0.00496056512929499,0.0217641689814627,3.69177768212937,48.1035884956647,50.4556139345961
51,5,34,5,1.4848349274344,0.396297751904881,0.62108770548366,8.58117358758524,56.5675240380375,-8.14253218397486
22,3,27,2,7.29975538931544,0.0221158725919613,0.38874657638371,5.14310279835811,66.6518579780717,13.6338973965084
85,9,31,5,6.68831793315124,0.167440825141966,0.394627001136541,5.4287140959758,24.970043051802,25.9028422891021
11,5,32,3,8.41624050940238,0.0428498010151088,0.0762827610597014,7.45781180012782,47.7661794666157,19.1258221200739
76,6,35,3,5.38995591778144,0.109264079581428,0.694143874337897,7.65769065069145,70.4474321544586,24.917467530286
12,5,31,3,10.554323385534,0.0805694424780086,0.120964406523854,6.17476011322225,62.6278898792292,20.1214135471879
32,5,35,4,7.18143755455963,0.182642454736608,0.101468276698142,4.87165229426196,42.267278113751,-3.96453471563377
21,4,21,6,5.25901999779734,0.128626087331213,0.405146784847602,3.68813748512961,28.4776083756741,-2.95175813497997
20,4,25,5,6.61797763815517,0.072804473573342,0.159294202923775,1.9244942331528,41.8438276289107,2.44514505624224
2,2,23,5,3.07022142042721,0.0155140680027889,0.121239026775584,2.6352145949091,32.4751520935335,11.7405975150658
59,4,34,2,7.33955318287036,0.320411555458534,0.887886854587123,6.98772551835587,57.7492892259188,26.8986578843886
71,5,24,2,6.34866253526796,0.0357921207657164,0.637722271960229,6.65446867982197,38.5772541293164,6.03635905040283
66,5,36,5,-0.373078251936347,0.215880440352549,0.476544084958732,3.9367013537243,48.2644585033277,-0.242124807475195
99,7,34,4,4.01873855607666,0.45541470076651,0.992528204573318,6.60856256961229,29.9917137304532,-10.484374929451
46,4,28,2,7.85670210955113,0.0149905636805192,0.160581636242568,3.3780185820772,35.7783392822253,35.8019529077955
87,6,33,3,4.92670207625725,0.207298660007907,0.548718952108175,4.01910631074707,30.8747627859559,4.01605485201526
67,7,28,3,7.38940211900675,0.0631392674986273,0.240186274982989,7.16052969245591,28.652490375617,10.3807811432215
11,1,17,2,9.21900762322826,0.00153703091915528,0.129393244860694,1.39393867434517,31.160110178703,2.64547238791495
71,5,31,3,8.86249394295265,0.489838772432363,0.985932948766276,7.82046439970602,29.8870557483417,1.65803544480114
76,6,26,3,7.19844553217041,0.0589640841353685,0.793469576863572,5.64043141533198,45.0969587834943,39.5746651852623
95,7,28,5,3.0024613458984,0.683086704896921,0.957107523921877,8.22461665573306,30.8473581579093,-6.14365010485321
75,5,36,2,4.83249090711562,0.389464937130413,0.825294989859685,7.91503976183944,52.6642515211689,1.16666358818141
70,4,34,3,0.856727878181429,0.188527952195374,0.424428578931838,4.63437810514214,68.6139711297715,31.65254834648
94,9,37,6,1.48961772122161,0.446784868349737,0.619532312266529,4.79992650048209,21.0093466061973,-17.7751547970247
58,4,23,3,5.03070429078392,0.0393317382549867,0.45018839254044,3.73945351173043,45.2804489700032,21.1744397149641
36,5,22,5,5.70832384351861,0.048182048843776,0.378723727772012,2.64445470235958,20.2092168103551,-1.95519136193869
66,4,35,3,2.51641484746836,0.139285457669757,0.703951365314424,4.18222374213464,31.0990959597083,-18.041567290559
98,9,29,5,8.54489307462905,0.435412189902222,0.974116868106648,8.07237984242258,25.1466534774196,-5.37110564926105
84,6,34,2,7.13170378590961,0.453341570196158,0.936921802116558,8.04136457658708,37.4729969394412,3.47998759022371
8,4,34,5,7.79608643925278,0.151950566796586,0.0921410201117396,2.18256003443041,45.9838373531952,5.47949063529772
97,8,31,5,5.11589691172809,0.997845554709313,0.968733343295753,7.69692577410058,25.7113409190612,-13.0183265869092
69,7,34,6,0.772794415753669,0.203371708000769,0.540682856459171,4.98126702411276,36.8963263661526,-2.18073537326319
28,3,22,3,4.88301095264032,0.0101094791898504,0.118767616106197,2.88599937606735,52.9624642645648,34.3240612768351
44,4,33,3,9.1930077752398,0.368338119683272,0.521410377230495,4.32746058809609,37.1991956742162,-6.44140009524291
87,6,33,3,3.75341267982668,0.277602367558259,0.877998819109052,11.6321358498301,31.2113035588051,-5.71867053386868
35,4,33,2,3.94515366971014,0.0200340793235227,0.0351253193803132,3.34098838985768,48.980164758903,32.7520012473801
70,8,29,7,1.41210075298045,0.104962533456273,0.229586079251021,3.66110359724072,22.0853380605924,22.2987108747516
18,2,25,4,2.65200121484634,0.0456174183636904,0.385278984205797,2.3523258409088,55.9827331899294,32.8040887962047
3,3,21,4,4.65502292776818,0.0356168061261997,0.0550380740314722,2.81760732270056,27.7042426483927,10.4687645639309
95,10,38,6,2.24796961635769,0.436153648865825,0.847886106697842,12.3453566893156,52.5670433755219,-8.42229263556676
18,2,33,3,1.54454119598077,0.0272142012157143,0.100048685446382,3.00573984943794,62.9003371584515,13.1373868614224
75,8,32,4,5.99921127064161,0.239502367785874,0.63481757696718,8.4361324905991,30.8521098181967,9.05031162487405
92,5,30,2,7.26279427039491,0.399629069936878,0.961749254725873,4.46968647652981,26.5550047060729,0.0959026022114191
40,4,33,5,-0.217113846224361,0.319121282304379,0.501691218698397,6.13708249582467,35.7205000948396,-10.0804829840597
37,3,23,5,2.2888156267883,0.129804256488569,0.514842146076262,2.79215356431081,31.3890610668459,-2.88499459410198
3,3,29,2,9.3092612418492,0.00596640515141189,0.0798257603310049,5.13983933502077,56.4906544417377,6.00686882357694
91,9,38,6,2.67961391000122,0.642103633346194,0.741915202699602,4.93585715679342,30.3786149918743,9.23442612123279
7,3,19,3,10.2689239441392,0.0121565762674436,0.0204363795928657,3.7116695464495,54.5128404654225,37.9978628926153
18,2,28,2,4.14071780009728,0.0510249750223011,0.309432018781081,4.35300923587627,68.2175913172323,30.8517210248804
37,5,29,4,5.37219801812652,0.0570065615365853,0.129204224795103,3.81182544197785,43.8072006955497,29.2219964373816
12,2,23,2,8.29341332745578,0.0012220679782331,0.0801510531455278,2.8169076243928,65.0548303994747,27.4228482659914
15,3,29,4,3.94347936321738,0.0356108678532484,0.184429256012663,3.43415932206012,44.0287712167481,0.270967862449205
47,7,25,8,5.4388075663951,0.117132471408695,0.427730387542397,3.18882092075259,27.4557287526593,-10.3591423751341
73,5,34,5,2.42477333724226,0.454930840970433,0.975776026723906,3.28406750052035,20.2040300458639,-22.0104330077428
23,3,32,4,2.07041503889187,0.229274266621771,0.507752854842693,2.57917465100443,38.3229653496248,7.45736103424343
72,5,33,3,3.0654988525523,0.381605324210814,0.693200172623619,6.9126699709233,39.8787751933847,23.0987749680714
75,7,26,6,-0.0346119962866442,0.229971978570077,0.73488830961287,6.59712796883345,29.2997960393611,11.6190998910936
93,9,36,3,5.20081874764759,0.337335078500885,0.59896404761821,16.2850889751197,62.1539911117191,10.4448868313188
70,6,37,3,6.16648162524769,0.114016746388452,0.297960814088583,4.89661086584494,23.4316534452853,22.543193555098
61,5,26,6,0.795842024448072,0.31060337111235,0.509977128589526,3.03969234032907,22.4339441814436,10.4270685534134
21,4,32,6,1.93104481806846,0.104058810363504,0.122898197267205,2.38328957445568,51.0876607144849,-1.79406238238373
88,7,28,6,2.61435168579921,0.358445449245578,0.765046390006319,3.62592132767525,13.2548174619607,-1.52598432380646
88,8,30,5,7.00377771767754,0.120536980568431,0.593030263436958,6.21310772343092,37.3489276461897,4.33326424466339
72,6,33,4,2.97756431604292,0.228066702364805,0.616260255686939,5.79821331511096,35.9857974427093,26.5401237817025
5,1,17,4,5.00290352610613,0.0956985840982873,0.608913976466283,1.766506971419,21.6179691293335,-2.97985556776691
55,7,36,4,8.1720367885824,0.455093828008926,0.657248255098239,9.14406719448367,24.3119094339245,-17.5320812208325
40,5,31,3,6.17694456923812,0.13999661966227,0.387379489839077,9.0960547603094,42.2693566911655,4.7541171813555
53,6,25,3,11.534669862319,0.0967009542509913,0.466412416659296,4.60218138346934,28.5800338214512,5.90208075207403
76,8,27,4,7.92618947298193,0.125019958708435,0.371686469763517,8.24187284170725,40.3303783992113,27.744428705683
9,1,31,3,4.40202198873673,0.182495818695727,0.676056291209534,2.88073835854446,64.4122914899177,14.7870903472235
66,5,30,4,6.41172710732977,0.617892737003201,0.914797284640372,4.71169243888769,50.0375854259656,-8.30961688480372
63,4,34,2,8.34956301814082,0.412747645729637,0.948457282269374,8.956387710072,55.6967832753508,16.7536453649591
90,6,30,4,4.79737902740171,0.668953976096743,0.929080350324512,4.16119226964506,31.2641571475032,10.8575705181252
39,4,24,5,5.50882582654562,0.199970636763685,0.801860266830772,3.61781073377497,37.8690428908669,2.09948962010361
84,8,27,7,1.00541832701589,0.20493824033879,0.780363220954314,10.4439500620142,41.6814508847914,22.7911445233775
96,5,35,5,-0.970162040328039,0.501795738448805,0.986004285747185,3.32890409350612,34.9995516914194,-6.36060239987182
23,5,34,5,5.01100863780182,0.409580719634736,0.28679585782811,3.505505780271,38.0969868840101,-8.71104723859457
32,2,33,2,4.33419053058011,0.0737530691353622,0.283608271740377,2.09444882709804,28.7796752536279,15.6180984044752
78,9,37,6,3.92852006618933,0.895990801456958,0.593990619992837,5.70443578275913,37.5570421259501,-6.22495489469425
97,7,27,4,2.74101737488464,0.123684678925201,0.866047640331089,6.42519504764893,20.0552538382041,8.92520594029566
19,4,28,5,8.63071226148247,0.0335144185228273,0.0460591982118785,1.39282167396976,40.1169646332577,31.5946289132696
24,6,27,5,9.20979785280017,0.0582877303556048,0.348502940498292,5.15710149594909,35.8414158158564,-20.5071179394852
55,4,30,3,1.7263476279967,0.0989036512328312,0.425635563908145,2.82343987702124,37.7282827391705,34.3253285582492
58,6,25,5,6.64680259687229,0.0632481202483177,0.488292951369658,2.8115383073289,22.9048715973911,-6.24747106140101
22,3,23,5,3.5070830621596,0.0313710668903825,0.268745935754851,2.28731888240602,36.0473578460041,7.70127442211053
68,6,26,4,5.15994506745156,0.347236682878942,0.805728912819177,5.19356731491186,31.9960075770349,22.5481260956796
78,5,31,4,0.720625774557734,0.198898674549946,0.878593006171286,7.32639164418592,49.0707929608974,8.66975844301593
54,6,33,4,4.32032292288562,0.342782602867785,0.459957433398813,8.30642017601575,45.6806252697462,15.5269586118313
98,11,42,6,2.89847514777541,0.499874022768295,0.876720090629533,13.1826872883916,16.1891069056325,-15.998042216314
22,5,35,7,-0.301055216812181,0.357860673197961,0.176397882401943,7.58490252795707,33.0957029189835,-39.4823764074735
31,5,35,6,2.34474554482027,0.229171847336039,0.156898453366011,3.28254562672098,22.514141913571,-6.04189395917401
56,6,37,3,5.43344438535576,0.118231963133439,0.148988750763237,5.01761519733814,54.3762748091023,17.7190125003477
10,4,30,4,8.84198781734655,0.0181654957123101,0.0213155625388026,1.88900654620099,27.5594599618065,21.5889080836027
37,4,32,5,2.57993885880059,0.171731115551665,0.606635738397017,2.69985095130585,33.9729735367234,-7.44574093433689
17,4,28,3,10.6750335252232,0.00979478189609181,0.0698102524038404,2.95204990940502,24.7209175026339,4.36081809480523
40,4,27,3,6.82658562229464,0.0799667559969491,0.482446467969567,8.58834031136597,47.9373296931677,2.39603231684824
51,4,25,4,4.56420271692467,0.226035164192992,0.812990921316668,4.85841099689262,60.5318730043176,-0.433506922912795
73,8,32,4,7.55766439173883,0.140914751746865,0.313408592715859,10.0269020700513,30.8312646770814,11.6293563575362
82,8,27,5,5.01009668981686,0.0418148048920557,0.438715820200741,8.04306184163423,31.487852257275,18.342775550794
28,4,36,3,5.1773837745914,0.0527337556231451,0.0827113692648709,4.66807602844279,68.1321227224228,19.5876359652683
70,6,26,3,9.30905351996812,0.23342979698323,0.860523731680587,9.0576305153101,33.7337705874944,22.1788208971939
45,3,35,4,-0.230348838103316,0.712959634787533,0.710944134742022,2.62965587783299,53.0152761700076,-5.84819472968564
12,4,30,3,8.74667569811085,0.00531848732030336,0.0234221615828574,5.71406713659983,56.7190918058488,19.1512048299
92,6,33,2,3.64492026076084,0.224922953810637,0.871649039909244,7.16641107086422,47.716325072344,27.5715964810205
3,4,27,3,10.0782582132579,0.00229483668226749,0.0046310902107507,3.34603523462547,55.8363386784677,22.9928297114014
36,4,28,5,1.97885624300805,0.0843010166427121,0.230941312387586,3.46695526299841,22.7831453501205,8.81253387668413
98,7,32,5,0.16962071131258,0.6524946312105,0.926473830128089,4.83946751457105,16.0044746303014,8.79753509947228
75,5,38,5,-0.258263126687659,0.548453798037036,0.841409042011946,2.28925062515877,49.8646143248655,-2.38648799123625
85,8,26,5,5.37688527693384,0.171206676634029,0.547917514573783,5.65299668217323,43.006842812976,27.9037197384559
44,4,28,2,7.90413546695031,0.0909545532194898,0.216984216123819,4.93880288667675,64.3087119396322,30.1685342975949
25,4,29,5,3.04884582469,0.206906369411129,0.399052926106378,7.06204867591775,33.4909948172114,-23.9421275047115
19,5,24,5,8.02827350760226,0.0360344313318233,0.159912549424917,4.15368369734645,27.0879471117091,1.52803274275018
18,5,32,4,11.2927583113784,0.0401673887741397,0.152402038918808,4.2124483430999,68.9254195198145,0.929363936974751
68,8,30,5,6.19324267025044,0.04341632546857,0.0847230274230242,4.30672868126001,32.9088304740128,48.2204598864598
53,3,31,3,3.57623545791818,0.60335568009519,0.992984461598098,6.22361625609323,40.5292783968944,-20.9314176962474
82,5,27,4,-0.279787282642369,0.265779720348042,0.733056853758171,2.46698240966568,32.1769863966649,30.45602675824
25,5,22,4,10.4977003751266,0.0109523117635119,0.0230166523251683,2.6838696500666,22.2687217830913,11.136566105688
71,7,31,7,0.455381506274031,0.241987304984334,0.338054429274052,2.75627470794394,24.4832180899703,19.4301783350972
46,5,35,5,2.67541417335978,0.151640486903489,0.366874009137973,3.76689930453533,42.890611849736,5.07913035034274
7,1,25,1,9.6961988961857,0.0113151475015826,0.283135043689981,2.6470926673289,34.4097365154264,18.6244138533526
9,2,22,4,2.40838168793632,0.0380121287621367,0.259895395254716,2.54963062142575,38.5281849322625,23.4710766257092
68,7,31,4,8.70366663315301,0.109812645823695,0.334443190367892,2.97308704990204,37.5154130622096,30.7542328980717
57,4,26,4,0.561120661592212,0.139192276983522,0.729899310739711,3.65037907848756,32.142419766704,30.9959402190029
29,3,32,1,9.20188990747826,0.19076857412115,0.547460767440498,3.74560077784081,44.5281731850315,-11.2809787307798
77,7,37,6,0.981945359457289,0.479730619562274,0.860273553756997,4.70546913199543,29.249519852804,-0.902383654224899
51,4,34,2,7.83347108893803,0.128460537490153,0.776803096523508,4.42667196752237,31.6046990237465,-3.40637604948201
35,3,29,4,3.82023527087518,0.15294328421397,0.475799441803247,1.84933982590875,38.1534453684998,-8.82091406980844
91,6,27,3,7.36419070426142,0.215865003167394,0.937289369525388,4.77979999520933,45.9306607041877,32.8396952217374
46,6,24,4,6.45869143739018,0.0142556715290993,0.231658886419609,6.78012225708164,29.1269643085675,16.5612436584691
10,3,23,5,2.75138847808289,0.110899520572275,0.41957923467271,4.56382323614834,58.481330451127,15.0824619888069
27,5,31,3,11.4366898150974,0.188944644749838,0.433224753011018,6.21848621039997,57.0782035643695,25.0031271708749
64,4,32,5,0.63100881529734,0.512890966588116,0.911503993440419,5.19877619289284,22.4497742680659,-15.6092909228352
26,4,25,3,11.6052133949311,0.0942975812358782,0.574690631357953,5.59587317853176,40.3780967510719,-17.1604876203737
54,4,25,3,7.4811047949315,0.185064201699086,0.784220620291308,2.82839362491259,28.529331597347,-12.3899425156439
58,4,26,3,6.45078185544094,0.128112200137211,0.456757801584899,2.39842134377303,38.0220269273871,42.387735755228
1,0,32,2,6.59482127070513,0.0400751990964636,0.153397683752701,1.60133375969018,64.7275268854743,23.1508708089675
44,6,33,4,3.17890302685313,0.208978357155727,0.235656304983422,7.95132997035852,30.8555160301482,-8.42338437491776
88,6,41,3,2.12428383783948,0.59252699135446,0.792942218016833,4.91851648575896,62.2639273387778,15.6990493474769
71,5,29,4,1.65959119471644,0.587028827952379,0.808745184680447,4.08931435122134,26.3415603248984,5.05976730764752
3,2,20,4,4.24052753169628,0.000530656663118283,0.133648753864691,3.75636869152376,52.5009608045668,22.9105690518617
29,4,24,4,2.85525798689854,0.114044606219977,0.296441211830825,4.20444525315302,41.170901924436,11.1201122493471
45,5,31,4,6.098471022156,0.067669336861003,0.290021280990914,4.13742015534632,54.9387589771044,10.6713718401008
84,6,26,5,-0.634664323001503,0.245629368579576,0.64489030931145,4.41711809167558,37.8510856089026,23.0282393229938
62,5,26,5,3.6340583583933,0.117162020062096,0.841873381752521,3.70693735677047,47.1352518298021,14.2935962870026
95,7,39,5,1.87647187261424,0.759526992174697,0.779750219546258,3.92171028215186,40.3838787855887,15.5153195711948
72,5,37,3,3.10825314839294,0.488715694730586,0.939846086315811,12.6109113868914,48.7271757808906,-14.9376876625227
23,5,34,3,5.76519121096742,0.0453007788164541,0.111257710959762,7.45404216061265,43.9373022159632,9.6631486518197
30,4,33,4,3.41092783960841,0.0795726899523288,0.166608458617702,3.39779381378795,47.5013959583995,1.98560367538253
61,5,29,6,-1.3832906802587,0.175836777839783,0.631409492576495,4.24804374369764,32.4968158971046,-7.86995777413253
26,5,26,6,4.95204553447352,0.0995242778444663,0.548210767330602,4.06257476659031,33.4332909128104,-21.7066753736871
37,3,34,2,4.30796269195181,0.247558303864133,0.839837203500792,7.00276135440609,82.4195583150281,2.27425724300367
35,4,26,3,8.93215148316828,0.0141871882369742,0.218282162677497,4.23181418784479,30.4098925635878,8.71626578164203
53,7,27,6,6.1389213379718,0.174777991978192,0.179673246573657,3.3789163265554,15.0694949002646,6.73243753239605
33,3,33,2,7.03117003347345,0.0435041291639209,0.199356902390718,4.27254545788557,48.6317838818554,6.72124704918569
47,7,31,6,5.39737532439747,0.38903908378759,0.530735211679712,9.37439862446951,33.7984453215867,-28.2550494689428
88,10,30,4,8.80389692926308,0.236442023179236,0.645881168777123,7.13241230197499,30.9093722544075,12.1747833094999
11,3,24,2,11.7866971601488,0.00494428727101688,0.0453592510893941,1.90826620243542,36.997352427133,16.0387019282786
1,3,31,3,3.95153562758877,0.0276579967978223,0.0224788768682629,5.00661814236944,79.8730792878226,19.0854878328149
64,6,29,3,11.5833745728821,0.375627876496925,0.674345097038895,6.06423588111579,43.8605017822433,11.6695626482458
2,0,28,3,3.15796473276008,0.037193499166564,0.156110992189497,1.72953235003222,58.4041328653568,32.6545274391911
4,3,31,5,3.47367357296378,0.0969115073094144,0.254013944650069,2.72313325194284,31.9212979275913,-19.5344620030112
75,7,29,6,3.71831628663905,0.302687129228118,0.488691178848967,4.3896091494188,40.4634904746375,18.5887296869822
99,6,33,4,0.92288603163435,0.656809138568276,0.974464940140024,2.80801835421135,27.7646126671393,6.00455307526271
74,7,32,7,3.26583720219385,0.504575428997582,0.834318241570145,4.31623808718431,21.9325173531753,-11.0624344395333
9,3,29,5,5.4923624911425,0.0863619165872675,0.139067703858018,2.58298276297603,49.4266808126913,7.19338278555667
12,4,19,3,11.5496140685288,0.0249398846031292,0.328664297005162,6.52599583921061,48.7693279863892,1.47988129512
18,4,31,3,5.25493519153637,0.016430375748314,0.0148972659371793,2.82247296018664,39.7946102901904,29.0981874113586
82,8,38,5,1.52310186580117,0.29045167354748,0.470505823148414,6.11532479327435,16.4469436086091,-10.5955763352407
77,9,33,4,10.0658628855288,0.125003351713531,0.479990588501096,6.23384907920338,27.0246680347834,-4.77809600492802
11,5,27,6,5.13002253379796,0.048905577743426,0.120858965208754,5.50311259521502,49.7981516660405,2.10633287037247
90,7,38,2,6.39587090775827,0.650038915189141,0.967437931802124,14.8581804980825,42.4553021898725,6.88784365771296
99,9,39,4,1.89929585803778,0.390901411316917,0.542887339601293,6.95020267145799,25.731488865166,-14.5118073575233
29,3,30,3,3.03269583563349,0.0285410097567365,0.197490940103307,2.8968419757486,27.1541886845036,20.4348424120846
17,5,31,7,3.41213958187156,0.229951836391094,0.102523003006354,2.42696028842398,36.7195169950395,4.61138623105472
82,5,35,2,8.61304830555961,0.219703453582454,0.663957418175414,3.11517069664459,57.1653125421101,16.3921057580722
28,3,33,3,3.60885490978431,0.0494516707258299,0.0970421966630965,2.70499831631951,26.1677281400882,18.5633841600853
89,5,37,2,7.53465505403295,0.267617337860841,0.883785562356934,3.13429120275917,35.5961380276479,6.82406747476427
24,5,22,4,10.1810310290582,0.00478854656505609,0.0707877357490361,4.30551834690025,51.3442354009238,43.3404013623098
93,8,37,3,5.21449345215414,0.384663761106736,0.730087680509314,7.63691089111709,40.182279290276,22.5812276219038
28,5,25,7,5.42468453319761,0.151229177834466,0.20702745183371,2.10753815761904,22.9330791600117,1.93319920998384
92,11,36,8,-1.14632794904492,0.489433407762504,0.411192266037688,7.24167679979202,21.0158340879188,-16.4589277170824
37,4,25,5,5.55273585670251,0.322223741550672,0.866946252062917,4.87768839406558,43.1459393504489,16.3257094079093
21,5,32,6,4.96948980608048,0.287623170985583,0.221088766586035,3.4383616583448,16.1875493045275,-25.1902897900116
6,3,21,6,5.96192748577204,0.184899257718328,0.382478327024728,2.13604397757442,23.6064751209535,1.55496806984205
2,3,27,3,5.78830305073684,0.00489995726634796,0.0830462905578315,2.93451393919253,30.8354632144262,-3.6808572161576
24,2,26,2,8.44521117016993,0.0999979669213912,0.649569354951382,2.38288812696448,33.2379258606449,-2.22938147977063
13,3,34,4,1.36605432038291,0.0947182809468359,0.208390828687698,6.67950349888969,66.7952509042255,17.5373327176082
44,6,26,5,7.77733931199917,0.0607813852191498,0.289555503986776,4.1305633013142,23.5884646556694,-21.337941664088
4,1,27,2,9.30185816591876,0.0620125867426395,0.361236596247181,2.31712518101925,37.8599624848415,10.1607104618097
41,6,24,4,8.70008907939707,0.000990083091892302,0.0754746969323605,6.27301353558474,46.1331160367168,57.8847844051693
63,4,28,5,0.647335570043381,0.289589522628787,0.944115413352847,4.14842191743415,32.2870813858196,7.2086164478586
21,3,21,5,3.90826221341586,0.0368680424289778,0.341581599554047,1.19047597509159,33.0117753329152,13.4910432814334
0,1,23,3,8.05016851472334,0.00424940523225814,0.0268309130333364,1.040719481263,39.1668100582213,30.719467316861
53,5,36,3,4.21760210817721,0.430280923822379,0.575101338559762,6.4005628922552,44.2218707877309,-2.99773944208601
6,2,28,4,5.02211430601787,0.128310652915388,0.329771738266572,2.85426116248881,43.8278474026888,-4.24781471754742
90,7,32,4,2.0428231037149,0.363250851988489,0.923896771622822,10.6873915620433,29.4382387685916,16.1353740626975
63,4,31,4,2.3428168152592,0.309832287941802,0.911260118009523,2.82407402846857,45.2992820239073,6.41219306721266
78,5,32,3,6.15971919981012,0.299657376698033,0.969881613040343,5.03401720529436,29.2140531770808,-7.16798749280983
84,5,33,4,-2.06116819607464,0.51580847983942,0.96277824183926,5.02226950117395,33.4734080984762,-9.23840503886282
12,3,28,4,3.45486084926825,0.0370903806760907,0.0987713118083775,2.09909586953477,32.2478080990525,15.9152850427027
59,7,39,5,7.60320942428421,0.300939795084971,0.195558581734076,3.30948275076843,20.9402094376121,-10.1120872718407
64,5,28,5,2.17392906023799,0.525355028422707,0.801284258719534,3.63173882173973,47.2120506367879,6.89182876154919
91,6,39,4,-0.0768236439305703,2.1937800750192,0.983399526914582,5.45845788906042,39.5905366619006,-7.00955366032129
32,4,28,4,6.38274202049985,0.176243753627616,0.68279221188277,3.61670957382451,45.8082408849944,6.10942255495054
53,5,34,3,9.31569688614183,0.488797428996718,0.606060474179685,5.14067067263917,46.5256327234064,-3.32980732918789
57,4,31,3,1.6114746151052,0.0822374406197603,0.530419395072386,4.21991346499313,26.9897939257014,15.5648817725599
69,7,29,6,3.09344492674332,0.495375312378115,0.722852517850697,5.75820863629412,28.2012237135127,7.10557269759728
90,7,36,3,5.03863351855674,0.483312895966178,0.610535133397207,5.93871571962655,20.6992830625683,15.4135612676766
26,5,28,5,9.11807473041465,0.166777274571359,0.385881938738748,5.98852444237835,43.7151410818713,4.97838172821923
67,4,28,2,4.48040778570125,0.048527774125512,0.44058475131169,3.58019604553635,44.9084740692312,51.2621050348199
23,4,31,2,10.9825022588512,0.189514844429214,0.193113185232505,5.78543321182689,56.8326091818829,-8.03202997406137
59,4,35,2,3.66345090484885,0.117172689293511,0.620610447367653,5.81623815914331,38.8516013923077,0.537194832923514
9,3,22,6,4.74476209986386,0.130280566782652,0.564559166086838,4.67532573105081,29.9503452608755,-19.9911781211581
42,6,33,4,9.2801928486035,0.158222269383259,0.164660650538281,5.47049787528407,63.941461210025,5.00811245682587
68,8,32,5,5.41072966135288,0.131386001361534,0.378900327021256,5.62083486043153,35.0324001678994,2.44518956571237
88,7,35,5,2.26038737944402,0.815586151513171,0.70534498617053,6.7951788084828,23.6291773052162,-20.7862882704506
76,6,27,5,4.97577066300249,0.318808822882104,0.947795046493411,3.68870509934616,23.0194489801361,-23.7100990768781
2,3,33,3,9.00072413999229,0.04345441411715,0.0478138905018568,1.96618475384901,37.1174105342427,11.8248448380319
25,4,34,4,5.33672683506301,0.141752286232077,0.147058264119551,3.04102681805513,25.9314263772156,7.33634438764353
83,7,37,5,0.80537219534331,0.709411212732798,0.878781443694606,4.44427619997265,28.5917769973141,7.91449105693398
59,5,28,5,-0.214112116655879,0.114589761476964,0.551055282587186,3.74201360700296,18.2384853813347,-10.3788956067564
16,5,30,6,1.82597080523116,0.0859475104371086,0.0338555385824293,4.59557318902632,42.9918756080078,2.59118874838083
9,3,24,4,5.27676906715472,0.0856384342302236,0.309776713838801,4.62451438108217,39.2385207480106,6.25929097039185
96,6,36,3,4.54936318956026,1.10339930533776,0.996960430638865,9.06816551206297,53.2727131760445,24.4574640879552
94,7,28,4,7.90000524229558,0.384570628895216,0.935158731881529,8.17174962362643,42.446065175131,5.89905968576446
75,8,31,5,7.68398872080097,0.414581322759101,0.911495834589005,8.84402928073143,27.5988220322792,-29.2975326705938
78,7,26,5,3.21070230800609,0.0646229063068147,0.67799502494745,6.04394536095128,22.293987555844,-3.72167085502434
41,6,31,3,7.35835731720947,0.0267222649446209,0.162010170519352,9.89249943699938,33.5394176836295,2.91028146110517
2,1,31,1,8.75407381196385,0.0596349107299784,0.177335578249767,3.48694118232705,72.0499348756896,16.7949519962009
36,5,23,5,4.62087446456923,0.00747760350350291,0.0234522346872836,2.23520577886207,24.3380736758219,40.040373937929
54,5,27,4,3.255302665783,0.0719454430509359,0.533389820484444,6.91360666486415,45.0999536674482,11.1657186157924
2,4,29,3,7.88369091449494,0.0151114293363944,0.00394933274947107,4.95431992487011,66.0459262874535,27.2321207582179
10,3,25,4,7.09884880179383,0.0700299220262511,0.331930327694863,3.24076411880933,43.3443016711944,-4.59367713059725
24,3,25,4,5.55100215177943,0.0680073837283999,0.506839769659564,3.23304574306807,49.4169251688427,19.1607741367948
44,6,37,4,8.15863929861018,0.430533837506032,0.42941529629752,4.01220477165733,36.9179076001251,-1.78970186499535
40,5,35,4,4.14501017564064,0.14386402699165,0.320825099945068,7.37443642994535,70.2960185526194,11.8349341769564
71,8,32,7,3.06146248232188,0.19312616692737,0.620844294317067,7.02746021893059,25.8863490244167,-39.3524032384723
6,4,25,4,11.8516643664643,0.0289407989475876,0.0279706409201026,2.52724375179391,35.2195900596982,29.8991157388332
70,7,37,5,5.36759874785998,0.817242961334896,0.888636120595038,9.09213316431633,27.6748624844532,-31.3167872170341
10,1,18,4,4.37229195076115,0.172679383889772,0.575123597634956,1.9171608287302,29.2083399833114,3.58675404032382
45,6,28,5,2.83807611680193,0.0287700636104866,0.0650453681591898,3.62684360973834,24.8884961623504,21.9259186697128
20,3,20,4,6.72283059125888,0.0740192350931466,0.315371814649552,3.09725977187525,55.14177634979,15.6036332040558
88,7,34,4,3.57818138790451,1.03739533335307,0.965830203145742,6.01267417594508,42.1944445669838,2.89311068042909
46,7,39,4,7.31107628870048,0.255419248704541,0.273005635011941,6.78276094279317,52.0349372727468,24.8161650354766
29,3,31,4,4.34157270700144,0.262108536426652,0.661528693279251,3.04110590283426,33.6514848784357,-25.5942996040017
67,4,33,4,1.72167001425881,0.318920172282678,0.93606384517625,5.37169409791661,45.5413664242665,-13.4719417690552
30,4,23,4,5.76055647593874,0.0821644004900008,0.125838679494336,4.39568567917855,35.1217644608468,15.9188927509834
68,5,29,4,0.968659582177801,0.279124401266429,0.812612572684884,8.24407105879957,37.3512522206485,0.849774772135533
56,7,28,5,7.94421913519147,0.215133078618649,0.635164371924475,7.46800350828385,26.3962183328272,-6.97345128526291
65,7,34,4,6.37893892755925,0.0812866110345283,0.136995378416032,3.12913128678035,28.9498509716274,10.2408837315738
21,5,33,5,7.51951521102057,0.120734810130671,0.296559164300561,4.09690779486338,26.4173337935761,-20.9394468529522
38,6,27,7,2.04545912819003,0.102777443709783,0.233724195277318,4.20214690663656,27.1921327603972,9.56512109791123
10,3,27,3,10.5773141239144,0.17764570795812,0.312144154217094,2.99608310249362,38.1419369053313,-5.44520522588819
77,6,32,5,2.9856342075229,1.16380966914104,0.925088297110051,3.37871406818018,16.7668526512781,-21.6270586763778
50,6,29,4,4.41537912908192,0.0284555895486847,0.232682544272393,7.27898584164138,40.655014365935,16.9288203462063
43,6,26,4,7.17181366338247,0.0995188255265149,0.415157882729545,5.21893139337933,44.1966138712006,26.4521914252406
