K:5
N:1000
Gap:0.300014126505704
Rho: 
1 0.8 0.45 0.2 -0.3
0.8 1 0.45 0.5 -0.1
0.45 0.45 1 0.1 -0.3
0.2 0.5 0.1 1 -0.5
-0.3 -0.1 -0.3 -0.5 1
X:
48,3,31,2,4.26487460127456
91,5,30,3,4.19648218918918
5,1,26,3,4.14254983469466
70,4,27,3,6.8505110071044
31,5,24,4,9.21900762322826
54,7,24,4,7.39062348851476
67,7,29,6,4.56813468251679
50,6,33,4,3.17890302685313
18,3,24,2,12.9811870450997
87,7,30,6,-1.14632794904492
39,5,31,4,2.96680946187727
15,5,23,5,4.9729191245771
65,5,23,5,2.67541417335978
26,4,21,3,7.17181366338247
47,4,32,4,1.55710604362332
66,4,27,4,5.4388075663951
24,5,27,4,10.0658628855288
21,5,27,4,9.30226389838041
2,0,22,2,7.79025714071561
11,5,29,4,8.93215148316828
96,9,34,4,7.55766439173883
87,10,35,4,6.2804944448128
16,4,34,4,5.53233183576216
1,4,32,4,5.12310725019418
36,5,30,4,3.13876286103728
15,5,25,4,10.8409142605444
86,5,34,3,2.83807611680193
57,6,34,4,3.41736243435634
71,7,37,5,5.13888319099131
41,3,24,4,4.40619287903632
98,6,34,3,5.57089765665207
15,3,31,4,4.49246110028117
92,10,36,5,4.63116190107507
3,0,31,0,7.92618947298193
4,3,24,5,3.06146248232188
67,7,31,3,6.45078185544094
58,5,28,3,5.3625023869857
40,3,30,4,0.455381506274031
23,4,23,5,4.34762278055132
21,5,22,7,6.68831793315124
43,5,36,3,5.01100863780182
94,6,33,3,2.72277231680625
76,7,32,5,1.72977338142617
10,3,25,2,11.4858949863693
35,4,31,2,8.84198781734655
10,1,32,1,5.50768754176477
49,5,37,4,2.85704054977067
4,2,29,3,4.68360549700524
71,6,24,3,10.0782582132579
13,1,27,2,4.18761685843699
38,4,21,4,5.34141929370978
71,9,26,8,3.26082275983616
8,3,26,3,11.1190954132324
84,5,27,4,5.43680285285307
46,4,23,5,3.4075804232845
37,3,34,1,7.0762987951103
24,3,33,3,6.40304378751582
57,5,28,3,6.57245998244074
21,4,29,3,7.31107628870048
64,4,25,4,1.4202607226823
95,10,36,6,3.03269583563349
55,6,32,5,2.5843495723129
67,4,35,4,0.361570152061264
54,6,24,6,4.40202198873673
45,4,32,4,2.66233050754428
39,6,31,5,7.27351006137215
95,8,34,5,2.02889386871942
66,8,37,5,5.33672683506301
12,2,19,3,9.20979785280017
60,8,27,4,8.50944735027404
48,5,31,6,1.78800894546783
59,5,31,2,5.81775962877742
86,10,29,4,6.71015694436757
90,7,31,3,7.91739138748614
93,8,32,4,4.73322783308097
5,2,29,4,2.0428231037149
81,6,35,5,3.09344492674332
8,1,17,1,8.31527405240542
62,5,33,3,6.32671045088323
33,3,22,5,-0.230348838103316
97,8,42,6,-0.0768236439305703
91,10,30,5,7.33955318287036
33,6,36,5,6.41507637245258
70,6,26,4,3.1102179002853
18,4,22,4,6.67500377312025
15,3,23,5,4.48040778570125
70,7,32,4,8.70008907939707
24,5,28,4,8.74667569811085
20,4,23,4,7.07021242059495
22,3,32,5,3.47367357296378
70,6,26,6,-0.214112116655879
62,8,39,6,3.42144795710404
65,6,34,4,1.51628448071215
37,4,24,5,2.22452027536563
40,4,32,5,1.90985162755313
2,4,25,4,11.5833745728821
30,3,23,3,7.99919022911731
9,2,19,5,4.85067828399462
51,7,33,6,2.19123943128052
15,3,33,4,4.41154085703507
61,4,26,4,2.89412726796844
61,7,30,6,3.30037060550058
65,4,32,2,3.79964773417728
53,4,22,4,6.57678897229863
43,6,28,4,9.20188990747826
14,5,32,5,7.36028566374121
59,8,37,4,6.34882875012806
89,8,34,5,3.92405258912935
10,2,31,4,1.21290234569549
47,7,30,5,4.005590746239
1,2,31,2,9.83134023406257
48,6,29,3,9.15450049142164
30,5,29,6,2.89063280856451
39,5,31,3,5.29465323264304
50,6,26,4,3.75341267982668
99,7,32,3,6.20807238761548
15,4,25,5,6.7139542522925
58,7,32,4,9.23503814019373
85,6,25,5,4.33419053058011
38,4,35,3,3.60885490978431
44,3,32,2,2.97809078713489
10,2,31,2,7.08428041041472
51,4,35,5,1.72167001425881
13,4,27,3,11.7996562473058
47,7,32,4,7.71472154641332
97,12,33,4,5.23793884034429
70,8,26,6,5.15994506745156
34,5,32,5,5.32214808990904
78,7,34,4,5.65308877086958
5,1,30,1,11.7580544189817
11,1,20,1,7.4811047949315
22,4,27,4,8.88386430834745
9,4,27,4,9.81742884885963
29,4,26,5,4.26676216251708
57,5,35,3,4.96750872550671
34,5,27,6,1.55016573505479
14,2,23,2,5.4923624911425
68,4,26,2,6.27138722572055
72,9,36,4,7.69077259092244
6,1,23,1,10.712074813772
82,8,34,7,0.0337369127909319
27,3,31,1,7.35835731720947
72,8,27,6,2.61831149258141
79,5,36,4,1.19942664996906
60,7,33,5,4.30600132847961
78,5,31,4,1.52310186580117
38,3,33,4,-0.305056258620501
88,6,31,5,-0.0399031402201526
57,7,37,7,2.01536208000701
98,11,33,5,5.3123249549307
95,6,27,4,5.96320331038659
99,6,38,3,2.5831651210805
55,4,33,5,2.39353625724841
88,6,26,4,3.0654988525523
10,2,19,3,7.51951521102057
96,9,35,3,6.94796703543435
55,3,22,4,1.82597080523116
41,4,26,5,3.44097523439892
77,5,34,3,0.728022614397033
26,4,25,2,9.18514884217641
46,5,33,3,8.64818135308628
78,7,30,5,1.66551131750484
25,4,34,3,6.39587090775827
0,2,25,3,6.37893892755925
13,2,28,2,6.72080992085955
95,9,42,5,1.48961772122161
2,2,28,4,3.08591905614519
82,8,27,4,7.14245809105352
77,6,31,5,0.219617510295654
41,6,34,6,2.13435692608968
86,5,38,4,0.143186998616599
84,9,36,4,4.92226791881279
94,6,35,2,5.4873871575208
68,7,33,5,4.21760210817721
71,8,31,6,2.20757669565759
90,8,28,6,2.90870285983791
5,1,29,1,8.34956301814082
28,4,27,5,4.79737902740171
24,3,28,5,-0.000331937345764644
50,4,32,3,3.59060077186235
89,6,32,5,-0.301055216812181
38,4,26,4,6.41172710732977
95,6,35,4,1.65959119471644
98,7,29,6,-3.43470575513416
55,7,25,4,11.8297835684093
1,1,30,2,7.79608643925278
70,7,34,6,2.3428168152592
30,4,33,4,3.65849560725356
26,2,27,3,2.46134842972756
65,4,32,5,0.720625774557734
35,3,32,3,7.59464084608074
26,5,30,3,7.20584641923885
38,3,30,4,1.6218674504601
81,6,31,3,6.67106173039641
97,11,36,7,-0.113440218996248
74,5,26,3,5.80707888653687
46,7,36,7,3.07989595951574
54,7,34,5,6.61797763815517
99,7,38,3,4.65788437468143
7,1,17,4,6.22575063986207
19,4,27,5,1.73842697662123
57,5,29,2,9.68525373412488
50,5,35,5,2.45963429916701
53,3,32,4,-1.88277362173081
0,1,20,3,5.69821324908633
59,5,34,3,5.61875312704914
80,9,29,4,9.7002176773714
28,4,22,3,9.31569688614183
91,6,29,2,7.13530918010375
1,3,29,4,8.28098265804788
80,5,30,5,0.503136273062473
66,7,30,6,3.90826221341586
59,6,25,5,6.098471022156
47,4,35,4,5.00290352610613
49,7,28,5,6.22041523047369
84,9,27,4,7.8766808454171
40,5,27,3,9.08665011304397
90,5,32,5,-0.217113846224361
72,9,33,6,4.32423659493614
91,7,36,6,1.84995196001636
84,5,31,3,4.27815072383817
90,6,28,6,0.795842024448072
14,2,27,4,1.26852838280675
82,10,38,5,2.98547866372623
55,5,29,3,6.96519057305384
13,4,31,3,11.534669862319
86,9,30,4,6.28719640609364
24,3,31,3,2.46364288723468
98,7,38,5,2.24796961635769
38,3,31,3,4.79821557183415
62,7,29,4,10.2689239441392
37,5,28,6,4.0658658918115
20,3,32,3,8.96529988939194
45,6,29,7,0.772794415753669
96,7,39,3,2.22059347069999
71,7,36,5,2.16852840194012
5,4,29,4,9.52687988519245
86,9,34,4,8.1720367885824
20,3,32,2,7.12568798228817
86,6,26,3,5.66278725441678
31,2,29,4,4.36158995576101
97,9,42,3,9.01457463241587
25,2,30,3,1.36605432038291
9,4,22,5,8.78475858291409
51,4,25,5,-1.53598452733404
22,4,32,5,-0.970162040328039
85,6,31,4,6.16846361850409
11,2,30,3,3.92852006618933
76,5,36,4,-2.21638084988814
12,2,23,1,10.652117242591
32,4,35,4,2.7476543918326
21,3,22,3,4.29806410858035
20,4,31,5,5.83272258100435
2,2,17,3,10.1362836242306
59,5,34,5,2.2888156267883
71,7,31,4,5.70832384351861
66,6,33,6,1.29694084550624
99,6,38,2,6.94354088756265
46,3,27,4,2.24768331114481
87,8,39,4,6.46905008338227
67,6,35,4,3.02383092495756
11,3,24,3,10.6633545050533
71,7,30,4,6.45874910449988
76,5,30,3,3.15574365906418
95,9,31,5,6.54884355737709
75,6,32,3,4.41537912908192
70,5,28,3,5.15499290483002
94,7,30,5,1.23013131935099
58,7,29,7,2.65380567740537
36,4,22,3,6.75055553756076
66,6,32,6,2.88535882352858
98,7,37,4,2.42477333724226
84,6,29,5,0.968659582177801
8,5,24,6,3.42317297953947
97,13,28,5,8.40107112240123
69,7,27,6,2.04545912819003
28,5,22,5,8.1557266012027
44,5,30,5,5.36759874785998
87,9,32,5,5.55851023060191
35,6,30,4,9.39690016481024
70,6,37,5,1.532118212663
18,4,25,5,7.90000524229558
3,3,30,5,2.89847514777541
95,6,31,5,-0.279787282642369
18,3,25,4,3.96930601693474
75,6,34,4,-0.576634237045536
92,11,45,7,1.97885624300805
40,6,28,6,2.99008021564291
37,3,22,4,3.04884582469
3,2,29,5,2.55117016431902
91,9,27,5,4.37842307174894
7,4,28,4,11.5496140685288
18,3,32,5,3.22380316654869
37,6,26,5,6.47117344746834
12,3,27,5,3.47708427148784
15,5,23,5,9.2801928486035
47,4,30,2,8.66331476212944
73,9,26,6,8.56906384578309
23,3,21,5,5.91473355675207
72,9,32,4,7.66185430828374
75,5,32,4,3.30430692859206
93,8,33,4,5.26518773104506
70,6,35,5,-0.208554934684765
61,4,33,4,-2.12345525119524
21,2,21,1,11.7824961431015
88,8,40,4,4.46383740436654
88,5,32,4,-0.771254481852907
72,7,30,6,1.39186494363404
5,3,20,4,9.61926226932647
55,6,28,7,0.561120661592212
40,4,28,5,4.53045788943024
53,5,32,5,1.54454119598077
76,4,32,2,7.09884880179383
9,2,24,2,10.2311523675227
66,4,29,1,5.25493519153637
63,5,31,2,9.421967364233
90,8,30,6,-0.632045929060682
39,3,28,3,3.95153562758877
84,6,33,3,5.41072966135288
96,6,36,4,2.38196432072323
23,4,22,3,7.90413546695031
32,5,24,5,5.98697516499458
78,9,34,6,0.981945359457289
97,10,35,7,2.66600410625255
19,3,33,3,5.15418224060341
24,3,24,2,5.62282597418576
55,4,34,4,0.472423830625374
58,7,29,4,8.5677278353815
22,5,28,6,5.15069805886091
68,6,29,3,9.88608287218795
78,5,26,3,3.54430034781582
54,7,37,4,6.91716040964853
98,8,34,4,4.22224159540938
22,5,30,6,4.98712804974188
31,3,21,2,8.82676898805572
56,4,26,2,7.55146815073687
10,1,26,3,5.11968166609804
37,6,31,4,5.71141020293566
17,5,33,5,6.26866327260287
40,3,31,3,3.30846142133648
51,3,27,2,7.68396757428544
73,5,29,5,3.36031455890506
82,5,35,5,-4.12696114960706
28,5,33,5,4.87255564776102
70,5,37,4,0.709162497817275
45,6,31,6,6.58112929062945
12,3,26,5,7.62528091473361
92,8,38,3,6.58750065399766
3,3,23,4,10.554323385534
36,3,24,2,5.55273585670251
98,7,33,4,4.92907028829707
75,6,38,3,5.92543119508633
85,8,27,4,8.02827350760226
44,4,29,4,2.07041503889187
25,4,22,5,5.93095653747504
19,2,27,5,2.0549639839614
18,2,19,3,5.39348294634104
68,7,38,5,3.5070830621596
53,6,35,6,0.776519835405466
82,9,28,8,3.91466281150319
25,3,26,5,5.13002253379796
71,6,39,6,-0.333604962785822
46,7,28,5,8.06688371712345
7,4,25,4,7.31647963951368
9,1,25,2,6.03425858685417
68,5,28,5,3.86556948096335
57,6,29,4,9.07606986521409
29,5,32,6,1.4848349274344
77,9,36,7,1.74134932624759
51,7,28,5,3.48927385582977
35,3,28,4,1.47676410691682
91,7,30,5,3.71831628663905
46,4,27,4,-0.348047651482871
10,5,24,4,11.291593403227
27,5,23,4,7.84673592809836
64,6,34,4,6.96084483849097
26,3,21,3,6.61363026517394
54,6,36,4,6.09061280744634
58,5,24,4,3.41092783960841
1,3,27,3,5.41267716321696
44,3,29,3,3.57098127084118
88,5,37,4,-0.236986048689619
71,6,25,4,3.45486084926825
3,3,33,5,4.1551965833459
29,4,24,4,5.37529272620917
45,3,31,2,5.97347148126983
84,6,32,3,5.28414719089101
62,4,29,2,5.20081874764759
95,12,32,8,2.94215453830139
72,4,26,2,5.99921127064161
23,4,33,2,10.9319241062134
30,3,31,5,1.58765172860991
61,4,34,4,0.647335570043381
26,2,32,3,4.60557064900492
37,4,30,5,1.79783788005834
35,3,25,3,5.21449345215414
53,4,25,2,8.54489307462905
33,4,24,2,10.1573345352305
47,4,34,2,4.4182523163679
88,10,27,6,3.05285020388909
11,1,25,3,4.76694277733202
1,3,23,4,6.55113823936988
64,4,36,4,0.670152684247963
2,3,28,5,3.68958840335916
4,3,30,3,5.45344405762201
75,5,38,4,2.40838168793632
99,8,34,5,1.3017790916145
74,7,28,6,0.910422241372206
9,4,23,3,10.5773141239144
12,2,25,2,10.4446439398328
18,2,23,1,6.58436483923469
82,8,31,7,-1.58370691725595
77,6,26,4,3.36529333052437
11,4,22,4,8.44521117016993
90,6,32,4,4.30796269195181
99,9,45,3,6.49331492131775
29,3,30,3,4.95862503450432
17,3,33,5,-1.16595066233645
82,7,27,6,1.38769158033933
28,3,24,4,3.68079902901125
89,7,27,4,5.40156735619987
24,3,28,5,1.60025143987714
93,6,29,3,7.00377771767754
28,5,30,6,2.17392906023799
92,9,35,6,3.31734573133917
37,6,37,3,9.11782615089373
21,3,32,3,3.94515366971014
6,4,24,4,10.6807113798075
2,3,31,3,9.79376170672258
24,2,28,4,3.12641387975873
13,5,30,4,10.5302690847142
44,5,23,6,5.10722706629145
4,3,22,3,5.76055647593874
41,6,28,5,8.96439466535544
63,5,27,4,4.32167172568118
21,5,23,7,3.47637379285227
0,1,18,4,4.14501017564064
53,6,35,6,2.4258521711958
6,2,30,2,8.19980003275743
90,8,29,4,7.03117003347345
63,4,35,4,2.90117279381391
78,4,28,4,2.87457446818166
84,5,25,2,5.66783707693569
12,5,22,5,5.76519121096742
59,4,31,3,2.88845902758284
64,7,32,5,2.42225368080327
91,8,35,6,3.82023527087518
32,3,25,4,1.753883648093
53,6,36,6,1.08265331835677
57,5,34,4,3.94347936321738
69,7,28,6,1.92336781780382
90,7,30,3,4.768303113108
26,5,31,3,8.33047697691037
67,5,29,4,1.43871404964122
23,5,24,4,10.1023401679976
59,5,29,3,11.2927583113784
9,3,33,3,7.83347108893803
42,5,31,3,5.24921859710379
68,6,30,3,4.35805989865128
88,6,35,3,4.49716119957463
76,5,33,4,3.10825314839294
2,2,22,5,2.04195268672551
25,5,23,6,5.67405987099
83,7,30,6,-0.373078251936347
59,7,30,5,8.40782388297473
16,4,28,3,14.5975531237657
9,3,25,5,5.68680766576063
96,12,37,4,6.33569411930068
94,7,27,3,6.6275541245302
75,8,28,5,2.85525798689854
78,8,42,5,5.25873604297359
41,7,27,6,3.58043269279886
2,2,32,3,6.95792877598191
36,3,35,3,3.05442792755432
54,6,24,6,3.26583720219385
2,3,32,5,2.06282825158276
10,4,24,4,9.30905351996812
24,5,23,6,6.37272840700204
44,4,31,2,5.6943792744986
40,5,33,3,5.17362080551285
71,9,28,5,4.95204553447352
6,3,28,4,5.49653985184863
70,7,30,4,6.16368407866869
10,4,33,3,8.02183498342846
45,4,33,2,7.18143755455963
20,2,33,1,9.65563909181829
88,10,29,7,6.19324267025044
46,5,25,4,6.21481932911651
29,4,26,5,2.02209329693529
67,6,26,5,3.29538196634716
30,4,29,4,4.62087446456923
68,9,27,5,7.85670210955113
56,6,33,5,3.60771606154158
65,4,26,4,4.88301095264032
21,3,33,3,5.08123389397772
38,4,29,2,10.4224983091555
10,2,21,4,6.72283059125888
77,6,32,5,1.83200960650608
50,6,30,6,1.84020209085141
43,6,33,4,4.31985173301757
78,7,39,4,3.70182488584981
78,9,39,8,0.16962071131258
62,5,33,4,-1.3832906802587
99,8,41,4,5.26952415812036
82,10,30,6,6.98856895962948
39,3,35,3,6.17694456923812
7,5,22,3,14.9758995726728
36,3,28,2,8.63071226148247
34,4,23,5,4.97528650239491
4,1,30,3,6.59482127070513
85,8,40,5,1.22509649504703
92,9,32,4,4.96163610355347
87,9,31,6,1.26686228516092
3,3,33,3,5.55100215177943
2,0,20,0,12.9517966421356
77,6,30,3,3.40210383139884
13,2,27,4,4.0692984515656
69,5,35,4,0.607036279115439
6,1,29,2,5.03070429078392
92,7,34,5,-0.491680681864199
93,10,38,5,3.31480224490502
46,6,30,5,5.62769719184366
67,6,35,3,5.11988336438003
1,4,23,3,11.7503266917126
50,4,33,3,5.58629535486401
1,3,21,4,7.42248234618633
26,3,22,3,5.60838679047076
58,3,30,4,-1.20340463354758
7,2,28,3,6.19791898742693
15,3,28,4,4.89581937603666
70,5,33,5,-0.634664323001503
2,3,21,4,7.1657105044933
98,10,30,7,3.22432298820382
64,7,38,4,5.02211430601787
95,6,29,3,4.72624360446609
21,2,30,2,2.91335777549033
98,6,36,4,3.83587829184924
97,9,33,7,1.87647187261424
49,6,25,4,11.5197396422349
32,5,34,3,8.86249394295265
63,7,26,7,3.52617625750342
30,3,27,3,8.11293147548049
98,7,32,5,-0.770432018283374
0,3,27,6,2.58031368818181
52,5,35,4,5.39737532439747
17,1,31,3,4.56420271692467
22,4,23,5,4.08324074217038
30,6,26,5,10.6510546795294
62,6,26,5,3.82064078811341
28,6,23,4,7.71784794074271
51,6,29,5,6.91346836664545
1,2,22,4,4.91537841198258
71,5,31,4,4.23771406080323
27,4,29,4,6.74696266893552
62,7,38,5,4.14071780009728
55,6,32,4,9.1246591792873
46,5,30,4,6.38274202049985
67,7,34,7,2.26038737944402
60,6,28,3,6.82658562229464
15,3,26,4,5.42468453319761
78,7,26,4,4.18561024700352
9,3,30,4,5.42066115744703
70,4,24,4,1.65040064312928
97,6,34,3,6.15971919981012
40,4,35,4,3.03524302738964
80,6,31,3,8.91321316310418
3,3,33,3,7.71129809032666
39,6,25,4,8.62111698320205
66,5,30,4,4.10590857918968
29,4,24,3,9.30185816591876
88,6,28,2,9.6961988961857
46,6,33,4,4.01873855607666
11,4,32,4,5.25901999779734
97,11,37,7,-3.28786409925953
46,3,35,2,7.98004193356043
21,2,31,1,9.54362845026683
23,4,31,5,4.89709198738671
15,4,25,3,11.6052133949311
9,3,27,3,6.19942376681423
54,6,34,4,5.2834808164631
66,8,31,6,1.82093170193113
48,4,34,5,-0.301769229033024
35,3,34,4,2.50063230092693
4,2,25,2,12.6424073427568
22,3,34,3,3.48105740677621
6,0,24,1,10.9825022588512
82,5,27,4,5.28396088469889
80,9,41,6,3.08109092916059
92,8,26,6,3.41213958187156
13,3,21,4,5.66174433568372
30,3,22,2,11.0665198312847
0,4,25,4,10.4977003751266
2,2,19,5,3.85180731446083
78,10,36,6,2.66742724245793
82,8,27,5,4.13256474834278
96,8,29,4,3.12974988209094
70,7,35,3,9.11871972630786
82,6,25,6,1.41210075298045
85,8,42,4,3.81090325028949
72,9,28,6,2.22353792699019
7,1,27,2,6.23718092735649
93,6,41,4,4.65502292776818
60,8,28,4,8.88267577914557
62,6,28,3,6.92124887805389
77,8,26,4,11.0715525288796
59,5,25,3,9.10344989455247
46,6,34,5,1.00541832701589
90,7,37,4,0.776678324304048
62,4,31,4,3.61137889401608
4,3,28,2,11.3170853025021
60,4,27,4,2.9526684982325
61,7,27,4,5.90490936335035
0,0,25,3,6.14511224913485
60,4,28,3,3.39079067254496
46,5,29,4,6.00715102150073
35,6,34,6,2.17640244545997
70,4,23,2,8.6443026760077
58,4,32,1,6.04126033859187
13,4,22,4,7.38940211900675
38,5,24,6,6.16648162524769
86,6,29,3,5.00025628831001
87,7,39,6,-4.24756628510362
48,6,28,4,9.06479171241919
94,6,31,4,-1.95806748804885
15,2,21,1,11.3289240755078
28,6,32,4,8.25865633567323
51,4,28,3,3.921480755725
96,5,31,2,4.37229195076115
37,4,34,4,1.93104481806846
58,8,29,5,6.34866253526796
87,8,31,6,-0.159364631161816
26,3,23,2,7.70771000501441
45,5,32,3,8.94158953265284
38,4,25,3,3.27143896856394
54,6,29,6,1.92195256967542
50,6,30,5,5.01449190074675
3,2,31,2,8.18981694769624
71,5,30,4,4.77256457160155
2,2,30,2,6.89962107888416
66,4,35,5,0.25884241491893
60,7,30,5,7.02395843114986
60,6,27,5,3.94613793862824
49,4,24,4,3.66345090484885
61,4,29,4,5.4045596310251
67,7,28,3,11.4366898150974
5,3,30,5,2.4844903247005
25,4,29,4,7.19844553217041
65,6,29,4,4.34120451982782
90,5,32,2,8.70366663315301
1,1,24,1,8.29341332745578
60,6,30,4,7.57060170532605
17,3,21,2,8.71672985147675
44,4,35,4,3.9759438793469
9,1,18,2,9.11807473041465
90,6,33,5,-1.39731907336276
83,5,34,3,5.37688527693384
82,9,29,6,3.57818138790451
88,8,38,7,-2.28495962674104
95,7,38,4,-1.1554688611025
75,8,30,5,6.27611983726309
20,3,30,5,1.86926587402957
31,4,34,3,4.27688939367235
55,6,32,3,7.75748251963547
36,3,31,3,3.01116808269547
59,8,39,4,5.85825070511772
15,4,28,3,11.7866971601488
80,5,27,2,9.00072413999229
17,3,29,2,7.36419070426142
20,3,32,4,6.05773253578138
22,4,28,5,1.45083466929029
93,8,34,4,5.01032602927745
74,5,27,3,3.39521968010259
16,3,26,4,2.39953990266821
64,6,30,6,1.03152235553359
87,9,27,5,8.05016851472334
49,7,24,4,8.80389692926308
54,4,32,3,5.34149359328732
10,3,31,3,2.84226201014851
99,10,37,6,-1.88824426778548
0,3,27,5,3.61681174093266
88,7,36,4,0.92288603163435
5,4,31,4,5.96192748577204
60,7,37,5,6.72158644161814
85,7,29,5,4.34157270700144
27,6,33,7,2.97756431604292
58,5,29,3,5.49462007238592
13,1,26,2,5.86453331828813
70,5,34,2,7.3603152209382
24,4,30,4,3.413053951939
26,5,30,7,2.34474554482027
62,4,23,4,2.15471739673957
63,6,37,5,1.02410167050709
83,5,25,4,5.71424492904893
76,5,27,3,7.53465505403295
42,6,37,5,4.52100800622251
88,9,37,6,0.63100881529734
61,4,31,4,1.7263476279967
35,5,32,4,6.48812046701427
64,7,26,4,5.98439127868687
70,4,33,1,5.44623298068615
86,9,34,4,5.92568500978519
39,4,23,3,6.57148440812965
31,5,34,4,2.16391922492884
11,4,25,3,8.66892832203371
67,8,34,6,1.19015634469128
23,2,32,3,3.53349142450484
24,4,27,5,3.73268728344143
96,6,29,3,6.91675786424271
31,3,25,5,1.74584266302472
51,4,32,2,8.10848306620746
49,4,29,4,2.03414425377088
47,5,28,6,-0.419655763823084
12,3,27,3,6.70854459359116
12,5,26,3,9.63573037981534
12,5,32,5,5.93122268706752
53,7,25,7,4.83249090711562
13,4,32,3,12.1162829990227
39,3,28,2,8.37091078013906
6,4,28,6,4.97577066300249
31,4,30,3,7.08037499895323
5,1,28,2,5.96681181560874
59,7,32,5,2.12428383783948
76,8,29,7,4.44517363504062
29,4,27,5,2.27771081533369
44,6,36,5,5.26058232405419
77,7,38,6,0.63606597201944
25,2,30,1,9.31558265815167
29,5,24,6,7.27883968814738
6,2,24,5,4.06641644655916
46,6,25,4,7.64567852424703
21,2,22,4,2.9856342075229
54,5,34,5,-2.59478566336152
99,10,28,6,5.08051206319255
82,5,34,3,6.40718574493061
30,3,33,4,3.41427474610761
41,5,29,4,4.3814119911609
46,5,28,6,-0.769063320807115
23,5,35,5,5.65819471551363
38,3,22,5,-0.954911340595889
77,8,26,5,5.04072884267725
55,6,24,4,9.40939895919098
30,5,28,5,7.00382586214574
32,5,27,4,5.86679693444404
2,3,27,3,5.61606689529589
49,4,28,3,1.5773457156914
87,7,34,5,3.07022142042721
90,7,28,4,5.01494680181075
8,2,30,3,3.0024613458984
59,4,29,3,4.88492086871769
3,4,28,3,11.0914190148395
37,3,28,4,-1.69908327099615
70,6,30,4,5.50882582654562
71,6,37,3,6.58201340547319
97,10,36,5,2.62408500566243
12,3,23,3,12.3854313990704
21,2,26,4,-1.27359252453354
11,3,27,3,6.01003083492144
61,4,31,5,1.43922637100758
71,8,26,6,2.63767350115759
40,4,33,4,3.255302665783
10,3,20,3,10.1810310290582
24,3,33,2,5.37219801812652
36,5,35,5,3.8164957762568
80,6,31,3,4.21943678196875
76,5,31,4,0.862474958559302
96,8,40,3,7.84591898276118
36,4,28,6,2.91568245938799
91,7,39,5,0.405239446510903
44,3,34,3,-1.29856957810938
79,10,27,4,10.2808629178013
17,4,27,7,4.92670207625725
60,4,29,2,7.60648067514449
52,4,35,5,-0.94676507588605
48,6,28,4,6.78234551161488
96,6,27,2,9.76402239243778
5,1,25,4,1.85865231399517
42,5,30,4,7.92094191776669
69,5,32,4,3.60813611701088
64,4,26,3,5.43344438535576
71,7,29,7,4.47837043744349
37,3,26,3,5.27676906715472
36,6,34,4,6.86158974230796
44,5,26,3,10.6750335252232
68,5,32,2,8.30169053318806
76,5,27,5,2.89793030708547
88,6,38,2,6.40656950073304
28,4,30,3,8.07308603804436
70,7,33,5,4.18110994389452
12,4,28,5,5.24475835800803
97,12,31,4,8.57013462613004
46,6,28,7,2.09870411110579
30,4,23,3,5.76349119526878
76,6,28,5,-3.56160310410957
18,2,20,3,6.91635318538887
89,7,35,5,-0.619675515138992
66,4,26,3,5.21540028987408
6,4,28,4,7.55694445395722
67,8,33,5,3.29851452507974
9,3,25,3,8.4617853206825
98,8,29,4,4.96948980608048
83,6,31,2,8.69303644124506
56,3,33,3,3.20644870282118
44,3,21,1,7.79953446324742
96,6,25,3,6.64680259687229
12,2,23,4,6.612160242289
35,3,25,3,7.26279427039491
91,7,28,4,5.82316120687438
28,3,32,3,1.92604930543381
24,6,23,6,7.13170378590961
4,2,28,2,10.033300792289
74,5,26,4,3.15028082865363
90,9,40,4,5.83367009920118
27,4,23,5,6.12021582790892
19,5,30,3,12.5572462121403
96,10,30,6,5.68098292814252
48,6,30,3,8.75407381196385
16,4,32,6,1.46579940405996
31,4,28,3,5.58683245745961
22,5,24,6,4.93527396649764
23,4,25,4,7.46038847276516
6,1,29,3,5.38995591778144
35,4,32,5,5.01009668981686
19,3,20,3,8.13397094777591
53,4,26,5,1.26720809914005
73,5,33,3,6.1054742302774
98,10,38,6,0.938035441887553
30,4,28,4,5.87507906252131
84,8,34,5,4.72533553109476
27,3,32,4,-0.370770940722742
92,5,27,5,-2.06116819607464
85,10,29,4,12.3443363603232
88,11,31,7,2.28645064993233
22,4,31,3,10.2853886080113
26,5,35,4,5.19316458457082
68,8,33,6,1.47382575463606
16,4,21,6,3.80496031665433
54,6,35,5,3.77507969237783
88,10,38,7,3.50658656435612
43,5,28,5,6.45683066305279
0,0,31,1,9.1930077752398
18,4,22,6,5.11589691172809
41,6,37,5,3.59033402152943
83,8,39,5,3.45407388854153
48,5,26,4,7.94421913519147
36,6,23,7,6.58467165608155
27,3,24,2,5.60955859166756
92,11,36,5,7.54181593761225
94,6,38,3,-0.114349633966252
13,3,22,3,9.14845090830097
40,4,28,4,4.09863039009482
1,3,31,5,4.80202462481085
28,3,21,3,7.9245714449552
26,5,31,5,8.19816916588855
44,3,23,2,4.51964628924299
3,2,21,2,11.7694375660595
55,6,28,5,2.96701995774924
94,6,37,2,5.1773837745914
91,7,33,3,5.915529757534
9,3,28,5,2.67961391000122
3,3,24,5,6.87659354884687
75,8,31,4,6.3238343632935
77,8,32,4,8.15863929861018
13,3,23,3,11.0102714637968
7,5,30,6,5.80274846393735
42,6,36,5,2.57993885880059
24,2,30,2,4.02247163711888
46,5,26,5,2.5955536769081
20,3,33,4,3.50891134994295
74,5,36,3,4.09465178037453
15,3,25,2,7.88369091449494
57,5,26,5,3.5174138740317
48,7,24,4,8.03356528824163
40,3,33,4,3.31921679786135
46,7,36,3,11.8516643664643
82,8,27,6,4.74476209986386
32,4,29,2,6.12335943038874
5,2,22,3,9.3092612418492
37,3,24,4,5.78830305073684
20,3,31,5,4.47139324363336
20,5,31,4,5.45850904786765
47,4,29,3,5.50105582335351
18,4,33,4,6.84852483535642
4,2,30,1,9.88760956582289
70,5,33,3,6.68293762500023
32,5,33,4,6.21838703348008
6,1,31,2,7.63267119869752
75,6,28,3,5.38605598579237
47,4,30,2,6.1389213379718
50,3,22,4,1.89929585803778
91,6,31,4,0.856727878181429
36,6,34,5,4.32530092989883
11,4,32,6,5.3835578621951
71,7,28,5,2.65200121484634
42,6,31,5,5.53233738522355
45,4,35,4,4.17570444820579
68,6,24,4,8.61304830555961
29,4,22,5,4.65658804653803
46,5,34,3,6.30754600600892
53,6,26,6,4.8653351651162
24,5,32,3,7.25514206213487
97,8,31,5,2.74101737488464
76,8,29,4,7.11914102101249
39,5,33,4,6.59280779832327
35,4,30,5,3.79344352866328
57,4,34,4,3.06813940518135
90,7,39,4,3.6340583583933
12,4,28,3,10.1883303449191
51,4,35,2,4.67840730449392
11,2,27,5,1.55795632608937
33,3,24,3,8.31293556230238
33,4,26,2,10.740623963894
45,4,34,4,4.7715896496029
20,5,29,4,6.60343791672793
34,5,33,6,-0.547802749294738
67,6,25,3,8.63637232376542
71,8,35,5,5.14421584752935
27,3,22,4,5.93401822745642
12,4,27,5,7.46432433126941
42,4,26,5,4.24052753169628
80,6,31,3,5.50225260990282
20,2,20,2,10.2655097316996
54,4,24,3,9.48850888555593
58,5,37,4,-0.0346119962866442
66,4,29,3,6.46658079088983
42,6,33,4,9.68064190448979
62,5,32,3,3.15796473276008
78,9,26,7,4.71696613443962
99,6,41,2,5.03863351855674
91,6,36,2,4.22813176103187
6,3,23,3,6.77749684836281
74,6,26,3,8.80716215454082
13,4,29,4,3.64492026076084
35,3,33,4,0.555512914418465
46,4,27,2,6.30730176424083
48,6,34,6,2.83760834014704
9,3,31,2,10.3476526309612
53,7,24,4,9.56013647271173
72,4,31,3,0.943566608125612
84,7,33,4,2.72974222627796
44,6,30,5,3.0831291657126
87,5,38,3,0.0586458731464425
5,5,26,7,3.36069727922585
6,1,29,2,2.61435168579921
27,5,22,6,5.72946421586122
57,6,29,3,7.29975538931544
85,6,38,5,-2.80280493537811
26,3,28,3,6.33239304188584
90,6,32,3,6.84299022583951
20,3,24,3,7.00628706472177
26,6,34,7,4.37376394765112
25,3,30,2,6.79385310625054
40,4,26,2,9.33133971750333
36,4,22,6,1.61272306013914
59,6,35,6,0.579213602943264
74,5,33,5,1.79952065223762
64,5,29,4,2.83823086275361
75,5,29,5,2.89739537920001
49,7,30,5,8.41624050940238
9,5,34,4,6.22256394487935
0,0,27,4,1.1052406287613
39,3,21,4,2.75138847808289
69,8,34,7,2.51641484746836
90,6,29,6,1.61750303958166
59,4,24,5,3.57623545791818
49,5,30,3,4.99352936780397
81,5,28,2,4.54936318956026
47,4,31,4,2.293199513728
28,5,24,6,1.6114746151052
57,5,28,3,7.60320942428421
84,8,26,6,3.21070230800609
42,5,30,4,6.40217813315979
7,5,31,5,4.46608241268131
31,3,31,2,7.68398872080097
80,10,34,4,7.77733931199917
22,5,32,5,6.21046578682196
98,8,37,6,2.16901407334151
85,5,31,4,3.91385085696964
3,2,28,4,0.913987920342441
97,7,30,3,6.03004327080185
12,5,28,5,7.04927486751434
51,6,27,3,9.42455493933768
82,6,33,3,7.39084164341585
92,6,29,4,-0.258263126687659
88,9,35,5,5.60228618351313
65,4,30,3,4.04539141833568
45,5,35,3,8.81299798111563
2,3,32,3,6.45869143739018
9,3,20,2,9.37922730132334
85,7,29,5,0.80537219534331
41,3,31,1,7.23952598670223
60,7,25,6,2.84499314912379
99,7,28,5,-0.571130543862747
25,3,22,4,3.43719612087061
79,7,31,5,1.76745485078733
68,8,25,8,4.32032292288562
63,6,24,4,5.28742485024424
23,4,23,3,8.07493380533504
17,4,29,4,3.97129257290915
56,5,31,4,7.42776334483366
84,6,28,3,5.72739666631001
