K:5
N:1000
Gap:0.475999982662274
Rho: 
1 0.8 0.45 0.2 -0.3
0.8 1 0.45 0.5 -0.1
0.45 0.45 1 0.1 -0.3
0.2 0.5 0.1 1 -0.5
-0.3 -0.1 -0.3 -0.5 1
X:
3.84994981280124,0.0711351068194563,0.542183965677395,1.88050041302883,42.540485763524
2.98043392836216,0.0409026820375427,0.0577930477447808,5.67225735163255,39.3305704988467
9.34029493140666,0.937405151728183,0.488642909796908,3.77428267113481,73.4594529022801
12.9008003041447,0.246634682629931,0.654862861847505,5.77310857833183,19.4055904843114
6.76409714218499,0.266589489857474,0.600079838884994,5.3194714270984,35.7170421307208
7.52906549652573,0.40699004519493,0.898668091278523,2.88673521506385,54.7814251442122
4.23946395442045,0.260590535810891,0.820876020938158,3.21090677889373,60.0493756275577
9.58202184928585,0.405178893639146,0.981048962334171,5.55868789017174,22.2135930687633
2.71189587218737,0.22337892394394,0.594992625527084,13.236886902098,25.8001793883583
2.65507305483521,0.0280579143436626,0.64493873459287,1.78323864520542,41.4522212808664
1.41634808712773,0.128939396217618,0.0316366739571095,6.21970766252611,52.9242153671212
8.74252010582406,0.205771486822206,0.481131667504087,1.9688604496619,35.3589549117181
2.52916129455489,0.0174560124287382,0.744040462886915,2.63349850940906,41.1474554554611
3.9561241511617,0.0796483103185892,0.71760794473812,3.99628353167197,26.8862683022315
2.31548227749156,0.153265770059079,0.25293325423263,7.28081101549373,36.9613835616152
3.17514339096958,0.0261753655504435,0.112434965791181,4.75916034040752,34.385858269713
-0.843401676549598,3.35243530571461e-05,0.175065657822415,1.23913974275826,65.7940177861998
-0.248514655268024,0.000743460882975013,0.0397467403672636,3.40486250883711,28.2798046986013
4.13482311323517,0.148185149417259,0.375251505058259,4.96496464156129,45.5388683477177
4.40643714034471,0.192416846218931,0.906554297776893,6.87608102533885,32.3388312547153
8.74222885917528,0.258049772408666,0.938754800707102,4.80026398301863,18.4877054656253
6.22864227024268,0.555742569701904,0.291209353832528,5.93371481167124,49.1280969902313
5.73234828670682,0.146980985533446,0.88673903606832,4.37590307597088,18.7981920187694
3.01876061459638,0.100017249700613,0.101031475700438,6.76497919011198,45.2910766767312
3.86757238169719,0.170223733177409,0.345843387534842,6.29914130906043,36.2505662178278
3.61240545724228,0.102685979218222,0.0513631755020469,8.05274359515333,25.0700977499192
2.31242984775143,0.00969242333016633,0.107688822550699,3.92251407576149,39.3211321605094
2.34863797108327,0.0504818985937163,0.655124983284622,2.12313591680437,44.9844085615733
6.58435728151702,0.287995061128143,0.215442995773628,7.21012830122137,26.2049097086638
6.08146558449735,0.149651090265252,0.220443106489256,3.09194150560175,57.0163515012429
2.78114609058842,0.0666565517894924,0.732167755952105,4.51732138476029,39.221439171361
4.64374852592844,0.274278537825424,0.764401741558686,5.32569762245109,46.7491870668353
3.20335545364147,0.151812803931534,0.116307219490409,6.66401373700116,48.3584023750324
2.3875150346691,0.0581088254063105,0.042895253514871,3.77921980981972,38.8302942341485
8.48927445244278,0.856544002848578,0.874246812658384,13.0570123032032,31.1916656386822
3.53977922165356,0.0381399414356438,0.819035374559462,2.2897813213175,33.2259769852968
0.706552103873961,0.00898328225594014,0.461368149612099,4.39725721694952,21.1128409843392
-0.668306688727781,0.127718602228477,0.455967512447387,4.02110871325053,84.0625813294396
1.69940521032183,0.0981006460497156,0.166549940127879,7.00375858373419,51.0952200035359
3.71867319829538,0.158730919589289,0.420101603958756,5.37380215562006,34.0577769491438
5.94945544436484,0.129298639018089,0.08664073003456,2.33851002006067,44.109818511629
4.30837894726982,0.116169045776043,0.643460993655026,4.25380629351026,32.4426081179821
5.42570823999487,0.430866683329933,0.689560793573037,4.28425376161972,60.5919534941771
-0.750531769757901,0.00051305303350091,0.338442092062905,2.0251536010545,40.449973245974
3.05101342634943,0.167279423447326,0.373050104128197,7.15226743709657,44.9119352554202
7.33283703279976,0.564264175916249,0.98230798332952,7.99524638409219,33.668918691231
4.76680298683293,0.228753546475175,0.0739121849182993,8.91359677423955,30.5403065772364
2.44412460405116,0.0992109146163378,0.0264882759656757,4.13344203203561,72.2068481182184
1.78096828014647,0.0504930452443659,0.3174241441302,6.38251202818596,25.7066133675565
8.73802455546135,0.305953506136987,0.175985755166039,3.1248480731297,46.3665080184613
9.02117113951341,0.972274020807087,0.806179078761488,4.91249615036934,46.3091992234458
2.35858476891295,0.0103834770860462,0.551373175112531,4.88878318672904,18.6952425390813
1.48073786379527,0.1278320485726,0.391398762818426,6.69692516085343,40.2559307700153
-3.83796315818828,0.0332057660001868,0.389161381870508,2.98741932030111,55.8920267512778
1.66392557967762,0.0786083193592226,0.311518926406279,4.87044166865737,45.1601050113031
6.41670520630272,0.468219902333312,0.474582187831402,8.3692171237876,30.3433140603418
10.0497291015023,0.578233300211066,0.341010036412627,7.46318421384891,40.3322946361864
7.83590972293008,0.660199312927359,0.404035731917247,10.2936200365039,31.0677828333736
8.47401471362235,0.772509191143227,0.6023291235324,5.46799629612944,40.8598907138826
5.03759807000889,0.429943712872869,0.948549258057028,5.84046604944067,31.2761881288829
-1.23401057376201,0.00240514695178717,0.0567442437168211,1.40104393505613,57.8977995328428
4.67353380674108,0.056482914347444,0.479150728555396,2.09305519500061,34.8547108396072
11.9889796801218,0.297256758193228,0.32731778617017,5.25334163247327,31.3626305045263
5.78535396532232,0.565659537658618,0.947990485699847,3.95172505492542,65.0441849987756
8.93814792617551,1.18582066607879,0.439522033557296,27.0399592517339,28.1393288787072
1.7877591138211,0.0594603605775764,0.625867763068527,6.03673056699902,31.7522221075613
13.5798096843171,0.320665420953858,0.81202518963255,3.77789428077342,36.5479564554777
2.65860766941617,0.0743295042775571,0.419292268808931,2.86369729499966,42.0724710806092
1.64376039918823,0.0943164916243404,0.225338520249352,5.10566037520513,54.2446913219582
6.74239772299736,0.311081384519463,0.869419956114143,3.91971463817744,32.1058047752918
8.88064010805109,0.390746398342258,0.830779010662809,3.83208295250796,35.2019345667138
4.86972264883496,0.136082075885497,0.468796524684876,4.15630808955971,37.3285327072427
7.71399985716179,0.532476474033827,0.664621927775443,7.31475727020897,41.4436742212743
6.78196083474626,0.207365245547819,0.950656252447516,3.11833203468171,31.599640045913
4.82682691734017,0.107120349421166,0.789614280918613,2.59864985047058,56.8473683209788
5.25240686896846,0.245142958847732,0.181042597396299,3.32556878084188,58.9163692858271
2.15384734112425,0.0332273551170953,0.0174769908189774,3.07995905954693,48.1692854422991
1.2922955420953,0.0537890312261879,0.339924059575424,2.8686854926334,79.5045717429105
5.77930688305373,0.197495885415676,0.296967712696642,5.59775768675352,28.104522150004
4.66600524105563,0.0788799140136689,0.355602734256536,4.71666575393376,24.564304743393
1.3305034922954,0.0869389349827543,0.677830499596894,2.75202453674807,49.6341037323098
4.46550568607419,0.153767773765139,0.657071525463834,2.87937410810965,61.080767246248
8.33100497676612,0.864761766004276,0.615380567265674,12.0218903714456,37.7941333574833
0.00112533586815022,0.000597211201347075,0.242558858823031,2.89536304742822,39.353521230304
2.37553524259727,0.0162544784834608,0.300857327878475,4.96857917258658,18.4779981349406
3.31202715420002,0.0423916023661838,0.537483582971618,3.33763495382069,46.1648526993902
5.78288285172348,0.0830245356773958,0.771003857720643,3.17063438575371,25.0336571274711
8.21704698735365,0.439726990160948,0.969435760751367,4.61060979497255,36.5892893366584
0.319548379141832,0.00420857170104903,0.0319156178738922,4.83068221336867,23.0094851710677
11.066955439762,1.02476681530812,0.98924378096126,4.10580958473239,36.6986029402564
-0.101290383331159,0.0432985218940303,0.673166484571993,4.41592153391917,37.9299267763495
0.342259988004041,0.0266541324090213,0.69076642813161,1.76981153769482,58.7028683819522
7.08895830888494,0.520939081410104,0.727249434683472,3.66538063488706,54.1402777351202
-1.16339415452835,0.00768731902283052,0.447441595140845,5.01816809850877,34.4080430113828
7.40989315251532,0.70917699345073,0.541406867327169,5.42881568612867,47.7096414181898
7.89583993928549,0.492996519410467,0.740313093177974,10.9157778281504,26.2919958714171
2.03964297488323,0.045757268439047,0.0105548677965999,3.0037283863672,58.2799545826848
6.61918075652755,0.128726711147465,0.120925756869838,3.49500928889119,36.5633293822944
7.38909581539675,0.393545955182331,0.419242516160011,3.23423222515432,42.4287241318085
2.52614048578685,0.0194533912884926,0.0405479464679956,2.07810162552849,68.3337092313763
3.6922773048737,0.239907296829599,0.0500520875211805,10.4918756129899,41.2954705884845
3.81825078618127,0.0927890531020239,0.185100000351667,3.41886385286313,54.5676031325192
5.75271113047059,0.289753336216065,0.924127220874652,6.22645270780778,30.8628509929346
3.98872064444707,0.0378825278021395,0.043149288976565,1.95818917315263,42.0451773162353
10.7712218322624,1.24116418994702,0.631029083859175,5.98538869069515,37.1126558852772
5.21780922839609,0.304376319505948,0.93328161444515,10.0949971957739,16.7896590873659
4.53826691318056,0.170305106090382,0.787558649200946,6.66757455916834,25.2741085466258
-0.366563286273967,0.0184966232264904,0.62880163313821,2.03050975186593,63.1866806026041
6.85891953152901,0.414345823673016,0.959755474468693,4.57409273412098,28.8084347284329
9.53067126984954,1.07879697990822,0.472077222075313,6.9482111236265,46.204274709365
2.93856703096799,0.11697811295744,0.137647483730689,7.09842298957293,29.1455749563406
6.32654604473008,0.158673958852887,0.227059297962114,3.11760548487828,48.648387646711
4.61752157074153,0.220745219203658,0.489076873287559,9.90413889520994,21.5858480337668
8.14829712227712,0.268700755789568,0.701370594557375,3.08529572092717,50.5525023065476
4.44057031545517,0.0697374323461494,0.353707221103832,2.16351423717682,55.8776220626314
5.8410575534601,0.187045179862753,0.754484703298658,5.98698094509503,23.5767074338018
2.37977588833103,0.185900994333181,0.615735303377733,8.95009498094623,38.1119007732227
5.886107186489,0.562058893747805,0.623238759581,10.0626497632954,43.1981574093093
4.84222919464384,0.0753582693869248,0.33227734756656,3.52869334959322,39.4728528478016
7.66637044535636,0.413531742503351,0.827706270385534,4.27288228370625,33.2383666497358
10.4064097704348,0.334649735818359,0.652335892897099,4.76780240663126,31.5280767247489
4.74872173623893,0.125707606435753,0.0405142509844154,2.33594515197043,57.8354339416515
4.02063994015096,0.14409661910031,0.493742465274408,5.80315576178007,28.6300910162738
5.75944559365482,0.385544117519116,0.113092473708093,12.1037193676644,32.2110189810544
1.87983800886973,0.0686463296879083,0.14784930809401,6.10843297429895,41.8039533871859
1.57775907789261,0.0750173365231603,0.456760325469077,8.23746599134037,22.3718392037409
4.95052473076707,0.169720374862663,0.619647460291162,2.30734269085975,55.3565192529192
2.45202880757852,0.105581492302008,0.0238304717931896,5.94512385219969,36.4528005642747
5.29107906379664,0.101092418888584,0.259303633356467,2.79439839800058,39.5306442722557
8.09605028143359,0.22436693519235,0.259160281158984,6.79392234319258,21.2572216212855
-0.105455586526048,0.0658135314006358,0.285126050701365,9.01577041211634,28.8972236634194
2.05009771803862,0.0169547734549269,0.723190264310688,1.31095325925297,49.3629637792483
3.87983527380976,0.0691502391127869,0.455377235542983,6.28383304634212,31.5930329157916
3.35295872747771,0.0184450977249071,0.195189172634855,1.526561638084,39.0108003926135
9.92603451871768,0.883062274608404,0.802910542115569,6.52786967065352,34.6281786569996
5.91399477671074,0.372031474937376,0.831021599471569,5.24948906693569,39.1099301069183
4.25461851784902,0.228747479141432,0.912333422107622,4.00576750244302,47.3088198811771
3.34606358671718,0.159928259556182,0.721167446812615,7.29087126051386,33.8619370012174
0.250965954552423,0.0136663113953546,0.0414924416691065,2.06199710608724,80.7076013947524
10.6036984760876,0.97387167573312,0.9625004818663,13.0330364428395,15.3314755761758
10.7081774391685,0.996933845284969,0.404325590236112,6.08833711935692,47.6929277742453
10.786118231157,0.340169211140576,0.945287072332576,3.63488553357033,35.5825672030706
-2.99295327937467,0.128351430525072,0.0124116423539817,6.44101515188518,48.001425915798
1.43377986669086,0.158451698720455,0.11023383284919,9.24184197019899,44.9756932255827
6.96279787952741,0.247631394293833,0.669296082109213,5.08969644026122,31.4006958326943
5.15885441846949,0.234141784243959,0.442203010432422,3.1278986165983,75.1996514653828
1.70967783938421,0.0103922310518101,0.0137218513991684,2.67792607447926,48.9464695093866
7.4094045021809,0.5654609366005,0.905255961697549,7.12659218464014,31.2641231188799
6.01527525776117,0.129901229739342,0.413966698339209,2.27858332071141,57.2657728024394
3.83936875426956,0.11410891613923,0.747721198014915,5.24741343702207,30.6988097865242
8.88694880157377,0.186936639238823,0.910724652698264,2.73292785817737,26.5861403731064
7.00797317474493,0.246744102322239,0.865644364617765,2.21647221637106,55.8114359247546
5.53182346790852,0.156505244434811,0.7786332834512,5.00658657266436,34.1935255561753
0.947784133456378,0.0883708766195923,0.822202149080113,7.90513568337872,24.6078033856042
6.60456853373446,0.235881649412888,0.421834586188197,3.92002078281573,49.216067329307
2.74982289650554,0.116373776948467,0.25144503149204,5.92153369645188,50.3217530861606
-2.55822152523036,0.0667753145098686,0.282104131067172,3.55774576275079,70.0782606534046
0.646412734889808,0.0542332448322267,0.781587496167049,3.67742355188764,43.8432819900282
0.822276614279914,0.111665220698342,0.558559167431667,5.75451742905653,52.0705341267494
3.67691688766108,0.237127038872543,0.0691948109306395,4.95599120392023,74.8135687583621
8.63510190388237,0.24897368878622,0.44683014601469,2.05246474196805,65.8171171847625
2.05801577919337,0.177249148476644,0.135078703518957,5.54925062005704,71.6166817587995
-5.50535478734125,0.0641990420408547,0.0304604955017567,4.31457463177545,61.6080397190997
3.91895233637105,0.122286117311877,0.861229572445154,4.35551095171541,28.4789691364099
4.08768642199473,0.0682409578002989,0.0443627550266683,4.52391436131939,34.8434561239317
5.01933624713101,0.0957041654037312,0.42879807529971,1.88967180714821,46.7116702534797
11.3194667629598,0.331636786916035,0.702197689330205,6.17738301861788,20.4989360891129
4.71022937711643,0.132185905551731,0.0912235167343169,3.09921907804719,40.3532356867046
5.96847222543786,0.202581699348029,0.106024431064725,2.83866994124362,51.6738592212391
4.43313897431561,0.102145104319789,0.116464687511325,2.17815696046587,76.8492518615717
5.39381957558685,0.18536664667042,0.420109623810276,5.86125190947948,28.383154894743
6.29287611006869,0.577323521800783,0.362312203273177,4.03296592274931,74.3851678724902
7.39000953778037,0.650084321821267,0.991066746646538,5.02587500171807,37.1228030171503
-0.0590076967018804,0.0406788972904906,0.659704476827756,3.61604262790653,55.693820975396
3.92926472959075,0.260894410068843,0.0695775146596134,11.1782282141665,34.5699415479913
6.11118976614787,0.396925206520663,0.426370251690969,4.08580773739011,40.6498051227969
4.38245101397193,0.186243676569986,0.703573992708698,5.69055308773979,28.2884891858218
6.57025992110739,0.25853278277323,0.826180266682059,4.69249722220795,36.8057747280239
3.45553019405128,0.0840071501443163,0.740912130801007,6.70496807052649,27.0771661900976
11.2772579534833,0.828863237011147,0.932192164938897,3.50670888842296,36.7268706754677
4.59948363526958,0.164425266673788,0.808204850414768,4.97216342432633,36.868614311487
7.34074490959499,0.515955170595503,0.851077478844672,4.64445014870383,35.9631379451911
5.13445677145024,0.210294938170093,0.178490117192268,5.86972319742566,45.7715173152634
5.43694765569474,0.47676311225378,0.87136145401746,5.74801490492906,53.0982967110325
1.93178589149468,0.0158879426173995,0.276850195135921,5.58223128204078,23.0949435841752
6.6861170075778,0.19155814590745,0.951356154866517,2.85993319845224,29.2624898080463
11.1609519945182,0.807914100545359,0.592323439661413,7.65857758669611,42.037856539423
9.24293982368174,0.665024174811477,0.959324321709573,4.80408361745224,28.2262603336982
3.0506184182625,0.0344189872266725,0.12302805762738,5.09224969294467,30.8426086304935
0.637482403474748,0.00265707413200289,0.359052958665416,4.27882759493559,32.6231487948564
11.2503757977683,0.640112613761956,0.979238993953913,5.99471908915302,18.7097650103625
1.56470505512555,0.142216189909215,0.290270448895171,11.4659415685743,37.7965215135141
4.25178810093404,0.322545958672392,0.917714983224869,9.81446742647942,32.3812598481095
6.15608903357724,0.465644842039248,0.321641782065853,12.5947179556373,25.8331485082497
3.77931604056778,0.258514467384674,0.812007594620809,5.15011876883765,41.963309982226
6.62223616858584,0.177518646112172,0.616823404096067,1.88607283841175,59.8620118405446
9.83386662175165,0.505885393337763,0.806960106594488,5.61504830038322,30.8998948836617
1.14760098901683,0.0613301565172151,0.725345368264243,2.47352554445521,56.1084957877369
3.75641660055846,0.0804227035259828,0.567047570366412,4.22811734917719,41.1757706591116
7.73275825448271,0.394720958990461,0.294185077305883,6.60112060876186,26.5305020220116
3.29907318415351,0.119930080404874,0.0246232205536216,4.82693251280834,39.6052452218732
7.01884042680841,0.71157268097811,0.776696906425059,5.67797712014051,46.6036313327755
6.35254207646307,0.491920368259257,0.862702971789986,3.73521865642617,57.4978078256029
3.82858105417707,0.253098273568173,0.739552458748221,3.49169303776357,52.9121727776206
7.28089503361833,0.395315264839096,0.694670088356361,5.43897033169665,40.1358769287771
-0.448000455015467,0.0478276350291159,0.736361170187593,4.34122755487439,32.6054483235246
6.30092040590626,0.41100270624966,0.162445631111041,4.0816693718545,48.8163489028819
8.38591327741904,1.20187520695137,0.295667589176446,16.9044313809316,39.11322739218
5.66228659019078,0.227090207296804,0.76759250392206,4.36261188387791,47.4641660822397
7.09032219441196,0.607640249157482,0.364277234999463,5.2122962370347,45.8765385604495
7.49148942340649,0.227142708365548,0.114912620512769,2.98436937399609,59.4752640136846
6.94060745705608,0.382362330777055,0.438672574935481,8.89822416779007,34.3370901115601
2.40642106767932,0.0290287130469203,0.478910621954128,3.50075094522909,46.3942165615732
7.37899077960146,0.245002295578572,0.156709696399048,2.50878424275876,46.2959047846713
6.73127695619431,0.423854589441276,0.273527520010248,6.55528410242873,33.19085461041
5.0218851096542,0.431871871908611,0.862369162496179,12.0270654096014,20.3715188317554
6.42492268707714,0.580919583762223,0.319598970469087,11.6518292048948,41.5283780751688
0.500518238455462,0.0310304651269471,0.501408539712429,3.41955654096418,40.5357440063884
3.40743214736768,0.0259179324052616,0.646743202814832,2.43866255681648,30.6024989419729
4.24841041675029,0.0467107779600432,0.043195032980293,5.04535127869781,22.9007626624377
5.3739127997981,0.366438540609038,0.722851798869669,8.93794791701059,27.239205442778
4.12408893685218,0.209162949108261,0.154627517564222,3.68227029177385,51.8901536980374
5.61962440848794,0.477782072944051,0.732289792736992,9.81870569532546,37.2083179010082
5.31080374648549,0.168924343888648,0.407654392533004,4.92723924921622,39.2208661281006
4.52626867057349,0.0521877865539864,0.59098657942377,2.36005952956411,42.1808841000428
0.571268151099123,0.00301769478528417,0.0011189398355782,2.87116611382989,43.7069745086244
3.41160170285672,0.0201576941180974,0.115834505297244,1.75822215525283,43.4096120392612
4.2615497838778,0.155102836969985,0.141319253947586,4.15526669372124,37.2677687969944
6.79846615865596,0.245160699838795,0.212319819489494,3.68672222551983,39.9338489882055
1.26847335829107,0.00840628077276051,0.527760489378124,2.27702169369484,35.9160046880568
4.39558589049025,0.125050624017604,0.581081375712529,4.61088190973791,43.7623874815251
3.92378426306807,0.218665612851012,0.196932984516025,3.55877817245839,90.4839576166519
4.12302020655836,0.0535131029319018,0.729333881521598,2.23421316859651,38.2879060649284
5.29748705409294,0.293632625928348,0.861731073120609,8.06860696150688,34.3878466648165
2.13467071371961,0.192121100601482,0.381573061458766,6.2383170163203,63.2464086618817
1.41239704295268,0.0260326545435752,0.422075455076993,2.39341708170245,42.3576801063007
4.17746837835981,0.0895341717827021,0.385635045357049,4.332564160499,43.0906887326841
1.06243984415892,0.0492928898893297,0.735997584182769,4.81350045293633,40.6138940161604
2.97158135478974,0.0506632092874497,0.0945348844397813,3.10256927717469,64.65126236004
2.74572018701389,0.0511973161833287,0.795246198307723,2.08782552940269,67.828771813697
1.99732212835462,0.18393473465808,0.426528163254261,3.54731657415021,56.04085922928
7.18492948202777,0.24692014347643,0.964696681825444,2.83428160989677,44.2389878124073
6.53114072531789,0.210852418550032,0.727656936272979,6.37861513185175,29.7185463962267
3.43961139903123,0.146786426194012,0.206814962439239,4.1851107435412,63.2921838187191
3.85685685818507,0.0256091306218877,0.185587169602513,2.95201522860349,44.1228786148241
2.46957251847184,0.00767056950607052,0.525586256990209,4.16613415642604,28.1459716876309
-0.235656486424118,0.0551047548651695,0.584367375355214,2.40026712353093,65.5938223034066
2.68020086837064,0.129286285606213,0.774564788676798,4.52126734640922,49.6569910970656
5.38216190254871,0.104818760003965,0.588254572823644,2.24341835172068,55.8318844518996
-3.08620262402394,0.0698544651674929,0.100710342405364,5.53210836973514,46.5811697322998
3.9869853293325,0.309020228673446,0.321111683500931,9.07334989083255,40.2581385138873
0.997256145474513,0.00814658182207495,0.00850359792821109,4.22626881194225,31.7643207470377
6.08161744515469,0.244645072399391,0.216084472369403,3.87902083755805,52.9349595789478
3.55746952622536,0.143043929594569,0.280909470515326,5.91454266862254,33.1543608419775
11.4534214157327,0.237757320876059,0.706887201173231,4.94742970151689,24.0165931379305
0.913723038334807,0.0174249379509629,0.414594814181328,2.03274805686271,54.4813386032918
6.08884724065976,0.312567006806113,0.581482558744028,5.98867053335446,45.7242423149082
4.87590256410591,0.269283638558093,0.871879530604929,8.28578074613904,22.0284242068513
7.82312837548426,0.394651031201437,0.784636339405552,3.83127830783331,31.9474756387876
7.09987897750061,0.52827693835138,0.974915998522192,4.22898344536978,52.0776715520258
11.1793004937074,0.809675225946021,0.362701842794195,11.9492640303116,23.6510464024466
4.83598550732676,0.0926087093539536,0.900336294434965,4.64915994231123,16.1090081051134
6.48505506276218,0.491128463277078,0.237545123323798,6.59082324092167,50.4845655242044
7.14691483576174,0.165931790019386,0.450453757541254,3.96306876707428,27.9145049326721
10.1600017196776,0.500185098478055,0.826245120028034,4.22201864507981,39.6516380759968
2.22205369153127,0.0994610404158949,0.341934327036142,2.81946358455734,68.8542014658669
6.692835434759,0.201731044788587,0.647792269941419,2.55110473331848,50.7130416029907
7.40570085543998,0.452625284881747,0.434403786668554,5.86900514840884,28.6361713689679
3.22526800734191,0.158167026937008,0.0438747373409569,4.0470574078548,45.0982974835332
5.46015858600925,0.0973203149624169,0.615089376689866,2.27504936090873,34.8074101050507
8.78606327060826,0.734430449041438,0.984265183564276,5.26073700909716,28.7246854306243
3.29128431734821,0.0485974288312718,0.787972999271005,5.19775513266409,32.4279309620533
8.76421071071053,0.445526888813821,0.963555172551423,5.44477477680833,28.2830352020281
6.9392571865173,0.506243320160961,0.167772970162332,5.21064488517878,42.5576823537179
4.85961080441127,0.0550531746121123,0.493952093180269,2.70246493482472,27.4207068972611
3.59627965415679,0.212457777456123,0.3922397675924,8.42176887901083,35.4127545810066
3.31394725410797,0.139410239199783,0.692833550740033,8.39676120572615,27.927334356663
1.84231736601144,0.0242444919422269,0.189729366218671,4.49610145456365,41.9427394761877
6.35505009633533,0.330527543312612,0.892204678850248,5.19444942479043,33.6933890927068
8.82746655384748,0.260240362248126,0.296316092368215,3.25174374106094,40.5943860766249
4.96562137174691,0.164108314667828,0.492488979594782,8.19895996456937,32.899524425679
3.40283053152968,0.244302405732426,0.520432555815205,5.6519007476827,43.9661869166319
6.37441492430447,0.540817316058185,0.833081331336871,3.45792110911874,45.1642596350729
-0.497549600414198,0.129176185582764,0.333158815279603,3.57078044951543,86.8439854359929
5.01534279666597,0.144249295350164,0.0432123763021082,2.84560553567088,52.948258641525
8.47069171606125,0.182497452468354,0.873732120497152,3.39654563094569,32.2969145343796
-2.46135532103242,0.00821349621844544,0.586813729256392,1.75216990463286,60.2621565644935
2.61945160797546,0.0766246838029474,0.120604210533202,6.94339166713402,34.6947600806771
5.26505759285533,0.281130112929943,0.898957978235558,6.09327883974629,25.2989004381997
5.87313337371724,0.436135602341543,0.890335511183366,8.52294970506853,28.6867036294395
1.11961314242132,0.0283013191797164,0.511078447336331,3.37662898459311,39.4272159922957
5.30820950500501,0.272271006357598,0.818135207984596,3.07719652967002,73.6081940598195
5.26725507317262,0.463420193431499,0.518999895779416,4.30851954367628,65.1194527138378
0.752844496010554,0.00927297236789511,0.312005787622184,5.1234682860833,23.9554980421737
7.94589858124824,0.268911428464748,0.149314294103533,3.17981059310424,45.1837312005153
4.90684434567973,0.146145466016605,0.0347163216210902,2.56682857725532,56.1299000169344
3.28362987583197,0.0186893587863885,0.207714208867401,1.98193200783311,43.5426679542569
4.56138484179666,0.120382916065864,0.387008586898446,3.13773598473254,62.1499812754627
1.56896686341818,0.132059672148898,0.37155510741286,7.35267644158194,48.4242721210477
0.838204276781678,0.00427077244967222,0.210485871415585,1.1450775329097,80.1687162206162
7.62163793467361,0.151585552841425,0.856076454510912,3.96486924719459,14.7330244885905
-1.21508274497386,0.0400702168699354,0.458171094302088,2.71717521132079,69.2649742316121
6.74196134707056,0.426195880894593,0.208323987666517,3.50870596974532,45.6118071587937
3.8975620177227,0.202066477027591,0.694536117836833,8.00814002353119,36.574561043422
7.86340218934433,0.46182387692616,0.214536873390898,9.34900378233856,33.1766147867013
0.630437901430398,0.0325684341016705,0.405242100125179,2.26602429046171,50.6163664366483
3.34030087033622,0.211581769621673,0.113675318425521,12.3305540809329,43.2241609435754
7.09288271140823,0.416373602093613,0.294923428213224,5.66729480483551,32.6316131624011
10.1710146336467,0.774000119375897,0.431473013944924,10.3552587016767,37.8330533204636
1.10277329062605,0.0471849866444245,0.0906620572786778,5.74628566406766,38.9240571933311
4.84597740848903,0.378157621228552,0.162590367719531,6.3097524288776,44.0276843562368
0.889854579642559,0.00297415210174888,0.300598069326952,1.12289889559687,43.7671092745699
1.31012823520411,0.0893064880510792,0.720420252764598,4.14971780690029,53.2935224175307
0.220365053902773,0.00118220248259604,0.234410966746509,2.75393032106197,38.9934673783569
5.84373119922286,0.214003502476623,0.789632556959987,3.73463921812169,42.4156702816098
4.40090643314023,0.0418224514933853,0.0647457933519036,1.84292890452341,41.1091648593495
4.35085376198243,0.135589626268484,0.389473158167675,6.84907961228365,21.4695620157198
2.32868975418276,0.0404433163065161,0.685451556928456,3.83446418418882,35.5752013432196
5.61069234181422,0.194338087511199,0.393054652027786,2.48922770302171,72.025443081849
8.79957915369249,0.552458890216583,0.780555450124666,7.43594584539701,34.4368340875922
8.86162411476886,0.514091486090279,0.467073489213362,10.2769321790037,28.0382220359075
5.43284911919516,0.385040106179377,0.401941341115162,10.8447707273208,25.9185706107699
5.52676750991895,0.355105485746121,0.325689522083849,4.92596065025958,62.2154643397694
8.07939820026653,0.421821234948138,0.752725484315306,9.29534197177578,20.2615696223714
8.51916181408088,0.255539154856208,0.446508034830913,5.80277932339246,17.8262452354457
8.68378581286801,0.440701826920217,0.600459844106808,3.17946088977068,53.2558868495766
4.61781735154137,0.296925134713504,0.722260712878779,7.28214398757212,45.6663601375073
8.83101988752143,0.203526358109641,0.967290475033224,3.21789948855932,36.1988375284544
6.92109074862543,0.48934238037266,0.255816315533593,5.07886640948546,52.3260527701922
1.47324700598744,0.165145672159269,0.796751396497712,5.43611314834308,61.3301005670262
0.306092423926463,0.00667500342542348,0.301362835569307,2.14507854160212,38.2088489424438
2.12749455634151,0.0228307383538477,0.00274491496384144,2.40341786433507,66.7572139853867
1.46996011559644,0.124622778734192,0.0998722517397255,9.73056657741753,34.3021117337673
4.11269117258471,0.0609691913705319,0.352145556360483,5.62536206086715,28.359976646746
2.68242537718009,0.0127745814388618,0.692518739728257,2.29835866090757,27.9079926826928
2.2118821889468,0.043610202354304,0.768990071723238,6.28695651025496,25.7059944423414
7.90134680835993,0.754177547949267,0.895038844784722,4.75342560469717,53.2777690188431
5.96430569602516,0.297678270832378,0.162937686778605,9.61756435935516,31.2994383366275
9.08056952653831,0.62980346518212,0.306686989264563,12.0774934727432,33.920796038417
1.89630752383113,0.0680053377947351,0.715963162248954,4.54995137511414,31.0859661789537
7.34939872344659,0.378450727175127,0.299182739574462,7.39547790087957,26.9387961174744
1.91754803204774,0.0780661525727241,0.331643720390275,3.27167267104224,44.2760643432446
3.93790493864268,0.249476626970547,0.0612797178328037,3.8132925716243,73.0401240937814
3.08029017940424,0.140722312848084,0.0395192741416395,4.50596892739579,49.293410691086
6.44390566740587,0.594053262347514,0.769426786340773,9.21331700356079,28.7867383700404
3.18499260712148,0.0973145521312497,0.706097441725433,3.24809439367658,46.5983446511947
3.99001791933302,0.231933706895191,0.211349602555856,9.16803156140007,39.6640055854795
7.20179153711462,0.159416645416059,0.818451639031991,2.33267663102717,48.4925396195881
5.87176576048786,0.559316528035618,0.358730559470132,10.4447044176382,30.1802089180039
-0.211713281468073,0.0102638308890164,0.19607972051017,3.51193256876647,30.392410250836
4.14897151659171,0.166121530812234,0.0404715926852077,8.32041957993555,30.3653476868673
2.60059972007021,0.0124049809851553,0.677200605161488,1.0262894816476,52.6171208926533
3.71346067497881,0.0745483783539385,0.787566984537989,3.69160816840407,36.4603712465794
6.65337842855214,0.161134334164672,0.822276460239664,5.62346843146806,15.1559755652363
13.9580215807705,0.730651937497914,0.557200002251193,3.64472445994062,43.844489540949
3.1594682785933,0.126070145639487,0.262996407691389,2.9952071023227,58.0640355453272
2.79739698840882,0.108310907197372,0.502036384306848,5.17682330254682,43.3479155498821
4.86248873960501,0.0453398753888905,0.793462636880577,3.17257726475125,21.9045695589047
4.19725179234446,0.146130768582225,0.788963040104136,3.22623364548367,46.6127609200611
11.3093388395233,0.775538915726257,0.502567891729996,4.23227073618354,47.1956572758911
3.95811948800619,0.296073604364622,0.584226722363383,4.14531772714891,46.6952641605344
6.06689275520844,0.0985065284884869,0.84857805352658,5.43491653249634,19.8057687082632
4.58859891489219,0.377665653098141,0.770651655970141,3.50449382269754,62.2098061249148
5.08956153849048,0.399928165764232,0.445209285942838,9.95970989496437,32.3648789036966
8.85770306449176,0.564314979240337,0.659517279360443,5.4637287948378,29.1172501015703
5.65779338708603,0.357481037245548,0.4326045375783,6.05734006194573,45.0734416784154
9.4842703607325,0.592426502343014,0.893321399344131,3.15974052147951,52.695816886094
6.63254977058171,0.19484989879534,0.323782328050584,3.92038282411824,39.6799957166813
6.39566403678846,0.368803821483111,0.603878260590136,9.1675284452285,34.5140374334361
6.01003865893823,0.486253011485046,0.874860756099224,4.46144384556795,44.4594281142452
6.49195745419021,0.284594256653193,0.637834871886298,6.67534991382133,31.9072262409575
2.65350801822721,0.168289941373294,0.0337794437073171,9.79816696604206,32.3532569567312
5.83332468768776,0.379352151395238,0.911078329663724,6.46601368013987,36.2774876458772
6.9532364098351,0.650286779241794,0.842599829193205,5.58084104305639,33.737916387659
9.37259239036421,0.528528064923519,0.748514437582344,8.84948061645924,29.5993219003479
8.48764397295065,0.647622050220305,0.807896012207493,10.9530750719283,23.5725948746728
6.48582583677635,0.17077974032145,0.667896851431578,2.40739447095491,41.814725792805
7.74751786366273,0.973954257968456,0.52794175548479,15.628850695803,29.770162126131
-0.031755773350957,0.000494127609246991,0.319106979761273,1.29384809876434,39.8205355347996
3.09448108229716,0.237295915362167,0.488539179321378,6.41232692034311,39.3524726157948
2.8571065524042,0.077075123321265,0.175081338267773,4.17107385574212,46.98580835568
7.99048398793323,0.419551676583892,0.613414572551847,3.83072059086495,41.667129368532
6.44215991979849,0.324460612832311,0.94056652369909,7.03792877932123,29.5006899181167
2.21572841654704,0.0527387667680159,0.70158482179977,6.10784640726218,29.1092431415486
2.30886434245056,0.00899475142078065,0.674436345696449,2.22197685576237,37.1289773391101
12.1695971764621,1.19386198831009,0.884013873990625,5.81374264253229,34.6941552951195
7.14182811719965,0.222217986116859,0.73262729565613,3.1655389169617,36.4676904833167
8.83577360775937,0.614474646249944,0.691602374892682,4.92200772265744,42.8761614183481
3.23542078572103,0.248131916149262,0.580208943225443,4.25753612220861,76.1396771452037
6.24576437711914,0.312418715552169,0.117357158567756,5.48945310789378,40.2448526208527
6.56909365744722,0.295670248557556,0.953928711358458,6.63836973056279,32.3683046711619
4.90655900851839,0.279231432581994,0.927506120642647,7.33349371372221,33.6939756501627
5.44771647056211,0.146984130493365,0.666595536284149,2.3865461349725,49.1797977575628
5.94913228394738,0.573470497938031,0.393446383997798,8.8354957167679,37.3116687082523
5.35837517926818,0.142641373793595,0.741639220155776,2.17142078029387,60.6224043723896
2.17369424069857,0.0310956957762573,0.300079407868907,2.36015803237697,67.9507050639998
0.308200943277747,0.0927580497293909,0.61936789075844,7.39801561252104,35.6639324494018
3.17947933321424,0.17245131067466,0.0259697502478957,8.65577639229022,36.6273971732302
-1.92978912840528,0.0295106914446064,0.736354305641726,1.84954983475299,55.0813278368936
2.91251786082647,0.0421003707451746,0.408137368736789,3.26237891486984,36.4250888868747
0.92928353017341,0.0294806538966526,0.023130452260375,3.68661482515382,50.292962568192
12.4871287992125,1.29092661425194,0.518202401697636,8.02980843453641,32.4040924718469
11.1397383175744,0.251303635294291,0.632440251996741,6.12695612783028,24.1830463029235
6.66095034333894,0.134448885335587,0.139717811252922,4.64367627763817,30.7439018600019
6.57714639555601,0.133304997347295,0.356095358962193,4.99488254173416,24.3091348797995
3.81264381809865,0.138019079226069,0.0771995764225721,4.69624553534348,46.2675505630747
9.02195184487291,1.35189470315451,0.654602950438857,11.8689115761427,27.4376638047345
0.91153119812707,0.0144736601627707,0.169139230623841,2.93992282042862,39.4753393119536
5.28013365520821,0.227697007766153,0.385548768565059,9.55604596472318,29.7961990775751
7.84919719346272,0.410821862497783,0.884948051301762,3.74734866673381,36.6211663289393
4.21306677599736,0.212502785016525,0.475789142539725,5.7781615402074,49.266706488109
4.78620996663806,0.0804309408413246,0.186483232537284,1.94710355035936,42.6474075746082
5.9885609269692,0.233188443573865,0.955742770107463,2.465691179858,49.7556652308651
7.36182634778443,0.163825247087516,0.533780891913921,5.89598416445372,24.3659922303087
5.48877866304154,0.459046065786338,0.644217636901885,5.07180405728221,62.5625129795453
4.23932413525284,0.203450410849157,0.0917468436527997,5.7984650746498,58.3205309017454
6.44431477913256,0.126696557737887,0.888025418156758,1.50506139640591,32.7843398787036
3.72856632439127,0.0952973283128813,0.448464706307277,5.42286793863907,38.9402560372072
-3.47457328147803,0.106564652058296,0.460799986030906,7.75686236996608,32.6819083636673
4.10110587096892,0.207253727585751,0.356994130648673,5.84406049187093,51.2196977201223
9.29368494393492,1.27095975793378,0.578060515224934,4.39589219765501,71.2284412321215
4.31145392483934,0.0416541325394064,0.752292747143656,2.04744504079653,43.4953606570644
4.56812567731936,0.0815218336931088,0.485517583554611,6.02051085559531,19.9351033089297
8.07218457784729,0.216533828283402,0.281589951133355,2.88140070975382,45.4438706820762
6.05020828869002,0.17873195138641,0.284335336880758,3.73915128957765,31.2267516031563
5.65952829790879,0.125395539682359,0.208116870140657,6.49634536883356,23.8694853333151
1.32771718571794,0.0119653512977387,0.611380578251556,4.15110012993857,23.4074104547914
8.27449529365466,0.582255704762572,0.994146425044164,3.39225064770468,41.1787216512412
1.09663308877393,0.0498436749912798,0.0345710797701031,3.00939623856775,69.1380696891252
5.59033080663743,0.161536132916808,0.373515737708658,7.51221760205702,33.026420397398
5.31172716508921,0.0829783437075093,0.0562412922736257,2.73264080588275,43.1606874919048
5.21088275697806,0.103718007513232,0.21154501195997,1.93150895762328,57.5911684265727
1.85278203459216,0.0242804173367651,0.634037936106324,2.95022974310492,35.0631870565415
4.69069889623533,0.229408471834588,0.597785803955048,7.27487750378228,35.3816640636353
5.82345080164826,0.311599501165304,0.590346621116623,5.43806941625074,52.0906912870608
6.21358363917397,0.231527521689608,0.429427825845778,3.40895466944033,40.6094948877794
2.59741834684207,0.0251927470089868,0.14561715349555,5.30495402985392,21.3024391578009
8.93102074044468,0.215711372893977,0.903975849039853,3.68987288744769,19.5441396983765
5.86567027622114,0.154825550154783,0.920516799902543,5.18588452116236,27.6427183485227
3.20024339283293,0.0366706134518608,0.0299019045196474,6.17509251842943,25.0753569392723
2.98720868714495,0.0336499842815101,0.213241486577317,5.54226965907594,24.0225034389563
0.80566695784273,0.00745826618771394,0.353484612656757,1.3259209244451,48.63664832679
2.3846857693625,0.0916011842473919,0.44341388810426,3.76854235862124,43.2186274972066
2.21370404322567,0.0303472179220989,0.187237578677014,2.9517524686675,48.6176164768237
2.21488390775213,0.102011009075118,0.220888275187463,3.09715065755217,77.1377139753626
10.5108493390804,0.601263713525766,0.918529210379347,9.20801808936687,18.4498359256067
7.07289881453843,0.217747320177707,0.937723016832024,3.97946435106648,31.7705423042049
3.20409108424217,0.109683768358082,0.863647423684597,3.03067301036345,55.8312688270066
5.35694466469056,0.169290724443272,0.911116552073509,2.85007167460061,45.8558072665385
9.08719390944791,0.228443404881957,0.901131062302738,1.77658473233943,31.6298829472801
8.68652328292423,0.216739281070161,0.895636516623199,5.24827458404233,13.1086078601715
3.24676071094782,0.0398549233796075,0.501001802040264,4.20184355007633,29.1055543723165
6.90523886436933,0.662635033453041,0.932315465994179,12.4982021117114,21.0145850356389
4.43185763302639,0.0688701590620746,0.845600974280387,1.55696899147243,62.5222918270055
6.80085486603092,0.166823152219877,0.402939701918513,4.03903175191841,33.8755168049988
8.93072919722752,0.268459465222722,0.16721316985786,5.90980389091861,30.0949899841308
2.72380297220657,0.0208553957859555,0.500258941669017,1.53713354295218,49.1555522747716
10.769371482984,0.338947133616287,0.213589685503393,4.52671222869414,29.8120612880386
2.64101080821967,0.0200437976128427,0.00805671163834631,2.51477077700815,57.546208698433
6.50467843367547,0.229524738610464,0.876445502974093,3.18101275689139,52.2026373163899
6.48763945461511,0.146670055226423,0.448671369813383,4.86889597422095,22.8553134818975
0.450771358200315,0.0779604860395738,0.406306471675634,6.75919851637112,44.9428096181693
2.28600205940694,0.040575812687166,0.188384909648448,3.77892768161049,55.1970209563224
3.76726514417375,0.060091397492215,0.0314806955866516,4.36116931144743,39.1625653459393
2.53438953314985,0.178990056494924,0.825266904896125,5.97744490835763,45.6045389635532
8.00458847610004,0.193613705214787,0.616501293377951,1.92454469069239,48.7335821232154
4.71468028036814,0.0634325984780946,0.33554372144863,2.19454335658378,39.3059266143119
6.99368641929004,0.689714696692461,0.327640291536227,8.16142952577483,35.1687335136191
3.82118693033765,0.0832014930201694,0.842349484562874,6.28563061008596,23.3406007379156
3.38160307443436,0.0609216042794287,0.732384138507769,4.31309385130188,33.6223782709279
9.65972089736273,0.514150124487883,0.549328051973134,6.35285449844574,23.544876787801
10.1441279467533,0.269851799112487,0.583974878070876,3.57368880603001,23.7947709725171
5.58205714695195,0.17546764294498,0.78735069767572,6.63829975847867,25.9890349557803
7.72088404086954,0.822971979114127,0.904050757177174,5.87890270969856,47.0888194855461
2.98091614797866,0.192682070414278,0.204645422054455,7.57687921224234,39.8710720867582
6.82781219607678,0.46053535256297,0.407042389269918,6.41279814100091,39.4709376794917
2.27759762564881,0.156964520225301,0.735716364812106,5.27260107015541,42.6348612143467
3.15531802805188,0.0658938949927688,0.171966925030574,3.79530568511279,48.480592097743
8.69632874132977,0.5852105426287,0.501397571293637,5.55331505896584,37.300936874921
10.1806936045819,0.372800013960755,0.917755017522722,3.39363077826556,37.8552935711158
8.59687924085317,0.625784813860589,0.885518281720579,5.76412400308451,45.3573889226688
6.23688231870799,0.175594787180885,0.352323806611821,5.32281704591632,37.3485628580027
4.13959869980726,0.119433966116048,0.567564320983365,6.60525265710107,35.519646134111
7.78166991724063,0.488761793775383,0.943976339651272,3.88383428667467,30.8607419462833
5.53301587914465,0.0782468372490257,0.223266808083281,1.48971362095013,42.2260293494316
5.61365882466754,0.173136180499569,0.262914420804009,2.73549660791988,44.1673188946208
7.73734484943948,0.436249993720508,0.3457269705832,5.56210309139133,39.3534887449898
-1.33875317799653,0.0105735448887572,0.570784544805065,4.78841172237663,24.6083051999942
2.48038600197561,0.024991198675707,0.0283332115504891,1.6056234722295,59.1292361687887
5.12086572076213,0.192397569761354,0.703290792414919,7.81703223920674,25.2891111759752
4.97177775123756,0.0586542065562094,0.317589229438454,3.37208384414665,26.8822123164374
5.84295614311972,0.393668964949852,0.233425390673801,4.34091456130227,51.6709659304711
3.06920339046329,0.0723846638575196,0.0695976943243295,3.28804748409921,52.3971696962187
2.97875484633785,0.132477221661247,0.245745784370229,8.38624590716871,24.4152232745669
8.07330736078191,0.303437820159572,0.714521718211472,3.23288751725291,48.711417178214
0.46025411733129,0.108935995027423,0.165969037683681,6.38816648977389,38.1815535844292
6.29588158632232,0.184239383761017,0.216040183324367,6.1234646233664,27.5441007946722
3.93137679379883,0.282590572711754,0.19155836943537,11.9168618653027,34.9193696653853
2.07240245561807,0.0450062227834787,0.399744750233367,2.90266891975978,40.0237956056901
5.78435896880756,0.0835827924311161,0.431407802039757,4.15221436439004,27.7491459471673
6.20690150967317,0.222828516958955,0.797388294013217,3.95191177051495,38.2003181559253
2.48112505416312,0.138147929916158,0.260213052621111,3.6222757892855,50.2363495523077
7.40146850457902,0.910024621937067,0.998145455261692,9.03111564450003,38.2554922355974
4.19871533737742,0.1527394404402,0.893007138976827,4.74083124723608,36.0217757202525
8.87011473192552,0.370568738987534,0.624608393991366,5.0156441630414,22.9132149851797
6.03792870598166,0.261471488130614,0.893753040581942,7.66650696187968,17.0047432644683
5.70242500877982,0.456313073720122,0.796158806886524,11.6782738827438,35.3946932820883
1.29949743975255,0.0544634234393016,0.528959057992324,2.32413826298224,60.2935963247443
3.56624153739999,0.046795042947052,0.0453970120288432,3.42454930292234,47.6805886400492
10.1521521761335,0.210702138476747,0.386525691254064,2.03321769454728,40.178567225728
5.37512229414962,0.0933633094071662,0.758016078267246,2.29065062513715,43.8695311022868
2.74420227570683,0.199584877489357,0.180295840604231,8.47639920768539,47.1119021585273
12.5692261614487,0.314338294545862,0.44648952037096,4.44908526225927,34.5016704184022
11.5518620308159,0.595442490155035,0.350374615751207,7.21343023736681,40.2760880460324
4.33605931837724,0.193244434416968,0.119414524175227,6.9927841927244,35.4475496921465
5.3347366281718,0.162825340172276,0.573128623189405,3.79057982262544,31.5689987352896
6.18152296818559,0.609750771397883,0.934488482074812,3.79852711252201,64.2808236109939
3.01994959485914,0.0469132469055557,0.552740387851372,2.01380467062225,41.2784588293261
5.31561461445637,0.0856088364588587,0.451615721685812,3.0471998449379,37.140142144828
3.49401243870414,0.0558908937964588,0.709018318215385,1.66929185384808,70.8887702002878
4.98953753892716,0.0646379605453441,0.149333334295079,4.55860554878181,32.8201797038734
3.19928861065918,0.178370153647612,0.289547170279548,3.97981217551065,62.4739923970597
-2.74152794861766,0.00018735479246625,0.0140275373123586,3.06212053313993,40.2453026108236
8.37301921537493,0.82658132720263,0.304685020120814,10.0239109969994,36.9565082009552
6.20267404181881,0.39352319294349,0.858630236703902,5.01446651044329,42.465855000262
3.83016935348355,0.102106158976514,0.211270618718117,3.83569788188478,54.3206090462607
6.17932670498308,0.205497046945094,0.778284555999562,3.30304419408086,52.8203081440888
3.86608590939392,0.110001656011565,0.664482660824433,2.10882610542741,72.5050637242962
3.67263821839886,0.0884906799765304,0.815874210326001,2.70561196998588,60.7091248612331
2.50671613045891,0.0358641780912876,0.00750999804586172,2.40143444959217,56.7153243656958
2.52969497402177,0.0192305088013441,0.02078862558119,2.18366484774675,52.668599641445
3.24658562898811,0.21029922714338,0.818720501149073,5.26410328249077,38.2337541933613
4.54020820043636,0.303301505758306,0.187655365327373,5.70023557948545,51.3764072183154
3.23188897576765,0.113042598008178,0.0871071754954755,7.00708614210319,46.0732872114517
5.19052021923848,0.1871822436201,0.553316139383242,5.27928157655188,25.4184819800976
8.22635622411938,0.222169395292851,0.426109928404912,2.74853355752791,40.0907717593735
5.30328674867023,0.431872151771045,0.656377244740725,5.76810073389098,39.3707176356803
4.23930849911098,0.0949968869099393,0.449307478964329,4.56136936381719,27.5595868224145
1.25786366070598,0.145742050139233,0.327500843908638,4.56569790535662,73.9738830507035
6.28379712648819,0.198378352903503,0.774981795810163,5.31056065701369,34.777567239915
3.83244123819844,0.0647306232713163,0.375602732878178,4.89481505227584,27.9392704439919
5.21807218268864,0.472444158807618,0.566527385497466,11.1596256055174,39.7556288630468
5.54434031646786,0.490960243602699,0.9697868921794,7.72159109380659,42.1144438684075
5.37106382181286,0.133765325765125,0.852224777918309,3.12417253716183,37.2476506081134
4.60163699887309,0.112219610251486,0.105486701475456,3.6361230018897,41.1747115739266
4.71302066715472,0.11975309648551,0.764760568272322,5.612586019597,24.7189519638173
6.97446732848998,0.20663710787774,0.162089549237862,2.38311254200558,56.9180727178166
3.0497926575563,0.0982849131105468,0.323181790765375,5.50598815443209,33.3337111400364
3.68171185426488,0.13195074594114,0.326070172945037,4.23661654343976,44.4422293110911
5.88047560452519,0.451393037547773,0.723684201017022,7.72528763801075,43.3016354432806
2.05684022552424,0.0559043390676379,0.0120410521049052,7.05733046797063,38.7273609264804
5.82203558675416,0.128325717198607,0.566635984694585,2.68196344060301,32.9245216321757
9.2416902048815,0.203257720854209,0.944833165965974,3.68278510197698,15.2764354762699
-3.30620296943765,0.00284281652420759,0.00549778179265559,3.16016842786491,53.2710326280413
8.77269952650804,1.24178433084959,0.733364077750593,7.01329920730843,46.2212008090569
4.92255100282934,0.257787370345298,0.618972588563338,4.39575115409314,48.0864080471858
6.81587096914602,0.645429875204498,0.19312147423625,3.86926312642222,60.7190088328855
7.95467060855122,0.274264518133306,0.921759875724092,6.44068086397048,21.8641958789678
0.856416283399858,0.106004716362804,0.559299258748069,3.47348611064311,73.205320521248
7.64093245986601,0.28466838178106,0.385231306310743,3.54964759135993,34.1960503719181
3.91151841741203,0.168833639472723,0.231884363573045,5.58433713807358,32.6734376195298
4.85506279288926,0.163712615263648,0.76691289851442,2.44327390129807,57.2635963402809
11.7007842819231,0.26124637130529,0.963414184050635,2.15180060600741,39.005426227966
7.38943960577898,0.18496290174194,0.605847317958251,1.81783109951124,39.2313463948171
9.92608371601749,1.47700005388799,0.980402524350211,16.2553180469856,26.8377424417745
3.33779707072368,0.0389326537260786,0.0716454540379345,2.69487239784343,47.3352184142954
-0.718170864456559,0.0757199415238574,0.00579163897782564,9.74632946466933,40.0124371028886
8.1348011406588,0.443698580821461,0.2157637339551,4.28384641196516,51.770610555132
6.42499241808872,0.380801854238766,0.21397569659166,4.66757592549714,62.6694730081553
4.3035259161587,0.30560815403119,0.122350216843188,13.7584752510276,32.8152897788475
7.27188105979761,0.324436034996736,0.974623797927052,5.65265384517837,28.2352549605974
4.42698328393025,0.290891004715788,0.918184696929529,9.63656135396222,21.2296972158089
5.73481326384776,0.147668839432299,0.851710890652612,3.15555293133334,43.3292979391869
8.06494563078081,0.521447923187534,0.309636905556545,3.50759397967154,59.0496200808767
6.79178418676249,0.242966044218022,0.442535722628236,2.37399072555201,45.9873729266985
8.88263415849869,0.864615112501097,0.472237055422738,14.9484103614482,33.2655466650533
3.45380533325648,0.024863193174179,0.123993839835748,1.67089226284614,48.902741388235
11.396640775537,1.95186494391712,0.893442045897245,5.76332539006075,44.033566224584
1.271758209732,0.0330260014161468,0.457790677202865,3.54211810464241,42.4104338921326
1.39461234805489,0.132833397365175,0.0316891211550683,5.6121219160121,47.3328920483674
6.44338307492129,0.33608415814929,0.299100845819339,4.99036514446232,39.5655628449961
4.9605171998866,0.165088265552185,0.0671914976555854,2.75048035959701,49.7437039265735
5.4747809239856,0.179176528364204,0.0522496367339045,3.09565902139579,44.8810387934686
3.02546783105155,0.0227934814756736,0.252010090043768,3.36867458472476,42.1538764782414
0.730372325697546,0.100329663255252,0.385704381391406,6.62134642535844,33.2585898226819
9.14648442453047,0.3236501251708,0.345782510004938,3.62779582849149,34.2656388071523
4.75048196533295,0.294332124282348,0.123498055851087,4.209200775201,66.8789529158015
7.45622513532047,0.74593177048351,0.932259352412075,5.33168548922759,32.7947957272281
-0.302172465900325,0.00744947622374892,0.0126314025837928,4.45334834874562,28.2039149666937
10.4717499475484,0.2614139187976,0.96183355874382,5.65084825344419,8.56331713624803
8.3638617341497,0.865972684654308,0.518902069656178,10.4559867818987,28.2620309960212
7.13227529716058,0.737445112275791,0.855377781670541,9.40283855768674,43.4467289605024
4.96928002472268,0.334585913679305,0.875545788789168,3.97392832468812,41.4316627096958
5.92772562115278,0.0833876207470894,0.692937369691208,3.34387236652123,33.5904486623178
7.26964926502268,0.193406421447846,0.693654359551147,2.54747621840566,37.1341778753312
5.08892512275136,0.216960710230026,0.850517431041226,3.32563598184028,40.2312065018112
9.10977202015875,0.422006212153888,0.886815656907856,7.80170552274366,11.9491642311484
3.99164124677523,0.0401385574647803,0.516771967988461,3.58912023811185,21.9409250023935
6.74498724072373,0.318681601890105,0.480137110454962,3.51184617038131,44.6952869462744
9.39614707586385,0.332643733815032,0.819182850420475,4.0551126150063,24.0378681872225
6.12938904421632,0.21626838204846,0.339297253405675,2.5360432367414,65.3755658261663
2.13381339295526,0.0140589758520946,0.00638716551475227,1.96421465246849,56.3140233828142
13.859030791786,0.539387911986412,0.421534656314179,3.85077888847189,40.4574541252568
5.24044957736194,0.418964002260423,0.640287332935259,3.85759283464582,75.9294012168183
0.708273728637757,0.0709005451168464,0.707359704887494,4.21247568510385,57.5114381048247
10.097367509479,1.9344695542324,0.546469827648252,9.57788134141037,33.2449358846301
5.53402199595771,0.236960892322215,0.890770473750308,3.4450856008952,39.035418055655
8.23773192909404,0.346996548564589,0.982108354801312,2.56655855838265,33.7446423210001
2.40272891091747,0.00901387562043965,0.271135101327673,3.15363795514267,29.1446966175633
0.422580788233965,0.00807639362756163,0.381446958752349,2.82144554045287,33.0181715943102
4.87935160804694,0.352903243282769,0.837185424286872,3.78633908048806,62.2389640552407
8.40700799680204,0.530623852709466,0.685047099599615,3.66254641729504,43.5854323133039
3.63262714888688,0.0281058246036991,0.716918914578855,3.46994861556636,27.4004471444505
3.27958896485517,0.0845022912835702,0.115831680363044,2.21717166206741,62.3431576371278
5.45363163083211,0.282425424073565,0.941889069974422,9.83563442571742,19.7242942875542
7.90249679719246,0.692766116434866,0.667282130103558,8.71259112978129,31.8156310609657
9.28173210439042,0.696752305390734,0.665928297908977,5.51509064499884,48.2807827323719
5.57752582011237,0.0898727571099575,0.502405681181699,3.12904922709461,28.1467827727605
6.11828351585417,0.388000476852877,0.414295496651903,5.38628869179731,40.4266490647013
5.0515995687809,0.240647045717272,0.51315550506115,4.84211239770162,53.2958780563687
1.37774409018821,0.00526722357608378,0.713816337287426,4.19939317610651,28.0700671063569
1.80175461055334,0.0479389490792528,0.0201964494772255,4.27214862607421,36.7318839272367
2.22295068232125,0.0306843350408599,0.0162517100106925,2.73390148764637,46.6084974167847
4.32956507671248,0.0465264176426828,0.309838315937668,2.80911365354906,35.4942316757045
0.76982856406439,0.0706339792983471,0.132337810471654,6.16313406081988,39.4183442981827
6.04124334998677,0.481629284543401,0.956826069625095,10.9316330651983,31.9463198573304
3.41058525606526,0.026384690310806,0.0182879469357431,3.38034958207397,30.5725460523856
2.56762418769518,0.191558860464695,0.278152465354651,8.38169635601818,44.7278810289672
7.32767962966094,0.801782039883447,0.623580936342478,15.6402967218326,27.2541231240122
2.34992566444851,0.0112200898583978,0.0214594029821455,2.0044006310544,59.3573640540801
6.68434733995385,0.516184562796211,0.839920904487371,9.99034367965443,23.2626956554686
7.90432052221774,0.620949667381281,0.539725953713059,3.77670273679713,49.8173254401699
4.58605464391822,0.0405722297932758,0.0714812935329974,4.99047017687956,29.4471597592329
5.06338307139723,0.301960231260139,0.692827890627086,9.26312195473166,22.8504438568229
9.0646477927776,0.423867305719709,0.897916622459888,5.1212501318134,20.7921258193976
4.91064959159121,0.0529392573516816,0.748675842303783,3.46227317131584,31.1345278191153
2.53787078657034,0.0327823414700106,0.024048792431131,3.28713190079617,47.7635717642455
7.80514980388292,0.410540791669661,0.761084230849519,9.41179602740786,16.8807300423062
3.81145899098634,0.250903147243533,0.0555544113740325,6.59898006919397,62.9794109283861
11.1841770084128,0.368849596260128,0.501058908412233,3.29121708207094,38.9007063986397
7.67943371207668,0.440265395191914,0.970402837963775,6.0447490254122,24.0455578813021
10.8086116836176,0.303789857764471,0.402475063921884,5.64622341832299,18.5065913851466
3.71201775342034,0.0304680645423634,0.0114944803062826,4.57306174841681,40.4120208824706
8.11073270421998,0.327291365702379,0.339919015299529,2.99255560137816,61.6353472832509
1.38579062335653,0.0253260560566559,0.0183898382820189,4.85366625042343,42.0745301632621
3.42117276153427,0.0495504289915643,0.460343498503789,3.29510562240858,36.4437934444162
2.53327736731694,0.128829741501249,0.512759579811245,2.78825336520405,92.5098932345778
3.3265911896574,0.0182833836278106,0.231374141061679,1.68602707812474,42.7518959110217
5.92925577152349,0.438338329063213,0.961981032742187,7.15728725185637,38.1483324729227
7.73910592236204,0.426056177334344,0.370359365828335,3.69666139128859,43.8002199828203
6.28395341995879,0.363444381372488,0.386590806534514,7.18585799256947,33.5844671425427
8.21596912217353,0.395876273510602,0.400522704934701,5.2624883618745,41.5526689318323
10.7946710566159,0.783753871875715,0.986253248760477,5.23556497998561,32.7022661119753
6.28932544989257,0.10415352252312,0.654307259945199,2.40865562137053,29.0169827174729
5.13399489627779,0.132504730136134,0.864469261374325,5.42749187893526,22.0740842119164
4.21009687125017,0.201298135555092,0.439613304566592,6.18138572566933,39.068711437028
3.30863762786684,0.0602900240467261,0.0198436917271465,3.86889306598287,45.8966237340023
1.79226657368928,0.0113620835658325,0.537885227473453,1.73752539051516,48.5493347244485
3.50378124903334,0.0484620052945577,0.0741285502444953,4.29206554857136,38.6691275191074
6.94899560892783,0.402278754888307,0.314237307757139,3.79249420745746,55.3486940867502
7.25412888010742,0.188938572759482,0.521536130923778,3.69594466438185,36.7863616029103
0.602980191197467,0.0272124094190076,0.0504941041581333,4.68094208499742,50.6733944619013
10.64633710362,0.669892412113184,0.940533612156287,7.10374954932035,24.5141277071594
4.81552748019407,0.128093281993642,0.306942491326481,2.23667463008646,65.5991696217043
-1.46745679626506,0.0996954415459186,0.508122855098918,5.77868652215604,44.546858357254
2.48439965910535,0.131698958924972,0.795827831840143,8.16572567501278,23.4125925821151
4.66500003526363,0.114167315442767,0.21931089926511,2.57023753048351,64.9843596987296
5.52170042356362,0.0816161503590817,0.738067019497976,4.21776987609233,29.0616121235473
3.91619234932112,0.057892874116078,0.399634732166305,5.51442189509977,21.758533113338
8.3986036430191,0.390299130177389,0.760302804643288,3.16331329897333,47.0706867495322
9.43106252916029,0.325504495984617,0.782630126690492,4.96689996259453,36.173451692621
10.1281942767664,0.475457886212921,0.446884332923219,4.13328584547155,30.4179317624217
2.86200507802376,0.0395573497517034,0.799686681479216,5.76124920655805,25.7921989027162
7.25187795849166,0.20387862124689,0.155287800356746,5.45357677963263,31.5078552611705
9.26961200692918,0.269072943961826,0.871147968573496,3.72700323455581,34.3231360564249
2.51026302941386,0.172335173003376,0.884790847543627,4.38364291643458,43.5137098846138
5.43407316985525,0.164984813309275,0.645587369799614,7.518964185387,25.0063845661049
7.45298087065185,0.149871018598787,0.899523943429813,1.44670228329676,43.1889251578923
9.19731364668246,0.496830124387002,0.235610311385244,5.32143577304251,42.5728901179198
-1.33857096884494,0.010666859840267,0.385986334644258,4.00829096862838,27.9844549796519
7.99179553095227,0.29214053483561,0.525437384843826,8.07198918214095,29.2440768934076
4.63109812929988,0.0517891880127284,0.221014777664095,2.92676660763146,34.3906982830964
7.80105637494213,0.797678701537562,0.994629308348522,10.9043818271173,19.2687936321579
6.20391623910155,0.27322982273877,0.173953876364976,6.48063697173618,41.072198370734
9.22099693848313,0.963736732903511,0.355856161098927,10.5846759212454,40.2366836435454
6.88856478880548,0.281409303181547,0.397109726909548,4.52547204642417,36.4706642666252
6.9669920424746,0.134044265607372,0.910765616223216,4.19446100759501,12.2453228802717
2.01394522127135,0.00744547143253628,0.0985061258543283,3.18538020195195,41.1098886525716
1.53225493748236,0.00668586518093362,0.556017187424004,3.84532630086927,23.7891031961771
9.26975442797214,0.219290840542171,0.945315185235813,4.36985682352531,22.8322563005047
1.60455729590816,0.117447729222476,0.215946240350604,3.71070746725059,75.1044586181674
3.19640712304472,0.240815760518496,0.710317880613729,7.59285417557872,40.6832086753821
13.4328327532557,1.16194732946562,0.95462379604578,9.4468194517319,20.519151955018
2.194125841495,0.041666412143968,0.411041309358552,2.76146703406348,60.6217506198011
3.37983583987152,0.027036884217523,0.0402788841165602,1.71152847905499,62.6711666036782
5.92246842712131,0.133514405588387,0.748101202538237,2.82757176976783,39.1319518228295
3.78479923929625,0.135248371046242,0.467163612600416,3.36378681992906,46.6123262303897
14.6525016419467,0.964392477128297,0.457691899733618,5.98649469202335,31.8094974034578
8.08829217072466,0.486783475695229,0.975199534324929,6.10063145757693,25.2119714480577
0.230955053012192,0.0227414481729004,0.524195182370022,1.77329567413931,63.1284064352037
3.23646561748637,0.0325781361380731,0.265378259820864,3.58159500935165,32.7340631631355
4.71548143730573,0.0713780908845365,0.150508681777865,3.89386929314773,38.5547764338025
4.230467632669,0.19858957826041,0.297673859400675,7.37324602683696,39.9334302148659
4.47947484629794,0.12979051086586,0.673170463880524,2.80856855796785,45.468717576873
5.97958599725601,0.0888807018054649,0.823965908261016,3.22772823059587,20.5075067002485
4.97599288305861,0.201202120621431,0.315324419876561,3.34149532354432,64.3915012110418
7.87987434978465,0.207796410932436,0.128617824986577,2.48235614297473,41.5176486979434
3.13282264421951,0.0127803626213393,0.0634752148762345,4.91894667378081,31.1377087403342
5.86951061838322,0.133604064118117,0.382360851624981,3.53776582703137,28.4926399259438
4.56822759270857,0.14736307610292,0.0422004365827888,8.86757315784239,30.7195227719467
4.63778028443489,0.326061227115545,0.324977785348892,9.15045238481982,51.6917122379647
9.80401020511423,0.312995994918722,0.610442632576451,2.81950149654464,49.062659551763
6.68744992157133,0.34275179960646,0.211227777181193,4.40378192942799,49.029576548402
5.98502676253777,0.103728766203858,0.928374576848,1.60909608371579,41.8093162223047
6.59304454098539,0.347443329149342,0.856186631834134,3.36934638583794,45.3768594899171
0.264477911471902,0.0171184581302913,0.221381739480421,3.59721141457638,39.5570663580361
5.75354708723934,0.138399735643308,0.0739664272405207,4.59814623922844,43.0271111854185
3.7408477799017,0.260955568392503,0.15233888477087,3.94512806474221,53.2907735910635
5.68958600795163,0.295934135016782,0.926727306330577,9.37390494930072,16.7474010113926
5.77282244636689,0.271382274295335,0.846616787835956,3.99342040364759,31.2323233938448
4.1582194929482,0.288634109300304,0.354692340362817,12.7153173290423,42.7411755686847
4.25757974037104,0.208212156232268,0.205644697416574,3.54348267940815,72.4899406575576
2.00898262263081,0.130596613196606,0.312993789091706,6.21647555528941,45.5234660695382
3.70043191140868,0.0426404292229563,0.33470763429068,4.05290668102939,28.0859220346612
4.77762270791156,0.303142937588248,0.899816418532282,6.28382570286036,46.120083759096
3.82120388856604,0.215274873411956,0.367210891563445,7.00352890813638,35.5184039788448
6.56863172867985,0.135527825099416,0.460489690769464,3.87291387200022,25.8452672099192
10.9760728453174,0.870880001637727,0.784889236558229,7.50235002061098,27.8371884135908
6.36797341312336,0.32546000018597,0.562144369352609,4.46545154828356,43.9785573590864
2.74874188605377,0.0688600990688428,0.803725122939795,3.02978736303539,46.0884971639646
7.9419224661721,0.745966287135849,0.849587583448738,4.9619546196029,44.6366948491847
0.65193360543686,0.123743361094967,0.106637092074379,4.25385578363329,70.1666676972003
6.10649564719351,0.205131759230635,0.697632791474462,2.93935546654901,35.5513127547215
2.56177057720916,0.0653016311116517,0.0680824837181717,6.81384221216982,29.546076033336
3.48891281174486,0.158606025041081,0.841162111377344,3.30178920074315,42.6048289662521
3.82848727361448,0.262582646672356,0.614552932791412,8.72446365098361,27.8391876477005
9.11628324657321,0.910097958001882,0.900997111108154,6.73365734596952,42.1021291287395
5.4971126212236,0.182003474572842,0.634197905659676,6.9992920745677,24.8918599128121
6.16830420743207,0.138721584691666,0.0568539029918611,3.13472116353835,34.8138373371039
5.24952983422803,0.431662783170855,0.216380869504064,7.63624053043678,60.2500252857999
3.93607612068429,0.0286779496603736,0.0433999989181757,2.03894110742789,38.1321653544584
6.87124907658681,0.605497995654102,0.961961225839332,13.2303962210105,26.1635765302588
-1.00578708073144,0.0433057616464794,0.480863792821765,2.65640215602595,58.242871009797
6.08063373471355,0.153789832955226,0.134013475850224,6.04805472436768,36.3630251698194
6.27502386151736,0.109471553354524,0.833202679874375,2.5052880309363,37.7780066683072
2.30985115024592,0.0804209755733609,0.356450741179287,4.55846150652763,43.1332005329939
2.290899554861,0.150437303702347,0.624519471544772,3.74456118196782,64.0781386126551
2.15899090923432,0.0745021237748161,0.224029196891934,3.81232676431565,58.3231322844424
0.994940349055614,0.140712092863396,0.550056022126228,3.76131447717279,73.2495599569466
0.118228145663408,0.00418534723576158,0.331831122050062,4.12400306483629,21.2647058231181
9.14781614607278,1.33676035368914,0.950372889870778,7.01635947622335,35.4981526291714
2.38524475871222,0.127695228322409,0.261983708012849,9.49699068198978,24.5947617713055
6.08758164099644,0.235459323786979,0.136577266035601,3.39774599204514,67.202957607843
4.5915746455016,0.152612391044386,0.872574984561652,4.91430603127492,36.5693009160634
0.179014630838099,0.114622632157989,0.375970936147496,7.81709633600448,51.2532016090859
4.17276223731414,0.0429224508364493,0.217521853279322,5.35777728223284,17.8481313688193
6.07922260724831,0.270666574350301,0.734544578241184,7.76185371202626,28.573746202088
4.39425267420476,0.233468648501414,0.507555260322988,3.51277222728228,47.6623598551718
5.03725194649392,0.422447667730307,0.882685784250498,11.1940420713839,33.3268779222523
0.753602054827264,0.0430012701544911,0.777915888698772,3.59823264882763,33.9229487108167
5.05744474518903,0.401641728533653,0.132858129683882,6.62212059731172,51.9200808215254
10.1808668364489,0.32582374800809,0.675288359634578,3.71743433738421,26.0979807491499
14.6741396560738,1.22880617940897,0.385287385201082,6.02774001325136,43.8127373232529
4.26269122481048,0.181021624234247,0.739388405811042,9.05362443866549,30.6293146946458
5.55989571416347,0.080331277572175,0.913800198584795,4.07374411132395,28.7690358835154
4.30014858321324,0.250913705666292,0.528869935777038,5.5818470160522,37.1448487161106
5.73973718753548,0.0757053414126858,0.384554801741615,4.12228568846301,31.9525947017982
4.18598433289391,0.210295548884872,0.796603030525148,3.93982882433936,45.6471837279911
4.37758940347673,0.333451716451648,0.335395480506122,14.3520449087584,27.4216541725353
3.48823977171358,0.151898929965682,0.0591925401240587,4.460290603725,39.6374022760428
7.68928882593557,0.338896686256123,0.802005019271746,7.44843976763076,21.4737103063366
6.73330256814525,0.221787415925731,0.652822269126773,2.27865598537978,44.3587657030629
6.29121752189983,0.603313674075401,0.226795088034123,9.79250528667133,47.727092245005
3.89548957876549,0.118526623933576,0.185285033890978,4.5112080157398,38.5960136621275
0.916562630515202,0.0772702245270976,0.193814764497802,3.29743289269067,53.0752607520399
4.53250404918936,0.0913209294667467,0.596441032597795,1.82477772170681,53.3509828296248
6.64125216042489,0.124492949806154,0.228072832105681,3.79661321339148,38.3255124240835
7.0841622783441,0.473638574571765,0.449294360121712,11.0870299965465,24.5531158746499
6.13161943781013,0.111624111188576,0.0465138021390885,2.89201178739354,57.0342470629016
1.45322025637603,0.0510687725123685,0.022783606313169,6.63510095173721,39.067583088592
10.7257410629678,0.492322010898447,0.751979281427339,4.32298716866377,37.6332119642172
6.95765214834474,0.610023413287634,0.462071073940024,5.2292361210664,46.0849320288714
4.22108705453879,0.03139080805704,0.558917774353176,4.6002417799316,24.2833122574084
5.99836081697991,0.178505997861478,0.409145345445722,7.23249994927311,26.2571424827374
4.75034863241159,0.364179848206645,0.235325509915128,4.4635777946075,75.6181877843685
10.6872071493609,0.679022817375296,0.893020425224677,6.76461559222873,21.7529529980419
5.89982202202174,0.271584491640223,0.122359310975298,4.66994188354745,36.6741128774833
3.65925527495883,0.0935953811276704,0.491742093814537,5.12253207452632,35.7941822776366
-0.711235320398823,0.0392166724195704,0.0610690794419497,5.88223517518071,43.7846215911586
11.5413534738791,1.23975166647771,0.967878990108147,6.8287704704605,24.6764509586778
4.2143973028579,0.099444000122082,0.0717182352673262,4.74397130291823,40.8160955071602
-0.179597403783887,0.00304444861424532,0.31752299121581,2.97373312503411,31.834374674367
7.12290211734986,0.782689990684555,0.286292573902756,16.6995793641351,36.7298007904477
6.57134953920264,0.307569690038192,0.774201113497838,5.83463534626092,26.5215756285458
-0.232159002872498,0.116727306041867,0.774927771650255,6.52769196379456,30.3987494904543
9.00534544193403,0.250043907657939,0.703483047196642,4.94902292559294,31.5560987033237
1.58290498249893,0.125096314935945,0.297955617308617,3.30791648593462,92.355575705313
5.60439508898306,0.212368367462161,0.376420554472134,7.15544022010693,24.2920207696395
7.75342112919818,0.160119576146826,0.551337172510102,5.94508235392589,15.959264705001
4.7932965133814,0.0750831803306937,0.16569617507048,2.72227769665972,40.1239583883619
0.629022116231358,0.0133124466519803,0.677204342093319,4.94366162845046,18.2260683900164
3.10708350645717,0.0860663418542212,0.705572399776429,3.89613240239006,43.2656406206141
4.85547588485258,0.115970542305149,0.725755198160186,3.13722729718774,37.4638143188182
-0.445371416318365,0.0206812253342396,0.670358109287918,1.84734697376638,61.6590733968822
1.12514209680791,0.0156579413980169,0.0998153400141746,5.84263894908851,21.0774375569742
4.54509108807937,0.0503158601932228,0.0803397221025079,4.11320318265874,37.0946821256722
7.02548364414603,0.185880262797647,0.289979324210435,3.87319814226548,32.1177221466243
2.99102321698441,0.198515250337052,0.0319121195934713,7.01175132458307,55.147522548903
3.65328481895993,0.0623344276100397,0.402566965203732,6.11489051761873,32.2799352673785
3.75373954019077,0.179885967624116,0.900671317707747,3.70273494406762,59.3398502322188
1.39981293266803,0.100574299693108,0.490857458440587,6.68965633958766,28.3013108644599
4.58859745546279,0.188816759026352,0.430975851835683,6.83008040619522,23.8410963235373
1.04583648007479,0.0423069341564934,0.327807602006942,2.50656959089471,74.3575491786382
8.22143978497662,0.474945397560901,0.234564778627828,4.10662549953812,51.4872997040905
6.31345747446575,0.183025654480178,0.33555606729351,3.92869316811459,46.0219013067111
9.06785346920381,0.192563950438922,0.968701224308461,2.00917056793057,34.6633555061431
8.94453848252273,0.218367721723619,0.738169575342909,3.38783753180561,35.6708811259044
6.78398070625422,0.154185334919021,0.922445519128814,3.40356908347932,28.0682716544827
-0.0721720581767462,0.0441167239168356,0.312598908087239,3.92050681171128,39.8316528632484
7.15276274571422,0.250174963109902,0.42383414064534,4.18206895813046,28.3893978916201
2.60286391096398,0.0800574928289279,0.250749218743294,3.77231191629124,62.9580554675765
5.37285119187589,0.281770060061219,0.753533601528034,7.02388181560212,24.6090418780514
7.51582830199949,0.192676926099327,0.954856163356453,2.50979087809879,40.3382317970241
1.84968878962645,0.00514443055726588,0.555601912550628,2.74041531463882,30.3907775384249
4.98894222062717,0.35124157599867,0.339437924558297,5.7584824045105,43.6271709439692
10.4211319024088,1.03592745349148,0.768576234811917,13.9762889210548,25.8767496674165
4.45288000131018,0.290558549332175,0.60565807740204,9.72956766524482,23.9027058189995
7.85377558056561,0.230183081923726,0.215117621934041,5.88970557701989,31.657686682005
5.89354185202846,0.0872263825731352,0.10144112072885,4.97501682134845,32.3662905073393
8.60918282171818,0.305919346156272,0.945167903555557,3.39316101647466,27.0164807698159
0.161608564636017,0.0797998436028138,0.552880615927279,3.11554229123222,69.8101612469552
3.83943327141833,0.0539505677297711,0.853626693598926,5.00304754232846,15.340735677374
1.64377458119166,0.0495299157919362,0.706863760249689,2.49067236239635,52.6053027247812
3.89365948438259,0.113014010479674,0.577946729725227,2.58580166339945,43.8975370815403
0.46411263491447,0.126188239199109,0.0712720360606909,4.58566876211637,57.5121511025749
0.271808613589916,0.0194505589315668,0.321529179811478,2.08383328220002,59.3731630947234
3.94693686891181,0.0432818940410813,0.494700856273994,1.86225490838897,47.7728087069055
4.20141474165803,0.0405423451447859,0.0706028211861849,4.78460847831017,36.3968874940192
1.42214549721646,0.0248992893612012,0.110612459247932,2.95459624689245,51.3582381839452
7.47264610899356,0.180390356493908,0.850070344284177,2.99082905840151,35.6324645252159
11.0945755839424,0.412789961767799,0.564834557007998,7.21965346164027,14.566759192523
4.85773680693374,0.0621912563219666,0.18520181090571,5.80249805613728,32.251998985613
3.42837668554931,0.021964312531054,0.422431025421247,3.10288077318157,32.6041432601254
0.151554639843367,0.0877142157997503,0.660730289295316,2.99901128773931,83.7541565008969
8.27468602395181,0.919948154542238,0.629658814053982,6.09654326523224,44.4772086232948
7.78785603094034,0.290017504700202,0.949493977008387,7.69383184999478,24.6485474694312
12.3695472068447,0.733890347140742,0.720051292330027,12.1335766713785,15.8403940706074
4.17453519764938,0.103412536394809,0.777611152734607,2.27635931397998,44.074956217129
2.68334824133895,0.113410974969156,0.0299631461966783,4.50754302306154,57.7415236384966
2.87915783804137,0.195828301468902,0.857978236395866,3.19276641891583,79.9034197537654
3.08995664271643,0.0571286815684289,0.777228110004216,3.68843025232951,27.8722875142966
2.71123570022573,0.0683490452356637,0.126372095197439,4.16466271985345,43.8793344169346
3.97049384758459,0.126578497118317,0.463221377460286,2.37212403435732,74.1737615304465
5.62354288749877,0.523541777154077,0.3651972503867,5.28860369083241,62.2042916655948
0.314717618286442,0.0211735875345767,0.411611355608329,2.49507174642397,38.8925790462201
3.42769493451825,0.136804301291704,0.211085232673213,4.08126227073927,58.9729592977454
4.75470843896126,0.0756361085223034,0.0435322115663439,2.28125053929275,64.9370848905334
9.39670245049516,0.540427200736224,0.803895757999271,3.24417917268318,50.1313222312222
5.32578321420939,0.0961809564614668,0.908951182616875,2.63564703451713,30.2446222430816
10.3404582839775,1.49928924060407,0.504126102663577,5.71805566208444,55.0779364305578
4.58496135060316,0.144449258019586,0.0791528038680553,5.99150973730412,27.8871592187684
1.51879423005215,0.0238626943901181,0.556988374562934,2.69056670819146,47.1801077182335
9.48945169946263,0.29412415017255,0.584055405575782,5.47250860534624,30.3276096123191
1.25915195138409,0.0353674886282533,0.195517988409847,3.57584692912438,41.4541348724945
6.01233956609104,0.11885832879974,0.901611337438226,2.18888640333832,29.7880926803749
3.9249862876531,0.0424292942861878,0.10242009209469,3.31680142469377,34.9779659146432
2.40577397885518,0.0559365275548771,0.304473505588248,5.97727041779165,28.7802842342771
4.83430177120627,0.355270375010973,0.157010419061407,5.90226823083289,61.2434995675691
7.68167631538125,0.210690269469026,0.428722746903077,3.45344586005872,38.1591018283721
8.92409361273881,0.410529762019819,0.38014696794562,8.12667638394559,31.4229669562044
3.83521622812361,0.195874947578388,0.832992139272392,5.48898986972127,35.4421085861308
3.3125350674948,0.199348312422826,0.0424213646911085,11.928414536756,32.7720070040377
13.9942712812257,0.801636248784971,0.642429352505133,3.48197199593945,40.520244356428
8.08674229682929,0.564267398278014,0.906746007502079,5.37051835789326,30.7358114972334
6.79652534642259,0.476488499881184,0.163299725856632,10.5353451365388,25.5905622672342
5.53215287999306,0.376131605518464,0.9656379846856,9.61539278384056,22.0981554358728
6.00681995642376,0.481317089383906,0.756844479590654,5.20414090102646,39.7570913985224
1.10218272780316,0.130827301065437,0.134469455806538,6.79187764370163,45.7909480648524
4.4919453346069,0.102965263753395,0.382475203601643,5.29775059239887,38.3307469628252
11.7060922296151,0.339850642009381,0.823839823948219,3.1477100059374,40.261996104926
3.78100266935654,0.0636167277116328,0.434285643976182,2.2596568829066,52.5419098692029
7.55309639730614,0.192452727106665,0.831574422540143,5.02844075645158,17.1686022630275
6.39522829105847,0.45804017934908,0.278740467736498,3.63597253465805,47.3876165433322
6.00530501306645,0.297946144816208,0.440511948196217,5.23402992747645,32.3388096065582
5.99576964235984,0.584263008522028,0.933753843652084,5.68925303904032,45.1809564919307
6.0724290832057,0.410145763286805,0.500785046489909,3.33547332018682,56.512181971382
5.52906565735282,0.171967698843218,0.534478112822399,3.17319745668331,47.1961146826775
3.18903119034437,0.019020204199478,0.480191105278209,1.25094893896615,60.3240204162987
-0.559449823252044,0.0763228606665507,0.737436551833525,5.27007540888211,53.4027813992867
5.73562905073118,0.380971265662246,0.8498711574357,11.4060664943853,24.6483161002661
6.41650119055369,0.230828637479547,0.444981456501409,3.8471713922229,38.4428933484143
-1.63365424318842,0.0886098974007297,0.750078146811575,6.02405443987304,48.5244221933907
7.56794266206422,0.669154014872545,0.764797558775172,11.1609334917446,26.6951113092419
3.60143576189786,0.025050500236764,0.0402069236151874,2.41058839271641,39.8950398417276
6.22146466642384,0.21863249921121,0.750832966528833,2.47186806778809,63.3637766662745
9.86309561625377,0.472951773067421,0.988332678331062,6.09472457719271,30.7848760481499
5.97367420346192,0.289678507589877,0.859178574057296,9.02937624688033,32.2869391825993
5.02397103637445,0.0609941977503806,0.393150462768972,3.24660429200389,35.3377623810293
1.08219616287048,0.00925829904044612,0.505989074707031,3.77875727448291,30.269990328044
8.12348150643834,0.242395454774353,0.655489335069433,5.21505634316778,31.3339750086444
1.95704819596596,0.151480479980819,0.343769122147933,3.34452665980563,93.1809719251913
7.48650102811553,0.385764358078545,0.937063831370324,7.39042193758678,31.685711675894
11.5145270387111,0.456858450991517,0.766305041499436,4.27615413005644,40.4041067001295
-0.632434486503366,0.125398823875003,0.242152483668178,5.68192547988807,67.7706118617863
8.2907974661704,0.192660279794338,0.567576541332528,5.53173543137139,13.8998922215479
-0.0183926327365551,0.129216090776026,0.812258974183351,10.1009313056875,32.4556581985538
5.29649552939569,0.168426532647572,0.784629356814548,2.72970984751111,40.0178920115863
8.00988762410535,0.610642319047982,0.219033022178337,3.66747562085496,57.4662572986914
3.7583044270522,0.0334121143400644,0.783903029281646,2.64426519987864,26.7630855255569
-4.09826695603342,0.0034788138531205,0.660872779320925,1.17097778062307,55.4956122941849
2.51295274509911,0.0966061780927703,0.83736163075082,7.23989952735876,23.1485182871776
6.25745225265761,0.164124932605773,0.596062720054761,4.84119359130764,34.1300949186005
6.08699621192327,0.158611521590501,0.688578578643501,4.71598534225976,30.8734255781655
5.9640495084137,0.236979976518753,0.257102740928531,6.69929717463793,38.9200905973635
-0.354610906395475,0.0241202013593345,0.350717857247218,1.83507442549825,71.1041745554815
6.54128601709315,0.223248860304183,0.802894283086061,2.15792966996117,49.6807835445406
7.51678798582377,0.177242903028357,0.785336697939783,2.22580011470031,46.1009899364932
2.29621165564399,0.0867176351262701,0.589589872630313,4.68274478813879,40.6387119172174
7.00828412958981,0.685506564999157,0.874744700500742,13.1198596881109,29.9285248011495
10.5734164654917,0.95794949442485,0.586572897620499,4.50029877677668,64.1354594790083
8.98731725361068,0.23996325720914,0.496303250780329,5.98734628217036,15.2748747342148
5.67486628835477,0.139817876974121,0.267628136090934,2.95629056290602,37.5824180992309
8.86796440738592,0.682752395482892,0.46200971538201,9.1228324419292,25.3461901461091
7.42635387961504,0.571278611632222,0.972007886972278,4.25695154362163,48.7766071844874
4.42263613658789,0.370248216183341,0.947177236899734,4.74836912002357,51.4728636404818
8.0770351729687,0.649361250424916,0.558957594214007,5.70619643906814,32.507335374352
8.96960741903705,0.508154205491251,0.213512758724391,9.75399003682852,19.233225219608
8.55029892110501,0.195911704655182,0.604682940524071,3.06939560232574,43.050925159509
3.37545677879557,0.056766829569824,0.284426186932251,3.44516853627696,51.9480857816428
8.61685135983429,0.744361463892174,0.747034043073654,5.66745858623912,49.5556887691871
6.3576545089542,0.459538837873793,0.941317147109658,5.44691403688257,35.2762904660859
0.420536255784222,0.00525270820099776,0.19114633766003,4.61661525808045,33.8036519188878
4.77952269422579,0.269719072374258,0.697662835242227,8.60190883096476,25.5338836481258
5.63387428647349,0.34885360484705,0.800762795610353,4.16254885687537,61.702369836795
4.74328082092826,0.115467807045206,0.365921680117026,3.36101104935186,37.9733993176963
6.47648104600167,0.296449046571481,0.470596111146733,5.29116651230598,33.7844200569563
5.28825508709091,0.245518006839532,0.789476146921515,5.96119332282793,24.972816402527
7.35542758575284,0.257368359937075,0.725908468943089,2.69900887192363,41.7794791512968
1.13548885844538,0.0348137229448184,0.788127570878714,1.88591662637219,47.2974022681493
6.76983987794138,0.705125994938326,0.19967494928278,8.67484096020435,37.0764246171813
9.69332035450144,0.330665134115818,0.609977407380939,3.33114109939738,31.9706448873026
8.23168010646763,1.10907001507686,0.375007199356332,6.49673295748626,61.8051222672057
6.90900475009938,0.422535491620606,0.72648171079345,6.39887321587255,40.7372984883732
5.00880730898209,0.293968535949218,0.575361589668319,3.18788379314682,53.6124880490559
0.44229227464624,0.060062927854312,0.790602614870295,2.91381206284744,47.774554618694
9.45165945119927,0.914465516331879,0.599536443827674,3.99369897045564,61.5554949253882
7.2689125086955,0.251789512560767,0.342415317893028,2.88526537327796,62.4509114954904
4.76832509199745,0.32807996146262,0.199758828151971,3.86458944287633,70.8217046530829
4.81180658844246,0.1161989151733,0.834485391620547,4.02723045156627,37.8211046690297
3.26521099171011,0.0821077523287386,0.648296556202695,3.9107316678778,35.9088506424567
10.2859299152132,0.441220111658281,0.478552925167605,5.50415706241578,29.9678913939099
10.2178938715517,1.92859439233974,0.984220627928153,5.97220776690849,36.5422990207472
1.78469454246076,0.128083835233115,0.840158944949508,5.03026323432997,41.3725366602205
3.60291337716784,0.0486818648641929,0.667519839014858,3.44432088264384,32.3417514096856
8.89908169315897,0.455897419692433,0.87848416576162,3.68266517536115,38.5767939016464
-0.521662698383027,0.00653196245868925,0.00135652022436261,1.46266210647897,96.0926803475447
3.54137800968607,0.0503472770175377,0.528314779512584,4.40163915011963,23.7590767055979
9.79875666244585,0.792550103696895,0.99898438481614,5.36875658443477,32.8845073002721
7.20770790075408,0.469531848074353,0.702061577700078,6.80872974482219,27.1674056762834
1.95558895394478,0.10373482236173,0.0655382566619664,3.5639394708469,49.8162013548689
5.71603759699661,0.563810189688736,0.864352745003998,9.44060471917714,25.078609819951
3.52896799020318,0.0847551781916991,0.204394716303796,6.31780541237324,37.662944015232
5.09090648153087,0.082841956987977,0.0843547773547471,2.16560618028827,41.67338927826
1.44571764773292,0.0199164686532369,0.00272842799313366,2.05675539452075,76.2720477689538
7.20901228343529,0.830595245542836,0.393308522878215,5.38442330703565,47.3224229385564
6.59379442012574,0.125933041330427,0.853252844652161,4.6267076060548,23.0484274607672
3.63813576836009,0.189304759803921,0.169329290045425,8.97590737192437,33.2106903602528
3.10146285134668,0.0142241949215531,0.704166977200657,1.50550766321921,53.7352752705056
4.33022620392578,0.0519159220857546,0.107474242569879,3.50779073803257,35.5393012448806
3.02908666779504,0.103122857895772,0.853544001234695,3.4570783075479,50.1655622533781
5.26098265807045,0.426470709943628,0.247665901202708,6.18189539910473,51.4809369627265
7.74879767078947,0.669974279092783,0.632377182366326,3.54354517433366,44.1293382466944
4.32915393328514,0.26769778951967,0.858712494838983,10.3603834672331,24.1744209900461
6.15974157039984,0.513557532315558,0.197859589476138,7.17190562395657,46.6532627051992
2.7064662415312,0.204648405070159,0.668935746653005,6.65907085691521,34.5737477145819
-1.30598962127224,0.00194311017164133,0.0598422789480537,1.82649828379119,47.1803145619218
7.61808224026424,0.519907967621619,0.573270015884191,4.61443098370237,50.2608150309716
2.78695289981472,0.0749608740606971,0.0356959407217801,2.2589197652922,83.0671706302095
5.42822961535992,0.0713293690932915,0.64941714075394,5.55442478950818,17.2107715301076
6.24183503045165,0.638403164656991,0.78095824434422,7.31090981656568,46.1242846295649
3.88959468864533,0.226006323693994,0.189335709437728,3.74592248438022,76.8079943512707
5.69589317111136,0.326297848707739,0.227435255656019,10.0252697796419,41.1448733421831
1.15627941632772,0.0379530605860054,0.215905448654667,2.08276704491661,54.5598023086677
4.42079116983097,0.0808218847960234,0.15956585877575,2.99074563650951,38.3779267916732
9.17260668421387,0.425397626103318,0.984649343416095,3.37533121635468,33.776127270844
8.646953235058,0.505919217111027,0.292317188344896,8.99034849648138,33.0556341891695
4.13475354337696,0.0345896176295355,0.520373291336,2.47348363148478,28.3948334424425
5.10778081985547,0.143496217788197,0.378339635208249,4.67871468822572,44.4769998628773
7.13441466188658,0.668559804061586,0.382997880456969,14.0096677595977,25.8803256476565
11.0272428220615,0.421372001969671,0.860527437645942,5.11744144644952,24.1555040346037
10.1186027615697,0.419674947371191,0.262412945041433,7.56395940017722,21.5467592612857
7.38384001513547,0.477862582055336,0.691352149005979,5.67963904739093,36.6528611534252
8.23692425967409,0.429169294869012,0.31946096685715,3.35720801172057,40.920231962965
2.90659054431651,0.022468667360954,0.256512958556414,2.90720944019961,43.0638869393892
5.27915376883509,0.106727819773369,0.190923662856221,2.29963554321242,59.4932637370429
1.83518052295261,0.012506682658568,0.659657671814784,1.82272180629223,41.4202513190202
6.55594020946446,0.291179072101343,0.730676549021155,6.79872286258509,25.3886637389741
4.10546483726154,0.0603524367325008,0.357900482136756,1.90199965839228,65.4301743665132
3.99920361722799,0.209484255629334,0.20406916947104,8.97482859790453,35.8176545182365
3.61324642898251,0.0263855380163988,0.101644017035142,3.98549806712384,35.4194906872679
