K:5
N:500
Gap:0.382488486204136
Rho: 
1 0.8 0.45 0.2 -0.3
0.8 1 0.45 0.5 -0.1
0.45 0.45 1 0.1 -0.3
0.2 0.5 0.1 1 -0.5
-0.3 -0.1 -0.3 -0.5 1
X:
1.874339485569,0.111599252209999,0.17969001387246,10.1778773250606,35.8992266630096
4.60922491107964,0.293287595956329,0.198670186568052,5.51555036063245,49.2489272527116
1.06252199573836,0.00216194265522063,0.229823688976467,3.53962681026585,27.4132282881078
6.52478986555543,0.244605954352498,0.953940434614196,3.25943855090342,43.5940251156318
7.30595121793983,0.515814385355866,0.349346342030913,8.76652206825267,32.5906790448966
3.6072880812598,0.0770707974443212,0.243299992755055,5.13826548051495,47.3703086547844
11.2964380132134,0.432513415873655,0.571019278140739,3.02118666155669,48.7103649592112
0.682340517348564,0.0835838125785813,0.122313400963321,4.43627229149985,50.880367331533
5.29741487890961,0.26547825661369,0.089099548291415,10.8445094460431,28.7201961891471
4.44752781475651,0.350324575005085,0.324271322228014,5.78290291365161,55.9110810531552
5.44661921191008,0.168469487805851,0.110081483842805,5.48975493840583,30.0129943757789
7.13344218329702,0.235560819503168,0.402129875263199,3.2843720841522,49.090852547141
1.7123063662032,0.0117196821295796,0.00201249262318015,2.0138139024704,61.9784102591325
7.21491044357534,0.401670170701251,0.750528434989974,2.69939357308697,59.3185104648873
4.68370460883584,0.139325412572362,0.286426934879273,4.36237778201705,52.0972200504138
2.09271005363827,0.189809774503785,0.360555477207527,9.89260915824414,43.6223846407668
2.1331680542271,0.0346434317762032,0.38530310895294,4.72128522712476,27.0944347853923
7.56415905380545,0.258309370108326,0.975151966093108,3.54606110847291,34.2251327098474
4.13874038265231,0.125894144992344,0.0477302097715437,4.36226593690339,52.3188620187075
5.01262443565081,0.381502226981605,0.379387054592371,8.5554600682813,47.1318549273629
9.64214583921125,0.816291579934669,0.991554043022916,6.45339954533305,35.77600734427
4.68655170421848,0.119445989956148,0.765821883222088,4.98354630449023,32.7699139923176
7.91798597520249,0.924070887943936,0.727855669334531,16.1459577951211,23.3077134950526
2.85625370186665,0.0826904372560778,0.074524367460981,5.79940354550444,31.572380000412
-1.99127732863831,0.0333319829078391,0.671165167354047,2.54958907528681,41.5884318636167
7.53915274531356,0.299652805308554,0.957571094622836,3.00901459039639,28.6154092536179
9.01415645241828,0.322805865191597,0.225209432654083,3.47884886799347,37.3681410640205
-0.399263139067278,0.131148136337288,0.510120501508936,4.37145716291348,65.9251336347529
9.45623293000956,0.368903033231024,0.842512391507626,2.72112189438408,49.8843084907872
5.09599881377966,0.310724064930084,0.264792966190726,5.70649026017137,36.0772737642005
3.5451656259857,0.219958076243031,0.474356448976323,4.39171944880963,64.1089006550441
4.33306168323534,0.168210396077484,0.428900632308796,2.64220669902685,60.4801999341246
6.72052197156348,0.237113558394804,0.654122449690476,6.97273180515413,29.9373519700767
10.6353916638774,0.417456860633051,0.620584309566766,3.64585063538934,38.5606508305417
-0.120862320661643,0.0210089477359371,0.701946408720687,2.9026134144439,44.9475753855568
4.17861993917276,0.196480085829946,0.765821972163394,4.11762621008257,36.3815084476942
5.96862041715226,0.18116260691427,0.93079377966933,2.58428991225147,36.2168156393082
5.82185328218035,0.546822456145817,0.821132539771497,4.34959678654026,44.2264203184442
11.2347335777988,0.339385941148478,0.964871187927201,2.99990925166051,26.287092334821
5.58067522245155,0.170402990886942,0.256012088619173,5.12093717891425,30.001807877343
2.50492603386865,0.132993432111107,0.430283481953666,6.0394391162721,44.4336775012782
7.56420520564514,0.410957288907325,0.402409839909524,2.97293394545737,68.8719474649936
6.82453299105013,0.513952657559371,0.803304729051888,8.24492164008089,34.3755192410406
0.584128564614259,0.073821698082611,0.742612165631726,8.08357707727827,19.7430913932236
5.03576482304503,0.12350165734256,0.121905230451375,4.17731624896187,31.1416123170947
-2.54297087392657,0.0386238857153755,0.179232268128544,3.82211621077423,48.836822576895
10.6863593811095,0.508204658960408,0.996107443701476,3.32337996895989,47.0758084116825
5.17754343659653,0.353029712547964,0.733288634102792,3.37330808246654,49.1893010774863
6.45022824333481,0.548220923604602,0.344270747620612,8.98618409531971,33.9037617913134
15.0796681247223,3.20555757619163,0.996123197721317,22.2461675142367,25.9467707920127
7.91496715883188,0.155300696846098,0.422015407588333,4.64143859097275,24.5250415307737
3.51844470287214,0.168887796811759,0.27835566457361,3.94295207899669,63.8493316631197
4.82636726718128,0.307665572025555,0.883375939680263,3.79603501319521,41.6123654159824
4.06804558786755,0.286738333980295,0.780804864829406,4.27107537869271,65.5046712876559
8.82022678474227,0.429608228648961,0.654545838711783,3.14018436355637,42.3340134672206
8.78478061432444,0.479291017146266,0.421685489593074,6.40278437804496,23.1590893702586
2.09800576223662,0.090982156173279,0.0217464833986014,5.0348707801545,68.6087783454672
2.51855002329384,0.0414580416399986,0.174489302095026,6.379821654046,23.8861460932545
8.80792323751417,1.19646030158553,0.324493379564956,10.3131125171906,41.9800066002549
3.25812133300883,0.0564997416222468,0.0447021028958261,3.74540436021597,40.2148907370411
1.24674240784185,0.143044513766654,0.252113483380526,3.8431099777501,66.1791528566954
6.18859176318074,0.166654477710836,0.758249702630565,6.28171660418546,14.3406122519589
2.80487455290537,0.033918745117262,0.504465197678655,4.53046696467485,30.2223708612483
5.47379132333756,0.202113411316596,0.0906701933126897,4.78876547793352,36.2171850685467
-2.15107888766244,0.109722510795109,0.703731677960604,9.60484072899131,35.5976879963561
5.35993309001416,0.403904690316444,0.288589051691815,7.21200874292761,52.1369445331791
2.90178604433564,0.0487455163505723,0.628698305459693,2.56625009649277,41.4471993509759
3.68863274732994,0.0900998962310221,0.525285601848736,2.55035839837086,49.1613098172473
5.53413374500392,0.437427913283414,0.900581437861547,10.0053470202876,28.1838680952706
2.2146488684169,0.0292784235207364,0.409536737482995,5.52047269185227,23.1245536218825
6.13570466758819,0.433371339437968,0.86022975249216,8.53248219878405,39.4682900494501
3.47371849001589,0.0337350865897507,0.735798623412848,4.6207238870734,27.1154147686015
3.74481265382762,0.11587789680934,0.112840743036941,4.28232226773819,60.1002178047517
5.59199208220528,0.0982023957030199,0.628960864618421,4.0172494416881,37.6408814550826
1.24764339737234,0.0918207697012106,0.365784274647012,8.81609989395573,22.6754881844153
2.60526450941494,0.023562710499391,0.468096962431446,1.89594335168356,37.7047010092076
5.75475552801412,0.423494882394976,0.757782752159983,11.8580218297577,28.4791547449129
3.88355400632678,0.102821130654775,0.798492139670998,4.40326750889514,40.4817134327092
9.38270281291653,0.209201679338772,0.656242771307006,3.35508675048249,30.6801820541567
4.32809004585621,0.32139129260436,0.086850869236514,3.76312097804449,57.4145300879211
11.3909119054137,0.27272814498275,0.674617474433035,4.29997411190728,15.7779866824514
3.00828157028028,0.0162560080253492,0.454741119407117,3.98799870113136,25.4639810577368
4.73576213453057,0.391239191384471,0.89954879693687,15.3084489777554,35.0358881734766
-1.5354248212102,0.000204898892725562,0.375705410260707,1.19887207874952,52.7381796932528
4.05537095462022,0.120639454689808,0.33524837042205,3.3162865686353,50.9184994846317
4.45126460672007,0.182813910989764,0.812083119759336,3.96887232395616,46.3899651674368
3.51786666729141,0.0979559635743499,0.754455406451598,4.93122585423577,30.3895495261729
9.03401744499573,0.754714933848261,0.262950778240338,4.52800902810097,42.2010030522296
10.6361013212131,1.22083464910938,0.413898235652596,16.0137971483492,32.711000027041
7.12243191119478,0.592686526911491,0.815207561012357,8.21093917248133,35.6051300149605
4.22945179994645,0.0477248278912157,0.112940102582797,4.51303360401287,26.2883540305066
3.90904332610522,0.121973106728167,0.633419137215242,6.18507600380516,27.6641660878713
2.72817140949955,0.0420277701508477,0.313624136382714,2.27336056505173,62.8386505201608
6.99213661020413,0.293775176618922,0.369093808578327,4.13056849277839,41.5368339563874
9.43873440079513,0.422730399736216,0.96706317528151,7.77280789046376,19.5131306172865
8.61190778869737,0.872412543472342,0.955575821455568,9.28017573254494,33.5900602162032
4.40626643105382,0.139750098111108,0.0434470120817423,4.96549331099066,55.6397035689619
7.84279049600315,0.892532979256787,0.629598633851856,4.57769978689187,50.9241978988766
7.43487755343569,0.521200629589556,0.769494962645695,5.2650012158803,37.6015991614365
3.58211606588938,0.19350422022167,0.28589161625132,3.21514375667236,72.6259567172141
11.7306439010723,0.277442122333425,0.891262221615762,5.37735433630769,18.1536802943857
5.49396059597205,0.24508835094862,0.825709079857916,5.90191002825194,31.9955189048476
4.23626879365103,0.0484298725137562,0.578289258060977,3.10428557213334,36.3181983802421
-0.17323815616992,0.0057914967770567,0.248476712731645,2.17213477016058,63.6582617168932
3.82197368627421,0.111563983024098,0.783712481148541,2.67145334256747,58.6314044386975
4.99115468719162,0.175189069231092,0.744731645332649,4.13997090616822,33.7002504861054
6.64319360068506,0.177356122356658,0.475256123114377,2.57635722267587,47.8958679019538
4.77661864291373,0.343508837035599,0.360813841456547,5.0027440017297,59.959894435947
2.67620553277322,0.113914901274256,0.482093090657145,7.69453401468635,28.1003228948679
5.7340753682532,0.08023265545305,0.376942776609212,4.4856355072646,20.1655334011255
8.01218212669365,0.880870946108817,0.870931448880583,6.54965257209297,41.5155752607399
8.24885188381561,0.276323583665046,0.256303006317466,2.44682496197352,46.0942488417633
1.91588573391497,0.0195652243366957,0.287032115040347,2.43934653445582,58.9850643940881
4.30610247269429,0.246474272328171,0.399676030967385,3.86180155313511,71.9922349004151
5.2604452336622,0.12789833440911,0.141936949687079,6.90256267051639,34.2209350897089
4.54873173249294,0.192193148531234,0.485563330352306,5.11088367390841,41.7327084391789
7.74678146964142,0.544129828757318,0.606604027794674,3.59228740616184,68.5987566486631
0.688980911099646,0.096430707606487,0.605344431474805,3.1410943863331,56.8013182632173
6.92406944839644,0.251944635965644,0.500214077997953,4.49620544163945,43.6044125955128
2.46059569110457,0.0816160493995994,0.0180662446655333,6.54580326744859,33.0873315226969
5.56610668971985,0.119703674921766,0.332597966305912,1.89903808569732,66.8462082160933
1.07110638692978,0.0387043838854879,0.607971624005586,4.41104592952038,27.4610319037605
11.7223357204049,0.266282428743991,0.933588535059243,1.93986570053563,45.8361724312802
3.81634752900953,0.209544648391343,0.714734639041126,4.95429863610382,53.375063725418
2.92471150993551,0.226023982966992,0.859677150379866,8.88744892207631,46.4988193931524
4.23705353593349,0.306409951521757,0.345627995440736,9.81544222166248,36.7425411552934
7.8971601354935,0.313996552712026,0.628438458312303,4.16512062246019,27.1052976976103
9.55860411881419,0.230937675616424,0.898976064985618,2.52687511406872,39.4123816726942
5.41169065779899,0.428229329620904,0.882605429505929,6.09548504282996,36.0687281068001
2.04983174748738,0.0324634769402621,0.385001193964854,5.31029132621632,26.4415428961355
7.40503396273421,0.193389102573249,0.351623874856159,3.29829944034246,32.8887141125129
6.89306020521895,0.681469028318459,0.763177415821701,4.47663207936397,42.0693511867388
7.72762979667369,0.325823568030003,0.533600894967094,3.48682762774537,40.2532816116272
12.1560786306151,0.994972133490831,0.395228809677064,4.16239537267962,54.384360781838
10.9876101614345,0.922669131415915,0.42815810488537,6.48868459368408,34.9899454301561
0.622189556495927,0.125383507926017,0.609441316919401,8.65643650580221,42.8638266252481
5.33775767479682,0.163815765525214,0.602951172739267,4.19860370116668,35.052493931511
3.37625268131257,0.0791778213674022,0.700908527243882,2.01872303440792,52.2513013472006
7.0870743173106,0.166019729338586,0.285108925774693,2.29029337940239,42.6754396524803
3.93084448301138,0.0754706761145033,0.0542224533855915,3.80167160495538,46.3225119728289
6.76446186112748,0.125932910409617,0.49775811471045,4.48427654606089,16.5533489577111
6.03012497915578,0.336470572733063,0.660660656401888,8.31671437054928,16.6060807326326
6.09393596615941,0.119920203695074,0.773204716155306,1.77113486284565,49.3404720349186
1.85954887037648,0.0665855488041416,0.0537536439951509,2.47591354305106,74.2795749484504
4.97019831871056,0.0624637511791661,0.645045801997185,5.73888972040788,26.7492627864217
0.235201918793899,0.0386141088362598,0.642036933451891,2.19112378232922,64.3177547134717
7.73411502088901,0.222760832159522,0.808464632369578,3.48760197919439,21.7644596156788
3.51650239319056,0.104500935762189,0.50161670288071,6.74916713152714,26.4013840210178
3.12007801359282,0.147949428181164,0.295670107472688,3.62820294574175,47.7218193475584
0.561988416153653,0.0376994527177885,0.0631386344321072,3.10396826427858,64.3568619931895
3.90644645857717,0.0414269008906558,0.755970504134893,3.33346666750765,36.3352388816556
6.49436698240927,0.179076756047739,0.183643845608458,5.77591299856947,34.2703295585239
4.84209647454389,0.0600563662592322,0.126172906951979,2.30936288001728,49.2850793172962
5.58698138503907,0.104206131538376,0.675941824214533,4.86853389074859,30.9927319389101
4.12275936566332,0.18381253768571,0.249540998600423,4.01486771494009,55.8189761689733
4.13872574922682,0.130288137355819,0.187116137007251,5.73530289654365,34.9915356902039
8.34387303135134,0.424705114660269,0.637254983652383,3.14224196896541,58.8067340857798
4.00273147995673,0.116434553638101,0.354349977103993,8.09830959782128,35.5317576416601
2.11264515255626,0.0462708849227056,0.540855997707695,2.80671796851147,46.9557073114621
9.71514130263468,0.217518980705695,0.244019345147535,2.5953457507441,35.4361163571239
4.4102509640087,0.224283733860332,0.661978766787797,6.1459191212904,29.4742936031659
6.09162991706435,0.301802800492126,0.275131947826594,2.93903002823928,49.8980814628274
3.7755049618052,0.0820027887821198,0.528905184008181,2.4035720037354,46.5617087162669
9.24883252231093,0.22029739570685,0.421321683796123,3.53654898922215,27.1127456245994
6.7515680366911,0.167150804307312,0.930385740939528,4.54862643948174,23.6283282664877
-0.365148013643914,0.0989001673879102,0.333467111457139,4.75287430919762,65.3453857876095
5.33773980999591,0.152790309279226,0.10596373071894,6.12052053363874,32.8978339250546
-0.103325017874447,0.0253368121854924,0.111574518727139,5.90439475953842,21.1979135641454
0.518352226748437,0.0370723984669894,0.00837695715017617,4.65367427255726,55.6471076744452
8.04758349252891,0.784608868840051,0.373017431935295,13.7584831662687,34.3726017378975
5.56717768884563,0.244164978609163,0.234938537236303,5.58962882725727,48.2374312157047
7.25520286908527,0.381185164654112,0.737000789027661,6.04188232908578,35.4473068914853
4.36780054908115,0.206109043314322,0.108297801343724,3.79322298106727,73.4878087587918
6.48105874015014,0.208947476454753,0.908385558519512,5.50789126568607,31.2017446196133
7.78942323253967,0.470429059562689,0.584580281050876,7.39341246338035,31.5713953135478
-3.36737036372408,0.0803699600510299,0.03570271958597,4.96335122407815,57.2399345973051
8.49641174043965,0.49287063020975,0.751341103808954,4.06548577818977,35.174042116122
3.66021456487477,0.156721648527309,0.847388175316155,9.1041000979955,24.8492884001473
8.42381191332732,0.782732354435039,0.329620376927778,9.75088976801121,37.5996434656185
6.83068727946103,0.594895355837578,0.734643195522949,11.3576141473486,34.1008526591947
5.6096961360263,0.268070673093873,0.953252164879814,3.36597265143104,37.7070646371589
8.99358246254377,0.537090446302825,0.96776983840391,2.7877305295253,40.1363554537045
6.7694213482364,0.218229845621365,0.646738504990935,4.60909397520315,33.1406946300861
3.2250002763934,0.0245792062314794,0.396171202417463,1.1580874891729,70.5191288820532
3.19900392508838,0.0567307512974367,0.0731217483989894,2.77733973732676,42.9727234508938
4.64241109109872,0.379343494751906,0.813644246198237,8.62021215455296,34.4516866593995
0.123451383362735,0.104926626197994,0.720285553717986,4.57184844755585,47.6998576095236
5.31400706405451,0.174137588623494,0.484738251427189,4.62967967934833,47.6868813283672
0.165666667291831,0.0616506789810956,0.56766577064991,2.4725288426113,66.2932100233387
4.47637269514203,0.115752909276779,0.21747146663256,8.00057527759922,17.5382538581301
10.8923239182893,0.769462810126587,0.932755584362894,3.86090357568448,41.5338673499126
2.96804776250267,0.0518493924755603,0.531218057032675,2.56685392998221,52.5812375179593
9.39793162109283,1.37272514069552,0.996131784515455,8.8819898677878,29.1000740705133
1.71872081653991,0.00351422629319131,0.588554502464831,1.48931229413421,48.7420531168679
10.043013582644,0.452729962279505,0.981456455541775,5.0457303494914,17.6767009474487
8.41264972653587,0.599926844673389,0.643309156876057,6.67316007059933,25.3169910479726
4.03623755225254,0.0561227230355144,0.0578084231819957,2.94510853017222,55.2051727804107
7.94126871988672,0.831121579739135,0.991146777989343,8.99578130425944,30.3271286904042
-0.213201386030643,0.0112578209955245,0.215557076269761,4.42134648823109,37.264758593454
8.39649380940639,0.732374431523395,0.987120475620031,3.34667386072029,39.5854481838861
0.367567930275097,0.0105854572029784,0.021165985846892,1.3330444392844,90.3629276000246
4.96233375592735,0.208080589319164,0.0915935407392681,9.00010574680952,21.0279719790266
6.29162006427087,0.486962647011958,0.757358729606494,6.30374325620271,39.0569121580527
10.1018278121969,0.49508665174008,0.941691547399387,5.7462121408721,31.711676213962
4.64504827936564,0.0813406476518139,0.216040565865114,2.32770198187795,42.3996349686344
-2.23762228155867,0.0821761930128559,0.335317941149697,3.38764892915135,53.5686945655076
4.16397400527822,0.300800500427115,0.0780549354385585,7.65660167446705,41.1896792792459
0.271048904360379,0.0900158502627164,0.474508220329881,5.49590709262111,42.5599111228075
7.32740890090035,0.249640034501183,0.117649719119072,3.16732293077176,53.8275460818462
0.760819472679374,0.0244632205625753,0.359628285514191,2.26379878022264,44.6596610554828
6.76630132279434,0.537710747709665,0.642439312068745,7.20899943373065,32.8345736367109
6.37589135174847,0.0987744085723534,0.640859817620367,1.29722530526207,53.0636310823453
5.86769753154891,0.350593238678953,0.253924776101485,6.16172413395306,43.1752080246911
3.09286783416367,0.0336085831513628,0.0155192154925317,5.51399733708897,22.8881301181708
5.42368417472955,0.343808931055221,0.374720321269706,3.79712069612839,70.1163512961723
3.393667686232,0.0675890791462734,0.841153002111241,6.27396000993845,21.4576609103716
0.483622194109859,0.0199094176059589,0.360339136095718,2.13931712644153,39.4275507775166
7.82025051205069,0.339674680017608,0.25981024093926,3.845004112926,40.2711752417035
1.23717852019684,0.0619013856630772,0.125396173913032,3.54323551905383,46.2504567104391
4.78718084878397,0.118130897521041,0.0414554222952574,4.89382569008099,30.0074642188789
6.11550778017784,0.0986868339043113,0.608616889687255,3.1936085781371,38.7182317522721
5.70601547077215,0.106560563006871,0.906727454159409,3.01963101335158,35.0775220085713
0.372169139156087,0.0757383549353108,0.619804044021294,2.99485596189178,47.5300028311539
8.45691806234334,0.486604876329607,0.520864731399342,4.26758669513176,32.0108848787473
9.87766326437692,0.34835366856069,0.584981298074126,4.34967618221872,26.4389840301138
2.92398911568716,0.170658071292564,0.769506639335304,4.0694595050652,42.7067572432338
6.80046410283229,0.361723042175742,0.200481050182134,10.2731907560949,19.4420701893892
2.23341895660268,0.0127240393845859,0.0574439042247832,1.80885364036129,65.7815914946728
2.29323215051656,0.0573877485003322,0.231702160555869,2.50350296508739,74.2676035659717
5.25332018626048,0.174916316159451,0.135407416149974,6.86127754879953,37.96814125079
0.471938421981801,0.00687998929060996,0.0445905465167016,5.49399179918992,35.8599217894858
5.61401739809471,0.491754904368377,0.973756061168388,8.97397135055698,27.3422891379173
2.58665643814053,0.120071665616706,0.715180479222909,8.65181591926961,29.1981914289325
8.44891145024962,0.212663060730332,0.916329114465043,3.73933999997772,34.1589386125668
1.59135886490798,0.110566785672135,0.591412431094795,5.90596222997231,47.9814946241181
6.97491000021905,0.291280302441421,0.865157653810456,3.63660347390862,41.9520364821806
5.02580445642312,0.358560033020838,0.365800124360248,5.37084465033931,52.1717533299031
5.06503494436221,0.1252657197183,0.511298853205517,3.20778454956916,51.7514410757323
3.93528384157099,0.0779880478512496,0.854101681848988,5.65622371775738,29.7216219072197
5.42690166856679,0.254466215603727,0.822344324318692,4.19809518376148,51.4607502977753
5.5032355276713,0.0823514233343303,0.779453967465088,2.88409543474325,29.8087389349828
6.49215190818169,0.448852712733156,0.965145258465782,10.4510900580618,18.7057456484327
9.48998475415321,0.570144355306432,0.51593504101038,7.79731101807361,38.0375727295048
11.0730377228412,1.66507374811779,0.80582467187196,7.50314967749364,29.5990533977749
-1.25085622900699,0.0918643329059705,0.106349961832166,10.9816387945508,29.3059410182271
-0.421667353136191,0.122422898886725,0.108757406938821,6.3550785276805,50.8119966588456
4.31256467303721,0.0437044324353337,0.353666985873133,4.78115619178767,26.1851393745641
1.56600459903869,0.0890270961681381,0.178368178429082,5.04121685616939,40.0263219212123
2.73013442101743,0.0553954219212756,0.111532707232982,6.65941747423451,34.2618971810365
5.4984953633647,0.210586698252243,0.921482019592077,7.17353706082261,30.5705085251857
1.12301036109113,0.116058966494165,0.159632857190445,8.85111904135339,36.5733198882925
2.60829767197121,0.0343705899859724,0.235890254378319,1.69801908373538,56.9569427728415
4.43069785549861,0.167909766198136,0.673666864866391,2.6323643179354,63.6172830542584
5.56572676538619,0.410180465199976,0.601001864532009,4.63603261167501,46.3385469704471
7.8416581704852,0.501081212868399,0.680021580308676,6.38699110986729,36.7797055942266
4.36518433482072,0.0624257760355249,0.85791883431375,1.87120755716832,49.1056804904633
-1.29731226513848,0.0842486993642524,0.0448690473567694,9.37800609577367,34.8898790978383
9.0877594818228,0.348786139423366,0.8493224196136,4.97509198158144,17.6044830014471
1.20488070672206,0.0468137032585219,0.00630330899730325,4.76162673755265,42.1996337488478
7.77757075883904,0.200317157421935,0.507539363112301,4.49732975741402,35.815218194845
1.32964476758871,0.0437362194482411,0.0452103933785111,5.38201049950722,45.1142091855018
1.47575750993372,0.0418123246636242,0.0490381680428982,4.98847103820917,51.3051717006763
5.69197488936527,0.123576504178345,0.0941638494841754,4.2844248021633,30.7452004042293
3.83156480060658,0.0967862773686647,0.159958970732987,8.27020484991104,32.1071716649899
4.26784382992178,0.179430248510272,0.84113832633011,6.70279608238231,34.9254399476644
3.76320735327737,0.0565029678400606,0.298048308584839,2.90650132181638,49.6017620430409
7.06320788829981,0.233398800891576,0.318193953018636,4.7239059618317,33.8067318094314
6.33550630431006,0.118007093435153,0.680636693257838,1.64178784511465,50.0091103318294
6.4141044521279,0.146526360418648,0.769058275735006,3.00060428829993,26.9002503638679
6.15427173681055,0.328761000408533,0.19832769734785,3.03432741395556,49.2751738995869
1.82634232219162,0.0170808862894773,0.0067119225859642,5.62171505991861,23.5133311800433
8.06986972443164,0.730325923487052,0.292000207817182,11.3425363920622,20.666451032087
5.95208073184178,0.455880204194641,0.685876242816448,6.48696438484613,31.2231195092195
8.07654767655345,0.316804292601276,0.772063612937927,3.74194219413747,28.7046530561037
5.74709506285675,0.0872907807352021,0.145057083340362,5.54038223520124,26.7631457688678
2.70484012997034,0.127883784589358,0.0331402383744717,5.88580287800293,42.7848613306308
2.5490502616843,0.0302697568920441,0.0254584862850606,3.12313379012109,45.351400892319
7.41358232667153,0.569644762637252,0.384485096670687,5.45529207025714,53.2548607745505
5.01031115288277,0.204164983228523,0.160297537455335,8.54881261618444,28.9867008160902
4.29105124432119,0.0444080282468349,0.813316504703835,3.81434463843118,32.1687671713008
9.37664632285891,0.625215130565441,0.990949767176062,5.92671597361845,35.3505143423075
5.23858299488651,0.427762111627913,0.625750415259972,4.51047313285652,57.3409052653423
6.1452882103229,0.510712095980948,0.398521301336586,6.78070459962948,37.578052392648
4.91699007827907,0.393639110007739,0.141318571288139,5.70553504273204,63.9411363043592
8.24638721443122,1.04836225969003,0.569625423057005,8.4209842971274,31.6787304192983
6.76483764343534,0.231384497991165,0.84198400657624,6.42674164676286,23.4762310008202
3.77364859252787,0.288164446352723,0.46676130220294,10.3405679143621,25.5620982908648
3.3234788439469,0.249797373766753,0.857407379196957,9.72563423727174,28.1058963717422
6.95193404413019,0.211303677166554,0.851114048156887,4.55660429888647,27.7744924610587
4.10264355694855,0.161558635998517,0.799819389590994,6.92257579516073,20.4339495130414
4.92337476844484,0.154845844954252,0.50836048508063,8.69019798188671,15.4726705498466
6.66528034501013,0.6029604836052,0.220375785371289,5.69322239528564,47.6918486662925
8.11666358083655,0.519681636223054,0.804560382850468,9.60168174882143,20.9403146351353
5.92371536951354,0.314584885480556,0.965841890312731,3.72250224382004,41.5457129810799
7.47523630836818,0.155560745042749,0.355007572332397,2.870755011431,43.1591002881494
5.30159547228126,0.341931497900489,0.847841569455341,8.10806817375216,22.2997007889197
8.23945282250281,0.926124093965561,0.285387064097449,7.1268593888995,41.5626825696296
2.18090557813433,0.0840180347440764,0.36074537737295,2.67926023093707,47.9627160191199
6.55444139520208,0.699548078903315,0.250173832289875,5.98865694622887,55.222625669965
10.2058261927921,0.265496956406835,0.289608621969819,6.45194387463124,21.5660281364132
6.65472927861413,0.651987118149334,0.292251334991306,5.62747870718761,53.2163044960027
7.06692143471313,0.489344347424753,0.297005998902023,3.36157341562602,77.7034132387934
2.11795367793437,0.153405845281668,0.323141325963661,5.46290957102777,43.2522171561393
2.54752862208305,0.0203576154891923,0.0706863927189261,1.97430599985478,62.502366224303
6.3504689660861,0.227287132049653,0.916751622688025,7.58987442881158,20.3755397907357
3.7927533831625,0.0577950329752639,0.628463023109362,6.00737457643558,27.3524184329627
1.89943177234518,0.0151552404450348,0.000541054410859942,5.24404967927197,21.4566474064869
4.18277947905994,0.0371819728752598,0.108525861054659,2.63901585017009,41.5555157753459
7.50749025673721,0.380980392431325,0.147260445635766,4.29954185931777,47.6643123254072
6.00303084315043,0.143622799310833,0.183374106651172,2.50126415582962,63.5913645709602
8.26842236850501,0.85440754886241,0.963865517172962,11.2943970460522,19.4077840282252
4.02286722328375,0.271922949225384,0.72054592333734,8.6919828151043,26.3108384014349
4.4610256749239,0.118872535237768,0.809594599530101,4.60499938233382,35.3374017350658
7.92593120363356,0.23011713355754,0.570698993513361,4.79085612288798,25.6062114212557
0.4320527417377,0.0110205141325155,0.4469738334883,1.20463552159111,57.9268816390355
3.08232466441976,0.0327676263081307,0.325131910387427,5.53213797408584,16.3502626612732
4.18333992966637,0.193908120280292,0.0903733833692968,3.65068883515677,80.1826387176712
7.19001272621449,0.304295572684943,0.603651508688927,2.59593222395802,41.3670380436003
5.24878526378125,0.155300499638543,0.16151219420135,6.00269270525219,29.0480693093821
5.12046377798829,0.163723537931219,0.377920261351392,5.82855238147292,21.3603678505572
4.27936503381598,0.0601526912068948,0.157686724793166,4.23189969128688,46.6187750645382
-1.99397739383673,0.0526196751743555,0.015698526520282,7.09325258330845,44.2827996819671
5.74706892163462,0.394570748766369,0.171716223936528,6.99408219594562,50.5864849441006
4.50407875859591,0.210951050034466,0.08163130027242,4.32687334753327,64.7816731458528
5.71217306404454,0.301680338558483,0.830561114475131,5.46942457823859,42.3391966783295
3.13328914951121,0.230724744466554,0.069371635094285,12.2051801056593,31.4817551368517
6.9271610925351,0.201597457508299,0.908516607480124,6.00960273296655,14.7189534682186
8.42510041027399,0.618294756362373,0.957057213876396,3.67655390148902,48.3522728447685
3.84835338212884,0.1957738075766,0.763371509499848,4.87331204259914,34.8861124922826
5.60267243042093,0.309956433473829,0.395430406555533,7.0334362434046,33.2543021820278
3.62507205716971,0.0636708264937624,0.247627622913569,6.00463338947547,35.67791253616
6.58099647188862,0.713639633688045,0.764488258166239,8.06412370584351,48.7420468541837
2.69987525138839,0.0557696447940543,0.23000843077898,5.65887552442511,41.3914478439417
3.17914762622539,0.170495035476051,0.377790635451674,9.27679214890739,41.9918678518394
5.30090693524882,0.386549349853253,0.6187273634132,5.66824345422047,41.900026935569
1.48432087192235,0.0964114872040227,0.527759025106207,7.26809834887067,27.1585380883904
9.1182538636001,0.7468292787251,0.543802029220387,6.05541626570437,43.7452992693477
4.81573263343704,0.226219660359177,0.847763548139483,5.33537113980853,44.2492171308861
7.95352139355702,0.349310636499381,0.959788131527603,6.64995398436341,21.6278277108944
-1.75657947102231,0.0179249761858955,0.01886116550304,3.18287636930222,51.1836759569697
4.45892934700571,0.342795217864889,0.897036501439288,8.67985873789452,23.5244426316757
8.4793413794509,0.574863999692858,0.691709431353956,6.44085428706135,31.4823313265417
3.37059896644206,0.0570048817899078,0.60317884455435,5.14937162124285,38.5204444656056
2.94996001899684,0.0363362468779087,0.637474811635911,3.4688773166811,31.6918943032796
3.17665286315826,0.0760137444594875,0.715913533233106,2.83314915739109,63.0675930688466
2.62841685385574,0.0200041804928333,0.552213718416169,2.91992286757455,46.8473125515311
10.3661813023637,0.796456152531219,0.966939307516441,8.13555842440884,22.6890049243118
6.06085485927824,0.572688992569381,0.978232940891758,12.031113199414,24.0126488267805
4.68632392146818,0.146109239547513,0.381768353050575,4.56115584879002,32.9932754059873
2.85487397829315,0.0960653434740379,0.0401878952980042,2.79323887136311,63.4374900591549
5.88359762106585,0.257199501613756,0.691827134927735,5.81901156253938,29.6655137008774
7.40861834324433,0.403887530767775,0.972442959668115,4.61948747788074,32.200559968978
7.12844072448139,0.408440576379603,0.783675381680951,10.1431915200905,19.6883962521731
0.803350705341741,0.0105250893393531,0.565596931613982,1.24569195371656,43.3147013925406
5.68312305719141,0.144663160783239,0.704584517516196,2.25228659092764,43.1916052081094
4.11804074279752,0.221888032088742,0.143767469096929,5.04888887779033,53.1803418225007
8.56848424544265,0.459045503733164,0.632584956707433,2.9721175980037,55.9457823292784
3.35410147796156,0.081754915532656,0.838281048694625,6.29339252751236,24.5119748487547
3.02978413529327,0.0335606115404516,0.480491202324629,3.54679585620253,38.4078637837126
6.41139555509767,0.416146637850857,0.325763056753203,11.2640532027964,19.7325416006308
7.79530251780024,0.619730810137624,0.44345393916592,4.06077873723703,42.2088449866475
3.66595150059188,0.152944661560468,0.456260428531095,7.56118457222687,27.4686306696393
2.39275295551601,0.0952148241922259,0.346760546322912,6.25356398259612,41.4912444038007
-0.51413945277549,0.0362646283930007,0.66503516654484,3.69024163780108,44.2870160652552
4.9545723798557,0.414234603905046,0.965064843185246,7.32363510792495,46.5089246527063
6.36046699054258,0.139630865189247,0.0899750937242061,4.34154875954566,40.8732965083107
2.35664132254549,0.126924860524014,0.0352228693664074,6.97057831393658,43.2739266401691
4.61556091259762,0.281753010338846,0.113091329112649,3.37619463396424,76.7833988397804
3.7430781082248,0.227213707375832,0.715185830602422,3.84504682810468,53.0538109122347
1.31460402771647,0.00555598717433854,0.593054008437321,1.59519665205085,54.0472770651977
5.87757696582869,0.10648515180219,0.684921600623056,1.77948691175179,46.8599020306596
8.65051073193998,0.609658120759185,0.651309418026358,8.30679164065536,34.8595307544834
3.40522865626354,0.133496815338731,0.334800262469798,4.77306923256012,48.4936855677916
4.36505152067139,0.1508631616598,0.309088916983455,3.86784240227913,46.3587803872047
2.64321582539845,0.0805438880079073,0.121862871106714,4.50187800594875,38.4058414884797
-1.21463381391789,0.130045380395553,0.139933207305148,11.3752053049778,28.0119807972335
13.5861179694042,1.21473196900016,0.810256551718339,21.7956753090401,31.6712069443269
7.7430914242282,0.393536178374148,0.746464957715943,9.47008922795816,16.2876134294461
7.96704275956057,0.172878682613373,0.204029018059373,5.1236017631702,24.1790011309116
5.63590926682697,0.151743969065137,0.30005423980765,2.08527784003395,51.7197780008509
4.63853527890641,0.316286338249895,0.742170095210895,3.64830793729882,72.1606168311323
4.0024302843865,0.0367479820810159,0.0310988130513579,2.80466765531178,32.2647110976355
6.95367077094465,0.57585737245732,0.305220336420462,10.3714284991385,27.1099242105371
11.0514292723524,1.9446998782232,0.964652145514265,4.9167041722304,55.6548213434796
7.17003971695341,0.706569772171688,0.541993606137112,4.10754435238203,72.5563336268544
6.04093457086942,0.103714312775992,0.718942206352949,4.17616947862767,33.6976001750453
8.97406621518179,0.331490124332461,0.336487316759303,4.39442097737635,30.3733934620915
7.46197332887089,0.682153914557928,0.605488882400095,16.8291660897026,31.0451420318561
1.14425666829797,0.14588776580058,0.309944529784843,3.76461289588352,64.8003436297471
5.46165640549419,0.104865900124423,0.401897311676294,4.53302077993991,26.3144242616243
6.70104253563102,0.677771149637336,0.402144950581715,4.22473668614948,65.3463895749502
4.86482405935774,0.104287009569816,0.196330928243697,2.02950754892749,57.7648611482655
3.47877817816543,0.040252483333461,0.279867500299588,4.73111506544222,37.8677241069847
-1.49725777440866,0.0529024073621258,0.0315436848904938,3.99251491851891,50.3881668039126
3.73000195085493,0.0420360929429666,0.289803128456697,2.57361135040387,35.6012296095845
5.69709650120337,0.144553474732675,0.482753982767463,2.71836008809251,35.5120335032705
4.92843775740137,0.415792431374934,0.42201322875917,14.2440223063224,28.5416683745624
6.9883860464737,0.371198665329671,0.529144933680072,7.37341301213381,22.2080972583526
8.39778172066075,0.209321653692725,0.780204374343157,3.8739357103193,21.9410382270216
4.53388688865215,0.290786825569373,0.105347103439271,3.60736247646104,89.9698468195053
5.6758306298676,0.1298730293056,0.57728782761842,2.06341347381457,49.1238548019292
5.52127016751047,0.31152127519131,0.480155554367229,7.82242048574488,28.9818983853745
1.87110256514017,0.0710812206308957,0.430094502167776,3.89685280084803,36.6687822672686
4.53789848264358,0.202171644651073,0.0819903982337564,4.68074203763244,54.8347564924081
5.80315860970028,0.164736091159284,0.932748353341594,2.68253261624544,36.5975851697769
8.06903426677917,0.271364254167977,0.639274211833254,2.94731046684586,31.011774469048
6.17124846707206,0.198351433629234,0.80539005366154,3.81331621495957,28.1058574026221
10.4463973638088,0.280842444507905,0.360132797155529,3.10492364958059,35.3488314501657
9.83593896279131,0.486521493622518,0.969800649210811,4.29276590579362,36.2403223543869
7.24020940887337,0.326240696235302,0.909909286070615,3.78466892509844,43.9349950618048
4.62302145214903,0.0696645816788077,0.500904080225155,2.16063012771481,37.4761169582855
0.379065150345369,0.0587897119712654,0.363549144007266,7.90119369471239,31.132295944196
8.91368226155365,0.315151806444603,0.725748033728451,5.37794768964977,27.1724516488207
10.5965534364747,0.303526435502547,0.986544609535486,5.42727039756003,10.2540401763527
5.35933709798695,0.0612256382496033,0.502230458427221,2.58200998372909,45.6064912467975
0.801119781680508,0.00230938851312736,0.65313684544526,1.46425005714591,36.0737474147505
1.42097529251708,0.028794460115023,0.0555995600298047,5.92740969003431,21.7378567961534
4.25160952421827,0.071744337095879,0.42189994151704,3.74982717895341,31.8345541073238
9.86273986450246,0.958229561749488,0.856361553072929,14.295680641273,33.8572035790095
-1.21743191857551,0.000708402367308736,0.130733648780733,4.68559188467601,30.1384811968496
5.10211593671113,0.0792909832671285,0.865833275718614,3.43180064572987,28.0179071564301
4.64236027514399,0.393417855238026,0.10545935598202,9.6355328604683,41.836534001704
5.98606542416929,0.260247033303968,0.101759048411623,4.65155020355132,43.5532093317033
10.3299421324881,0.667598409081036,0.762609032914042,5.74203121063964,35.0469836925552
3.36713759382518,0.0936612788354978,0.430185209261253,5.13811928210988,45.0185409821229
7.32838034153968,0.291983862464062,0.42124361009337,6.74469088314984,30.3140411749756
9.31950139085671,0.243052375958043,0.839815114391968,3.96014000149187,28.0626010141386
5.67343014499931,0.0894532901002094,0.0445063873194158,2.17979440704615,51.2155612129958
6.65173198509102,0.116055456486084,0.238049472449347,4.4941274479071,27.778692306623
4.70547170524074,0.376284807462766,0.806667363271117,3.56612422052326,56.9230364236231
6.31939197775887,0.262921023870561,0.890023815445602,3.65261218355014,31.5191193458433
0.397972393048487,0.0163154329781418,0.699569535674527,1.67588179485788,48.3525633946737
1.97670603768767,0.0143713492863799,0.0452445419505239,4.14270035045062,35.2416835411954
2.6872047011539,0.0306510484078899,0.3710432338994,1.99844940767968,53.7200847680454
5.18203516010661,0.098391227889806,0.115534165408462,3.63833942534386,36.1599386937419
4.81615429767501,0.0701501108705997,0.203504118369892,2.20133250991955,60.7984746508664
4.3145729217159,0.137089989497326,0.514326775213704,7.30695066185971,35.9955052392607
5.77334542408562,0.303601811862293,0.749278814531863,4.63831199844686,32.4508125289997
2.49809696009865,0.0202549106907099,0.00450812978670001,2.64054189246788,39.998961472443
3.95975237247003,0.129202284091707,0.0796383926644921,3.54052532653247,45.8935997340514
2.67183868078454,0.0199087061919272,0.0390370222739875,4.19403610814356,45.7776635244891
0.764046978698937,0.02083106145447,0.65494945878163,3.24080139380506,47.2338596835189
4.84675626842567,0.202225077886808,0.669674823526293,3.49896926944941,54.0668875782748
-0.375706208335934,0.0397098227404058,0.624946668278426,2.50814362117002,57.6028143759948
2.64312607199127,0.0367700153728947,0.369115754729137,4.2652660805737,26.9605496978783
7.52979837015496,0.765183148782016,0.926640601130202,4.30944151991846,40.9201687922938
4.42405766455571,0.126367310411297,0.531963213579729,5.93211098070046,33.7432811049228
8.53499195812604,0.426746559308326,0.951209178660065,7.09856765143766,19.3737022184278
4.96727955667256,0.240896140214729,0.154265270102769,5.66023062894563,51.0708977980753
4.85056644689057,0.0544426420237869,0.0272889093030244,2.25244400875583,62.281923975622
6.50827947241514,0.37894769523055,0.944620883557945,5.58957614732296,31.462763304446
2.67814821636643,0.0180905169108883,0.39770891983062,1.87334826679422,55.6102309836314
5.77133943691292,0.154188410029747,0.86919362610206,2.56426306119509,44.5917016580309
4.56381539288289,0.124309920938686,0.875380113255233,5.77925536594086,35.1440479602878
3.72879088762202,0.0520799179794267,0.178327024914324,1.97113977597637,55.4568743453438
2.6592208506241,0.0753445060690865,0.449993476038799,3.21978878284553,48.0620226372818
4.47316736325653,0.0664639972383156,0.792513641994447,2.69145127894548,36.1550184069915
6.64512056343622,0.171026482712477,0.142545620212331,5.11909802100442,31.1766710201708
4.65133653338169,0.0808862308040261,0.451349439332262,2.41074252806001,48.3420477948862
2.32991403151435,0.108861534507014,0.140292404685169,2.69423908006239,72.1929247473249
5.20914104780187,0.122373221092857,0.79738032608293,4.5837078935314,26.1787477686979
3.45407851040076,0.0291784553555772,0.320962320780382,2.36355487408242,37.0878742839062
4.24043757829464,0.181690338522869,0.251503403065726,2.7602966698249,52.742529538699
8.31892436626508,0.545935901316128,0.835748977260664,7.89132044530914,30.9534298406347
6.79857179491368,0.317025210697877,0.784883680287749,2.63460851586334,46.4239905033867
4.83153302167398,0.0523351564055862,0.857517798664048,1.68671125245037,35.3007550730522
7.12665773793165,0.141673701233231,0.103491715388373,2.99729416438841,31.4360379506557
3.40788639590651,0.0529547380283475,0.024696204578504,4.5284587075955,38.45548357494
9.0971577758349,0.247346728436551,0.449329760624096,2.940147045393,36.5995091507491
7.19171186526873,0.421759479658163,0.571106587070972,7.46574102879666,28.4590253345127
3.33385960773868,0.0742668529828897,0.475710126571357,2.07908159109361,61.0566363302085
2.5371056898804,0.123001063824631,0.399912755703554,7.83211765362976,36.0196233495873
7.99626734144819,0.793928489047003,0.625427434919402,7.03753943619377,33.0096295907803
4.15135541362657,0.0503220557002351,0.561090055387467,4.96927844373854,28.8626073630323
7.40963118571774,0.468485038706517,0.657415570924059,10.4826415435128,20.0465764205544
-0.1213261903325,0.0867215705802664,0.551662661368027,7.8330677521586,28.5730490384877
8.90299093755132,0.356194089145815,0.643438227009028,4.17806471866018,27.3524997699481
4.88937510043424,0.247248306627128,0.833727387478575,3.50228021133604,50.8587660629731
5.93051542264483,0.205815580961376,0.284514896338806,2.55055601463362,54.7985745753244
6.52575935276115,0.413163839352733,0.28918314143084,5.41649412688493,35.3370654827497
3.10424428821831,0.0304121463559568,0.43836641125381,2.59632912304344,29.8901863997348
7.131626764651,0.470894775332368,0.403248275863007,4.99953336212321,39.3567137874799
4.98899280107915,0.0549879017053172,0.134578993311152,3.06398466558177,32.1743248695902
-0.0882818535487582,0.0366657712541421,0.141119960928336,6.52119088139025,34.9838942021478
7.54787194759795,0.494760248323387,0.536345177330077,6.19384400116777,43.2385067639536
2.73398113064687,0.014602547744289,0.574166873702779,3.68493081856945,21.3795537031895
11.4896263080117,1.65309530233953,0.711043886607513,4.9385387003685,45.2140234717364
6.82472583629238,0.154265748686157,0.140054794959724,4.73588729506653,26.0493333684547
7.63525464400396,0.490328408291048,0.383009983459488,10.1785471523315,24.3384424036675
8.1752654128964,0.306900627667758,0.796452498063445,5.92058182456774,19.3494393724029
7.96443088023226,0.267504570296708,0.542728375410661,2.01776138546433,43.7576992698952
-2.63969013692936,0.0581542003847091,0.626291246386245,7.57262014543146,27.7377149523733
4.96899929417577,0.384712486972517,0.108029909431934,10.647432148244,45.3045695022766
3.11195404955498,0.192407463524886,0.299001394072548,4.82166360482185,43.6568222384011
0.703576152280412,0.0128657886525616,0.0111829545348883,5.85942870231443,35.0998506049775
8.33517758624378,0.202130821345516,0.848560396349058,5.0654913326238,13.7916294633007
3.48690400400665,0.175965653239469,0.704034764319658,3.69067380176737,70.526946864822
3.82519958494279,0.179480448160623,0.852019146783277,5.30933177155934,40.5042480942127
5.68038491090409,0.31365222087011,0.103773609967902,5.88313103592264,55.333148303134
8.65125858772385,1.00242057204583,0.741915677906945,5.51782404187214,42.5561365268742
