K:5
N:2000
Gap:0.254242216610548
Rho: 
1 0.8 0.45 0.2 -0.3
0.8 1 0.45 0.5 -0.1
0.45 0.45 1 0.1 -0.3
0.2 0.5 0.1 1 -0.5
-0.3 -0.1 -0.3 -0.5 1
X:
63,7,35,4,8.95794711073098
31,5,25,6,3.78945350933213
24,2,29,1,5.49485156377497
37,6,34,5,5.67973128677758
35,5,26,4,9.70316615645845
29,3,31,4,3.77976757902674
22,3,27,3,10.3883756813032
55,4,24,3,5.90539545907531
18,5,33,6,4.05977330736288
0,0,29,0,9.5909082028268
36,6,25,5,7.6613108132496
88,9,32,5,3.44692015998024
30,5,30,6,1.28031865713968
45,6,33,5,3.14054666482485
43,6,28,7,5.73984678659447
41,3,26,2,6.29556911581614
96,8,38,4,4.07562607227371
14,4,22,5,8.60307291448446
40,6,26,7,2.2075318760073
23,4,34,5,1.79689963007241
12,4,31,5,5.28373497657002
31,4,28,3,8.98530070746554
58,6,29,4,6.06069116991391
66,5,35,4,3.19874992916651
89,7,32,6,1.21867749507192
6,4,29,4,6.68650940931402
94,11,31,5,5.77374855178106
74,8,33,5,6.54745645941814
65,7,32,6,0.647860574970005
21,4,30,3,9.86280372702217
39,5,25,6,3.41659919363168
32,3,28,2,9.59153293088608
48,4,28,4,4.34843525239942
84,9,30,7,1.97359772577085
44,5,35,3,8.69645266999514
50,5,26,4,9.02042735283571
99,6,37,2,2.12098714025329
30,4,24,3,10.8720184297573
4,3,30,4,7.82378653858156
33,5,35,5,4.39175311589923
12,4,30,6,4.13168939162328
71,7,31,6,2.33051813066494
59,8,30,6,3.73154087850449
54,5,30,4,4.30327007505737
42,3,26,5,3.25057553074555
57,4,33,4,2.5555141105789
33,6,29,5,4.80213106048506
87,10,36,4,6.23052954489605
33,5,30,6,4.47910518936953
42,4,25,5,0.800787681749634
48,5,26,5,4.0424878219981
63,5,37,4,1.33700232218466
19,4,30,3,8.86224778419296
53,4,33,1,7.30432310106386
56,5,33,3,3.66056710556201
45,3,30,3,2.56388343324491
92,6,34,4,0.808559896316449
12,3,27,4,3.19873830672989
57,4,35,3,1.94997532236489
26,4,33,4,4.13961382905822
56,5,33,4,4.89008179593657
75,8,28,6,4.79927915108922
23,3,23,3,4.88663542021351
1,3,27,5,4.29541477997151
17,3,27,4,6.83594729404819
20,4,29,2,7.29759145294895
61,8,34,5,8.28352098862334
95,6,36,5,2.58694162242851
22,3,25,5,4.47440267855305
66,8,29,5,6.83102644364271
66,6,26,4,8.87442028584163
77,8,33,4,10.0337788535571
99,7,33,6,1.87105795597527
93,10,47,6,4.31891171049523
9,2,19,3,5.60084345623637
93,7,29,5,0.348779816744999
96,5,36,4,-1.46342540208146
98,8,29,4,2.74109390923284
59,6,36,5,5.42812414014815
15,3,22,4,6.91901228642738
22,3,27,3,2.60178420735003
38,4,33,2,8.67966165504468
6,1,23,2,5.63532958838778
72,4,25,2,6.56786136413656
58,5,34,4,1.43645292371109
35,5,31,6,0.456429323202381
68,5,36,3,7.96616645559426
41,6,35,3,11.2086088821668
76,6,29,3,6.6997901192218
42,3,28,4,2.18576732113584
56,7,33,5,6.67561856604947
74,9,33,5,5.89989421960095
88,9,30,4,9.66712267779384
80,5,30,3,1.41094710897046
36,4,24,5,4.65969242362733
43,3,31,3,1.33745099339384
87,7,28,4,5.08610040087218
88,6,27,6,0.644245226627987
91,9,30,4,6.59613050899834
82,9,37,7,4.20159612113106
86,5,31,4,-0.941649961908929
9,3,30,2,10.9561428574566
58,5,27,5,5.18071582236024
27,4,32,3,8.70070645598211
54,6,30,4,8.60429072242983
17,3,29,3,7.67898098676441
6,2,24,5,2.23049300107664
89,9,40,3,7.90956250635672
52,4,30,5,-0.410639094005521
93,7,33,6,0.442215879689527
98,10,29,5,5.04549824750241
62,4,32,3,5.57285001023881
47,4,32,4,6.18722405467515
58,7,34,7,-0.183937810219175
90,6,26,6,1.15042376552225
0,1,16,2,7.04461551746283
64,4,29,4,4.3997419347875
73,4,26,1,9.00108354086055
20,2,31,4,0.469809150758994
76,5,25,6,3.35693122607666
47,5,32,4,4.10036856698158
74,6,30,5,4.49670722397694
1,0,20,2,5.40806775483176
76,7,30,3,8.37249147152107
97,7,29,4,2.39584340972703
71,4,29,5,0.382703681959415
48,6,29,5,5.99811785012747
58,7,32,5,4.38908042458851
38,4,24,5,3.60638795703974
87,5,38,2,3.77500757344453
62,3,26,2,5.40087342557389
25,5,28,5,8.90022798370524
16,5,29,4,8.31808968942607
39,2,31,2,3.31216248758392
30,5,26,7,5.1443474394305
21,3,25,5,3.07835879407513
16,3,29,5,3.87634857978459
26,3,22,5,5.04543583680854
5,4,21,4,8.35230416739163
65,4,28,4,-0.630079413338329
64,7,36,4,3.56382454521347
78,6,32,4,3.92756312627148
84,9,27,4,9.56817068840906
55,4,28,2,9.86556557660468
88,9,32,7,-0.137484484761252
18,3,22,5,2.48749736843164
85,5,26,3,5.21958966621848
75,6,29,3,9.16306980220849
56,7,30,5,6.24440105457115
45,4,30,3,7.05474738398791
87,9,39,6,3.60638061516991
16,2,23,2,6.1845119770752
85,6,37,4,0.146331836989673
60,4,30,2,7.32161496440018
24,5,27,5,4.73313221958682
71,6,28,4,9.95159692316907
9,2,17,2,7.53079531998418
32,3,29,4,6.17182427211265
3,3,19,2,13.6383835852603
39,3,27,3,6.69222932921163
75,6,28,5,2.68511147268544
31,4,28,3,9.17447553842828
2,2,30,4,2.7997660541895
4,2,23,4,6.35154312373715
16,4,30,5,5.42319781891489
99,10,45,5,6.44343691194056
73,8,30,7,3.0671011473011
95,5,36,3,3.27783144506067
35,5,25,5,6.96139955314867
6,4,25,3,7.44549896005605
99,7,29,6,2.22663982073236
30,2,26,4,0.46307892720621
63,7,33,6,4.37797736820347
98,10,42,6,2.27641159012476
10,4,30,6,2.56509514850856
67,6,29,5,6.81791241440296
59,5,30,4,4.75630244729308
52,5,24,4,7.55994016447725
8,4,27,6,7.37053150066252
6,1,32,2,1.55099883546089
81,8,33,3,9.54872593144003
13,3,34,5,4.28120886321499
24,2,28,2,4.23643246312366
23,5,29,7,5.30439128709603
5,4,30,4,7.04696819288426
76,9,36,8,3.2615805115378
63,4,32,3,1.60366559461453
68,4,29,3,5.45733534480259
75,8,28,8,2.68661315054737
0,4,30,4,6.16445934997187
87,7,35,6,-2.94856650380047
73,6,33,4,5.69344970202426
65,4,35,2,3.61086729353556
4,3,25,5,5.64323605823303
17,1,31,0,4.68882958339569
53,6,30,4,9.33889530676905
98,8,37,5,0.994758961396549
8,2,31,2,4.64379424576715
24,4,31,4,6.48023656867606
11,4,27,6,2.01489435281364
3,3,20,5,6.75785691669371
32,4,32,4,3.10386854571758
85,9,27,6,3.589969583727
41,5,24,4,9.78720856716988
87,6,32,5,0.370080774390464
18,4,27,6,3.99537390431498
78,6,27,3,3.49925504917042
11,4,23,6,5.45158857085085
26,4,30,6,1.0263433439178
34,4,27,3,5.704868419286
57,7,27,5,7.85059847383734
4,2,23,3,8.93373657636874
18,4,22,3,8.85421485873712
98,5,36,5,-2.53031586762799
44,6,28,6,7.01164597597989
43,6,26,4,9.28201048939247
59,5,32,5,2.49797168906484
91,9,33,5,6.61951121060378
23,4,32,3,5.99183912854217
7,1,32,3,1.33120008012928
77,5,29,3,7.95122301803309
83,7,30,3,8.00780372567695
46,6,28,4,5.77649666964582
99,10,36,4,5.9941418259075
95,7,30,3,8.75491899651226
25,4,35,3,6.90035849749528
65,6,28,6,2.75086794047949
27,5,27,5,6.35721088511154
8,4,29,6,0.730558407640354
1,3,33,5,4.24918862107461
52,6,31,4,7.34472227832522
1,2,21,5,5.31092765527959
61,4,26,4,0.480376689192845
62,6,29,6,3.49776135853438
80,9,29,5,8.8415432186504
92,5,32,4,2.47526957263035
48,3,28,5,0.00797304927291442
54,4,30,2,7.07933560647466
55,7,29,4,8.37915276822731
94,9,34,6,4.53163725651377
53,4,27,4,2.56142375539042
99,12,38,4,7.82894689925372
78,6,36,3,4.49055065445531
8,4,31,3,7.78976987606072
5,3,28,2,12.1366511877891
77,5,34,4,1.82021862286006
53,4,31,5,1.81365767624679
67,6,30,5,3.47886677529402
26,4,26,3,10.9732206609645
28,5,30,7,4.13977699911632
53,6,30,5,4.54367500318805
54,6,29,4,5.72224952790548
56,6,31,5,6.02318349023294
77,6,38,4,1.09149852210826
14,5,33,6,5.91943220220021
15,4,32,4,6.94235111738582
35,3,24,5,2.71428048219678
3,0,26,1,8.64099649000478
49,4,34,3,1.5362067387802
37,5,31,6,0.349329329603272
72,8,39,7,-1.33912272544992
56,3,30,2,4.4805415190503
68,4,34,4,1.9211457835515
25,2,28,4,2.01588005404839
4,0,20,2,7.38126249192883
33,4,30,3,6.95605632619821
82,6,27,6,3.32591011104629
53,5,33,6,-2.57739985909426
69,7,28,5,7.9920147215783
64,5,30,5,3.021626585736
66,6,37,2,8.48087009569687
15,5,26,3,11.8651424844038
40,3,33,2,5.94763184501509
24,5,34,5,5.43782147463084
13,3,31,4,6.96112504520793
11,3,25,5,4.18336511639925
78,8,33,5,4.15289515579249
57,3,33,3,1.28853615751111
23,5,26,5,6.88467430303671
91,7,34,4,0.375101153800786
57,5,33,2,6.89271706854362
3,4,30,4,7.68093142519081
66,6,31,6,2.11833797356096
20,3,24,2,10.3242933292793
48,6,32,4,7.74550844194094
77,8,35,4,7.36980195230623
67,5,24,5,1.1709291048954
85,9,41,5,1.47614334152743
89,6,30,3,4.58729450155615
8,2,29,4,6.55190312962864
9,4,28,6,5.72030394587025
57,5,29,5,1.45904203784371
18,1,26,1,9.16380863279115
24,2,33,1,7.31028095246836
45,6,30,4,11.2895804704884
57,4,31,2,4.83785366857879
46,4,27,5,4.57495640864415
19,4,32,3,8.11174884357371
3,1,20,3,5.37030982462694
34,4,32,5,1.6013313352369
76,6,28,3,8.81732232324785
8,3,21,3,12.8052671851773
51,3,25,2,4.84785940156785
52,5,29,3,10.5394472005063
61,8,28,5,9.87883418351532
70,5,33,3,1.81191670821098
89,7,34,6,-3.13906541201678
54,6,32,5,6.14092489319484
36,3,33,3,4.64557960606722
27,2,30,2,5.6614956335741
0,3,31,3,7.68716673014855
51,5,27,5,5.30591270905482
81,8,31,4,8.49975875990778
8,3,19,2,16.1787854222006
2,4,27,4,7.22962568912154
75,8,37,5,4.92814559405484
94,9,28,7,1.83921942082785
62,7,35,5,6.36919247995313
33,3,31,5,1.32521784576437
11,1,29,4,1.22925329969032
82,5,31,5,2.08581294443136
87,5,36,5,-3.51046976528884
64,6,29,3,9.05937847059833
65,4,32,5,-1.04062782230833
98,9,28,6,4.74867958261729
49,4,35,4,1.56563571746485
80,5,31,5,0.915341499738368
68,8,39,7,0.0893268382700132
93,10,39,5,4.01761991858149
8,2,31,3,4.63281866802172
74,5,31,3,5.92928640004803
16,5,27,3,11.6895827508884
11,3,23,3,8.73137666867899
76,5,37,4,2.75166320848469
29,4,28,4,5.9625054842432
3,3,31,3,9.32122446011975
18,1,29,2,3.74792267724375
54,3,31,2,6.21823673807345
14,3,23,3,10.5067777301682
95,8,31,5,4.97971100294499
12,3,23,5,5.29193436198763
61,3,27,2,4.04763610133778
62,3,24,1,11.2254606781585
75,9,42,4,6.38606995501281
54,5,24,4,8.23632050813971
35,6,24,4,9.34690620017228
73,4,30,2,6.07361400063901
13,3,25,5,6.31014040090848
18,2,20,1,12.4372932925277
78,7,32,5,3.1669070060063
3,3,28,4,7.29620160241873
20,3,31,2,6.19568092463933
25,4,27,3,10.7970329218695
0,4,23,4,8.40905340826267
95,10,36,6,5.22295403180885
33,3,28,4,-0.182889459221791
96,8,38,3,3.86628630888749
8,4,31,5,3.00443862187025
2,0,16,2,11.5637998620857
25,4,26,3,12.1116074695349
94,9,33,6,4.05956016720065
20,5,28,4,5.7204291685984
30,2,30,2,7.02422882422038
56,3,33,3,1.28110187448399
79,7,32,5,2.01831944244976
68,4,31,3,4.79480917573639
2,3,31,4,9.29909642738563
93,10,36,4,6.45407007457912
80,5,28,5,2.21541789724976
30,6,29,6,4.57749916774373
70,6,33,4,2.12773655151832
62,5,35,2,4.13176507130784
52,3,34,3,1.22736705688437
39,4,35,6,2.2858000619976
46,6,31,6,3.90936617491186
71,6,31,3,6.85310909451394
18,2,19,4,3.94746493394369
95,9,28,6,1.59633198343338
24,4,29,5,7.87283562561476
41,5,36,5,2.27905446111289
82,6,34,2,8.99018906896065
28,3,32,3,5.57473761032403
26,3,27,4,2.76230474746759
26,4,23,5,6.43491050652904
91,5,33,4,0.258472005595356
31,4,23,3,8.81129081011971
76,4,31,3,4.06126931330984
40,5,34,5,2.97583319839907
38,4,23,4,6.02452716395043
83,5,36,5,-3.04305624248335
8,1,22,1,10.6516342245516
60,5,28,4,6.38923348849033
6,1,23,1,8.88660054771358
62,7,27,7,1.85557889053998
36,3,31,3,3.38623047446704
48,4,27,4,0.959757394973069
9,2,30,5,4.66537085872182
92,9,32,6,-0.0250863056073731
51,3,23,3,4.70172897946707
42,3,31,4,2.36582230684576
68,5,31,5,0.14783149142972
16,3,33,2,9.58420134395605
17,2,23,2,4.59163970684395
11,5,31,5,6.86084692165122
44,3,29,3,6.17137974836449
42,5,31,5,4.07804989388711
46,4,26,3,11.0806555094555
76,6,34,4,4.17481822822308
37,3,33,2,2.48811589793393
39,5,26,5,8.19660105701757
85,6,30,3,5.45577719447846
62,5,28,3,3.72036161124222
83,10,30,8,0.232631510571283
53,5,32,4,5.61902490722136
30,3,28,4,5.30926772549662
19,5,24,4,10.5994983064987
80,8,35,4,4.42921928803991
12,2,30,4,1.37134802063582
59,4,33,2,4.54456386131754
57,5,32,5,3.09333157148243
29,5,30,5,4.45828221303279
81,10,28,8,2.83329964024177
71,8,37,5,3.69513017271582
7,1,23,4,1.88954806497621
24,3,29,2,9.2513490378513
38,3,33,3,6.34328587637495
9,3,26,4,6.98002779740574
78,8,28,4,5.91166083905322
14,2,21,1,10.5349393867416
46,3,32,4,2.29519770948832
65,6,27,4,5.53956810298953
94,9,35,6,1.12240012410424
21,5,29,6,3.52074639604548
76,5,28,5,0.141249430825898
6,4,31,3,6.92075504271982
8,2,25,4,6.67842697086363
15,3,23,6,4.92492262357655
91,9,37,4,5.13086394378851
29,5,32,5,3.98067006522117
97,12,39,5,4.66352922438316
32,3,21,2,7.59933117732356
62,4,24,5,2.395744897873
55,5,31,6,3.00696711209772
43,6,37,6,4.7942531241402
22,4,27,5,6.59397063473124
19,2,29,3,6.43860493616308
48,5,35,2,7.44815400395998
70,6,31,5,3.85567551339665
34,3,30,3,6.4219233291965
34,4,27,4,7.5641673484981
5,2,28,5,3.24641881658573
31,4,32,5,1.04565498249835
49,4,24,4,4.39050938345747
93,8,33,4,4.08003919080049
35,2,29,3,4.63016147609104
56,4,30,5,0.0486244669435134
7,1,28,4,3.92674896820806
32,5,33,5,3.62827243272963
20,2,31,5,3.52769905221634
46,5,24,4,7.68020750378165
70,8,34,6,2.86873251348213
60,7,26,4,10.0802663531926
39,4,35,2,5.33791229158957
65,4,30,5,1.92443225607247
69,8,38,4,8.2749212751058
33,4,33,3,7.59514746325003
90,9,35,5,4.9932370179595
33,2,25,2,5.18384458686435
6,2,26,2,8.79065911890402
7,2,25,2,6.53477091661581
78,6,27,6,2.77926316430755
7,3,25,3,8.55784880106943
41,5,27,3,10.2012228248827
83,7,31,3,8.97683148838953
18,3,29,5,4.87791640879207
72,5,31,2,8.21869868506723
44,5,31,4,4.89923077107989
48,4,30,3,7.07229503036131
37,3,27,1,10.2522946672381
13,2,33,3,4.67761091449462
14,4,29,4,7.04859573570824
56,4,36,1,4.34367167249848
6,4,26,4,6.19674666230124
32,4,25,5,6.00728137875171
92,5,30,4,2.32215265554029
10,3,20,3,7.21906173948112
93,9,30,6,5.06696825180845
37,4,26,4,5.94659362743321
92,6,28,2,4.574007173591
41,5,30,4,7.13419347210542
63,4,31,2,6.69838774665958
5,4,21,5,7.99729965436102
17,4,28,3,7.28963566984204
86,6,27,4,5.47548469209138
10,3,30,5,3.5397453605928
1,2,28,2,9.16118934798437
47,3,29,3,4.60082543857019
26,2,31,1,4.83649290411563
22,3,28,2,6.11514535695993
30,4,26,4,5.24167067051225
66,5,26,3,8.10018103424125
23,3,34,5,2.26330693688927
54,4,35,2,6.28989093716081
49,5,30,6,4.29665351049774
50,5,24,3,5.59978907988603
8,2,32,2,8.59209395345948
21,5,25,4,9.59222663102356
76,6,37,3,3.27997576809291
55,5,27,5,1.84704184901207
29,4,32,3,6.83159901798436
67,7,31,4,5.2997846615341
95,6,30,4,-0.453682887479994
31,4,33,3,9.01611934123423
31,3,26,4,0.0729691760897522
56,5,30,3,7.17841939683227
16,3,24,3,7.76062490845448
33,3,32,3,5.24479030275633
67,6,35,4,6.05355364385118
45,3,34,4,3.93788034846289
72,5,29,3,5.18195275926821
0,2,30,3,4.60441430920723
78,6,36,2,4.45532365713939
57,4,27,4,3.72785791447051
47,5,29,5,1.76707405102988
21,3,30,4,5.52629720036841
48,6,36,4,6.22713922144684
6,3,33,3,8.89939729466045
63,8,29,4,8.7262365189597
22,2,33,4,2.48547755149516
46,3,32,4,-0.833385720889099
94,8,30,6,4.28993429194857
43,3,28,1,9.91396794494819
74,6,34,6,-1.38909254210599
73,8,29,6,3.29214396965609
33,5,27,4,7.25285915402791
81,8,34,5,2.84624177857973
97,6,26,5,1.99927266102939
80,6,29,3,6.83116086381878
51,3,31,4,-0.220195148161713
54,5,36,5,-0.443832527565492
41,3,33,4,4.00222641922433
76,5,32,2,4.55098364676509
73,6,32,6,-0.659993868384349
1,2,29,3,4.02733579372773
61,6,27,3,11.127351726908
87,7,36,4,5.17358400277878
92,8,42,3,6.84334264567735
65,6,29,5,7.78806731007105
21,2,23,3,9.94067010306041
35,3,32,4,5.19061534115461
4,4,24,3,13.0468623156659
90,8,31,3,5.47609153092652
78,9,40,5,4.61069547083878
44,5,28,5,4.99168150470364
10,3,25,3,9.99615166555462
85,7,33,5,1.96707254032937
16,1,23,2,5.89448519923735
43,6,37,5,6.61867474000225
54,6,30,6,3.86986657154672
86,6,31,5,2.28532245785607
54,4,26,4,3.60976033321075
73,6,32,4,4.78537513760844
10,4,29,4,9.56546900471653
38,3,32,4,-2.57734154394661
60,6,36,4,2.13037922925275
71,6,26,4,7.26618721757713
3,4,20,6,2.45731296083034
1,4,31,6,1.67487175636425
24,4,27,5,3.3754197394098
45,6,35,5,3.70692078793561
36,3,30,4,1.81472663131815
29,5,29,4,7.56590506491256
52,4,24,4,1.36111862234527
5,3,23,2,9.05029372938626
45,3,29,2,9.50895982783299
56,4,33,3,7.91904956571197
57,5,36,2,7.38603141742253
84,9,43,4,7.11770056445859
13,5,22,4,13.0928525046677
71,4,37,2,2.605200187785
88,8,35,5,2.04972279476931
52,5,32,5,2.58505680448231
71,4,28,2,5.3903626560878
34,5,33,6,4.5719133914404
92,7,26,6,3.25004030102379
56,6,32,4,9.80153807032796
21,2,29,1,8.11663672316221
64,5,25,5,3.01599816919943
74,6,37,2,4.27438298279283
87,5,39,5,-4.31404225523908
24,2,22,3,6.80190586469105
23,4,32,3,5.59131009575552
2,3,30,2,7.65262513048354
47,5,36,4,4.19143049768534
28,5,27,3,7.45453069709066
27,5,28,6,1.99381965751792
29,3,35,3,7.45868987279404
95,7,33,6,2.25753483601026
71,7,28,5,4.97149860806779
2,1,28,1,8.15943875559949
75,6,30,3,7.51026455826178
70,5,32,4,5.64507483872794
35,3,22,4,4.10593460659186
67,4,27,4,6.17389571753813
31,2,31,4,1.53532408054414
58,5,27,3,7.51092844858558
19,2,31,3,5.19170334346902
17,5,24,4,11.7060760563686
99,7,32,3,4.55574027178682
72,7,34,4,3.93668606851802
45,7,25,4,13.9251606250702
32,6,32,3,8.92438630162852
32,2,31,1,8.4886140459912
68,6,28,4,6.83427313894513
11,2,30,4,1.96101958698298
84,7,36,3,4.85490444550836
97,6,38,4,-2.30997073109629
97,10,38,5,6.96865732759684
21,4,25,4,9.26863377208397
54,5,35,6,-0.333402288487022
12,3,22,3,9.12433826452862
63,5,28,4,4.52867530534082
91,6,35,6,0.869207359453595
42,6,28,3,8.54163183938811
49,5,31,3,9.95012159427059
4,1,28,4,3.91518102450025
21,2,32,3,3.49413591925341
21,2,32,2,4.29876640595847
88,7,39,3,2.76644075186559
74,6,30,4,3.67093808257165
19,3,26,5,3.86892149004046
73,4,37,3,3.01944693554667
63,6,25,5,4.69884604634118
90,6,37,3,3.96017450359795
22,2,24,4,4.27830720252593
44,4,29,4,5.44248627240451
16,4,22,4,5.38700543811413
34,3,31,1,5.83182406448476
37,3,22,1,6.86489781873801
41,5,36,5,1.72414356930344
30,3,31,5,3.94473634500384
12,1,24,2,7.46821784305119
41,3,32,1,6.20381198648634
80,6,39,6,0.551635489226436
29,5,36,4,6.56697232498233
21,5,27,6,7.97985556965226
53,4,30,5,-0.197165834203833
38,5,32,6,2.36277526045654
73,5,31,2,8.58351809270524
57,6,28,6,1.01335756216761
75,5,37,5,-3.98944020987046
0,2,28,4,5.28900481290171
94,9,32,4,4.24257995276393
35,6,24,6,3.56798741706083
3,2,30,3,5.44855305823147
19,4,25,4,7.34768320208316
23,2,31,4,1.16417299420013
40,5,27,5,3.82906150778032
68,6,25,5,6.48327685064966
35,4,35,3,8.08089704164734
76,5,37,5,-2.34524995434314
6,1,26,3,3.37608928518815
2,1,26,2,6.96980186466981
75,8,37,4,4.97956040075796
54,5,32,5,2.78290274669123
9,1,23,2,6.47377233738302
28,2,21,1,11.2583585457433
67,5,35,4,1.49939725721247
38,5,28,3,7.29323231313532
31,4,30,3,6.84738365645262
65,5,31,5,-1.52557912787252
64,4,25,2,10.1632878502306
36,4,31,4,2.21201124356014
17,4,23,3,11.8935437508362
75,7,29,5,1.86027326457016
15,5,23,5,9.04898257176607
64,7,32,5,4.51072761877451
85,9,27,7,3.57570407839481
24,2,20,3,7.46724835422902
57,5,27,4,3.57255582543333
67,4,35,5,1.12836424169667
44,4,34,2,9.85799853176031
57,7,29,7,3.94010675267899
56,4,35,2,6.55135854185161
73,4,35,5,-0.482028747895292
11,4,22,5,8.54951681966643
45,3,27,3,4.4453040031982
23,4,22,4,5.43841432035112
48,3,32,3,2.08538501684521
72,6,26,4,4.89487863620543
77,8,34,6,4.93595736485142
67,7,30,6,4.19134096976535
16,1,29,3,3.76635207204998
30,5,25,6,7.87214273692776
5,4,32,4,9.13335281609793
1,1,32,0,6.35819910887161
67,8,38,6,3.32320596177342
6,2,27,2,8.32813031962529
30,3,22,4,3.06398178044724
72,6,32,6,2.4791853849265
85,6,33,4,2.93668282279063
47,4,33,4,1.25696193626046
85,7,31,6,-0.86958884043516
30,6,33,3,11.2930061241888
99,6,37,4,2.71463525071097
14,2,24,5,1.81233192712169
23,5,30,7,4.97807399418788
92,9,28,4,8.05643785027848
55,6,25,5,9.29694046160177
64,6,32,6,-1.80042348667411
28,4,28,3,9.34529848810162
25,3,28,3,5.42908344630297
11,1,32,4,1.50353664587936
98,11,29,5,6.06149263463078
75,4,33,5,1.31119291561103
48,4,31,4,3.06479572435925
43,3,24,5,0.239736184037376
6,0,26,2,8.01664192727886
1,1,25,2,6.7358289303194
87,7,37,3,4.39493171017242
10,2,21,2,9.51309759267872
92,9,35,7,-0.78877037894453
14,3,21,3,6.42891406400913
30,2,27,1,6.65885893458483
23,4,31,3,5.94682259219426
59,6,29,5,4.19429277862423
59,6,28,6,4.19423449509024
62,6,25,3,8.91819871960019
96,6,35,2,8.10551430621429
28,3,28,3,6.47957240152824
26,3,28,2,7.01890970440005
81,7,31,6,1.48735052332458
25,5,34,5,2.06062096210924
62,7,39,3,8.3765236903343
74,7,28,5,3.82881526910843
14,1,28,3,2.53888130780783
0,2,26,2,10.2166474328377
95,7,40,6,-0.28323590204059
31,3,33,1,7.3640393613605
74,7,39,4,6.88416070338875
35,3,30,1,8.53348642234899
44,4,27,4,7.91582906072099
17,3,29,3,8.86019364121631
8,1,32,1,4.41322066507866
52,6,25,6,5.86344712729449
80,5,30,4,-0.440876651744574
58,6,28,4,6.76310142443371
33,5,25,4,11.6581329779684
85,5,26,5,0.0165442681473769
86,7,37,4,4.61017896475433
55,6,26,5,7.00924218158348
93,7,29,5,1.23242316364618
19,1,20,2,9.28899193844943
4,3,23,5,4.40704661093678
4,2,26,4,3.83630115726662
23,5,34,5,5.87403398175951
62,5,34,4,3.01855174507624
80,6,28,4,1.82370279900541
71,6,37,6,2.74600335779398
55,6,33,4,7.60775307497918
95,6,29,3,7.11543688754208
83,6,31,2,6.85685785935072
63,6,25,4,5.10729468132099
74,8,39,4,5.16933873405507
7,2,19,3,10.1190527946033
18,2,32,1,7.03925310555194
73,4,34,3,1.77912047186415
26,2,33,1,7.99529096416655
88,9,29,5,6.14603950795917
5,3,33,2,8.26001570946232
98,11,35,4,5.7996985874659
72,4,25,4,3.89434904303753
41,6,31,3,6.77341779889118
46,6,32,5,2.0893057261539
43,6,34,6,1.06224844583142
60,6,28,4,7.51664125921374
17,3,34,4,2.5769381193258
40,2,31,3,1.52785002948367
97,8,33,4,6.04482192170102
67,6,29,5,4.14303612962285
70,7,26,8,2.15999125217423
17,5,27,4,9.1690567973666
53,3,33,2,6.78077457529119
38,6,36,4,6.27979223594331
6,4,33,5,3.71122995890081
62,4,27,4,3.84988941984878
97,5,28,2,4.23772071465826
86,8,29,4,6.67778357082006
62,5,26,2,11.1995995322067
56,3,30,4,0.779694355764995
56,3,27,3,2.50297677024738
57,5,28,5,4.19709409900055
10,4,21,4,7.97259620865358
54,4,29,4,2.86287919493238
70,7,36,6,3.25262587016491
35,6,34,6,2.40064378453279
21,5,28,6,6.88063287419261
61,5,37,3,8.23227526488492
48,6,35,5,5.84098002428087
22,5,34,5,3.07621049464601
32,4,24,3,8.96703434320845
58,7,29,5,8.03373291245897
42,4,32,5,-0.516637388712172
88,7,38,3,5.81081761560818
22,5,27,5,6.01623484370013
80,5,27,5,4.19852918941765
58,7,33,4,6.30267149331175
7,4,30,4,6.63827333264928
29,5,27,5,5.64909958796777
95,8,38,7,-0.730076217697825
34,2,21,3,3.63365574026743
3,3,32,5,2.4144905120682
3,4,26,3,9.13137953552154
46,4,35,2,3.78005272375668
37,5,29,6,2.31017408496469
82,9,36,4,6.37887811635555
0,4,31,4,8.1336427964241
37,4,22,5,2.51364458037033
0,2,21,5,5.16835614212158
75,8,32,6,2.73717549698315
1,4,26,5,4.80887452154197
61,7,26,5,8.8449688851392
46,3,28,1,7.12792360178129
37,3,31,1,6.89175457496651
19,2,28,3,4.27154329027867
19,3,30,4,4.23791737190951
55,5,29,3,4.48776213613088
34,6,29,4,10.0811791233818
93,6,40,3,3.71886051628656
86,6,33,3,5.28239055703452
88,9,39,4,3.53937934721763
77,6,26,6,1.18886195505729
2,2,22,2,11.0178839027122
69,4,27,4,2.70447599551147
89,8,33,5,2.2138276264557
98,10,29,6,1.71622142305056
59,4,31,4,2.02781203456539
47,6,37,4,6.51474559068861
82,6,31,4,3.51223480427817
77,6,34,5,-2.00039334448818
39,4,29,5,3.71648235894494
75,6,28,4,4.33042546609498
20,4,31,4,4.62580941632065
7,2,30,3,4.20388579096732
69,8,31,5,5.61501986966898
68,6,33,5,4.70140632883606
85,5,34,2,8.11167685967655
86,6,38,4,4.88459626000938
83,7,31,4,5.38292183639719
9,4,27,4,8.03286077930563
70,6,29,3,6.36711020465567
24,3,34,5,-0.202585975573784
50,6,27,5,3.07187177818977
96,5,30,2,4.77086665646748
18,3,22,5,4.89034319422299
5,1,30,2,3.59468529141536
2,1,27,2,9.03446536127922
83,7,34,5,3.85870083867255
38,5,27,4,9.38940774811755
60,6,26,6,1.35343996229633
64,6,26,3,8.67834928923426
33,3,27,4,2.66940194980193
47,3,23,5,2.06400716899281
9,2,23,2,10.0744330575239
75,7,30,5,3.2190598819693
85,10,37,6,6.24616744494705
92,9,46,7,-0.798298151314485
45,6,31,6,4.76547585470005
34,3,21,2,8.90604103666323
56,5,30,3,5.45733808671104
54,4,29,2,7.87705262901877
4,3,32,2,12.7270621663751
62,5,24,3,10.4282675880558
24,5,34,5,6.89344752164545
62,4,27,4,1.81447203604822
53,5,36,5,1.45597315445008
2,1,26,3,4.27109730171356
86,6,31,4,2.55049333472103
70,6,26,4,4.47950935836574
88,7,34,5,0.15751284683634
48,4,33,1,5.11212833152303
55,6,36,5,4.6956724430368
68,5,28,4,5.60433182606866
27,3,33,2,8.35658593461222
25,2,20,3,6.56035461604599
43,5,36,5,3.53781487933117
96,9,39,4,5.06847842884084
93,5,33,2,3.28477342557705
32,2,27,1,8.7175096404168
81,5,28,3,4.39835860297621
40,6,36,6,1.12116473943452
55,5,34,4,1.41641117964469
17,3,22,5,1.25256785201413
69,6,36,4,7.00266559546858
14,2,27,4,4.13013995004579
25,3,24,5,1.00506948615533
74,6,28,5,0.410041511286963
24,2,32,4,1.93075979906586
24,2,31,4,3.70804163944689
66,8,33,4,7.36147540293258
9,4,23,4,9.16431916191677
41,4,23,3,9.5365842689545
58,6,36,3,7.92248177156359
35,4,32,2,7.93521583640375
52,5,35,2,10.7439808324288
56,4,25,4,2.27094153025542
66,5,25,4,4.33154651479993
76,6,36,5,-0.738564214132706
97,7,27,4,9.28252612691454
36,6,25,7,1.503141039852
60,5,28,3,6.33985433332129
68,5,32,3,8.05035036336195
74,6,35,4,4.66171574351741
83,8,30,4,7.23512296313897
46,6,33,4,3.94641520133328
63,7,27,5,8.06455683291772
96,10,32,6,4.49971153951588
97,6,28,3,4.39762680611317
36,6,35,4,10.9360156370239
0,1,25,4,5.35274541871665
67,5,32,3,3.9428911227527
64,6,25,6,-0.552827994503605
2,0,27,3,4.46067350777269
25,4,30,3,7.10378227088355
7,1,32,2,3.63011455465398
9,4,33,6,4.42907094241162
93,9,39,4,5.10755055757325
40,6,25,5,8.63475613107866
29,2,33,3,0.647582368525244
33,4,29,3,4.08532663978937
3,3,25,5,4.75734106961221
76,7,34,5,1.0035534795451
74,8,31,6,5.28765906990303
5,1,28,2,7.11611924223254
76,6,29,4,4.25643964433587
83,10,31,6,5.42609450337542
83,9,39,4,5.44425141837803
45,3,23,4,2.03107127113564
69,6,39,5,4.8443927190111
99,6,32,4,1.73151600392214
32,4,24,5,4.04560665749606
97,6,33,4,1.71540578671305
52,3,23,1,7.6993538923438
58,6,31,5,1.17974221675535
90,5,29,4,3.80212237694219
36,5,30,5,6.74314583657535
63,7,35,3,6.95319950448826
46,4,34,2,6.11181211647884
55,5,24,4,6.70254553130422
70,5,35,2,4.58019884034205
28,3,33,4,1.54664433898862
82,5,38,2,6.46592827704084
78,9,32,7,1.49336999798584
88,7,40,6,0.204824986361675
35,4,30,4,7.49919332918367
84,6,39,3,6.68179954815704
5,2,26,5,4.60591403111842
83,8,30,5,5.91615650385267
98,10,47,5,2.7540786135595
13,4,27,5,4.28436667523088
48,6,28,5,7.58374395779011
16,2,25,2,8.34683209973653
33,3,25,3,8.22813726390866
78,5,35,2,7.5169497841741
1,2,30,2,8.35873127826313
47,3,31,3,4.07186783153564
15,2,32,0,5.51894229811892
38,6,35,3,8.48172756035809
22,3,32,3,6.68605162236312
67,5,27,5,-0.124454972114268
64,8,30,5,6.23994691149034
27,2,26,2,7.33425259808422
52,5,24,4,7.90310588927702
10,3,30,5,3.63227540582098
86,7,34,4,3.29068788275577
75,5,27,5,0.600846116736252
45,4,31,1,8.16131805860455
31,5,26,6,3.33113745734856
62,7,26,5,5.28628029003996
44,5,23,5,3.7623989335715
83,7,38,3,7.85899830646369
20,5,24,5,6.26289560979045
10,3,29,4,6.70134550503732
95,10,31,5,4.44555943355235
82,5,34,2,5.16477280081683
43,3,26,4,2.24450711995074
78,5,27,2,7.24388039164389
40,4,23,2,7.04964266544468
81,9,37,4,7.40981076396406
45,4,28,2,6.60632115093346
87,6,31,4,-0.143113333867181
6,2,25,1,8.54230536006995
46,5,30,5,8.02647086407823
5,1,32,3,1.64707526962535
29,2,30,3,5.42780550131614
43,3,30,4,-1.64087636609967
13,4,28,4,7.89566348714443
5,2,32,3,1.50269558636744
65,6,29,5,3.98822044614749
76,5,33,5,3.42879241045998
82,7,27,7,2.29690627699163
67,6,37,4,5.90286592241556
71,6,28,4,6.8540593166639
95,6,31,5,-0.590458134109616
26,2,23,1,10.7801865762449
4,0,31,3,2.66699603435816
97,7,39,6,-1.51286957261724
41,5,36,6,-1.74860929963862
95,10,38,7,0.482614908393589
84,10,29,7,3.43996395244164
36,4,30,3,7.10525593546778
2,1,28,4,2.82956218143494
28,2,21,2,5.64331781620796
99,6,32,3,4.45400239005925
0,0,16,1,10.6870644720412
90,7,32,4,3.16802101603649
75,5,28,4,4.25600986213692
1,0,24,2,6.1835766163948
69,4,34,1,4.18000815954978
32,3,29,2,4.18582297784643
96,11,39,5,4.36585289841344
7,1,26,4,2.18090800842199
90,5,34,3,4.73415436252698
25,4,27,3,6.99108931294893
42,3,22,2,10.4224496005511
9,3,33,5,2.36883468417294
45,3,32,4,-1.01172969480048
52,4,32,2,5.7960741157112
34,6,28,5,5.39032732611358
71,4,33,3,0.474812694433738
70,6,29,5,1.67563376473423
56,7,28,5,5.9778385080644
74,7,30,6,0.469353538855059
28,6,35,4,5.5626878915767
12,3,21,4,9.50616557728814
79,5,33,5,-2.11929168841696
83,7,35,6,3.71177347319539
70,7,33,4,6.78824114018202
31,4,34,3,10.1601520098959
69,5,36,2,3.7834222263061
57,5,29,5,1.57244375586634
55,7,33,6,2.54068913751459
33,3,25,3,6.23473609502508
15,4,29,5,6.15049781919321
47,3,24,4,3.96624474293273
4,4,32,4,8.2669621978087
76,7,26,4,6.26350170038132
10,4,25,5,4.99162260727086
35,4,29,2,9.81298503896927
93,10,31,7,4.00555001456123
48,5,32,2,6.69147187237543
48,4,25,2,7.99410178072382
4,3,29,4,5.94245600947693
7,1,25,3,0.868389178674627
18,5,29,6,4.21592787974973
69,8,32,6,5.69946612744181
31,4,27,3,7.46470658175867
65,5,32,5,2.35907556658588
61,4,26,4,2.6210466221023
13,3,29,2,11.2377300675213
17,3,31,5,0.51664374720487
23,2,22,4,-0.0974425246055377
71,9,28,7,2.75688073066912
48,6,29,7,4.06653413058025
14,2,26,4,6.04581590889934
0,3,24,5,6.98412305052902
49,3,28,3,4.42205908833875
24,2,28,0,8.03091871734991
40,3,22,3,6.13257917169666
79,9,29,7,6.03147918261445
10,3,32,2,8.57885696990767
62,4,27,1,8.38495923117776
49,5,26,5,2.34655201960081
67,8,30,7,5.82332939841521
21,3,26,4,6.35747160615161
89,10,30,4,5.82858125823515
95,10,29,6,5.64156790016153
88,8,35,6,0.466911176414825
2,4,33,4,5.8960625561329
60,5,31,2,7.4767527223462
45,3,32,4,1.01280870999504
71,7,29,4,6.0634782831086
39,2,30,4,0.910064585635012
65,4,36,2,5.08561163297091
67,6,29,3,7.16507191557861
7,4,21,3,13.3703398791867
18,1,31,4,1.2148203789281
86,5,33,4,1.42260514618231
28,4,24,4,7.00507952046247
54,4,36,3,2.97226168004919
52,6,37,4,5.53862417062768
63,8,29,4,10.9236993086314
60,4,24,4,4.81496732131005
85,7,36,3,4.04390636356691
11,4,24,3,12.9874936556601
83,5,30,5,1.30402941470331
46,5,29,3,6.02413325071779
4,3,30,4,5.70773869065101
25,5,25,5,6.02264564841033
73,6,32,4,2.44274011499756
79,9,29,5,7.32842530398481
28,3,26,5,3.36949585548374
83,6,39,2,8.24523140480492
92,8,33,5,1.19852225839453
31,3,32,4,4.2973029317576
55,4,24,3,5.84357153605406
57,6,30,4,8.73880250249242
37,3,33,3,5.39173909647668
36,3,23,2,6.92044563209636
40,4,27,3,7.51065683627858
51,6,28,5,3.26150992951406
82,8,35,5,2.16293893249856
52,4,31,4,-0.872041517289922
93,6,29,3,4.23043767048252
21,3,25,3,9.59270760920809
73,7,39,4,4.93298622680613
9,3,33,5,5.12647858482946
16,4,33,6,1.49391548311658
79,7,39,5,2.11471230369312
6,3,31,5,7.16878304479334
6,3,26,4,7.80455539165992
30,4,31,5,4.85098955201431
76,5,27,3,5.89283681079824
55,7,29,6,5.97909304007624
53,5,25,5,2.24155653895421
70,5,25,5,2.57920730853742
5,3,27,2,11.8744836273962
99,10,37,4,7.61999172629092
56,7,33,6,2.32064379435307
97,7,34,3,5.56702002990797
93,7,34,4,3.62265362289873
2,2,23,2,11.812259590736
84,10,32,5,7.32292271147402
23,2,28,1,10.1653737705453
61,4,28,2,9.11077128088475
77,9,37,7,1.22367158136608
93,8,40,6,3.37872571655649
1,2,28,3,4.50738472204003
74,9,38,5,4.96301018769798
16,5,24,5,6.13103960250876
57,4,33,4,0.327382857439094
50,4,34,2,6.47593074646668
34,6,25,4,13.6823751872682
19,2,24,4,5.45519127807395
24,4,30,3,6.01186317741956
27,4,33,4,3.43215437548751
93,9,29,5,6.96194771183209
83,6,35,4,4.97848694490802
34,6,29,7,1.88047136943058
89,6,29,4,6.03929328163144
92,8,33,5,6.01462357929395
79,7,37,4,4.91353619366145
4,2,25,3,8.25465090812152
71,8,33,7,1.31137568958502
96,8,33,5,2.2025682666717
84,7,34,5,4.02846131635348
8,2,24,4,5.49616111243629
82,9,30,4,6.87286691874481
83,5,36,5,-0.879731586808529
94,10,30,8,2.04394126649448
65,6,35,4,4.12559770550429
65,6,29,5,2.36431035369692
16,2,28,3,3.11944314019434
44,6,35,5,6.8599704083338
48,3,35,3,3.89420497500279
11,3,30,4,5.12079145514767
10,4,29,5,5.06439944649416
55,4,29,4,6.31272996489156
1,4,20,4,8.9798794056738
14,4,27,5,5.97217810757141
39,5,35,4,4.57903562060689
88,7,32,3,3.19506135152235
73,7,33,6,2.77524355290139
61,4,33,3,0.341833940884798
82,7,34,5,3.94381393381345
11,2,30,5,0.975580343989591
4,1,17,2,8.12277361646574
90,5,26,4,3.26127726154776
85,8,37,7,0.634522542504879
65,6,29,3,5.66415885048738
90,6,26,4,1.60212834897401
32,2,31,3,4.22314009836095
30,3,31,3,1.91719080860649
6,4,28,4,9.22774641876477
20,4,35,6,0.400303484992437
15,4,26,4,8.31738872177291
91,8,35,6,1.82702732741466
57,6,27,6,3.26095210524141
1,3,28,5,1.99425290640309
55,6,32,3,7.27083759729353
6,2,23,4,4.30495940330658
15,2,27,2,9.66281746750902
76,5,36,1,4.93568087792479
33,2,30,2,3.20897963674157
58,6,26,5,3.03876601225501
80,5,35,3,4.28873942722016
36,5,28,3,7.20998874168788
56,4,28,5,3.81342668518657
69,5,27,6,0.593692276600092
68,6,34,5,3.43579220765472
2,3,24,4,7.84923937079381
98,10,37,5,3.87582478006016
85,7,33,6,1.58147691266613
74,5,35,2,5.63840452048299
87,6,37,4,1.09478536030506
37,4,30,5,1.77935292551806
36,5,25,7,3.05871745357268
96,6,33,3,5.80046120831902
63,5,33,3,6.88924407578906
43,3,27,4,5.45148941469112
82,5,30,4,2.06366839528419
96,6,38,3,1.70256606149412
92,6,29,6,0.559363848308932
67,5,29,5,0.946030381450022
53,5,29,5,4.80608473063366
59,5,30,5,-0.736772539742794
69,8,26,4,7.49849295760779
7,2,25,2,10.2954832561609
69,6,30,3,10.1655372494258
98,8,32,3,4.24734713951107
90,6,35,4,3.5608960675892
16,4,24,3,8.65178386496354
85,8,36,6,0.563746390295552
61,5,32,5,3.36325960547562
36,5,36,4,6.60827569801336
53,4,33,4,3.77622869027379
75,4,27,5,-1.23517937499
60,4,29,5,1.11450480332026
58,5,27,4,3.92486441088769
72,6,38,6,2.93621440032468
81,7,31,5,5.35042006850009
57,7,26,6,5.63023078233331
21,2,28,4,2.62960654875842
19,5,25,5,8.03339660817967
73,7,26,4,10.0575574609715
22,5,24,4,11.0839478587082
28,4,30,5,4.5011832080588
57,4,29,2,4.64510097803174
89,7,37,5,3.08522273210224
71,7,31,6,0.45588530979993
23,4,32,3,9.98464418801832
32,4,31,3,5.22511304764128
9,2,33,4,-0.0676060110252479
24,4,30,4,6.49325443104573
98,7,37,3,3.00106734291092
40,5,26,4,7.63243567391047
20,5,35,5,6.38468067935996
60,7,38,3,6.56374876588171
35,5,29,3,9.08695816639425
8,3,31,4,3.80829334403078
26,3,29,3,6.62616321413672
1,1,23,3,7.22155967563928
11,2,31,4,3.41092848887876
44,5,26,5,7.09458313895364
2,3,31,5,6.23880283843353
87,10,27,5,5.8905829185017
91,7,31,5,2.12627725751748
35,6,26,5,8.18554127862184
16,4,34,3,6.69296813847851
6,2,27,5,3.47015137961944
79,7,35,5,2.21143471440372
87,10,30,8,4.52014764455996
69,6,38,3,4.43306429697223
30,4,30,4,4.20413620736402
24,4,24,4,5.60934263314121
85,9,30,5,4.47558308054281
17,2,22,3,8.96889043300051
79,7,30,3,6.41982715049268
9,4,34,4,5.66594317851524
12,3,31,5,5.67305808444445
70,6,27,6,2.316069611093
14,5,34,6,5.15363890238571
55,6,31,5,2.58156005901236
0,2,30,2,6.58717489569957
82,9,33,6,4.02274345618873
4,2,25,3,9.71259434201087
74,6,37,5,1.71937542840855
8,4,34,6,3.36752992303533
39,4,27,3,8.19084662729882
21,4,30,4,4.29852580890695
60,5,36,6,2.4532229514915
95,8,27,4,6.29370890222758
25,3,33,5,1.47240251144388
90,8,32,3,6.52375983230577
84,7,30,4,3.71960702641392
93,10,38,4,5.16183375213856
73,5,27,3,6.62867801476547
30,5,31,4,5.38958507075516
10,2,32,4,0.207182360293853
12,5,33,6,5.98432858542635
1,3,26,4,7.36365428113254
68,6,30,5,2.71607698018255
7,4,23,5,5.84587808666126
39,5,33,5,3.39817274685756
63,5,37,4,-0.45895201918497
8,1,18,2,7.62699877773808
68,5,26,5,3.14916689795491
45,3,29,2,5.2201529626602
45,4,31,4,4.97330093186292
44,4,34,2,9.82773094663654
30,2,28,3,0.568741733790308
50,6,37,6,0.968604599793639
99,9,36,5,3.55304195137775
25,6,28,5,6.94758372300026
16,4,28,6,5.94771065022775
97,9,38,7,0.680689283469126
66,4,31,2,5.66844306813708
1,4,22,6,5.43590574311507
62,6,37,3,9.08235635312686
54,5,27,5,5.29329183398898
73,5,29,5,-0.328004896328537
12,2,30,3,3.3220369975651
32,5,33,5,4.85721757457947
76,6,30,2,10.1570176308667
44,3,32,3,2.3753999762312
0,4,30,6,2.43982613704425
22,4,34,3,6.13684389126302
22,3,31,2,8.40647397176655
81,6,34,5,-0.696520009055893
8,4,30,5,5.74936523435889
91,9,36,6,0.966452780330174
45,3,32,2,5.93322834978606
88,9,33,6,0.141041493173516
0,1,32,4,2.89778232910745
38,6,31,5,5.55099270352723
83,8,38,6,3.21621666669349
8,4,33,4,5.73267745288303
82,5,29,4,2.44860878106553
2,3,20,5,4.9122157256414
89,8,41,4,7.20244678637285
24,5,32,5,3.18566909443516
14,4,27,4,7.99457276781554
63,5,33,5,-1.18529677509343
88,5,34,4,0.76306957827056
10,3,29,3,11.6252100883454
26,4,28,2,9.64328095438652
18,5,24,3,11.6853517722645
68,4,28,2,6.99214330159053
27,5,34,5,3.16266506048928
15,3,31,2,5.44874828623719
68,6,37,4,2.42942177201063
61,4,25,4,3.69380562089252
89,8,27,5,2.31744689188303
27,3,32,2,5.36003933221047
80,9,33,6,5.36612997403729
16,1,24,1,9.60245039945353
24,3,34,5,-1.18308573983563
93,10,40,7,4.09403305715009
80,5,31,2,4.35909081991295
59,6,37,3,4.85711615796932
76,6,32,3,7.84367672680956
7,3,23,4,4.78309881549883
84,6,28,5,3.53767283018221
34,6,30,3,8.73932568474781
88,6,30,3,6.69317512602065
8,1,26,2,6.64968569746047
41,3,29,4,5.5941143599277
25,3,26,4,6.02272042688565
16,2,26,4,4.14156268692144
83,5,26,3,4.91620192711127
92,5,32,3,3.42086966977052
56,4,30,4,3.32064154845836
40,3,32,3,7.99575642619523
42,3,26,4,3.1375129054911
60,7,26,8,3.76589810022181
94,8,41,4,2.20398086378677
54,4,34,2,3.44441092163251
92,6,30,3,5.29246994930555
51,5,26,4,6.79714596537984
37,6,24,7,6.54629469782628
68,7,30,7,0.989811702391973
98,8,37,6,0.827229554370415
57,5,31,3,6.7924488485837
64,6,26,3,7.08340657005167
13,2,28,3,4.62033639207718
12,1,22,4,2.25358810174293
64,4,32,5,-1.85937297398013
83,7,26,5,4.60427061149305
58,5,30,5,1.2046512199164
19,4,28,4,8.01281633934808
31,5,30,6,4.44199363096638
74,6,28,3,6.80603157366559
59,6,30,4,7.38555680517369
98,8,41,5,3.64851325828122
9,3,32,3,7.75690131828
78,9,35,4,7.45509992134554
3,4,24,3,12.2870049417667
67,4,32,4,3.06846527827672
65,5,32,3,6.39691498923746
35,5,25,3,8.4638285381983
97,9,45,4,5.52760762542851
1,3,31,3,7.11506501695015
7,2,25,1,11.5280140545978
18,2,31,3,3.36536123953882
18,5,24,4,11.6911838406605
47,5,25,5,3.06368737298243
68,6,26,6,1.60914121831527
41,6,25,3,8.90047159674964
75,7,36,5,4.2672377701688
58,6,26,7,1.93417632238858
59,6,30,3,6.77876714293819
11,1,20,1,10.0740867653041
14,3,30,3,7.18466307787929
25,4,34,6,1.89873578825101
1,2,26,4,3.16490464125557
28,4,24,5,4.6154945719173
99,7,34,3,3.61712213627417
73,5,26,4,1.79344105406702
52,6,24,3,10.3023076762103
54,7,30,4,7.54734058168915
96,7,31,5,-0.478905764457942
91,8,35,6,0.27460778051373
62,7,31,4,6.79168751037906
78,5,34,4,0.945258563258251
20,4,26,4,6.61519737337556
85,7,31,5,4.06902878294968
42,3,31,3,6.68478779234015
65,4,31,2,4.67125313919786
35,4,34,3,5.15619330842752
34,3,28,4,6.15503584199836
80,6,28,3,10.6529365181714
76,5,27,5,3.1325518190241
64,6,34,4,3.57367925536617
78,5,26,3,8.095182293768
35,6,32,6,2.07610788866461
91,6,31,3,3.76963046543913
42,4,32,5,2.99661775729909
48,5,28,6,3.93178819242257
68,5,30,3,9.10069758474633
1,4,29,7,4.68563749598513
32,5,25,6,3.29147429191216
51,5,26,5,6.67697074957509
44,6,33,4,6.35751928495376
99,9,30,5,5.39682577814107
20,3,29,4,3.7131921430327
99,7,31,5,2.384701125072
99,10,35,5,4.66481517554117
5,1,28,4,1.92833918724754
16,2,25,3,7.76126491072132
57,5,31,4,8.27394802854595
70,5,32,4,-0.828020903513358
14,2,17,3,7.25074868912165
74,4,28,4,3.04434603266537
85,9,32,5,5.91557672519191
35,2,32,3,1.59891310225248
23,2,33,4,3.14260076321385
34,5,30,5,2.23458651450382
7,2,31,2,10.2366670009762
4,4,31,5,3.89672635848612
9,4,31,4,9.96386894788096
89,8,28,7,-0.456986560196909
66,7,37,5,3.80905497482618
71,9,27,4,11.2352589762251
42,3,25,4,4.50294637227123
47,4,24,4,3.60616965889379
15,4,26,5,9.21689625185175
25,2,34,2,2.59457455818314
57,6,36,4,2.5607959933711
45,5,32,4,3.97242024180393
7,3,30,5,3.92789372163908
0,2,21,3,6.51374658925938
80,6,29,6,0.55638665770751
46,3,25,4,4.2218738546917
47,4,27,5,0.308936669740955
29,6,27,5,5.80466313388235
89,6,28,5,-1.53371148446811
27,5,32,3,12.388017646204
34,4,28,3,5.12748610248715
20,3,23,2,7.75524218363148
30,3,30,3,8.11472633406458
73,6,36,5,2.27927963331452
67,4,32,3,4.04346141728508
58,4,24,1,12.005374707619
44,5,36,5,1.07205280101759
73,6,37,6,2.70484278776885
35,4,28,5,-0.646340463374044
3,1,32,3,6.83683025999193
11,5,27,7,4.22957420404187
7,4,34,4,6.66276274429872
94,11,40,6,4.23594154380921
38,5,26,6,6.59554496623732
95,5,29,5,1.93345102030292
49,7,28,6,6.82389561584714
21,4,31,3,6.62737461481311
32,2,26,1,6.94456328779191
37,3,28,4,0.914969435753987
73,6,32,4,4.87998171769049
30,3,24,4,5.38343499706618
50,6,30,3,8.05275568417382
19,2,30,1,6.95350381722255
77,5,30,3,6.22128596109849
36,4,35,3,4.57741294753244
75,5,33,4,3.77520813210276
99,10,41,4,7.9521071340546
0,0,32,2,2.98255243034223
87,6,35,3,4.30610414565494
87,6,34,6,1.55902196653523
56,7,25,4,9.9720349117025
41,6,31,6,2.66283087780603
2,4,25,3,12.2822442066282
59,8,31,4,10.8530782837102
66,4,28,5,-0.342574268359821
25,3,31,2,7.43089216483061
24,2,27,3,4.39941380653975
46,4,33,4,0.862274289083373
22,4,30,6,4.0776078679819
37,5,35,5,1.24399263970608
13,1,22,3,4.47854812897401
37,4,24,3,8.0923430725867
44,4,23,2,7.20582937290999
55,5,34,3,7.13960100679915
14,2,23,4,4.02112889882554
88,7,28,3,6.23220205799223
10,2,31,4,6.51967640962581
47,5,30,4,7.9496389845484
68,6,28,4,4.73477033960702
35,3,25,2,4.61734109864838
69,4,27,1,9.48273568490554
93,5,30,4,0.658480042841001
86,10,32,6,4.76468285522464
79,9,29,5,6.29960647205967
67,7,30,5,4.79714812949712
99,8,44,5,-0.374200339714412
37,3,26,3,6.87284456796138
15,5,28,5,3.44792414288033
1,1,31,0,7.50844047192912
91,10,33,7,4.79949767346547
53,4,24,2,9.35879220380107
7,4,28,4,7.10934122172979
2,3,26,3,9.30866135751363
95,6,29,3,4.77755339633179
57,4,27,3,4.63941708760686
82,8,31,6,4.00265416501145
91,7,32,6,3.40175184925812
22,3,28,5,0.982298155981175
68,5,34,4,4.33602438013902
95,7,42,3,7.25266428073
83,7,28,5,2.47205726346196
99,7,31,5,1.23251617285859
85,6,31,3,4.4217143966086
13,2,31,4,4.12723941352875
38,6,25,4,8.18287875109197
96,7,42,3,3.86351839321151
67,8,26,4,8.50625550560892
69,7,29,3,10.4158474248832
47,4,27,4,1.33697241142596
57,3,24,4,-0.182210934400449
91,7,37,3,3.73788035831059
20,3,28,4,2.33764123081359
91,5,27,5,-0.42909737731156
72,7,34,4,5.6164259018236
34,3,31,2,4.80283233246369
89,6,32,3,4.49098883583688
71,5,27,5,5.09788263413045
89,6,35,4,3.62288126625968
42,3,23,5,-0.247647524445941
63,7,27,7,2.93858777753413
67,4,28,4,2.07225576463703
99,7,41,5,-0.804273840073873
79,5,25,4,2.09335127836858
44,4,32,3,4.25220357829973
39,5,25,4,4.85165606701955
27,4,31,4,5.28248507363944
97,8,39,6,-1.11001667430328
73,7,33,4,8.49635668911841
44,6,36,4,7.44752120602308
72,4,26,5,-0.70009776559248
26,2,30,4,-0.417382663776112
52,6,32,4,8.0514435987877
19,2,32,2,3.19037523599152
26,5,35,4,5.86608036018462
25,3,32,5,3.07161978656462
39,5,27,6,4.73309744051258
40,6,32,3,7.28851878217847
72,6,26,3,6.61179672429955
16,4,34,4,6.38883651918998
92,11,37,6,1.25336087527691
35,5,34,3,6.25742954594862
42,4,32,3,5.52058717868434
46,5,35,3,7.19532831823145
13,1,32,1,4.67726156349343
64,7,27,7,0.170235832863486
83,7,37,6,-1.59186347537307
68,6,34,3,6.66297767920484
24,3,31,2,7.15841138204907
65,5,35,4,2.27009012312917
85,7,29,6,0.756634870486492
13,3,29,5,3.07080943525745
27,3,29,2,7.36576555976497
61,4,25,2,8.07681459016177
59,7,37,4,8.59300953091442
1,3,24,6,4.92503007034963
55,6,35,6,2.63925624134247
0,2,33,3,3.09808191211199
16,5,34,3,9.61229377149255
75,7,33,3,5.58274211380595
39,4,23,3,7.62199376034697
28,5,26,7,0.940449200242739
35,6,26,4,12.8394539103053
10,4,31,3,7.30581439873875
72,5,25,3,5.99887297038863
67,7,30,7,3.7833370645155
5,2,23,4,5.8308223074684
56,7,28,6,6.40411162080465
30,2,31,2,4.63691497118891
90,9,33,6,-0.524845808759453
19,3,20,3,9.85994025554174
14,2,18,4,7.30692197755116
29,3,33,2,7.63706119904488
53,3,35,3,3.34384658566122
24,2,29,2,5.56923563424629
47,6,30,4,8.75274179708444
7,1,29,2,8.73432659446496
85,6,28,3,6.04121782869226
41,3,27,1,6.6806172506557
17,2,26,2,8.82588282472843
19,2,33,3,6.40740285788511
51,3,34,2,6.16024675600665
67,6,31,6,0.357275029501798
12,4,23,5,5.89079697488025
95,11,32,4,8.10686811069571
58,7,33,7,3.90171642700205
49,6,30,6,3.13890797978671
55,5,37,4,1.24424362930025
95,7,29,4,2.49987077024548
25,3,34,3,3.25556577779991
59,7,32,4,4.57478926665319
49,7,30,5,5.51250199237217
67,5,26,3,5.10322591083128
88,7,29,6,-0.334226911593903
58,7,27,5,5.09050647333995
30,5,30,3,8.970359802119
90,7,28,5,5.59700316235014
87,9,38,5,2.45944964096798
99,8,33,4,3.80628232238045
99,8,32,4,5.31997652284323
46,4,26,2,7.07701583818758
41,5,33,3,8.48047711563208
99,8,35,5,-0.819050968421157
51,6,33,6,3.84242405453999
90,8,40,3,5.19719805555197
53,4,26,4,1.09334548318156
42,3,35,3,4.76702131707192
47,7,27,4,10.6038993694151
72,6,30,4,5.53629778202655
18,4,29,5,5.53023677300635
9,2,28,3,4.77927522180395
24,4,25,4,6.10561658248485
32,3,33,2,4.95154764661764
81,9,41,6,3.13854475464796
13,3,30,4,2.8559829051601
52,6,26,5,5.78981481000657
79,6,32,2,4.32331122200487
11,4,30,2,8.5790684541007
71,7,37,6,-1.42180136532265
94,11,39,7,2.46070848174893
99,12,34,5,6.10175118086143
62,5,33,5,3.16939566660598
81,7,35,6,1.96183608411278
94,7,33,3,5.71711240303984
41,6,34,4,5.07184578696395
66,7,29,5,5.98352428524664
20,3,23,4,3.18053698523582
99,6,29,4,1.42856639037899
3,4,29,5,4.70056350531401
68,6,29,6,3.83136298463073
21,4,24,5,8.42101146764991
5,2,25,5,2.64090160597471
56,6,33,6,-0.683707453875315
44,4,26,5,5.02805552952782
97,8,29,5,3.48262393002585
93,10,35,4,6.41443890021985
90,7,34,6,0.319317633157343
61,5,32,3,4.51183169795015
4,4,33,5,7.00925101600995
20,5,30,3,11.5391863589124
28,5,24,4,9.21239688350275
58,4,30,4,1.1570846103887
44,6,32,6,3.02484538290382
97,12,40,4,6.7769382995098
20,3,28,4,5.18414079693941
37,3,27,5,1.42228933230107
21,5,27,5,6.39196725754876
50,6,28,3,7.69972135283278
39,5,31,5,4.27813393640566
8,3,22,4,5.65823106796291
31,6,36,6,2.23296544493821
68,6,36,4,3.54783366574623
29,3,21,4,1.61698958259755
70,8,40,6,-0.716535652817826
18,4,32,4,6.18116420225392
74,7,35,6,0.733795661654747
25,4,30,5,2.91959584158064
25,5,31,3,11.7379762064506
10,1,31,3,2.06089875020072
75,6,32,4,2.41442775978982
66,8,29,5,8.24341619872301
80,9,35,8,3.25566064614846
0,3,26,3,7.24111948641188
5,1,30,1,9.63671333414143
16,4,34,3,5.01943271667009
83,9,39,5,2.54724948508892
92,5,28,3,5.21453200130547
13,3,22,4,6.18071245551752
32,2,22,1,6.03471157861001
82,9,28,6,4.35628533930495
75,6,34,4,4.63018079703018
72,7,34,4,7.99580348982878
26,2,30,4,-0.44891887060985
40,5,29,3,12.130432748496
76,5,37,2,6.68198508398491
9,4,33,3,10.7516768546843
29,2,26,3,4.11676645844797
26,4,28,2,6.15188017415503
95,10,37,4,3.23692252090674
18,2,25,4,5.80051153789979
88,9,35,5,2.08267543240217
83,9,38,6,-0.0315572189592093
26,3,23,3,8.86627713521672
25,3,25,4,3.03338073955736
61,7,27,4,6.92586538756791
76,4,37,3,3.18464927540806
79,6,32,4,3.27043351794121
64,4,25,5,0.192195258389543
46,3,33,4,0.199869878518356
96,7,31,6,0.615143370008926
21,2,27,4,0.925484410346658
17,4,29,6,4.4143442126302
51,6,33,5,3.1378805524151
9,1,31,1,9.21138345345776
14,2,24,4,6.03024088110148
4,4,30,6,2.54692991398757
1,0,21,3,4.05565118545092
22,4,33,4,3.42323245199824
64,5,34,3,2.0305935372467
42,6,35,7,3.56137638045265
63,8,29,8,2.31625011481555
78,6,29,3,7.35275821104106
50,4,34,3,4.58460871736838
3,4,20,4,12.9949475522354
87,8,38,3,5.86817808637438
25,3,24,2,9.00965935234728
96,7,33,3,3.75044561186343
5,2,24,5,5.61931417442367
94,7,41,6,-0.540961118110817
4,1,31,3,1.6433218788131
73,5,32,4,1.70858341672346
45,4,34,5,2.20668308643729
65,4,26,2,7.28433381076646
58,4,35,3,2.60504548500832
98,9,31,5,4.08258011671091
83,5,34,4,-0.520953967105222
27,2,29,4,2.91474146502125
74,5,36,4,2.54290079295419
59,4,24,5,-0.214997995363093
21,5,23,5,6.8316047224969
35,2,33,2,3.69746141727253
81,8,35,5,5.5872123452766
70,7,36,4,3.479142636271
98,8,36,4,0.48631260234772
42,6,31,5,5.69244994651966
82,6,33,3,5.73723903952154
12,4,26,3,7.63054838210611
53,5,25,5,3.68610004833034
54,6,30,5,6.13591344660656
46,3,31,3,1.11165505451762
59,6,35,5,4.9551311550953
86,7,30,3,8.1717232811413
2,4,28,3,11.2920551503472
9,1,32,3,4.21088752604671
27,2,32,2,3.84426174018919
62,6,34,3,7.00183335171571
95,6,28,3,4.62353028636804
19,2,31,2,4.21165484671786
16,4,31,4,8.63845289015085
95,7,29,6,2.02597755994541
66,6,37,3,6.21494659820516
94,8,38,4,1.73695077940308
53,6,36,4,4.35094348066775
1,2,30,4,2.70938049696955
85,7,38,3,3.15862817309019
74,6,35,5,1.83453316379326
60,7,34,7,-0.21907976599713
33,4,31,5,5.69888307050919
74,6,26,5,5.83284093754518
83,8,37,5,5.37287881715051
45,3,29,3,1.83121490214511
22,4,26,4,6.82206176958649
48,4,26,4,4.39099190606974
35,3,29,4,3.83161008132519
10,4,28,6,5.50660366044848
16,5,33,6,1.04247503724737
11,3,33,3,7.80503881053475
28,4,30,2,6.76877692080427
40,6,25,6,4.89634118185192
27,3,24,5,0.944172497133211
78,9,33,7,3.14807151498573
20,3,30,2,10.7669138713783
40,4,35,4,2.25362520369375
20,4,29,5,4.50649147140055
6,3,28,6,5.03703273398621
10,2,30,2,6.3368882786076
67,5,37,4,0.0346801541489521
14,3,30,3,9.45817423948293
97,6,28,2,8.27151207555992
83,7,34,5,3.68577839045434
15,2,27,3,7.47009823136016
79,9,39,4,9.0032014679299
57,5,32,5,0.0305851881550838
10,4,30,6,5.43185568854804
47,6,32,4,7.50898943092312
62,4,34,4,-0.294749728706762
69,5,38,5,1.80022160567976
61,7,27,7,2.0075599558103
24,5,30,6,2.45939824869109
16,3,23,5,2.1967776897429
39,6,32,7,4.53058844001164
31,3,24,3,9.41670728857143
95,5,29,2,8.16188071043155
51,3,33,4,-1.1167154637179
83,8,38,4,5.65320136128339
42,6,30,5,7.91349996003271
84,5,35,3,0.593162727276646
68,7,28,6,2.81054144773032
80,5,38,3,5.77139322186607
18,4,29,5,6.95608895119472
49,5,30,3,8.27485521731711
1,4,30,6,5.03005620349968
10,4,32,5,6.23012056756779
63,6,32,5,3.54427065708221
3,2,26,3,6.85099885127069
40,3,27,4,2.75066658370878
5,2,27,2,7.62046647923664
42,6,31,4,10.0611104673586
21,5,31,6,4.93759269708783
35,4,28,6,3.69447568145847
61,7,36,5,6.74588781832951
76,5,28,4,5.07205492683933
56,3,24,2,9.27944918841071
92,9,34,4,4.97053517780992
44,5,27,4,6.98795274930457
45,7,27,5,6.0790318431632
81,7,37,3,8.46594289044694
11,3,24,5,6.15441656429007
98,10,37,7,1.44917171916249
49,4,30,3,4.09101716499826
46,5,36,5,1.84720807102093
61,4,29,4,4.30853840956081
93,9,31,4,5.58192451293114
22,5,35,3,7.27875471448182
5,4,26,3,12.18092017206
58,6,33,5,5.40049162533917
99,6,39,2,2.74529317870572
39,2,30,2,4.10235389229171
57,7,30,5,6.89308462959753
63,8,30,5,5.17760718995914
63,4,31,4,0.451674626617232
74,6,33,2,8.46506473532429
24,2,22,3,7.40178469046077
36,6,33,5,5.58647915094227
69,6,36,4,2.98325685957813
51,4,28,4,5.43617534324062
95,6,39,5,0.403634531582542
81,7,33,3,4.92381528093316
93,11,29,4,8.26425315027903
90,6,32,3,3.9786801566162
68,5,30,3,5.7262267729402
69,5,28,4,6.24378816329926
87,10,40,6,0.885381829663938
74,6,37,2,5.88414326173805
1,3,29,5,3.05763369616565
9,3,23,5,2.76416624896082
28,2,33,4,-1.88053731535846
55,6,29,7,4.04477757829935
73,6,36,3,6.48046497123931
10,4,27,4,7.5154127428334
11,4,24,3,12.1266103679052
63,7,34,3,7.88567185664294
83,5,38,3,1.1052621106372
28,4,30,5,1.86172207279818
0,2,25,5,5.16569220038825
98,7,29,2,8.88146363897503
35,4,36,3,5.08563402677559
92,8,28,6,1.79745560378186
54,4,28,5,-0.547349418681248
24,4,29,3,6.9819849626551
10,1,24,4,3.17731031835105
96,12,42,7,1.72884963086224
30,3,24,5,0.123983004279862
88,5,30,4,3.31700100865639
41,6,34,4,6.13740427673349
59,4,31,2,5.00238427301882
43,6,28,6,1.08168932863678
1,3,24,3,14.5904093437679
18,2,33,3,4.69701478801899
4,3,24,5,4.57430974355934
22,3,27,4,2.35190859377665
11,4,22,5,4.8684373970299
3,3,29,5,7.23899662158396
33,4,31,4,5.36816656667998
24,3,27,3,8.1575646482004
98,8,35,3,6.32610923362477
79,9,35,7,3.34022811017566
51,6,37,3,7.58177467199364
45,5,24,5,5.74109670010591
72,6,37,4,3.52721721815042
36,3,24,2,7.73687984045848
91,6,31,4,4.99790537668187
23,2,32,2,6.63827434585316
76,7,30,6,-0.0406747393697469
43,3,32,2,3.93276778123888
87,10,32,4,8.08321787650865
31,3,30,4,5.26908004399374
67,7,31,4,6.80066051171273
73,5,36,3,6.20076687351348
37,4,26,6,1.15206268955926
98,13,35,7,5.45731269244433
67,5,26,5,2.48815661290841
81,5,31,4,3.51312800069208
82,5,35,3,5.16827966654027
56,7,31,4,9.28530364413718
53,6,35,5,3.65521664026759
71,4,27,3,3.13218496792123
10,3,32,3,6.45138388044788
37,4,35,4,3.37155117742905
35,5,25,4,11.1258012080319
14,5,22,4,14.3974295214135
7,2,29,2,6.41335815671976
37,4,26,4,2.40332483605906
74,9,31,5,5.70734768329045
22,3,27,3,4.79460997470756
72,5,31,4,2.35581304712177
87,5,33,4,-1.26066157432802
37,3,26,3,5.13483898393543
55,4,30,2,6.17694798801133
32,2,30,3,4.25259558725369
18,4,31,2,12.0558012856335
42,4,25,2,8.69840027494075
16,2,33,3,4.18462036533733
76,9,29,6,3.3632668618793
88,8,34,5,1.96308374455041
34,4,34,4,1.31046576643226
35,3,23,3,6.4951651713642
14,1,27,1,9.90028758302447
64,7,25,4,7.94798949659879
96,9,31,5,4.37970720391792
3,2,19,3,9.09982418057809
38,4,23,5,1.44058193580948
82,7,33,5,5.53032904037758
1,1,32,4,-0.957568694130222
45,5,23,5,3.64938253715584
25,5,25,5,5.3034817147173
99,6,40,5,1.53748832938295
44,4,26,3,8.13773910559633
1,2,31,5,3.12890112725971
51,7,27,7,4.35941861548807
47,4,29,3,4.7639246238623
87,6,32,5,-1.28819391205336
26,4,29,3,7.65262063500516
55,6,28,5,4.43021913510728
4,2,24,3,6.43448668597619
35,6,30,5,5.36270368643371
44,6,35,4,6.85428989655165
64,5,24,4,4.18956424839888
4,4,31,3,8.85313694977301
69,6,38,6,-2.43313506166413
10,2,19,2,8.55834821705105
88,5,29,3,1.88974008605418
94,7,32,5,1.97738110210357
13,2,31,2,5.39844299599022
87,6,30,4,6.1911650486035
94,10,30,7,3.76501947614963
79,7,29,6,4.19718069177594
69,7,35,6,1.10210731224751
83,5,29,3,3.17914523504741
9,5,22,5,6.11973282961861
78,6,32,4,4.69147123964528
89,8,27,4,10.795955508974
76,5,31,4,2.32596841643103
28,2,22,2,10.1990766271272
46,6,27,6,5.54164565991923
78,8,37,7,-1.96165638877342
28,2,26,3,5.98483655505804
22,4,25,4,5.70618629158316
42,3,34,3,1.85008434422722
42,4,34,5,-2.19524630728593
24,4,24,3,10.846088378367
50,5,28,3,8.3476988492838
34,4,25,3,8.1954618964931
89,7,35,5,0.662222024690909
23,2,24,1,5.9690175909016
73,5,32,2,6.25783739052686
21,2,28,3,7.66891923292582
13,4,28,4,10.2281513752315
59,7,26,4,10.0884983913601
75,5,33,5,-0.479413812994028
39,5,36,6,-0.67455099638425
97,9,33,7,-0.40810663038521
29,3,21,4,7.08545814687107
23,4,25,5,3.26802205471879
