K:5
N:500
Gap:0.915907819661412
Rho: 
1 0.8 0.45 0.2 -0.3
0.8 1 0.45 0.5 -0.1
0.45 0.45 1 0.1 -0.3
0.2 0.5 0.1 1 -0.5
-0.3 -0.1 -0.3 -0.5 1
X:
9.31110912047399,0.58354030384228,0.923447547247633,4.66722867004979,27.521668261668
1.29029126138593,0.0713688635695224,0.0810536730568856,4.07932751541044,41.1075403353862
10.1457704180238,0.401093538058627,0.987713537644595,3.19212886677469,28.4168590850602
5.64440071167325,0.0763179123168811,0.0620767537038773,4.77034446804411,31.1748483485655
2.13375860287641,0.159791156416759,0.610840507317334,5.40258149396282,35.3521927757815
1.07280010194056,0.0417302066593041,0.431390300393105,4.21576254052893,32.1609667338529
6.59150439931719,0.241562504394228,0.4878380082082,2.71541700173676,37.3749840230282
6.07165549139137,0.623676249558626,0.31767938612029,9.45508897610688,48.3737320245713
8.89577403434053,0.579358742049276,0.574198266025633,3.15114841832524,58.9479269571625
4.20441600229901,0.158592914752289,0.693850868148729,4.70552827573477,45.0570536057782
4.14652862595555,0.0761760505847633,0.177908852929249,5.90221152441381,32.5282982024698
2.07530368457245,0.193552278603844,0.569232370238751,3.59482176526688,56.2699297274115
4.82793214591757,0.0680024267639965,0.0948778323363513,1.93316367274614,75.2562580199794
4.05906067789901,0.315263445711437,0.0798972463235259,5.0507211144418,51.2820131063221
11.9274893642785,1.70179038811336,0.874892769847065,25.4294272882095,16.1776641532446
2.57720122827039,0.132073347573169,0.809085700893775,9.09568072105011,20.5417423982581
12.7980548450349,0.306902086584571,0.592121254885569,5.76056226446306,17.816959517915
2.41400005465324,0.178900522035159,0.865634625544772,5.76720642093674,42.2800303205758
1.41041735963331,0.0191862544743344,0.00918837613426149,5.82694908278568,31.9221358646043
5.15015912219826,0.102594753727317,0.125990519067273,2.91579265927479,40.1831688887548
5.30085513413502,0.116247822064906,0.52108440734446,2.00250137583719,60.58092902605
9.05875688493435,0.444459445287889,0.689274066127837,4.36289591250389,30.0732922469283
3.90892752518348,0.168330989545211,0.424922413891181,3.25226537940893,63.1098933823921
13.6201143175857,0.405351935035076,0.429072693455964,5.9439904101768,20.2397557950737
6.23196144188295,0.266638595134693,0.961906825657934,4.98505183418462,23.9917019244059
0.967815115362537,0.0841294102137908,0.0707973320968449,4.14510162982028,53.7833563553671
3.56297253969796,0.0513354206376789,0.511742601869628,3.80770087225013,35.2762167155555
5.05570182193392,0.34297998038933,0.804625678341836,7.31564278339622,34.600725627947
-0.555783221302076,0.0192054636859901,0.228470430709422,4.78215757973727,36.9449333725092
3.49876991323289,0.0447398712858558,0.311926916707307,4.44212463094986,37.9938681186527
5.5470707697364,0.200088277215812,0.248805195325986,6.29757897516705,29.930551095682
7.7506016910672,0.447718783345384,0.934938699472696,7.82197865786284,27.3170230781354
2.41558611484259,0.168142730370164,0.0722825024276972,5.69755152418893,49.7247881510462
4.55486127395602,0.274243591808456,0.885319510707632,5.26856856649197,36.9450726864074
5.96887962268845,0.343785224471915,0.307578661711887,5.06924171565498,55.2323267197447
1.0804440818424,0.0223624691134319,0.542747015366331,1.60691080055633,42.3264615629616
5.20325790232325,0.272042710280589,0.460524891503155,2.97421516766019,45.4451582648388
7.94914306361479,0.824778305324626,0.833074240013957,6.53096704742258,33.9828781534023
-0.523632838559808,0.0667557282140478,0.0134376871865243,3.34507140235464,66.5728530863017
3.95094048359704,0.07729252288118,0.778456903761253,2.64418460797773,43.6205002736985
2.83896583249616,0.0712052350064546,0.712296901270747,6.20129147675996,23.5428060906511
5.20125397558137,0.290353816859716,0.24218435655348,7.00277046909872,50.9418968650779
-4.00704844972435,0.00258781132288277,0.0199293359182775,1.46429692325908,67.3988463734136
3.97174395779361,0.169086936744861,0.771981521276757,5.25758735319414,32.2957609719197
5.08977227059124,0.224361582415852,0.517514647217467,5.63936741225821,39.4849434573658
4.19499730834027,0.063117686775513,0.576811959734187,4.76838699769181,24.5842259359547
5.3516886934898,0.409093551348796,0.180858613923192,5.76029373347015,49.5280197432512
4.19365101715202,0.177709246509451,0.853579170769081,2.53254757913088,51.5701003638799
0.707657726479644,0.077987689175643,0.624028423102573,4.81430315884125,50.6623401419009
10.1412298738202,0.429514721014953,0.336101626046002,3.3908699933307,48.9291719546331
6.90794644733786,0.68937862149083,0.460955495946109,5.40661050282932,63.9456365283928
3.14653716070439,0.0590983846632568,0.344810991780832,4.35491799139351,37.5059980894329
2.01301234280012,0.0412710474338382,0.260974191362038,2.39549479011076,39.9853090451152
-1.16368812373379,0.0898219235241413,0.381516097811982,3.45135076552169,59.5664662987369
5.83658588969005,0.357735147213048,0.37990736705251,3.06379740997002,54.4952043229503
4.04965902982962,0.188779218810353,0.865114389685914,6.86909397954947,36.7236084191196
0.0386141125248685,0.0017054008387025,0.08790870802477,4.63608226438219,21.6742514293906
-0.0956182372714443,0.0660888558131285,0.0213277558796108,5.67783137996312,39.1616378178942
8.61059053150516,0.208081289416853,0.95311199571006,2.30829365623402,25.9289352647931
7.48090830261019,0.36014429759985,0.94249178445898,3.5296254703897,33.630936441069
9.91976745924153,1.24106253639542,0.338975043734536,4.30870262620846,91.2932966773748
4.82201970146714,0.372757003546646,0.205655029509217,8.42183497199415,32.7254914767213
0.483471276549841,0.147625366225839,0.0175508321262896,10.5955763224957,40.4737032999317
3.54524576863495,0.0276334796799347,0.434077997691929,3.19875628622588,41.3060330318089
1.16649194081658,0.0643128051888198,0.17688471544534,7.51896446428859,37.3019391334836
1.58257234978695,0.0321425432366247,0.024093234911561,5.89763300751342,35.253779111451
3.83392031138524,0.0631185553502291,0.19075459940359,2.82997413004804,39.3125348026456
3.37341424140551,0.0279717407190813,0.119846458779648,3.05956711284086,38.9455240773272
6.61691345698147,0.351581012809134,0.611996388761327,4.21318782810341,40.4400727520122
0.91953418020881,0.00309649528935552,0.41444192500785,3.31254912395448,22.8829256055356
8.79393456204071,0.454461067893958,0.944209013599902,4.97873873292102,38.7692533320426
0.917108264821095,0.0658449766970722,0.124066110234708,3.78667266724262,57.8487441790899
-1.27398482066462,0.00893085554707795,0.414667549077421,3.53179775977367,27.8955248195578
5.01269193440748,0.244915707200346,0.341329410439357,2.7485395135476,71.8725866319989
3.73051702079964,0.21062009577403,0.0951430776622146,6.72554298145013,47.3360602491491
6.39579617439747,0.19860257160731,0.392954169772565,3.3037139161903,43.4586974687319
0.794376521288074,0.059291173964661,0.0308215557597578,6.55249134510721,37.8255668486312
5.26693000760284,0.279900801895962,0.837139358045533,2.65020823505334,70.2238872707292
3.52537396928568,0.200173717214468,0.837127034319565,5.20372795861043,33.183551333202
8.07940977750199,0.909713198843986,0.719115186017007,15.9360706543511,29.7047832822149
5.62168287911154,0.345770858450535,0.234275971772149,6.18037917550215,36.7979309093495
2.41188384758709,0.133131428039633,0.800223363330588,5.4358502103545,38.3343345663338
4.47938445614627,0.331659126084972,0.93930603377521,5.01055195904121,44.414048049226
7.08384621470752,0.432666597401208,0.848657661350444,5.53396059308709,28.3654469687432
10.2114047785617,0.303217345372516,0.916895251953974,2.79207124451713,25.6450568710333
7.62470031850637,0.371690493056035,0.769514913670719,6.26186752148943,32.4226523384449
4.06188057328841,0.0458787635434419,0.450539814075455,5.17956281258496,19.2086099758926
11.8519680794705,0.921352782699853,0.996089102933183,4.91655300753463,34.8890481359561
5.06970924988213,0.0696861228207126,0.181694803293794,4.5307411376498,35.1404863841937
6.86611620403297,0.254064028373662,0.103339227382094,6.10837443063346,40.3841209065828
4.07160552061016,0.129940349026583,0.168265332933515,5.24542056145496,34.5146844672687
4.60168110309828,0.124381468631327,0.314776478800923,3.86382148584064,39.2827427666196
9.09108965145976,0.264904630176311,0.82752632861957,3.05576728856068,36.9683650627898
3.2028221942469,0.0203860436969095,0.220626208698377,3.49678089019875,24.4613501283054
9.72484788175347,0.347144326002697,0.606546527706087,2.85649550440249,54.1418124009415
6.23268457592038,0.559968697148969,0.982037530746311,6.90065094103342,31.0357488902109
1.86541698737671,0.0252801136812195,0.406129127601162,3.08934782150312,37.9387217995122
6.41899087673833,0.159846121096052,0.86834999686107,4.47012129613325,29.911664513247
8.11089399090046,0.542682067482753,0.858676696196198,9.59299918605335,25.224715551872
2.96188401796345,0.0228648219271127,0.339778576977551,3.24522512448631,30.9205106620994
8.51200451082914,0.383578529560423,0.739923971937969,5.88839579187468,29.5982212003248
3.92249056238484,0.037647296761124,0.392700317781419,2.09078718284658,31.5729418478758
8.07743998798598,0.398787259568876,0.749650950776413,6.29016026214526,28.9227374543444
13.8409646463354,1.37483873630042,0.948706022230908,5.04064939069517,56.4890283282233
7.03234173976016,0.362235263969103,0.787691409699619,6.03502470928482,33.8048356249966
10.3559604284113,0.566568423496717,0.904310615733266,8.04180019150993,11.83779144253
-1.83243630137514,0.00102644052822143,0.115590674104169,3.32597859839556,29.1141026727999
6.41768025614708,0.173521937226654,0.253892920911312,5.28247505609728,33.1022694296699
1.42258435774731,0.0040660718209051,0.264803594676778,1.85924493655133,35.6223493094138
6.80591494474011,0.267724547302586,0.716011642944068,4.30522552452862,34.0376916302716
9.4866968621435,0.288028764295134,0.540406442247331,5.38394740587529,24.2014195815785
-0.446858262019365,0.0426366307074204,0.678909936221316,6.40422462698166,21.630452364629
4.92251081259432,0.129486903198995,0.379232316976413,2.79985130141972,67.4153891145378
4.05107497185501,0.323627400434318,0.580297401174903,5.28441980293323,68.6633594277941
2.82630955467548,0.0243403108324856,0.100143142743036,3.25031514266199,44.9691287877149
8.32398526342546,0.87726176292041,0.658255327492952,8.00031060131869,36.4740739260316
2.48387561739179,0.178183219385076,0.597834724467248,4.12813531649495,54.9852616873329
5.44493476810171,0.23262088520741,0.861765999114141,3.95976772920339,37.7789274060666
4.08903792874809,0.0527907782234251,0.542708744294941,2.95992031073739,27.9499158643558
2.20230649232868,0.151711740880273,0.346662257798016,8.53310269726703,36.3922758276645
7.76922867913019,0.567476506469176,0.519674357259646,8.53504825344043,32.3149334893654
3.48404048728644,0.284185166925865,0.466793748782948,4.07568496827947,76.6546543940186
12.8509100583871,0.91570326729936,0.358373364200816,4.76654338561214,48.5855691906807
9.09969440132845,0.588687185253925,0.910417289938778,8.8438552713989,28.6573800798425
4.24357714740711,0.0701977822463959,0.286546990275383,4.0219049841154,32.4149137975521
3.72424702533985,0.181539643374539,0.0700470919255167,9.35142997632111,43.9797367703357
5.78280172842496,0.397001677859586,0.361051026266068,9.29469902964764,25.8049746639376
6.46265811326396,0.572059913972551,0.97929517342709,10.8474111685173,16.7442778380376
6.67721886845723,0.119075730419849,0.665484522236511,1.55527455746753,53.0223704786528
4.48012957583183,0.154590603313409,0.112955551361665,2.73921842440341,61.3626948722103
0.955402886518116,0.0620811179359572,0.023055283119902,3.65000509216753,51.2799064105314
5.5605007031284,0.450179848333305,0.539205106440932,3.50877374466895,66.0354664308049
8.11366116604378,0.530196505950782,0.986493383767083,2.91992230597709,49.3608067684836
5.76952305527779,0.37058482642979,0.177106466609985,10.4706734852681,37.7185277676076
6.28849820872271,0.490127139238125,0.887885858304799,4.45177804101154,35.7173301385375
11.1625530263211,0.432226297424591,0.495839260984212,3.29402265829846,36.5828826288168
9.04234772102489,0.215489509870386,0.958248288370669,5.32321439534411,22.0676682393797
10.087681394979,0.38454561352492,0.860419461969286,3.02868006089818,43.9595848113321
9.13619798746489,1.07503682089256,0.973747835727409,4.1210786009132,41.2984842174757
3.10723137901697,0.0177768713328987,0.0731656157877296,1.75330464488979,50.5947274641623
5.293326597169,0.21982294483685,0.334032648010179,4.10024248208184,58.7716751233322
2.793342038641,0.175558857376429,0.859715222148225,6.68544975279138,34.5661985025452
9.99088336306333,0.664802817130619,0.980166650610045,5.26381863336606,25.0956169333697
1.39204418782538,0.0451982803208467,0.19698411389254,5.29509042577858,42.5820070185925
1.11151295469997,0.153761147288606,0.274972375482321,13.5725483889248,34.0566611895322
3.01754206481833,0.0251215774333104,0.56884625623934,2.83078401374091,36.695093119262
4.89551833424326,0.355606396819735,0.931349758058786,6.51441615184507,38.6846100881791
3.23307628502735,0.09506826242432,0.486176984850317,3.86895996232361,34.6050505110526
6.32261590682256,0.299834321940991,0.454170021926984,3.7464991688087,54.3218923039557
2.72127351033254,0.0494099551578984,0.0104658994823694,3.85673620599501,56.6263995765434
-0.417246370360814,0.0814260942861438,0.613316891016439,8.14579986866614,39.9577055774286
-0.0372735815166934,0.0207329293480143,0.0108298084232956,4.27157492265244,37.1670351387348
4.89652533292113,0.0585587785869002,0.670732790138572,2.05816939549813,34.5078004664707
5.69246767644518,0.161579430568963,0.109842682024464,4.1275002983538,46.4013136415024
1.49484225799325,0.134388265199959,0.48585121659562,6.90559398962684,51.0488810416797
2.69494499546663,0.0957033420775148,0.797607654472813,4.43191453785273,39.1369074735297
8.1487779985789,0.168046910664998,0.974235605215654,4.92371432933775,18.7021464259917
4.69392404081612,0.285204527190629,0.892552375793457,4.95569766354626,43.3176778048812
5.45678755105601,0.0848427984165028,0.503263484686613,5.35375958535502,20.4377693760165
5.05867213857257,0.0773611733920217,0.651166532887146,2.56232432959089,52.1853740592334
5.18973414192987,0.194320386221069,0.0806145276874304,3.84650092529791,36.706953219703
6.85526345515702,0.709601020994472,0.951359306229278,9.28208743902978,31.8690787338518
4.54826589629213,0.0534864233298757,0.165079338476062,4.28030080691124,21.0002742281663
4.91084839300871,0.12001684110146,0.0804116954095662,2.0508527714928,62.4749671829083
4.06391839784897,0.0410177626139496,0.830219665542245,2.8379174020295,37.7930157017881
2.78651286921444,0.232645835716951,0.106502123875543,5.37819184944043,48.3740383531344
-2.04032109904611,0.00940864848889132,0.0968100000172853,2.65862667974194,56.4112287802029
5.35753451711627,0.262784143666479,0.490497072692961,8.4781968795039,25.7508229419486
4.25166679133928,0.218386206340582,0.786849441472441,9.40381499476277,27.6589906659437
3.60015209703618,0.0658982350723818,0.510297123109922,3.06618943595105,33.9334778643759
-0.512843735705848,0.0832163505453929,0.704000455094501,7.69387905806579,35.9367581736323
3.30594405016916,0.105195232084952,0.770308241713792,3.62905408962764,59.2676023642142
2.79271031444151,0.0955252120038494,0.223310471745208,3.3430495224475,48.4764604646607
9.67690275230282,1.35390002137648,0.831085043493658,4.38631829803193,69.152267799029
4.54731365322074,0.394832777769721,0.547628085827455,3.72456822975512,55.5314540775775
6.7560330492038,0.139426721958444,0.642013380303979,5.95173201859093,24.210949977312
6.97160853708728,0.288994364429939,0.961286452133209,5.12408139145437,23.8444848431097
7.29184232576091,0.288710074488747,0.768409961368889,2.6636531463816,53.8931826331892
5.73633765120263,0.31862856283665,0.696565292077139,3.57673985812503,43.437084897401
2.73272304436251,0.0182475009244856,0.50704823853448,1.22973820051074,73.3630659384505
8.79207640672427,0.432691794059358,0.962645842460915,4.39469812415411,32.4585395840479
6.75706913295479,0.76517046797545,0.239658806240186,4.56001744923253,81.0088769330995
4.93261444084769,0.114436675900276,0.203768972074613,3.73365398582164,34.3676880972776
-0.124219316469613,0.0641902398783714,0.0961478063836694,8.84017607729696,43.2796695186919
9.82660449163575,0.607400728323254,0.337547664297745,14.7996765829539,22.675480117037
10.2720736418505,1.06090183270382,0.999864014098421,5.1124478823783,40.955130144964
-1.8390321599634,0.0774166116691694,0.245765981497243,7.97720505588327,36.2212689808817
3.16916535734981,0.184045370890501,0.849842653144151,3.40546964951969,60.6295721686415
1.9115709355807,0.0484146857634187,0.665049234172329,1.68405146373741,62.0819812345857
9.56106959922978,0.707419663913445,0.960721805458888,11.9179376074772,14.797622952269
8.28550912327247,0.391047225312746,0.468792879488319,2.70300089432074,45.2230309090734
7.95784219702336,0.692766040066415,0.654048347612843,4.23951461018371,61.3145002611965
6.80975229038113,0.336188202247697,0.977200985187665,2.42111292408477,61.7910964896519
5.82569640804326,0.0808890347834677,0.92725439905189,2.58338476551435,21.8839400452207
1.62726286396131,0.0279697398162946,0.278695496963337,3.05087381810501,49.8785409181384
5.61803372819441,0.23513449098796,0.292410971596837,4.06063279307761,52.3218030441271
7.61031421970094,0.731073891636252,0.312267341883853,20.310182869551,33.5300641024368
0.513601930120736,0.0409246600465849,0.0451930686831474,2.19634919579035,51.955090098996
5.88684947488031,0.374991862082338,0.44153915764764,3.72446571408314,46.7349972655548
7.85738107222915,0.354246234280802,0.890007753390819,5.34979799017607,35.9840571904063
-0.140423907115716,0.086953220074065,0.689729798119515,5.1217121990696,56.8904883892768
7.30073904612364,0.268767981081012,0.887614714214578,6.68654401405248,13.9172991135881
3.18457106077621,0.0985044481838353,0.320331165799871,7.74375957823581,29.2012785863701
7.99977016917971,0.511001799234605,0.742085720878094,3.57985389464508,46.3330492988559
2.18201502191536,0.0585616094973922,0.378025175770745,3.76705902493992,42.0330842654821
8.9202858981891,0.258071032459716,0.353224348742515,2.09533894023683,39.9674820333976
2.46492957161846,0.0330462490674108,0.768782308325171,2.0111149440319,40.8302948474989
10.4803917722498,1.0804383130114,0.991565948119387,3.96043040183457,45.7467302762748
4.9035839797777,0.280187057320702,0.2592198245693,3.39302979555693,68.6003321853629
5.09961670670211,0.297236848844889,0.640805086120963,5.16539225987763,36.6493127231182
-1.27656214638166,0.00927229135972588,0.70052001834847,3.5231475377617,40.1260912151818
1.46189412675937,0.0197923701489344,0.410572361201048,2.6320958847492,39.1859457494053
9.85078613892032,1.11479321581529,0.416442962829024,7.07153898578817,55.0205702652131
0.52313362662707,0.0597922953311354,0.0163055113516748,7.41444480590122,39.505430534683
6.59801545979783,0.164131248253398,0.92542614438571,2.2862980408571,35.4826849032705
12.5262674109186,0.824828659378528,0.738245307467878,8.37164396358953,26.0395671953806
8.21866994736816,0.223213051668111,0.853558455128223,2.37724010510543,32.5870369375359
8.63657973940633,0.41487813645736,0.951167395105585,3.38419536309247,36.1897080025368
10.7012995955855,0.858991567003441,0.307272244477645,8.66891940353663,40.192889835784
4.20079575037944,0.324699043052945,0.201582632493228,3.65758127242033,59.6725446678289
3.89821097211394,0.159939174889587,0.513568930095062,8.13624706012753,24.729813191961
5.75560616266376,0.537017713748741,0.136599281104282,5.09916547064565,57.1085025268693
-0.552634662290428,0.00393706583417952,0.21282919915393,3.65868382873321,27.03338962947
3.70265509742422,0.0741509106010199,0.12183020170778,7.16895806870956,22.4039666339226
1.83261276943897,0.025732459500432,0.621231532189995,2.15989745435687,38.6485886662302
1.6508041241709,0.00926139438174214,0.133047709241509,2.53938815924145,40.5543845562893
7.80083189440855,0.218150681365856,0.246175604173914,3.18350943332565,40.6179694551918
6.37896675967142,0.318070191181007,0.946051294915378,6.63119681456474,23.4069267391481
3.18610522005526,0.0716960554709658,0.74136979226023,3.98296563046852,39.6032405457255
1.14801991118397,0.0296173262528354,0.710420979885384,3.31343790591446,39.209347861594
4.02990690810622,0.0399356149323319,0.243722091661766,1.33632303734603,50.3501396772296
5.4639850449088,0.310341574939641,0.510323467897251,6.33953223490402,31.6158701226723
4.33302650662114,0.0414496617158875,0.695077557815239,2.74862607392204,26.6021041589971
9.28303142722054,0.297133391945365,0.269872297765687,3.89603173193223,31.6720267871878
0.963915447822468,0.0210471217287704,0.176593508804217,4.85040746834636,30.0577211025563
-0.0822102958284452,0.00894414237700403,0.00815302692353725,3.05794313039164,37.6319916547433
10.9405806441086,1.02000103280285,0.99574853037484,6.79714352465214,27.2740715184843
-3.8002657848611,0.114041961845942,0.816141484538093,7.03377226338813,45.6476762971233
2.89164295956056,0.015115431160666,0.626901394221932,1.20002946099377,63.3049102752168
1.45537474126753,0.085556712442986,0.805014624260366,4.74083559316321,31.8722232801417
11.0233905044909,1.04713862103628,0.727533191209659,8.15791030881949,41.5861496173566
3.78805446629325,0.275695981680158,0.48580731311813,3.77126425638128,93.5056934925608
5.24599265479167,0.321815517254847,0.627014613710344,12.9966785453847,34.5349499652308
5.12713366104772,0.241136557412076,0.921992409741506,6.46586239435471,34.1765101000074
2.51446310017472,0.171377165592276,0.0971642194781452,4.36003390931852,76.9185172350715
2.26034194074879,0.0219642971754949,0.0636619625147432,2.08045372527377,68.6645759893509
6.70197767873144,0.444436397848135,0.715826901374385,4.13584566449963,54.0898140304189
3.86050821760252,0.148088207817636,0.423632622230798,5.03254584403232,48.0915365305553
1.10631285012297,0.0101835823152214,0.102218956686556,1.90367538939246,48.6529550470097
5.01601078111552,0.111418015664166,0.880245009204373,5.91992185536904,29.9359634202536
4.91859863062885,0.445525141411877,0.785727649694309,11.2936105834413,31.1205854891841
4.26970062980282,0.0513645535102114,0.240738925058395,4.10514089356748,24.9585746249467
5.94396416143178,0.19013645048176,0.672582965577021,3.22694501749792,45.2411059071761
7.25336246239547,0.514881241579956,0.486685219686478,5.20444876627415,46.0666999651045
2.15099092293958,0.148627698072232,0.362748032668605,9.85036755437968,31.8560587233532
3.90001718646951,0.0927281473996118,0.525245514698327,2.51291980613132,60.2326029709028
9.74103793098095,0.232536504267457,0.334964303299785,1.61590142332688,65.648038239443
4.7692801093802,0.207543923043388,0.108990251785144,6.66198739449275,29.0358412484136
8.04424281649691,0.603938607001835,0.455839874222875,14.8749583533263,26.1328031295773
1.47299139182406,0.124705846214979,0.174429893493652,6.31734859233036,43.5559300831939
-0.698786855126308,0.0463832842825184,0.0661204527132213,3.38865931145021,46.2128618406761
9.37209776442029,1.13379094463991,0.999076392501593,7.7742031991449,37.3232932039983
-1.51533666464297,0.00282140006100143,0.45744369411841,3.49299546014647,32.0930587581503
7.53801898047831,0.314968994153302,0.235839103348553,7.24045519050682,25.2161086836195
3.02177406697768,0.0413863273498868,0.169711452443153,2.2749438286398,60.643546816427
6.32982734203953,0.282794220336018,0.211727228481323,6.69679507677385,27.4923456331841
7.84981531586191,0.2587085616525,0.563957490026951,4.38439246244373,38.9354801513633
4.46328547165834,0.158206401043572,0.602623891783878,7.41709349736112,21.6511972918146
3.6777959017513,0.086949227610603,0.0408379202708602,5.8905959903144,38.484661037567
1.29080327453681,0.102959516923875,0.374319792725146,7.90305889440842,27.0314116782096
3.21297324848838,0.194411049353632,0.274714965373278,11.6420176332269,33.4427076061843
4.96867362902791,0.181868544769216,0.64066422614269,2.66594033878073,59.9395659792571
1.96804762844615,0.0884048747830093,0.85075333667919,3.60220993577111,35.6115079133006
1.8741625453333,0.0130725915018198,0.0214044167660177,2.04562745448878,53.0956588728335
1.20665539843396,0.040037108994315,0.666794315446168,5.49829728399008,30.0930532896022
8.3013881072385,0.670517071584398,0.452677961671725,11.8951311455954,33.1228861880076
6.16498254103269,0.288950990176502,0.840587131213397,2.33100276696121,69.2911492417529
2.19465531583934,0.0716910639312118,0.200822780374438,5.25103004118523,44.9479211518891
6.84629356984173,0.28382137044214,0.854975309222937,2.24665369107015,54.8559785332224
7.35060989629048,0.252851847903588,0.47647207393311,4.22156409938521,28.400788342319
8.43043468084018,0.466570123348223,0.302044411189854,4.14269347258083,40.5166246461009
5.61219462132676,0.189267446575942,0.194920726818964,6.79419447153369,36.7912575765847
4.49496757886001,0.0957979543600231,0.245787384686992,4.2718888624388,31.0325285990456
0.0812378098809878,0.125926774926484,0.100948942825198,8.09229620073926,55.546499211099
4.08342255433267,0.315658107156608,0.523842453258112,3.66992694484004,60.252855775732
3.04703260690767,0.206087270973924,0.730461994186044,3.07606934540247,118.482503463355
3.01465079419554,0.0578269589459524,0.424704931676388,3.44576085372248,52.4876359164013
6.23487732724613,0.352234851375903,0.472324463538826,3.61916469675733,45.5878398344774
2.64037280428707,0.130064174416475,0.381404742365703,2.965083577015,86.2913798927552
8.87714068652323,1.19194845569538,0.332732059760019,10.4389529111831,39.9110899096626
8.15979564939147,0.81882671102498,0.484671756159514,3.93207858724462,71.20332405303
7.2733769404254,0.414395482411959,0.237409366294742,3.31613912422605,54.0937716724015
6.15370809946248,0.148141160025261,0.46632541064173,1.76352149742048,44.0272436564483
6.93848399236079,0.124625023920089,0.149636822985485,5.2578185809047,28.3941496995014
-0.0692595766083617,0.0292310771319416,0.0670647372025996,2.25215830372128,68.3156690744246
6.92647357622025,0.529957276846783,0.937521578278393,9.89150301289303,23.0407133535578
4.89029250951274,0.072978918091394,0.178216239903122,5.27458482446772,19.9610608087793
9.38458253745214,0.37715785296396,0.449332292657346,3.14453539058128,42.6567569801429
3.89079447805652,0.120031191659492,0.304705717135221,8.7012426663481,33.2310940057949
6.33181295926786,0.548411625871593,0.200314168818295,5.71658368815606,50.4917689341608
6.2464121127598,0.214777797217223,0.424489335389808,6.14647135447766,35.2481609125723
8.58616908302422,0.484323931836939,0.483014535391703,4.93325064170465,36.7472809650018
7.27961029044598,0.499792425872243,0.210287702735513,4.10873496837812,42.3117052369307
6.67553522414879,0.13148815499153,0.758482729783282,4.34196608816367,27.2513287908767
8.22923727515765,0.241879108118567,0.912959975888953,4.44193855279929,29.1908503936131
9.70568200734925,0.701144007923913,0.427840331802145,3.71814599738685,53.1487891421379
6.02753609285045,0.156216144678183,0.211657227715477,7.12626684665018,18.5131339755181
7.18596774525926,0.293006583339277,0.356833833735436,2.94343900012556,63.8410627423737
5.24427937345578,0.185267841200087,0.216917964396998,5.83153095567638,25.8835705719201
3.8034131440754,0.117021064041182,0.492087047547102,3.29009635650892,40.4898698729578
8.07681649976171,0.28096635176357,0.968295026570559,2.8291588856901,37.2164344353899
2.9158050097455,0.0224853242980316,0.0102934541646391,4.90252880312607,38.1402864803863
5.81779160544679,0.261032609533195,0.104523313231766,5.97946483495482,29.9386844696393
2.541971516559,0.163247956312262,0.0500771459192038,7.69578097194194,43.3269494710827
4.55166793035666,0.220964469337914,0.754238245543092,6.25487702009172,29.4472871113777
10.4947954098822,0.652159882212216,0.847576486412436,3.56777119194867,37.7890194738309
6.63795513337624,0.284515894473273,0.969157531158999,7.51518297830186,13.8768679736987
9.47789326096708,0.776966636958432,0.34398827678524,4.59795929502722,42.1949164134278
6.68096073804602,0.532221083963448,0.908242701552808,3.72875646407665,50.9254927566297
1.57515683676559,0.0208164340816573,0.0100794122554362,3.86368659410476,39.8568837199547
4.45024884500357,0.278813392844725,0.187062884680927,7.59657685000168,49.6799214285306
5.22232017234314,0.406303139398724,0.708669065730646,5.21326616881889,58.6023951049786
2.04659311960631,0.127039737184532,0.34100499888882,6.56221843999298,35.8901227532152
6.02833852533344,0.103937854734988,0.0905212711077183,4.42133103384521,39.3730304445773
4.90649001541767,0.290320293134152,0.118176797404885,10.4633585554049,31.219624176953
2.65031897920171,0.232828323103873,0.264839857351035,5.16485758663079,47.0520223402429
-1.43094678944626,0.100046634441242,0.566027777735144,5.63267456459843,60.8874978048226
3.12003776740778,0.0383866883792177,0.653823343338445,1.5395710166707,54.1295808539416
4.92253936839798,0.419072229394174,0.915006417781115,5.38165989225527,41.1865438394292
5.50347894464417,0.236805114184906,0.332225148798898,7.76183298155563,21.99466634873
5.00892326205853,0.0579356409143656,0.694578029448166,2.30139473426856,41.5580232514207
0.862815201658102,0.0457638732800013,0.470342078944668,5.30181764471942,37.3350972137402
8.57914972487257,0.308611803910437,0.827363931573927,6.1283489348299,18.9742503128228
8.5275257244117,0.6517283511033,0.828844415023923,5.97656021487925,36.0539108516244
6.36166817415851,0.202756312279548,0.794664614601061,2.51876716254821,57.6091178492221
12.0582200870911,0.471612917703992,0.275334154022858,4.73662252247611,33.257631139384
3.51448021639866,0.0926910342326733,0.455146431457251,3.62799239898954,55.0119052140577
4.63597028932493,0.0598356717964634,0.0285577869508415,2.91603579219773,47.6790717230462
8.43245472254377,0.287717899064276,0.940628407523036,5.28655493697291,18.5938118386543
7.38458067750284,0.16539865010418,0.477985099889338,2.78350377484181,42.7538065645022
7.05412474515604,0.48141717489571,0.756454374175519,3.8241564700857,44.0285977560637
5.82860172989034,0.162390962592326,0.15402697538957,4.51538538065116,30.4247356873426
4.89927384298734,0.0538197224618391,0.82520509371534,1.5420840604701,32.4347074789068
4.0709484708876,0.0765637012664229,0.554981779539958,2.46117168556922,41.8883300774374
7.26760041676913,0.208838860260996,0.450502394000068,3.72707506975376,41.3839389831138
3.88670260855306,0.27615759683654,0.516847193008289,3.7882724559522,81.8553102380232
9.23003191032975,0.391825932014125,0.967817126307636,6.06484457727766,15.0987107391832
3.1704876177555,0.0448462517898506,0.675888040103018,1.61958173446963,45.9162689741595
1.10152103525526,0.0520760115547731,0.636855792719871,5.57029107710393,34.9821878453044
4.47382049837946,0.195582912293005,0.634932037442923,4.91951359264944,33.5638348077728
5.26297190492379,0.0872953263797328,0.830735506257042,2.12359398610738,48.6066665048782
0.742088717618898,0.0451718060066923,0.0166810117661953,3.79618165355144,43.8815449172307
11.4385929359713,0.261547075806859,0.652071601944044,2.67593202490722,32.4296742904928
9.47474317684335,0.484258267541832,0.430847284151241,3.86711549644238,46.6024397825653
4.92570440336866,0.303432100724802,0.295081263408065,4.04428012958379,72.0688073155224
-0.874556152425273,0.0799354598810214,0.436061908490956,3.19204303274516,62.1511162144805
5.7289206077027,0.101075854036026,0.66311933612451,2.5579791824872,32.4376533917409
6.4898453226305,0.656743656346732,0.572038550628349,4.65311346347903,75.8191945954135
1.13034772825005,0.0338398879393935,0.236593118403107,1.93763003949202,60.2365134523454
7.96589903236243,0.456256595419204,0.511490748263896,3.15577573473076,68.7455414916901
4.35313479104675,0.166663750773296,0.0855451999232173,3.30871725110724,54.8094838947011
9.41847265872445,0.659993324779655,0.926107364473864,3.98253639083827,49.9986552575694
5.30133613212791,0.192056099640879,0.302741052117199,3.85937339774713,54.3467488983148
0.909785072625843,0.00456967826984917,0.356585107278079,2.38338956157309,50.4996321396609
4.81009553092918,0.179946042586792,0.574965490726754,7.57887192862315,23.3410488385936
7.76320172283859,0.314866831515658,0.261740053771064,5.10079716755729,29.3795413435853
4.40424097743967,0.0577720200445389,0.0702990530990064,5.09862664621105,35.0197304586773
5.99414370612861,0.163041426683776,0.923505720682442,2.59294605230188,41.6337706325642
3.65771222059481,0.23643198305622,0.927976962877437,9.87532725322462,34.3528443175674
6.19533658303886,0.133127056527883,0.205654426245019,6.33876234757069,18.2690589479811
5.93100601318275,0.428146610015488,0.572291210759431,3.15384987548161,58.2081572227361
7.93469918328328,0.265003786877471,0.403033817186952,6.21717093728468,25.7107532293617
6.07188369684369,0.144909172784537,0.919970531016588,4.38348212625498,18.7412947033165
-1.75946685175969,0.00136024062521756,0.438748095883057,3.38648079920937,37.9850529863877
5.53377477634608,0.135820815223269,0.699833226855844,2.73800434367758,38.0441274635359
5.97090309780354,0.27657913885814,0.86752344458364,3.24432565763626,50.9237762987574
4.5029416127385,0.101778167649172,0.882301667006686,2.00919619031588,38.8330540476635
8.17853098519478,0.22843972708911,0.533178958809003,2.37207433871165,40.9363950417246
5.75552342080098,0.244414661767635,0.367603262653574,4.04377854309113,52.5801502927511
2.18941435180547,0.0962495795683935,0.367246225709096,3.31273785213055,62.4801049642371
3.7760275715969,0.182885246443778,0.866977894445881,3.49692443469596,54.4156824390432
10.1991520071463,0.72567099514873,0.98237212584354,3.69137630578963,38.1751751799347
5.67769193278949,0.320438256011087,0.946388754062355,4.25029828283628,47.4927761013394
-1.6688529351085,0.122298626927659,0.418740693479776,10.7415613392513,27.9808974642747
3.82613072998051,0.0383732869522646,0.474285071948543,4.27709822129135,15.9466693159086
5.36965741493317,0.241252217198464,0.939848620444536,2.22661710839129,63.9007875365054
6.35784114975599,0.467578208052969,0.510291717480868,6.056555012932,40.3919754521978
9.38242462191139,0.445844457929438,0.832851830637082,3.64350642741338,41.220999922035
-0.485381830928643,0.0254254370229319,0.369548669783399,5.64906255531898,33.3958710494804
3.92453607070505,0.0937922826269642,0.335966517683119,5.81475568467989,28.0330987267329
3.2943756724722,0.1168270658236,0.437789387768134,8.18538025167648,27.0159005470772
6.14903911498974,0.624953920862677,0.337127171922475,7.84936121430152,57.2563942472897
13.5579548242249,0.506378048544234,0.424699574941769,4.6249637407842,44.0591008849237
5.59738698586435,0.453952723627395,0.846109459642321,3.43853179936572,60.9468839665673
5.47882631641142,0.243806775183159,0.937788142124191,5.86385255010917,22.4234371426144
3.24286269657901,0.035607112847069,0.0479618394747376,2.63984266972324,41.765733138123
6.48831145410379,0.614688534723753,0.504558296408504,7.12737340673271,45.3669058229416
7.81275598461814,0.320933860716152,0.655043669277802,2.41553763050607,53.4681037804902
3.91671505004782,0.229682729989513,0.679664429510012,6.64012178598456,42.9609548742389
6.6732544372599,0.269254325458513,0.800210961606354,2.16431352704187,60.5038356545423
8.46126802347699,0.672068173499936,0.379255539504811,7.29242928612653,30.8935251374679
9.56413140467594,0.491596579065031,0.744609329849482,3.32397080245653,47.2845829135162
4.64045926966035,0.0748880234314129,0.0515851259697229,3.93557366766915,48.8615967829748
0.425082283749375,0.00377332658622418,0.448027335107327,3.55851402021856,25.5723724572441
3.12844951103157,0.172213038778864,0.651809772709385,3.53556229240044,50.1545360230456
4.37687739290016,0.059773723827675,0.859306933125481,3.45032531868554,24.0732927465852
7.23662111908435,0.346350840515199,0.869764595525339,7.4791850312821,27.1465198586077
2.03403571454945,0.0877823467599228,0.846411394421011,3.49055899995414,48.1828690720797
5.02117034720257,0.28795249153741,0.277812756830826,13.8965959838001,28.7521499733321
5.13495183900757,0.212822590333512,0.277374002384022,2.95681542547549,67.5113506347376
9.21921538277244,1.23846517169947,0.943676076363772,3.90366738339682,45.6666447924544
6.75038956447473,0.170221041189507,0.530267536872998,2.78570961583631,47.5793542128442
0.646488657805264,0.0132581968791783,0.407205651514232,3.23286069021216,36.3476800383088
6.23948498525406,0.152835862245411,0.643512215930969,3.32452835431878,29.7834488870456
6.49781195131476,0.154401493491605,0.731492707505822,3.64316486267835,38.2185490908559
2.20031535127221,0.0546699671540409,0.632294091861695,3.56985753091815,30.6097394242783
7.15629908986692,0.218369514438066,0.869457402965054,3.47120883792498,30.4317317597261
7.81351472983199,0.192271853786635,0.44103442505002,5.25140752664168,19.5110594587336
0.727606287857053,0.152726883767173,0.656876844819635,6.80425892963216,33.6611400377131
-1.6330653088233,0.00861250785768254,0.228227078914642,1.63670143278232,76.0915150800956
0.70128276454977,0.0996238008374348,0.614218999166042,6.01630135274468,35.4371741658491
5.85514909500311,0.147887992789038,0.318001365056261,5.49250798696846,21.8157010529631
8.63281754159516,0.735758594764025,0.296700034523383,6.38644259935769,56.5116980848568
3.32606396560789,0.253836544804973,0.275035701924935,3.88348967215227,80.2466397614313
6.81911709085951,0.716531866225754,0.301739388378337,9.86334087000778,47.6630708040704
3.06606702053888,0.0760738819952618,0.133015555562451,2.49289979798201,77.254023503128
4.83779351419686,0.352213158326472,0.955625200644135,4.92808552694939,46.1667551647736
0.349132003243342,0.0691600380427505,0.236290834378451,8.30600922414999,24.308673085531
3.58873167661871,0.284327197725418,0.190769230714068,8.941622467329,44.889314576825
4.52202453816628,0.143864515470341,0.805261809378862,5.88963781276052,26.1323950285233
7.18127217216316,0.307426786971021,0.928317871177569,3.28783856395221,34.5556771470839
6.93757664855885,0.609506184241758,0.313981386832893,5.87982262463865,42.50266134427
1.77395078992711,0.0163338259279107,0.0251009329222143,3.22457408810867,34.9731587840339
7.28559008502815,0.479677807053036,0.686779397772625,8.5845174773452,24.6004378542718
4.89974204302886,0.440162162741131,0.30649317195639,4.16039034866158,82.1563660018147
3.95115736583518,0.336273649464104,0.864951456431299,9.946620413093,33.5790012311288
4.07269994244598,0.104563114931807,0.0768932127393782,2.43600327208777,52.1302038310789
4.7757257286266,0.0543035386363044,0.677333181491122,1.55571337649934,35.1212563883797
6.13575166492318,0.148436507326551,0.214489032747224,6.58648330875109,15.2567305527898
5.84754281733151,0.183418360295448,0.948971976293251,2.12388824842134,48.2692282285428
2.25658094974682,0.0390916575136475,0.702359996270388,1.91122467433166,46.5440343913985
7.51739225893482,0.591883945809557,0.577122671529651,3.86602300385805,44.0201429519029
3.29091650234726,0.0515073029091582,0.142927850596607,4.77969898204258,36.1303737261146
4.46859619941683,0.107485688873567,0.862685369793326,5.56263406081514,27.3668110934097
3.48173851654762,0.182507425768974,0.407536750892177,6.39662307299288,37.86592635244
5.3807914401516,0.528361170254279,0.656383508117869,7.78020246658512,43.4736320253091
5.76782596935292,0.183921544336456,0.47490504803136,2.06291674684463,56.0923947483848
5.35588090910804,0.143513628514484,0.922551230061799,3.31811236725355,44.6105620634991
3.7316990754504,0.0290688682403265,0.653425198048353,3.11231713969559,36.5367166531196
6.78110339898767,0.135852293111384,0.954591974616051,2.90502837728023,35.0992763210761
9.84435925815764,0.311586332529083,0.933796968543902,2.01816669129219,37.6791093571878
7.04724370405216,0.730794176417303,0.292342206463218,3.83884614134912,57.7487423361714
2.1938518330205,0.0129677893128246,0.0219377444591373,1.54420549143913,54.5777839205431
8.44181975959819,0.607042267421419,0.928191032027826,8.17557954716338,29.7139992785491
6.55740162939516,0.137336478219368,0.940376906422898,4.23318395800751,19.5537652924774
10.2784231325105,0.399956713800983,0.419606378301978,2.72990814558975,36.4227551106438
12.2543116756744,0.322696171923283,0.919121121056378,3.34596276948531,27.00283858765
3.98961527488373,0.199990291630186,0.44141206680797,2.83902537346337,50.250734358431
8.46706038163388,0.74106364693017,0.976273269858211,5.90064966927222,41.911305500095
-2.12931892535159,0.0358128984225914,0.537764426087961,3.03424567983209,41.2062843821534
3.60287210368518,0.0351080760803487,0.0736242360435426,2.36045336871946,42.814944443741
2.39251088682114,0.0781613795552403,0.529236596077681,4.68202766782439,52.1643629868283
5.42882504930525,0.354902113766825,0.162370223086327,5.50658300721409,37.9551387213876
2.91896369267897,0.0313351608347148,0.134429644793272,2.04648960880889,47.9737119026952
5.56689962469335,0.145994589664042,0.633765875129029,3.12910387023548,53.0464085485025
7.47270595811471,0.293964175354685,0.98142054816708,7.35432386292429,19.5481015548849
10.0322662531065,0.410480353960252,0.412610517349094,3.69436027478527,31.2191940320221
4.38644080321132,0.235449052870947,0.285409552045166,7.58848329322121,39.1520175652932
6.46650200790097,0.123324873973615,0.436668599722907,1.92203702180206,46.9892282514678
7.82587610087383,0.663460735665792,0.930893558543175,7.01810173520604,41.5320839985326
8.49813392704661,0.314436637320298,0.931571205845103,5.37618357732933,26.9880191129051
6.54662453810212,0.180566018203947,0.239052964840084,2.69119628619536,62.1173670347174
1.33809779052497,0.0426494847051799,0.0974201250355691,4.11486440740786,47.5757336711584
4.4672387566647,0.0614247320918366,0.526608764426783,2.14066277184133,41.9865685102191
0.250772759590536,0.00321462407894222,0.00779280415736139,3.42831608500206,33.5356996211254
1.17857041505572,0.143982242327183,0.273999942233786,5.40869912138132,40.4129181533987
9.8141124917013,0.493405000592886,0.415448866318911,8.12615449367361,31.0653682877948
5.25099356784973,0.201501619991589,0.166690756799653,5.768296888643,48.6599262528753
5.32443697349443,0.124744867091067,0.739685517270118,4.60547156354315,31.3326825405277
3.85615658945171,0.267081483256745,0.88484097761102,10.8648775972213,32.1951712118697
-0.277499519315986,0.0549421128816903,0.013642605394125,2.79549026067669,73.1171846847885
0.120301903539628,0.0257174620627866,0.26002187631093,1.77168438260489,77.7015256559135
4.64505351799153,0.114897285109694,0.714996717870235,3.465877979896,45.3357022289104
2.28385929851387,0.166316306218505,0.689741745358333,6.31879501619171,38.1849064866685
5.5950676423496,0.545422024527723,0.557898426661268,3.91757756007634,49.8039663914404
6.24602304664925,0.367821554453633,0.661114300834015,5.64941014325306,47.5355431496673
3.3773980630038,0.0283605031430076,0.245034355204552,3.82192111266738,35.2069226190499
2.6808517714636,0.15705377375707,0.838124830741435,8.93070290712287,30.3777968939855
5.44814701874388,0.464992554831762,0.97980107483454,3.73204331810932,38.9219537490594
4.04961824707338,0.083521204080308,0.0362905822694302,2.31389643112539,61.2833566014679
7.67346039409018,0.634519100623363,0.574003859888762,6.54447515856785,40.1383956795352
4.47017157033124,0.278246539933226,0.74002056568861,4.67257208310576,36.230291917615
5.06897100804967,0.236296389008614,0.511147000826895,4.81741293909502,33.482336473069
3.81561803309716,0.193279115369928,0.886987581616268,9.23216877986332,32.0235457982772
5.70925371707996,0.481533290797329,0.150341251632199,6.3768531568118,52.5728508199044
2.68656349493205,0.207864804881367,0.219243981409818,4.50856041259133,66.5284182751722
4.30801973747239,0.178112681944597,0.257441501365975,2.56735948776997,71.4152140530732
8.49110316887924,0.209797966516319,0.1542002200149,4.83113550947847,29.6461930339754
3.38391291023568,0.241729842775422,0.532839943422005,9.64817596771255,27.1888873842592
4.13846424112476,0.142093865084462,0.684880086919293,3.79641117459393,49.248223670129
