K:5
N:500
Gap:0.56717461628408
Rho: 
1 0.8 0.45 0.2 -0.3
0.8 1 0.45 0.5 -0.1
0.45 0.45 1 0.1 -0.3
0.2 0.5 0.1 1 -0.5
-0.3 -0.1 -0.3 -0.5 1
X:
63,9.02042735283571,0.151345421676524,0.574712631991133,7.64518342302061
31,3.03876601225501,0.0240239648062988,0.474990813527256,4.37174657355671
24,0.199869878518356,0.270981225640255,0.483987817540765,2.70154546128692
37,2.32064379435307,0.2006876598113,0.472385929198936,3.51454597758714
35,2.25358810174293,0.0485979642253369,0.754087045788765,2.78051757381515
29,5.13483898393543,0.216352992562689,0.351450835587457,9.72594623220488
22,-0.143113333867181,0.212117885461751,0.0665152862202376,6.06241630360875
55,7.5641673484981,0.739565094890905,0.626545409206301,5.25285653448135
18,3.41092848887876,0.128594562760554,0.438551182858646,6.15446832034442
0,3.63227540582098,0.0864779489347711,0.847188046434894,4.89080730713416
36,3.11944314019434,0.0369964424753562,0.705572545761243,2.40621727000505
88,7.12792360178129,1.21468089187617,0.366020278539509,3.40876189090061
30,3.7131921430327,0.115424720510165,0.131332257995382,10.2448455820545
45,1.86027326457016,0.181751047127866,0.163151535671204,4.0102333453799
43,7.20244678637285,0.559738758454257,0.312897618394345,11.2279310306533
41,2.68661315054737,0.0977762410184368,0.578257508808747,2.5465210807894
96,9.45817423948293,0.888420355919391,0.421582958428189,3.13908823577676
14,2.76230474746759,0.181425148467579,0.368535078363493,4.78141003225816
40,6.98412305052902,0.198983163096684,0.904128747293726,5.27888003422807
23,5.82858125823515,0.137990765622817,0.697340667713434,10.4414344156216
12,4.36585289841344,0.213515078769734,0.80185750965029,5.1305171843834
31,4.17481822822308,0.0396079713273021,0.383356482954696,9.1231174367817
58,3.9786801566162,0.150552882696502,0.673898492008448,1.87911314438092
66,7.69972135283278,0.26402453155443,0.842612774576992,4.00005344537637
89,4.79927915108922,0.163003465626389,0.729348685126752,2.13830033905059
6,-1.74860929963862,0.00481162668598706,0.225165492622182,6.39738403096854
94,8.3476988492838,0.0713515464449301,0.830166742904112,3.13134342740185
74,4.30853840956081,0.115218391617289,0.0335275670513511,8.53378275725857
65,9.26863377208397,0.122455924516544,0.998101868433878,2.89971388040719
21,0.925484410346658,0.410374856296825,0.656723698368296,1.84254863628789
39,2.36431035369692,0.0594623427605256,0.628680517664179,4.01225869413996
32,4.13176507130784,0.0132235715864226,0.674136188579723,4.49250246651087
48,2.82956218143494,0.267607406469736,0.0610705181024969,5.15479823524509
84,4.49670722397694,0.161918558413163,0.283463074825704,2.13926692988101
44,6.13103960250876,0.171009608078748,0.348390746163204,9.84974616068496
50,5.7960741157112,0.0683293085312471,0.517786598065868,5.26020038219231
99,10.7439808324288,0.159610183211043,0.388765695272014,4.431099722257
30,2.64090160597471,0.298719983071762,0.293016412528232,4.83454625518122
4,1.49391548311658,0.0398374834263556,0.70360111980699,3.54661418892019
33,1.79344105406702,0.0304840854369104,0.632718855049461,3.82610002593425
12,2.35907556658588,0.231559442345727,0.138824715744704,5.86740176775481
71,5.16835614212158,0.276213326841224,0.805992756271735,3.11518203491814
59,3.26095210524141,0.179310012598264,0.142871497897431,3.19378364163844
54,6.49325443104573,0.290800020553845,0.575390840880573,3.81337803933787
42,5.9625054842432,0.378715051782733,0.933827918721363,3.77327834974138
57,5.18384458686435,0.0484239847928528,0.636097678216174,4.70898389807488
33,4.55098364676509,0.170044640777633,0.581206830451265,5.22512442638765
87,5.44425141837803,0.205797228801894,0.275423422222957,4.51860621009649
33,1.01280870999504,0.152110115846446,0.00656653381884098,5.80500012302688
42,6.80190586469105,0.250075855663017,0.584759188583121,4.92415093476403
48,7.55994016447725,0.422275308498597,0.819529053987935,7.03164958913185
63,3.86628630888749,0.824290724429202,0.0796604696661234,3.13200313544985
19,1.23251617285859,0.291922542954537,0.0439613426569849,6.80758110769697
53,4.35628533930495,0.0258140884106979,0.841282365843654,1.9485040487639
56,4.28120886321499,0.0430687053193079,0.881837309803814,2.28799947898435
45,7.10378227088355,0.0662843368700288,0.749531711917371,4.22364703936442
92,7.50898943092312,0.241270058777857,0.378990476252511,3.88158899668804
12,3.49925504917042,0.0219883871031925,0.961863439762965,3.76554504364533
57,3.73788035831059,0.363686552250242,0.0553828177507967,6.07545373080747
26,2.06366839528419,0.0225975781213492,0.0989669903647155,8.18244519543731
56,5.36003933221047,0.855539521160436,0.19460856821388,5.05873034282245
75,6.48023656867606,0.665344464381985,0.882804367691278,1.30656295948112
23,4.53058844001164,0.185419174352786,0.353433382930234,10.6157294585049
1,3.27783144506067,0.0382471720806311,0.746991171035916,5.28618974824223
17,2.2075318760073,0.384178502929813,0.603613869054243,4.62064786619328
20,-0.197165834203833,0.377044870031482,0.0138257080689073,7.47239215127373
61,3.80829334403078,0.0477238381920122,0.568816178943962,2.45294514397095
95,7.62199376034697,0.749751707496953,0.622746630571783,1.93370601796552
22,5.66415885048738,0.333309947735372,0.338897453388199,11.8976936490263
66,8.23632050813971,0.423129505456841,0.720372897107154,5.03197253889115
66,4.76547585470005,0.0748090881163187,0.277878824388608,5.92365073879187
77,6.36919247995313,0.0626175224315375,0.767817893065512,4.12557988483482
99,7.25266428073,0.201576866897497,0.889652816578746,2.30709779685394
93,9.71259434201087,0.145133139682002,0.883491600165144,3.64709532107908
9,3.07161978656462,0.0347845487438449,0.829073502449319,5.67940194266718
93,8.03373291245897,0.382196566534644,0.244233778910711,8.27215460418871
96,8.27394802854595,0.187368998293507,0.191016759956256,7.70943181311726
98,6.02318349023294,0.317270830961618,0.730047146091238,1.95007825299481
59,4.00265416501145,0.498017429818815,0.600051695713773,3.04663116312744
15,1.06224844583142,0.175203171781007,0.0744945576880127,9.3623106758155
22,5.51250199237217,0.0231658491636252,0.429669277975336,11.5130570408713
38,4.49055065445531,0.0128319839714095,0.87050134409219,3.1852803716628
6,4.04346141728508,0.372155240496218,0.541105048265308,4.64958415656557
72,8.11167685967655,0.339615014138374,0.934920219006017,1.94225768675215
58,5.86344712729449,0.41834169667404,0.877473773900419,1.61132765490102
35,1.11450480332026,0.283128497180271,0.0410691904835403,3.83379101961207
68,9.70316615645845,0.844112870913006,0.927593796513975,3.75808744488372
41,4.67726156349343,0.223416198034513,0.630404407856986,5.7713243808423
76,8.03286077930563,0.984685340378076,0.482582122320309,3.26828765158989
42,5.39844299599022,0.671244333001012,0.375320519320667,7.11058386306096
56,3.14807151498573,0.50471079207719,0.549375453032553,1.20427980099503
74,9.90028758302447,0.639314705464649,0.818052255781367,3.08229382327335
88,7.84367672680956,0.749124710147167,0.309689560206607,3.61351237430582
80,9.78720856716988,0.215591257660392,0.979813425103202,4.25922250726088
36,6.95608895119472,0.57678152012282,0.734117656480521,4.95305708580759
43,4.18956424839888,0.0662679121596739,0.446208970621228,7.85503592611996
87,7.24388039164389,0.60442416599595,0.22089571133256,4.30895898304998
88,8.35873127826313,0.537569922006545,0.936624399386346,2.44467666463945
91,5.42319781891489,0.726316861766291,0.54851912194863,1.4337383116801
82,6.69838774665958,1.12317882937597,0.347821238916367,2.63653657967153
86,8.96703434320845,1.22937276626105,0.890857101185247,1.66537482107056
9,4.2973029317576,0.407949701115466,0.653244936605915,7.29655155954301
58,3.72785791447051,0.069891595787322,0.161816835636273,3.76042086664635
27,4.47950935836574,0.2944999942451,0.762571286642924,2.68686893838824
54,7.62699877773808,0.364573989413628,0.96792258345522,2.66428864420002
17,3.52074639604548,0.0577835362602371,0.944478618446738,3.43949042983674
6,1.82370279900541,0.130114366766065,0.763808501651511,3.08361563380267
89,12.005374707619,0.172293397248723,0.953638960840181,5.66444091796083
52,4.37797736820347,0.449627952810632,0.83975162380375,2.98833803179276
93,7.87283562561476,1.19350877118515,0.112480271141976,7.60340389710919
98,10.7970329218695,0.6165775921812,0.45798160484992,3.93090154336425
62,6.83159901798436,0.920386706892044,0.848025832790881,2.18954860699149
47,6.51474559068861,0.109390170267338,0.927001460688189,4.29421820890233
58,3.99537390431498,0.55442750248557,0.0267809275537729,5.46891880534576
90,5.91557672519191,0.826115123885584,0.523381951963529,1.32549859383503
0,-0.247647524445941,0.128922928241082,0.021021437831223,12.0075899925994
64,6.21823673807345,0.522723451972666,0.304274516180158,5.67475012304439
73,4.4453040031982,0.108484801254235,0.0601541234645993,6.6946275764302
20,0.308936669740955,0.0590720943873748,0.500385549385101,3.93652902777155
76,9.51309759267872,0.190458616696972,0.695950059453025,5.52505640859749
47,3.52721721815042,0.543238373907441,0.279624531278387,5.62703299734191
74,4.54367500318805,0.0892219736963264,0.784355849260464,2.1414816280912
1,-0.0315572189592093,0.125687762745656,0.590880520176142,3.29006194397558
76,5.13086394378851,0.134577936376445,0.104034313699231,9.00423955039682
97,8.46506473532429,0.7718482490842,0.586777983698994,2.76315338290914
71,7.00924218158348,0.0517324833199382,0.335331453941762,7.64394267289236
48,6.13591344660656,0.38906407447294,0.892154127592221,3.64925358603527
58,4.79714812949712,0.0329619706837613,0.779111177427694,2.21456627112446
38,5.89448519923735,0.443733089410946,0.331407804042101,7.16375808827635
87,6.68478779234015,0.530655830601388,0.129603322595358,3.50535208678796
62,5.61501986966898,0.0295194138282241,0.575024063233286,5.22796516128025
25,4.4143442126302,0.620295986035997,0.917042683344334,2.58374942916721
16,4.35909081991295,0.490405797006047,0.260201656725258,8.58715895457875
39,4.0776078679819,0.206445931679311,0.51953478786163,4.71796151108815
30,3.69447568145847,0.00897843768630846,0.710324269486591,4.09938843454444
21,1.67487175636425,0.0049330453710094,0.835536446888,2.00229909872216
16,4.27154329027867,0.108748620375991,0.728348939213902,6.16453685862332
26,5.69888307050919,0.307311865956265,0.617610382847488,4.2794765313691
5,0.559363848308932,0.0383801487041637,0.735694409580901,3.05615978966136
65,4.29852580890695,0.400864034714759,0.325169616611674,4.50083008592807
64,7.00183335171571,0.238705689729716,0.376567889703438,6.09106957736098
78,9.50616557728814,0.10176664008759,0.991022734437138,2.31294327760337
84,11.2920551503472,0.0804377845488489,0.998197702690959,3.00728798626814
55,7.30432310106386,1.0273822149668,0.938921057386324,1.76210002817809
88,7.51026455826178,0.0558584163663909,0.441519785905257,4.18251041295282
18,4.99790537668187,0.218498191172228,0.637001123512164,8.78585065736026
85,5.86608036018462,0.237990924845192,0.448785439133644,2.450637455924
75,4.02274345618873,0.449025368709416,0.541595570044592,2.68822416290761
56,8.81129081011971,0.476731013951308,0.522822734666988,9.86144600620323
45,4.06902878294968,0.0470727146979345,0.488315569702536,5.91789647332693
87,6.04482192170102,0.556984597381471,0.0980896467808634,6.75561792711916
16,0.959757394973069,0.0866822666721418,0.137631970224902,6.31040808131693
85,6.40411162080465,0.0606072755763307,0.164455219637603,4.65140303858796
60,7.04696819288426,0.283422525961626,0.29410548065789,5.40616960469034
24,3.47015137961944,0.0407633107388392,0.635785881429911,3.55537775957927
71,7.90956250635672,0.392443904166526,0.821504967985675,3.98788360410953
9,-0.45895201918497,0.00492643041070551,0.0311961022671312,9.98719409191595
32,2.06089875020072,0.171502051060088,0.469752649310976,3.71309994256467
3,0.192195258389543,0.199697060732845,0.0511778017971665,7.86892594584502
39,4.85165606701955,0.0561081289779395,0.938333984697238,3.19866988515066
75,4.18000815954978,0.7785520851192,0.0622607313562185,4.81719140040642
31,5.45577719447846,0.0592849897375051,0.402356806676835,6.7688468887121
2,3.3754197394098,0.0992063238518313,0.440303651150316,11.0812381642754
4,0.0305851881550838,0.0478329968173057,0.160407706396654,8.72672033379313
16,1.6013313352369,0.0117291588712599,0.712172016035765,5.25325884033431
99,12.7270621663751,0.153672504704446,0.836205835686997,6.21635120508602
73,10.0740867653041,0.759245611116344,0.580130180576816,8.54952024059514
95,7.23899662158396,0.408600334057069,0.187769352924079,5.93656395068183
35,5.97217810757141,0.043476278601802,0.321042347466573,8.53251249418066
6,-2.11929168841696,0.000869863648876658,0.331155673135072,5.01405933238181
99,6.18116420225392,1.04518524271654,0.517469963990152,1.96226348724284
30,5.33791229158957,0.0875677061267197,0.974863717798144,4.84338452044398
63,7.99410178072382,0.353639936609238,0.865582904079929,3.04279549529919
98,6.13257917169666,0.146974305427136,0.622311968589202,2.11725178090189
10,3.86351839321151,0.0204031901666895,0.810635007219389,6.50038612737372
67,4.02733579372773,0.251635902632899,0.694605054799467,1.37812629300464
59,6.67842697086363,0.0358408651590228,0.965949499979615,4.29139269600564
52,2.62960654875842,0.177518997610671,0.0306768617592752,8.97395940898769
8,3.62265362289873,0.119695977159271,0.653687961399555,5.21945035290811
6,0.258472005595356,0.00119064508491347,0.0857502596918494,7.83235124200332
81,8.88660054771358,0.232126888110045,0.808993915561587,4.97123441103005
13,2.08581294443136,0.00549062261507435,0.291970139136538,5.98739165300066
24,6.03471157861001,0.0125340667513677,0.934996546711773,5.81533782585788
23,0.400303484992437,0.0441335847135633,0.447646917076781,2.3127345344155
5,0.615143370008926,0.00923161674290895,0.354535939404741,6.22131077378169
76,6.15188017415503,0.0365608572634631,0.262251738226041,5.01101605891749
63,4.9932370179595,0.611588789584273,0.288072656141594,3.43268020855316
68,4.73313221958682,0.275719122950661,0.0758237564004958,4.13938505691944
75,5.10322591083128,0.174459768670123,0.710490924306214,2.17212915585406
0,-3.04305624248335,0.115923659177497,0.0160918952897191,3.94888933581494
87,9.95012159427059,0.698103096294117,0.635879703098908,3.71427909054577
73,8.90022798370524,0.331081141241568,0.911774181528017,2.80784319667623
65,4.64379424576715,0.0946689230622724,0.221792348194867,4.33928554647482
4,-0.333402288487022,0.0296601670561358,0.114131330978125,4.96945747306075
17,1.60366559461453,0.242749718705866,0.676128477556631,3.12870225699084
53,6.90035849749528,0.117657856317237,0.699775767279789,7.83029891303184
98,13.3703398791867,0.45596054473654,0.997915985994041,1.73389700817458
8,2.16293893249856,0.164627821184695,0.747574085369706,4.06600078807041
24,1.70858341672346,0.0370142826577649,0.144730246160179,10.0069081136572
11,1.09149852210826,0.295006264714785,0.722653814358637,2.57721613696202
3,-2.19524630728593,0.116314343758859,0.00179652334190905,11.6679608582974
32,6.35154312373715,0.0268218921264634,0.831557902274653,4.53446561444817
85,9.28201048939247,0.513433669207102,0.671872493578121,3.718748704085
41,1.49336999798584,0.109164866269566,0.276608413551003,3.96490348444538
87,9.08695816639425,0.0565264467149973,0.975306259701028,3.44336259473846
18,-0.540961118110817,0.0228782078484073,0.413979225326329,3.01080582092953
78,5.9690175909016,0.324026747685789,0.560279976343736,3.65151350304447
11,3.7623989335715,0.0113296825438738,0.800390417454764,5.81217915784099
26,1.64707526962535,0.01843270775126,0.0977405714802444,5.96738213611302
34,6.20381198648634,0.137791246408597,0.648385058855638,7.31277533192585
57,6.59397063473124,0.29354034270041,0.646252609556541,4.22233167098466
4,3.1325518190241,0.048767612199299,0.87684271694161,7.14787366670605
18,0.0486244669435134,0.0227170760044828,0.308927739970386,5.89386101932947
98,9.00108354086055,1.36732250118727,0.231701525161043,4.318863838587
44,7.03925310555194,0.333866410179737,0.379214469343424,5.53283352691787
43,4.68563749598513,0.0491818532813856,0.723906955681741,3.65109405920079
59,8.5790684541007,0.192313707957356,0.993727626511827,2.64344478590592
91,6.88416070338875,0.319521618996489,0.144814564147964,7.15466510317894
23,4.21165484671786,0.0842689063865776,0.612035862868652,8.19295979030526
7,-0.520953967105222,0.0464240072760731,0.0152574735693634,10.0268346247212
77,4.89008179593657,0.116264116679039,0.603459534235299,2.99844042423551
83,8.8415432186504,0.377361061961806,0.735129108885303,3.47639937082448
46,6.11973282961861,0.0651614124171949,0.401682499563321,8.05045113645336
99,7.49919332918367,0.137330692843534,0.133848163764924,4.12775432321155
95,6.11514535695993,0.0876502493629232,0.397424555849284,2.53347780007025
25,3.68610004833034,0.0176287444628495,0.939462353242561,3.95328042791112
65,7.01164597597989,0.0536977689035838,0.655305224005133,7.35711860116165
27,4.08532663978937,0.10738871328067,0.365772809134796,5.2050612577635
8,1.83453316379326,0.0012343742095146,0.0919501504395157,8.33332181686306
1,-0.78877037894453,0.0291560382139574,0.0340850029606372,5.69912347429251
52,2.15999125217423,0.131249880534597,0.461323784664273,1.84302442215328
1,2.57920730853742,0.091755818692036,0.297383447410539,7.2060822085962
61,4.57478926665319,0.357167498187578,0.238724494120106,4.51086394457807
62,7.74550844194094,0.358503519348718,0.660182834137231,3.39559410964514
80,7.28433381076646,0.113032538443804,0.924129648599774,2.54475397941886
92,10.1655372494258,0.329385880370367,0.956301999744028,2.12849959476274
48,2.4791853849265,0.0262021729722619,0.561635120306164,4.27713206952084
54,4.30610414565494,0.1942266287976,0.180358656682074,8.68600381801603
55,5.70734768329045,0.195769411734048,0.729962394339964,5.14129215085685
94,6.41335815671976,0.154602499795146,0.59520795289427,3.81920350057609
53,6.55190312962864,0.0363002449739724,0.626576733542606,7.11578011481304
99,6.70254553130422,0.586396007042069,0.715918980073184,1.17510191417866
78,8.85313694977301,0.760961847485348,0.92732825060375,1.45426694249693
8,0.756634870486492,0.0361113569317206,0.179312634048983,4.9715804066402
5,2.75688073066912,0.330065595674071,0.712238444015384,3.13349740324225
77,5.70773869065101,0.71621607867479,0.716446375939995,1.49746084888743
53,4.70140632883606,0.0335332620581536,0.488237033132464,5.0418967278213
67,9.38940774811755,0.092360013183787,0.990274140611291,3.19044348270452
26,1.01335756216761,0.178951099126794,0.00553290639072657,10.4157250758859
28,2.605200187785,0.0784089805092663,0.283996193902567,4.53807010004601
53,6.1835766163948,0.324363115000281,0.752797985915095,3.8596865855588
54,3.82906150778032,0.475462824550873,0.414861315861344,2.92906352098889
56,6.25742954594862,0.183601313320257,0.933060974581167,2.47285770587667
77,7.05474738398791,0.188284600448106,0.147928667487577,4.62746295158465
14,3.69513017271582,0.0376842647846547,0.776597403688356,6.47664108134675
15,3.54783366574623,0.0391002604737878,0.848505516536534,3.55191227016615
35,4.10036856698158,0.0770768893416971,0.755731235956773,5.35683986926133
3,1.25336087527691,0.00489696755539626,0.281719167716801,7.26965001522394
49,2.3753999762312,0.0123862170148641,0.467427417170256,4.0489985083496
37,6.0790318431632,0.0278636520659344,0.771420964505523,9.15617476702483
72,5.43782147463084,0.101604865049012,0.528343614656478,4.30350104247809
56,6.31014040090848,0.126874595764093,0.9342855096329,4.33804736665931
68,3.90936617491186,0.516298398354507,0.615127714117989,1.09001720772177
25,4.52867530534082,0.0553273849654943,0.740799664054066,4.15446049432831
4,1.2148203789281,0.0433143060654402,0.641883255913854,3.89992037731159
33,4.79480917573639,0.660280063251191,0.952963975723833,2.39794855885249
82,11.8651424844038,0.509068398249751,0.869963420554996,3.61655706032105
53,6.29960647205967,0.500524464973664,0.505222417181358,3.97584057316547
69,8.73137666867899,0.0587346305837855,0.979077367344871,2.0519798105506
64,6.19674666230124,0.0530311830807477,0.346306687686592,5.7945988835342
66,3.72036161124222,0.0649864015867934,0.18992598936893,2.85562833740366
15,1.97738110210357,0.0796668719778355,0.388100718613714,6.20379977627372
40,4.20388579096732,0.0310006152139977,0.573257436975837,4.12214906308423
24,2.01831944244976,0.0458366217790172,0.579776735045016,3.83133189175325
13,2.58694162242851,0.082891215919517,0.495514220790938,4.57188488010451
11,2.01489435281364,0.00391715799923986,0.185808706795797,15.6246416026787
78,8.9798794056738,0.60430388289147,0.902798724826425,2.18037881373809
57,5.06439944649416,0.516694919185197,0.532050715060905,3.2213399162652
23,0.382703681959415,0.353946042619809,0.289779027923942,2.35610405897605
91,8.40647397176655,0.278220339900556,0.561959626618773,3.06393241818874
57,3.60638061516991,0.111930103506893,0.32003810396418,4.50732061211727
3,1.71540578671305,0.150417962344363,0.299909974914044,6.76567949861569
66,9.64328095438652,0.200753946545276,0.825548658613116,3.76276532402728
20,4.34367167249848,0.465811031849539,0.195028006797656,7.77051116816921
48,3.31700100865639,0.138098150142469,0.248020481783897,5.82966217194442
77,6.15049781919321,0.286901172007176,0.697221786016598,2.84817324835657
67,7.20998874168788,0.271690807993266,0.751005691476166,3.06716471169289
85,9.0032014679299,0.504304152892387,0.268416237086058,7.29348149387317
89,6.69147187237543,0.212694435239463,0.549794328864664,4.49812402828259
8,1.99381965751792,0.0177300865396574,0.780533401528373,3.46670690015405
9,2.49797168906484,0.06357769090175,0.852760261390358,4.62732495708287
57,5.91166083905322,0.0665348112815991,0.254561756970361,5.88877130121469
18,4.35941861548807,0.322831601825285,0.332402008585632,7.02798092023811
24,2.07225576463703,0.367789158110923,0.6432818940375,3.0256245821718
45,1.97359772577085,0.477647291941053,0.286186263430864,3.1954034194119
57,5.28248507363944,0.413301865083581,0.225443849340081,3.67950835549481
46,2.48547755149516,0.259463211783331,0.694976703729481,2.91521980242433
19,0.0165442681473769,0.0597653283039108,0.345688821282238,3.90418915429484
3,-0.872041517289922,0.0713720475323498,0.203084173379466,6.98118234434554
34,1.92833918724754,0.161588115151972,0.191269364673644,5.97996369536067
76,8.98530070746554,1.32360331287705,0.580463912105188,5.15625521627792
8,0.975580343989591,0.00613432970061761,0.348478298867121,5.68264152551271
51,2.2858000619976,0.457585472592568,0.184801936615258,2.04346311274293
52,5.45733534480259,0.299466441840607,0.144383839797229,10.5626686447915
61,9.00965935234728,0.73903703228196,0.521927610039711,7.23720284460014
70,3.77520813210276,0.10185150085557,0.461824144469574,3.28974262363968
89,9.80153807032796,0.128241606173106,0.369631411274895,5.42955455470844
54,5.44855305823147,0.602052486935789,0.82604813342914,3.38687048020068
36,3.89434904303753,0.281675870752636,0.403913410846144,3.94790079027541
27,5.77139322186607,0.0487056906264896,0.376560303382576,15.3641945535428
0,3.16266506048928,0.0784659114286976,0.257414007093757,16.5810279060017
51,8.10018103424125,0.595636222014362,0.433360402006656,4.98315471871726
81,4.96301018769798,0.89619015664199,0.0214865759480745,3.63738450400135
8,3.83161008132519,0.0926929749548435,0.779359188862145,5.72440577460237
2,3.93668606851802,0.255149439432401,0.419985679676756,7.93716154880157
75,7.38126249192883,0.144837209722027,0.954151426441967,2.15501270538841
94,11.8935437508362,0.112288748146966,0.901421295246109,4.3564239589803
62,6.02272042688565,0.0706279559325913,0.289152288110927,6.17036939520396
33,5.28765906990303,0.0729740440146998,0.894346175715327,2.66984182667495
11,0.76306957827056,0.233203809882974,0.0196588467806578,6.89863767415549
82,10.6529365181714,0.826705655041051,0.565057825762779,4.22461863832295
87,11.2930061241888,0.0680516195716336,0.588909088866785,8.94052261164281
64,8.53348642234899,0.537473029891187,0.96934820828028,2.7279037315147
65,6.88467430303671,0.193370505225587,0.550805528182536,6.70419628110404
98,14.5904093437679,1.48121144986692,0.735256281448528,6.38528518253375
49,4.47440267855305,0.0613230395829305,0.613159008556977,5.07792275042952
80,4.62353028636804,0.0547521578465614,0.574075604788959,3.77486341408334
68,5.16569220038825,0.151620477307164,0.541025769198313,3.03224595320039
93,10.9561428574566,0.318545464415777,0.436508943093941,10.035707599292
8,-0.819050968421157,0.000838555744849145,0.0850674249231815,6.7414269479854
74,6.28989093716081,0.746636817365599,0.699842882342637,3.11480133850615
16,0.593692276600092,0.0517211258411407,0.312752227997407,3.30359081876253
11,1.24399263970608,0.302150320251215,0.347682697698474,6.07499973087666
76,4.20413620736402,0.417898123131549,0.0283344234339893,3.2063578948011
29,1.72414356930344,0.0839677781332284,0.221063157776371,4.1851116873519
3,-1.51286957261724,0.000918103498406708,0.0815251660533249,6.81363399670953
18,2.74600335779398,0.255886738410893,0.346671427134424,6.028944791204
54,2.89778232910745,0.660781864511007,0.140083470148966,3.28230285087811
14,2.73717549698315,0.00998683051688867,0.585413343273103,4.40490011179061
95,6.32610923362477,0.112930609844625,0.484073757426813,3.44354053717018
12,0.982298155981175,0.138249030903795,0.715208811452612,2.64375105221277
61,4.61069547083878,0.559436005043024,0.747108773561195,1.62238922770375
62,9.01611934123423,0.34372814115018,0.831164261093363,3.40500147240739
75,8.93373657636874,0.0862875229213387,0.918665766716003,2.43552680565211
54,8.25465090812152,0.0631681705126539,0.454650024184957,9.63064726823291
35,4.0424878219981,0.480227749308056,0.284328054869547,4.00861573946162
73,10.5349393867416,0.0788385421037674,0.992746191332117,5.27127079612997
13,3.49413591925341,0.132113648927771,0.195067606633529,16.5114786039354
18,1.09478536030506,0.304080671154636,0.457958563929424,4.26289717365037
78,8.2669621978087,0.394978501347309,0.423350861761719,4.11276482930918
3,-0.646340463374044,0.0738034155219793,0.623053251998499,3.3354974882292
20,2.43982613704425,0.0441891291782492,0.618084302637726,3.94358164650159
25,4.65969242362733,0.0199744535192599,0.532901678234339,9.3320554574932
0,1.21867749507192,0.010797103631035,0.847782066557556,5.84452441712044
95,10.0802663531926,0.318893232174037,0.771185527555645,3.1298707027651
33,6.10561658248485,0.0355320876872331,0.821377499960363,5.07119613017721
96,6.98002779740574,0.140116064809263,0.269383320817724,7.20538801901387
8,1.89873578825101,0.0261590736918151,0.853219366632402,2.76867263270374
2,3.24641881658573,0.297249404919437,0.911496963351965,4.11417940323092
25,1.12836424169667,0.00613993374544789,0.748662561411038,2.27610803979401
94,11.6911838406605,0.14942225755658,0.743118144571781,4.75007099833441
20,1.0035534795451,0.0973061366239563,0.0334841446019709,10.1131459612463
30,1.45597315445008,0.0234840305056423,0.408634452149272,4.71399907103833
56,8.2749212751058,0.0778340859105811,0.985599376726896,3.97946999743947
79,9.05029372938626,0.139355677412823,0.915345669258386,4.70665007365245
68,4.63941708760686,0.0273444172926247,0.534137501846999,4.36411826521034
2,0.341833940884798,0.00748614175245166,0.256439780583605,4.99311886667018
93,9.50895982783299,0.35520251279459,0.807710405439138,2.55623421018281
80,8.69645266999514,0.441294896395362,0.446079862071201,6.16251543825186
30,3.07187177818977,0.0180362794781104,0.866100640501827,2.81872808461867
70,7.85899830646369,0.988965900124569,0.632301090285182,3.40820235686165
62,9.32122446011975,0.935754345211774,0.677261274773628,3.96502404751347
52,7.65262513048354,0.341723207606676,0.3845930097159,9.90219943898521
39,1.79689963007241,0.0154491113498807,0.363145834533498,3.34781005903883
46,7.20582937290999,0.485177832634604,0.374144859379157,9.78920085139285
71,4.39762680611317,0.489719342419362,0.761322997277603,1.78242733423145
18,2.45939824869109,0.00546629342716187,0.886919307755306,4.95949246350908
95,6.61179672429955,0.418920974226153,0.52401065081358,2.29306157719117
24,5.77649666964582,0.0177477871035508,0.640227705938742,12.6090123790854
41,1.96308374455041,0.272642164713445,0.370857063448057,3.61666400311445
82,7.73687984045848,0.431169319411224,0.378211801638827,4.98529744264338
28,2.27009012312917,0.0524818609130386,0.207908528391272,6.12489945586015
26,5.84098002428087,0.634530942942644,0.270783649059013,7.27629173244558
26,1.81233192712169,0.0233879642607992,0.131812013452873,9.34898483520585
91,5.03005620349968,0.172184220165946,0.353933986509219,3.8841099164104
31,2.60178420735003,0.0294707083289206,0.842590092681348,2.69841060476486
76,4.25259558725369,0.0347220038529485,0.260122107341886,5.576704742337
40,7.35275821104106,0.0548829401377589,0.89952064701356,7.93643549059826
38,6.25783739052686,0.143877345753274,0.914823934435844,3.18143523713
83,7.91904956571197,0.165737422009855,0.957137780962512,1.49471525627332
8,1.70256606149412,0.160696441074833,0.387973093194887,5.15023524489511
60,4.00222641922433,0.584769157195622,0.333411843748763,3.34081624484381
6,1.48735052332458,0.0944963373476639,0.659506163327023,2.68973102183383
62,6.48327685064966,0.0547989785602363,0.560643271077424,5.06906985348343
36,4.64510097803174,0.0154391711850933,0.746595008764416,4.12852244475762
48,4.6956724430368,0.684068475352758,0.139614862622693,4.20226022655568
9,4.27109730171356,0.217114561630005,0.953558100620285,5.53293463539975
92,5.3903626560878,0.346463385027576,0.31649132585153,2.3262819457851
51,6.96194771183209,0.185565701908174,0.91564248339273,2.75590808178624
42,2.20398086378677,0.0458792695675832,0.236873071175069,3.31028502166411
68,5.89079697488025,0.0400021231528062,0.901760997250676,2.10219942636583
16,0.968604599793639,0.370776165721423,0.561802011681721,2.0707580365825
17,4.19718069177594,0.203106739176484,0.669943265849724,5.68437869933963
11,0.662222024690909,0.160347136086784,0.0193524919450283,10.7096169627341
44,7.65262063500516,0.129558912012726,0.920586100546643,4.47141161885908
42,2.46070848174893,0.521879695790047,0.28482352453284,2.79958479776252
46,7.07933560647466,0.134244952816516,0.524040108779445,9.75731690134758
76,4.23043767048252,0.969742556515724,0.410503012128174,2.39707797951309
37,3.94473634500384,0.0739504332887009,0.677488582441583,4.36832371109291
39,2.12098714025329,0.558463054211968,0.0509610651060939,6.27329074094809
85,4.60591403111842,0.0946251208745997,0.148619469255209,5.11640674130274
62,6.4219233291965,0.343425568415526,0.255355143221095,4.40118836553791
83,7.30581439873875,0.346903863991083,0.15679679135792,8.22863396978651
53,4.05956016720065,0.617731019357377,0.180769735947251,4.92956576845718
30,3.42323245199824,0.0185817300023755,0.294289644341916,6.67798400410037
19,3.98822044614749,0.143670327728614,0.545480504631996,5.04145098308135
80,7.94798949659879,0.24386516282216,0.861483841668814,2.51243870362678
12,3.48262393002585,0.321711070592257,0.52717507421039,3.7496671965759
59,6.52375983230577,0.366848194019353,0.90392468450591,3.54367909988677
57,7.66891923292582,0.225677501865405,0.941597358323634,2.32589219297184
29,2.5555141105789,0.254104488984424,0.618057433515787,4.0356665119618
81,7.45509992134554,0.742039842489076,0.799165911739692,2.33182591751913
71,4.58019884034205,0.175981688768345,0.495894673047587,3.41773007456357
7,2.11471230369312,0.211953814506323,0.214545431546867,10.0201393394349
24,3.35693122607666,0.138008221401833,0.837107622763142,2.02723649815759
38,4.08258011671091,0.0303314030170441,0.126694152131677,11.7493562790799
9,3.78005272375668,0.0182436406612396,0.850451739970595,7.73801916338918
78,4.51183169795015,0.146338157355785,0.553508908720687,2.48711512097796
14,2.54692991398757,0.444478869417167,0.841225043404847,3.5059280196818
46,3.16490464125557,0.618229565644795,0.102799135958776,3.9600407503027
65,7.99529096416655,1.24958526249069,0.388056495692581,3.8367384629575
94,6.82389561584714,0.823596205520344,0.134310647612438,4.39973109867726
21,0.451674626617232,0.0883947646943852,0.503812150796875,1.97988168099621
76,6.15503584199836,0.340753217450085,0.412573496345431,3.75130162209057
6,3.69746141727253,0.00648991938214749,0.829230667324737,4.49175062298918
8,1.12116473943452,0.279532199249345,0.359138996805996,5.60855644095484
15,4.57903562060689,0.0572912242827588,0.829861992504448,7.05047769211135
91,7.9521071340546,0.398825307821339,0.944788557477295,1.17532058847586
29,4.46067350777269,0.0256010970159683,0.436802892480046,5.90874789520972
97,8.19084662729882,1.06164294940637,0.279344792477787,4.42439597164917
32,6.14603950795917,0.502000711837268,0.557966903783381,6.28033331907095
62,6.33985433332129,0.0490308720071254,0.895871056243777,2.13010472490897
55,7.28851878217847,0.0529924790953623,0.960365047678351,2.66723823195419
43,4.8684373970299,0.711761951017794,0.346628518775105,3.84364354755116
22,4.20159612113106,0.504355276913798,0.476023632101715,4.30997652990647
19,3.12890112725971,0.117972030653618,0.148206611629575,12.5535658335878
48,5.2997846615341,0.1549033181509,0.719130947021767,4.82278336814384
70,8.90604103666323,0.311527859409082,0.718371734721586,5.42106511098289
34,3.71177347319539,0.327464808932248,0.613703146576881,3.25498357447529
34,4.74867958261729,0.0162399797421951,0.415164253441617,5.87160133163945
5,1.47614334152743,0.119231562595814,0.127061084378511,6.43986800800499
31,5.16477280081683,0.405663650461888,0.421970141353086,5.13173298606972
49,7.32842530398481,0.163081547361799,0.743086102185771,6.12282628507613
93,8.38495923117776,0.141477761764969,0.721251531504095,3.53405646239092
35,4.87998171769049,0.440437322637737,0.333299936028197,5.23060109811602
56,2.97226168004919,0.0791599880636025,0.565051852259785,1.72628880969025
7,-0.182889459221791,0.00116830080301269,0.707697693724185,4.3632904795562
32,2.2138276264557,0.202225541219789,0.542110068025067,3.43731822983654
20,0.170235832863486,0.225444369960693,0.0115825310349464,7.43603029061128
46,2.35581304712177,0.464180416872209,0.155074870679528,5.17062616811572
70,8.42101146764991,0.479700128526843,0.988992636790499,2.19139484117756
60,5.80046120831902,0.155790980090387,0.885850628605112,2.3144735015859
39,5.37287881715051,0.227221275083652,0.345294330501929,4.80111718771299
65,3.59468529141536,0.132552330731414,0.134417933644727,3.39259686110617
69,5.02805552952782,0.99945103511551,0.6664779484272,1.94118352727645
33,2.93858777753413,0.254197359540242,0.572333004092798,3.3487027196506
90,5.81081761560818,0.126996129285544,0.0370323846582323,7.74739759705978
33,3.1378805524151,0.0501102640992031,0.190351889934391,7.35151628075701
6,-2.34524995434314,0.141636824817397,0.261467780917883,3.53940900124569
7,2.39584340972703,0.160158139653504,0.140427947742864,8.62371172365233
78,9.12433826452862,0.93964992970565,0.676500440109521,2.7769740145593
7,0.207182360293853,0.00283500231055074,0.241151004564017,5.99235074558743
41,3.13854475464796,0.143916554865427,0.080974122742191,8.88634711172811
83,5.29193436198763,0.227568450054619,0.292055280180648,3.6526933709761
18,5.36612997403729,0.047677205008758,0.721476553240791,6.665703874313
72,6.20076687351348,0.268010792760321,0.294004478724673,3.60338273590155
44,6.75785691669371,0.621582989895675,0.512504235142842,5.64787502693342
48,2.55049333472103,0.449358345230957,0.661509675672278,1.03250690285475
37,3.25004030102379,0.0269921995932236,0.816125586628914,2.65335194942274
13,0.989811702391973,0.404085529947138,0.27433364582248,6.41812378439794
14,3.25262587016491,0.397759662454432,0.925129915587604,3.76184493450488
56,4.29665351049774,0.150012219906785,0.0699094678275287,6.17936557132654
6,3.97242024180393,0.229525983323085,0.897027803119272,4.95169576090021
32,1.85557889053998,0.183748049620732,0.723816277226433,2.20772477849758
92,6.85099885127069,1.09337129903244,0.455694619566202,1.73397100467044
10,4.02846131635348,0.0427856197572297,0.8740513054654,4.34065947374852
93,11.0839478587082,1.11838955891536,0.989050487289205,1.75763642561963
37,4.81496732131005,0.0139482511440292,0.24046522541903,10.9676952545042
92,7.6993538923438,0.564186807442846,0.33111622557044,5.75027092685932
41,5.43590574311507,0.0925718564540148,0.878367063822225,3.55885314826639
63,5.56702002990797,0.862874254542303,0.381692792056128,4.32630533933877
5,1.17974221675535,0.0450771634932607,0.559881207766011,4.42151207461217
17,3.19506135152235,0.100667300634086,0.870317054446787,3.30839093459845
86,6.35747160615161,0.21105470204607,0.122744224965572,5.94882633375611
10,4.01761991858149,0.329345120106566,0.214565696660429,8.99817958587512
1,3.38623047446704,0.0912384494562043,0.775694154202938,4.31369951104739
47,6.88924407578906,0.072812877362594,0.982955547515303,4.61555912816441
26,0.204824986361675,0.140843751840293,0.0732003003358841,5.39043729448602
22,0.327382857439094,0.361225731649852,0.149407742079347,4.04704749441431
30,3.93178819242257,0.510256498099721,0.260919663356617,7.97404721542796
