K:5
N:1000
Gap:0.313741931647115
Rho: 
1 0.8 0.45 0.2 -0.3
0.8 1 0.45 0.5 -0.1
0.45 0.45 1 0.1 -0.3
0.2 0.5 0.1 1 -0.5
-0.3 -0.1 -0.3 -0.5 1
X:
63,7.13419347210542,0.349716727600849,0.790440713986754,4.1372926195882
31,4.29541477997151,0.0167038379004225,0.852760261390358,3.47929702810919
24,5.91166083905322,0.0353748950874433,0.695675201481208,11.6679608582974
37,6.98412305052902,0.0633497686152388,0.865732072619721,5.3385147052295
35,3.41092848887876,0.0733432958368212,0.669943265849724,2.36541401451958
29,4.57430974355934,0.01637231442146,0.871703146025538,3.33951348552093
22,3.42323245199824,0.0128319839714095,0.803510489175096,5.15400736142682
55,8.02647086407823,0.0383801487041637,0.807710405439138,6.41812378439794
18,3.07080943525745,0.065325031176069,0.33111622557044,7.83029891303184
0,-2.11929168841696,1.48521503433585e-05,0.0622607313562185,9.08555085618249
36,6.88467430303671,0.0541295755303338,0.980476830620319,3.98788360410953
88,6.4219233291965,0.159610183211043,0.275076173478737,3.92770411851166
30,5.89283681079824,0.556984597381471,0.734117656480521,5.92365073879187
45,3.49925504917042,0.0258140884106979,0.400206742808223,4.70665007365245
43,4.49055065445531,0.135450953268446,0.127572204219177,5.91789647332693
41,4.88459626000938,0.024182810375324,0.649111073464155,3.79263100271493
96,14.5904093437679,0.265233446411321,0.952963975723833,3.87208859882121
14,-0.67455099638425,0.0527289813617244,0.000441467622295022,8.17370858348874
40,2.84624177857973,0.0125340667513677,0.522592934779823,3.55537775957927
23,1.96308374455041,0.0651306256186217,0.119991648709401,4.62064786619328
12,4.06653413058025,0.497753006385124,0.7419067916926,5.42955455470844
31,5.84098002428087,0.023537122644484,0.769677731906995,5.75027092685932
58,3.34022811017566,0.66912743910172,0.578364113578573,1.13502142332413
66,6.23473609502508,0.150552882696502,0.634919866221026,5.01101605891749
89,6.45407007457912,0.138440716662444,0.231701525161043,3.37114941705366
6,3.36325960547562,0.00489696755539626,0.500385549385101,6.67151173883471
94,8.03373291245897,1.21313973927969,0.37468538316898,3.06716471169289
74,7.6993538923438,0.969742556515724,0.242021081503481,5.66444091796083
65,8.67834928923426,0.193719612191173,0.990274140611291,3.35477891446947
21,0.207182360293853,0.276382222354315,0.578257508808747,2.33182591751913
39,6.95605632619821,0.0369964424753562,0.992444867035374,4.28455816954315
32,2.49797168906484,0.0154391711850933,0.275423422222957,6.05294304550891
48,5.10729468132099,0.493112056029445,0.379214469343424,3.46068486377474
84,7.38126249192883,0.684068475352758,0.835242641391233,2.17318396792139
44,6.51967640962581,0.353639936609238,0.292359452228993,5.52505640859749
50,2.76416624896082,0.0363002449739724,0.0283339174930006,4.95169576090021
99,7.00925101600995,0.0662679121596739,0.0699094678275287,7.23720284460014
30,2.47526957263035,0.0274566051084548,0.0678905169479549,5.56297909904177
4,2.66940194980193,0.0458366217790172,0.596305145183578,9.2222659158207
33,6.02272042688565,0.0517211258411407,0.747574085369706,6.34603250670376
12,-0.804273840073873,0.022357528173376,0.122744224965572,5.77603776051472
71,7.90956250635672,0.759245611116344,0.944788557477295,1.45426694249693
59,6.41335815671976,0.151345421676524,0.720372897107154,5.06081984058229
54,4.33602438013902,0.266632964557197,0.283996193902567,4.17135012355342
42,6.82389561584714,0.129558912012726,0.515763835282996,8.58715895457875
57,3.90936617491186,0.0660120086977258,0.46986588742584,2.96429801807037
33,5.13086394378851,0.140843751840293,0.33249034290202,8.9870777888583
87,7.66891923292582,0.637276897641057,0.179312634048983,4.74806367705203
33,3.64938253715584,0.311963948876339,0.590880520176142,3.12870225699084
42,3.07621049464601,0.138308349647559,0.308927739970386,4.49258495557501
48,4.19718069177594,0.614793510610396,0.522822734666988,2.10091146964422
63,5.28765906990303,0.0572912242827588,0.401682499563321,5.7945988835342
19,0.944172497133211,0.312726197753775,0.147928667487577,3.7496671965759
53,8.11167685967655,0.116765163144078,0.991022734437138,3.82610002593425
56,5.29193436198763,0.0763048412045464,0.476472444366664,4.56790142625059
45,4.7639246238623,0.0382471720806311,0.15679679135792,10.7096169627341
92,7.00183335171571,0.0784089805092663,0.788266101852059,3.71427909054577
12,-0.214997995363093,0.0180362794781104,0.483987817540765,3.92428384378977
57,4.80887452154197,0.0713720475323498,0.695950059453025,3.60664674127853
26,3.83630115726662,0.0376538280397654,0.267005278263241,7.03164958913185
56,6.92044563209636,0.0944963373476639,0.85347825451754,5.61262058981151
75,4.7942531241402,0.158429882256314,0.652221439406276,2.77369619639843
23,1.11165505451762,0.0228782078484073,0.563967645168304,2.89971388040719
1,2.39584340972703,0.297332369095712,0.782832241151482,4.65333879475276
17,1.81365767624679,0.0123862170148641,0.252661641454324,6.5419232859162
20,2.75166320848469,0.0162399797421951,0.244233778910711,12.6090123790854
61,4.02274345618873,0.231559442345727,0.536992998095229,2.32010786079687
95,9.56817068840906,0.297249404919437,0.438551182858646,7.07515797256616
22,3.76501947614963,0.504355276913798,0.213335815584287,5.14129215085685
66,8.18554127862184,0.092360013183787,0.881837309803814,4.40490011179061
66,9.08695816639425,0.433699244146651,0.495894673047587,5.84452441712044
77,4.70140632883606,0.225677501865405,0.0749796673189849,5.93656395068183
99,6.90035849749528,0.355872699256438,0.37865983392112,1.95007825299481
93,9.32122446011975,0.749124710147167,0.577883009565994,2.70154546128692
9,-0.540961118110817,0.0112883145128354,0.00656653381884098,6.70419628110404
93,11.6853517722645,0.271690807993266,0.77172839269042,3.47361780441127
96,11.8651424844038,1.61875581312786,0.988992636790499,2.40621727000505
98,8.10551430621429,0.161588115151972,0.80185750965029,1.75763642561963
59,3.87582478006016,0.490405797006047,0.359138996805996,4.34950924026687
15,2.2138276264557,0.136638106661849,0.383069372270256,5.67629720373707
22,2.93858777753413,0.0177477871035508,0.163151535671204,10.1856011709996
38,7.10378227088355,0.10176664008759,0.561959626618773,6.47664108134675
6,3.25004030102379,0.0233879642607992,0.74970324896276,4.0489985083496
72,7.59514746325003,0.0849197893403471,0.818052255781367,4.53779780951233
58,6.54745645941814,0.60430388289147,0.648385058855638,2.21456627112446
35,1.45597315445008,0.103881552233361,0.525823739124462,3.18143523713
68,4.89487863620543,0.730105483862472,0.45798160484992,2.17212915585406
41,1.76707405102988,0.319521618996489,0.134310647612438,3.3354974882292
76,6.61867474000225,0.246588377970013,0.0915969435591251,7.24578201512302
42,6.28989093716081,0.0273444172926247,0.896663451101631,5.33369840759032
56,6.56697232498233,0.382196566534644,0.554878030205145,5.90518989516435
74,8.05643785027848,0.175203171781007,0.886919307755306,4.12214906308423
88,9.59222663102356,1.36732250118727,0.904128747293726,3.04153004447499
80,10.5349393867416,1.32360331287705,0.992746191332117,1.72555574350864
36,3.34384658566122,0.50471079207719,0.5549574973993,4.32630533933877
43,7.33425259808422,0.0544333052821457,0.622786954045296,10.5144445520311
87,5.9690175909016,0.135288635850884,0.430902733933181,2.99461693288644
88,9.70316615645845,0.111930103506893,0.636097678216174,4.45660586377247
91,9.21239688350275,0.935744782391578,0.550077835796401,5.67940194266718
82,7.28433381076646,0.660781864511007,0.436802892480046,3.32641049951203
86,7.27083759729353,1.22937276626105,0.140427947742864,5.1305171843834
9,1.79344105406702,0.267607406469736,0.0826824540272355,9.22771913208833
58,5.60934263314121,0.436196845469481,0.0980896467808634,4.51473106475904
27,2.06366839528419,0.251635902632899,0.190532913664356,4.96945747306075
54,5.5941143599277,0.270981225640255,0.637001123512164,4.18000884836067
17,5.16933873405507,0.425894841530776,0.282039150595665,7.97317428097604
6,-0.736772539742794,0.170845718239434,0.261467780917883,4.04461314731959
89,8.90604103666323,0.113171458244324,0.890857101185247,3.55885314826639
52,6.35154312373715,0.161677191027248,0.296993432799354,7.28699631822943
93,9.00965935234728,0.147810108959675,0.388242448214442,4.25675828990261
98,6.52375983230577,0.0561081289779395,0.785671987105161,2.92906352098889
62,6.49325443104573,0.146338157355785,0.769853886216879,3.64756024238117
47,2.20398086378677,0.358503519348718,0.0165549910161644,4.01225869413996
58,5.18384458686435,0.71621607867479,0.635785881429911,1.73033407743663
90,5.38700543811413,0.187368998293507,0.690623595844954,1.49471525627332
0,3.26127726154776,0.0424116983407068,0.244363051140681,10.0268346247212
64,9.05937847059833,0.400864034714759,0.924129648599774,4.4728440769602
73,5.09050647333995,0.618229565644795,0.517469963990152,2.27601241556031
20,1.1052621106372,0.143877345753274,0.0508439149707556,5.87160133163945
76,6.88416070338875,0.0403001706581563,0.23609401518479,9.19407603046077
47,4.76547585470005,0.739565094890905,0.138824715744704,5.42106511098289
74,8.2749212751058,0.235438220192421,0.946009923471138,3.26771072711158
1,-0.247647524445941,0.00748614175245166,0.269383320817724,4.15446049432831
76,6.59613050899834,0.150012219906785,0.289779027923942,4.13938505691944
97,7.95122301803309,0.21105470204607,0.748893889365718,3.03600513972412
71,6.80603157366559,0.154041218571365,0.902798724826425,2.02723649815759
48,7.46470658175867,0.0521037640397094,0.912744978209957,6.01845740177027
58,7.08340657005167,0.212694435239463,0.581788888201118,5.39043729448602
38,5.03005620349968,0.207084864833134,0.864146678941324,2.26781722260657
87,10.7970329218695,0.423129505456841,0.617745220893994,7.11391710810389
62,3.71177347319539,0.0683293085312471,0.486869524698704,4.31524263592807
25,4.85098955201431,0.141256089671515,0.572667491389439,7.80146646140227
16,3.27043351794121,0.00492643041070551,0.900913230609149,4.12852244475762
39,4.40704661093678,0.516694919185197,0.70360111980699,2.18936031002759
30,4.18956424839888,0.0441891291782492,0.270486489636824,11.2279310306533
21,3.53937934721763,0.0235253701684996,0.637971456861123,6.42652166177028
16,3.62265362289873,0.0729740440146998,0.346671427134424,10.5626686447915
26,2.01831944244976,0.0139113048790023,0.366020278539509,5.2421415071818
5,-2.94856650380047,0.000869863648876658,0.0548333320766687,7.97404721542796
65,6.58717489569957,0.163003465626389,0.260201656725258,7.02114777816414
64,5.57285001023881,0.0450771634932607,0.847188046434894,3.00728798626814
78,6.34328587637495,0.522723451972666,0.588852762011811,2.45294514397095
84,10.6529365181714,0.16302829911001,0.685515434714034,4.51622482250685
55,6.0634782831086,0.449025368709416,0.767817893065512,1.93370601796552
88,11.812259590736,0.383925844894207,0.96792258345522,4.29139269600564
18,-0.443832527565492,0.0295194138282241,0.368535078363493,2.55623421018281
85,7.87705262901877,0.21365385648573,0.780716409441084,1.80931752868484
75,7.62699877773808,0.382841676918274,0.870317054446787,3.17399707335497
56,6.25783739052686,0.227221275083652,0.346628518775105,5.27888003422807
45,4.64510097803174,0.295106401423666,0.412573496345431,3.63738450400135
87,8.46594289044694,0.0634501502441843,0.829336705151945,4.14802563840798
16,1.67487175636425,0.0662843368700288,0.0340850029606372,6.47814469693835
85,8.85421485873712,0.181425148467579,0.975306259701028,2.0722040355471
60,7.65262513048354,0.60442416599595,0.938921057386324,3.718748704085
24,0.756634870486492,0.0255816920151942,0.114131330978125,4.70898389807488
71,7.23899662158396,0.215584079064952,0.653687961399555,3.75130162209057
9,4.30853840956081,0.236632825796235,0.370857063448057,8.27215460418871
32,1.04247503724737,0.0285725032979432,0.00798023748211563,6.90752159780777
3,2.86873251348213,0.164627821184695,0.779359188862145,6.1998303724795
39,3.93668606851802,0.530655830601388,0.728348939213902,1.87104470177424
75,4.29665351049774,0.465811031849539,0.3845930097159,1.84254863628789
31,3.06479572435925,0.19415411496382,0.41974142100662,3.76554504364533
2,3.35693122607666,0.00180431296829738,0.471990421414375,15.5196964394883
4,2.32064379435307,0.00923161674290895,0.746991171035916,3.93345980502579
16,1.2046512199164,0.0478329968173057,0.0283344234339893,10.5367872628059
99,10.1655372494258,0.459044811202202,0.936031472869217,2.15501270538841
73,5.7204291685984,0.202334393646109,0.24046522541903,5.68894855916824
95,8.19660105701757,1.05081004363703,0.329601173754781,3.2063578948011
35,5.28248507363944,0.0713515464449301,0.622311968589202,4.0452594976801
6,3.86628630888749,0.0413979676713453,0.583143970230594,5.90874789520972
99,8.38495923117776,0.342719708791676,0.29410548065789,6.74278675018193
30,3.25262587016491,0.0153060727197589,0.639031572733074,5.63867374807932
63,5.71711240303984,0.139031889964826,0.238724494120106,4.26809895526396
98,6.51374658925938,0.178826242074736,0.574075604788959,3.04266527689226
10,4.75630244729308,0.419380484118887,0.403900495264679,8.19295979030526
67,4.13013995004579,0.311301198078993,0.161816835636273,3.75808744488372
59,8.25465090812152,0.115424720510165,0.635879703098908,5.98467210143246
52,3.27783144506067,0.329345120106566,0.512504235142842,2.62237604104084
8,0.0486244669435134,0.2944999942451,0.0683242988307029,5.35683986926133
6,-0.872041517289922,0.229525983323085,0.00372572150081396,9.3320554574932
81,9.71259434201087,0.537473029891187,0.989050487289205,3.28168882904886
13,2.64090160597471,0.26282531650618,0.775694154202938,4.20226022655568
24,3.38623047446704,0.0256010970159683,0.195028006797656,11.0812381642754
23,1.58147691266613,0.0335332620581536,0.297673272900283,7.34495037796017
5,0.0346801541489521,0.1942266287976,0.0758237564004958,7.50152953424706
76,10.3883756813032,0.481527857461429,0.579776735045016,6.028944791204
63,3.72785791447051,0.308953250282186,0.0473086785059422,4.62732495708287
68,6.63827434585316,0.502589930293566,0.575390840880573,3.54858875331652
75,4.60427061149305,0.0706279559325913,0.0229952866211534,6.40193825000057
0,0.27460778051373,0.00217501832686791,0.415150716900826,6.3022504823782
87,9.2513490378513,0.651003647896553,0.841282365843654,2.94084715657371
73,3.9786801566162,0.0631681705126539,0.715208811452612,2.92013251605761
65,4.62033639207718,0.12757995177526,0.281719167716801,4.51086394457807
4,-0.182889459221791,0.0269370158416005,0.565057825762779,5.17109814106647
17,-0.197165834203833,0.0205854083178565,0.258158815559,3.40500147240739
53,6.98002779740574,0.11986076051835,0.956301999744028,3.04663116312744
98,12.9874936556601,0.21337755219796,0.957748988643289,3.9600407503027
8,0.170235832863486,0.085453145338717,0.304113018093631,3.61351237430582
24,1.47614334152743,0.247873115109953,0.0267809275537729,7.15466510317894
11,-0.478905764457942,0.0626175224315375,0.447281176922843,4.21652421098504
3,2.11833797356096,0.0043803530279547,0.170147054828703,17.3121518805744
32,4.87791640879207,0.171009608078748,0.655305224005133,5.04329241775959
85,9.50895982783299,0.590546403514379,0.329968307167292,4.92851750311995
41,1.99381965751792,0.0154491113498807,0.348478298867121,4.57188488010451
87,6.84738365645262,0.170044640777633,0.378211801638827,4.74302000143855
18,2.89778232910745,0.0234840305056423,0.106796901905909,7.85503592611996
78,9.85799853176031,0.844112870913006,0.449382553109899,5.98739165300066
11,0.945258563258251,0.0199744535192599,0.43699597963132,5.14532946289618
26,3.12890112725971,0.0401163904652953,0.271316536702216,5.04145098308135
34,4.28993429194857,0.200753946545276,0.338694402948022,7.53016521922863
57,6.36711020465567,0.0398374834263556,0.632301090285182,6.82948298721115
4,3.479142636271,0.154602499795146,0.917865497758612,3.1849528060167
18,1.25696193626046,0.0123560564825311,0.144383839797229,5.576704742337
98,9.59270760920809,0.57834144156406,0.965949499979615,1.17510191417866
44,7.28851878217847,0.0289993413025513,0.838286652695388,6.17936557132654
43,6.60827569801336,0.818408830049348,0.771862618857995,4.33725809520386
59,3.17914523504741,0.0339026862056926,0.699842882342637,3.13908823577676
91,6.78077457529119,0.854760626288963,0.829743804642931,0.967553764181938
23,2.34655201960081,0.163984941784292,0.557705796090886,3.75045572781908
7,4.29852580890695,0.0546181357931346,0.712238444015384,4.81719140040642
77,9.11077128088475,0.333866410179737,0.934920219006017,2.32589219297184
83,7.53079531998418,0.116264116679039,0.534137501846999,3.98646303870045
46,1.89873578825101,0.0245279881150334,0.217834106646478,3.62062672675838
99,12.18092017206,0.212704638008702,0.941597358323634,4.1851116873519
95,13.3703398791867,0.227196020126276,0.993727626511827,2.57721613696202
25,4.62353028636804,0.0176287444628495,0.779111177427694,7.93716154880157
65,8.81129081011971,0.855539521160436,0.510606247931719,8.53251249418066
27,4.83649290411563,0.0130380726186559,0.763808501651511,8.40653001772266
8,2.71463525071097,0.0738034155219793,0.580130180576816,5.53283352691787
1,2.73717549698315,0.0882820470724255,0.421582958428189,5.80451814314375
52,5.56923563424629,0.561376585127944,0.771420964505523,3.93652902777155
1,0.199869878518356,0.132393374224193,0.0845057400874794,6.15446832034442
61,4.97330093186292,0.0992414411232349,0.676500440109521,3.8419872105408
62,4.18000815954978,0.378715051782733,0.187769352924079,3.83967739468912
80,9.35879220380107,0.06357769090175,0.650424188934267,5.38007077103461
92,9.80153807032796,0.166030001710169,0.661509675672278,5.94843966308867
48,4.28120886321499,0.101604865049012,0.835536446888,1.58520757000787
54,7.25266428073,0.272113218006888,0.752797985915095,3.39259686110617
55,5.36612997403729,0.611588789584273,0.780533401528373,3.1954034194119
94,5.81081761560818,0.620295986035997,0.175379470456392,3.54661418892019
53,3.78945350933213,0.0400021231528062,0.362908452516422,6.99576983702038
99,11.8744836273962,0.823596205520344,0.848505516536534,3.04279549529919
78,8.9798794056738,0.139084820286371,0.346306687686592,8.73642046155765
8,0.593162727276646,0.0829176509287208,0.332402008585632,4.42439597164917
5,2.5555141105789,0.113800031132996,0.901421295246109,3.30101400629769
77,5.37030982462694,0.091755818692036,0.131332257995382,7.62823795234704
53,5.40087342557389,0.0796668719778355,0.830690531991422,2.29306157719117
67,8.11174884357371,0.120386400380424,0.617610382847488,6.85248881928141
26,0.593692276600092,0.0859100477963414,0.0610705181024969,7.64518342302061
28,1.49336999798584,0.0177300865396574,0.119586717803031,5.81217915784099
53,3.11944314019434,0.0419003580775012,0.0253547634929419,7.37616641896637
54,3.90171642700205,0.133568780729547,0.600051695713773,3.77327834974138
56,4.87998171769049,0.298719983071762,0.549375453032553,3.60968017249439
77,6.29960647205967,0.41834169667404,0.221063157776371,4.73526015073837
14,2.07225576463703,0.141636824817397,0.309689560206607,7.47239215127373
15,-0.524845808759453,0.00229453616836415,0.133848163764924,4.10622503070538
35,5.82858125823515,0.0223243612720469,0.891368054552004,3.39559410964514
3,1.82370279900541,0.0296601670561358,0.0857502596918494,23.8503771008822
49,3.60616965889379,0.0810171431746998,0.376567889703438,5.80500012302688
37,6.76877692080427,0.363686552250242,0.320996586699039,10.2198869724175
72,5.86608036018462,0.153276702854782,0.078739995136857,8.99817958587512
56,3.52074639604548,0.202225541219789,0.191269364673644,3.66033699500734
68,4.51183169795015,0.288332973829213,0.749531711917371,1.4337383116801
25,3.18464927540806,0.0791174893047885,0.836205835686997,2.1718806577349
4,0.341833940884798,0.34372814115018,0.618057433515787,3.76276532402728
33,6.20381198648634,0.500524464973664,0.646165408194065,3.82830843718222
82,4.62580941632065,0.639314705464649,0.335331453941762,3.08229382327335
53,4.04346141728508,0.408600334057069,0.247537940973416,5.15625521627792
69,4.85165606701955,0.0477238381920122,0.675840142415836,2.61766542062413
64,3.72036161124222,0.418920974226153,0.0815251660533249,3.50535208678796
66,5.43841432035112,0.0755949039012194,0.461824144469574,3.61488671591792
15,3.36536123953882,0.0565264467149973,0.742406955687329,5.19363113411842
40,4.73313221958682,0.0219883871031925,0.730211842339486,5.15023524489511
24,5.33791229158957,0.183425987385813,0.275528503581882,7.43603029061128
13,1.83453316379326,0.072812877362594,0.610614073229954,2.99175559961639
11,-0.828020903513358,0.0310006152139977,0.365922116907313,2.79958479776252
78,5.64507483872794,0.0528454027951331,0.376039907801896,3.29507853080529
57,5.43782147463084,0.423768404384559,0.835798840038478,3.50780047987499
23,0.551635489226436,0.0347220038529485,0.0335275670513511,4.64728666653159
91,11.2930061241888,0.892825202932572,0.505222417181358,6.69543955952241
57,6.1835766163948,0.028033284470439,0.333299936028197,8.50320013521539
3,3.29214396965609,0.00995720166247338,0.345688821282238,11.8976936490263
66,7.80503881053475,0.389694571196864,0.347682697698474,6.46014027855274
20,4.66171574351741,0.137990765622817,0.943814835511148,2.68822416290761
48,7.50898943092312,0.746636817365599,0.853219366632402,2.68973102183383
77,7.93521583640375,0.746792252810122,0.718878895742819,2.0707580365825
67,7.92248177156359,0.251478676208037,0.376560303382576,9.38881486069585
85,5.07184578696395,0.321711070592257,0.712172016035765,1.17532058847586
89,6.35751928495376,0.203106739176484,0.0641343253664672,5.98486047900124
8,-0.86958884043516,0.283128497180271,0.257414007093757,2.525375787572
9,1.09149852210826,0.00998683051688867,0.127061084378511,9.1231174367817
57,6.01186317741956,0.276723883938983,0.721251531504095,2.99801747349199
18,1.25336087527691,0.254197359540242,0.0981057370081544,6.06812289267541
24,4.53058844001164,0.141477761764969,0.433360402006656,8.94052261164281
45,3.82906150778032,0.451333572601384,0.297383447410539,5.47816151960316
57,8.46506473532429,0.116314343758859,0.410503012128174,14.3891216921374
46,2.28532245785607,0.0547989785602363,0.488315569702536,3.3487027196506
19,0.615143370008926,0.172614185838029,0.0081215959507972,8.03888656960715
3,2.48749736843164,0.0784659114286976,0.863957222783938,3.94790079027541
34,6.62737461481311,0.105676748324186,0.825548658613116,8.35824810227746
76,4.20388579096732,0.0524818609130386,0.334220094140619,4.25576042418632
8,2.66699603435816,0.183601313320257,0.207908528391272,9.63064726823291
51,3.47015137961944,0.161401316290721,0.686872847378254,1.90144073719159
52,5.66844306813708,0.742039842489076,0.831557902274653,3.11457101830235
61,3.98822044614749,0.166098995017819,0.190351889934391,5.7713243808423
70,6.21494659820516,0.862140165599895,0.0685075011570007,4.93499395857198
89,10.7439808324288,0.221971856885332,0.388100718613714,9.00423955039682
54,7.94798949659879,0.617731019357377,0.723816277226433,4.70374382709769
36,2.46070848174893,0.225444369960693,0.549839074723423,3.25824212030203
27,5.70734768329045,0.330161789887327,0.338897453388199,11.6694573198962
0,-4.31404225523908,0.222935070831752,0.180358656682074,3.25498357447529
51,6.76310142443371,0.104041018858654,0.901760997250676,3.62856002619246
81,5.06439944649416,0.307262441831383,0.159332432551309,5.62703299734191
8,4.00222641922433,0.0318507496267557,0.293016412528232,11.6064821770027
2,-2.34524995434314,0.259463211783331,5.98281621932983e-06,9.3623106758155
75,6.13740427673349,0.177518997610671,0.142871497897431,7.09199794631295
94,12.130432748496,0.476721214657459,0.830166742904112,5.60855644095484
62,4.79714812949712,0.0946689230622724,0.119234661571681,9.72594623220488
33,6.38606995501281,0.534146706076497,0.32003810396418,8.75568200208468
11,2.23458651450382,0.0778340859105811,0.552633638028055,5.08186264184281
82,5.44855305823147,0.0680516195716336,0.231749669648707,6.21635120508602
87,5.89448519923735,0.38906407447294,0.764307186705992,1.76210002817809
64,7.03925310555194,0.760961847485348,0.22835404612124,4.73826294266547
65,5.72224952790548,0.210864446581084,0.482582122320309,3.31028502166411
98,7.04461551746283,0.138722593994893,0.584759188583121,2.66723823195419
49,5.13483898393543,0.138190448400564,0.806924722157419,4.44122999914999
80,8.96889043300051,0.255886738410893,0.755992392543703,4.75051699003998
68,7.91904956571197,0.0977762410184368,0.470865822862834,6.12489945586015
93,5.94771065022775,0.50262490750984,0.306052265455946,2.69003384946214
8,0.192195258389543,0.275719122950661,0.363145834533498,2.3127345344155
74,6.80066051171273,0.80285918708415,0.353433382930234,5.20012384405634
16,0.00797304927291442,0.142622718238272,0.484676245134324,4.0102333453799
11,2.02597755994541,0.0427856197572297,0.603748439578339,4.318863838587
76,8.40647397176655,0.167162621277384,0.545480504631996,3.9337733376825
29,2.71607698018255,0.0269921995932236,0.286186263430864,6.58864590851899
3,1.82021862286006,0.00127436406910419,0.195067606633529,7.73222901245548
18,1.64707526962535,0.324026747685789,0.0511778017971665,4.44198547380331
54,4.35628533930495,0.201228593206025,0.532901678234339,3.74537680274337
14,2.32215265554029,0.283422525961626,0.389512961963192,6.92478481941915
95,13.6823751872682,0.464189258383072,0.536100890021771,6.37462315413295
12,0.308936669740955,0.353946042619809,0.0170703534968197,5.05519611536541
61,6.41982715049268,0.888420355919391,0.188967350870371,5.83842223895856
62,4.74867958261729,0.0885910007636994,0.447646917076781,4.71399907103833
75,6.27979223594331,0.0377684830504443,0.18992598936893,7.60340389710919
54,2.74600335779398,0.307311865956265,0.0098421226721257,4.00861573946162
35,6.59554496623732,0.159616116783582,0.985599376726896,4.11470723106049
73,7.58177467199364,0.0547521578465614,0.933827918721363,1.84302442215328
13,-0.0974425246055377,0.0305190293232862,0.641883255913854,3.47862767372945
18,0.239736184037376,0.0175579495262355,0.123990656342357,4.50083008592807
78,9.02042735283571,0.286901172007176,0.954151426441967,2.0519798105506
3,2.4791853849265,0.346463385027576,0.628680517664179,3.55191227016615
20,1.48735052332458,0.0485979642253369,0.0877068717963994,6.665703874313
25,3.13854475464796,0.161176777561195,0.480128689436242,5.88877130121469
0,1.88047136943058,0.0973061366239563,0.322186360368505,7.27629173244558
95,12.005374707619,0.495670395882285,0.52268810546957,5.25325884033431
33,6.33985433332129,0.138535876758397,0.694548036204651,6.95331352917622
96,6.68478779234015,1.19350877118515,0.674136188579723,1.32549859383503
8,2.16293893249856,0.318545464415777,0.341081860009581,3.88158899668804
2,0.327382857439094,0.0821725672576576,0.710324269486591,2.54475397941886
25,5.29246994930555,0.174459768670123,0.312752227997407,6.94629330394394
94,6.61951121060378,0.086287290090695,0.0594633114524186,7.11578011481304
20,3.16490464125557,0.0883947646943852,0.137631970224902,7.18646404864854
30,4.19429277862423,0.0329619706837613,0.34735249215737,9.26744637327825
56,3.07161978656462,0.237590860797302,0.06863172352314,3.6526933709761
79,10.9561428574566,0.630492648543948,0.415164253441617,10.0201393394349
68,6.91901228642738,0.0558584163663909,0.705009849742055,6.23033605959434
2,-0.738564214132706,0.000502218207396177,0.253332181135193,3.97911229716108
93,5.58274211380595,0.440437322637737,0.478178051998839,1.66537482107056
80,8.10018103424125,0.595636222014362,0.87050134409219,1.49662649109035
30,5.3903626560878,0.365657714174545,0.677488582441583,3.68885579514935
70,7.20998874168788,0.333309947735372,0.82869768072851,1.86372603833805
62,5.28239055703452,0.403377498944706,0.405945311998948,5.18334443128244
52,4.0776078679819,0.598834108995432,0.0977405714802444,3.93090154336425
39,3.83136298463073,0.262461239228699,0.0989669903647155,10.1131459612463
46,4.02846131635348,0.0261590736918151,0.60883214068599,5.14983084224218
71,9.0032014679299,0.0907265651611157,0.623053251998499,4.71796151108815
18,4.73477033960702,0.0702168554804679,0.916402922477573,4.69387380483558
95,10.2012228248827,0.14942225755658,0.602215810213238,8.22863396978651
24,4.34843525239942,0.449627952810632,0.519308651331812,4.18251041295282
41,3.25057553074555,0.238705689729716,0.77702168142423,1.20427980099503
82,9.90028758302447,0.0862875229213387,0.792574335588142,4.431099722257
28,5.39682577814107,0.185565701908174,0.560331372544169,4.89904390766957
26,3.24641881658573,0.164156238432042,0.276608413551003,6.87046688119346
26,1.22367158136608,0.153672504704446,0.112480271141976,5.15479823524509
91,7.65262063500516,0.236533542618829,0.838657865766436,1.96434475768064
31,1.01280870999504,0.00391715799923986,0.613189296796918,2.99844042423551
76,8.5790684541007,0.137791246408597,0.603459534235299,3.76042086664635
40,3.48262393002585,0.0291560382139574,0.671831158222631,3.38687048020068
38,4.00265416501145,0.290800020553845,0.239884192124009,5.43802195093241
83,9.34690620017228,0.181658417674455,0.581206830451265,4.3632904795562
8,0.989811702391973,0.010797103631035,0.0334841446019709,12.9249134845747
60,7.49919332918367,0.26402453155443,0.288072656141594,9.75731690134758
6,3.37155117742905,0.087907979497686,0.549794328864664,6.65413157729306
62,4.23043767048252,0.0364751743618399,0.354278279235587,4.57660841416239
36,2.60178420735003,0.370776165721423,0.0311961022671312,7.05047769211135
48,5.77139322186607,0.0484122111229226,0.310888545354828,7.56887995590599
9,3.86351839321151,0.475462824550873,0.264128571841866,8.50035060274458
92,9.16118934798437,0.100632110494189,0.927001460688189,2.91895076056199
51,5.70773869065101,0.0577835362602371,0.687466881237924,3.60948104652867
42,3.26095210524141,0.383415105731642,0.699775767279789,1.94118352727645
68,9.1690567973666,0.525007285611862,0.704982263734564,4.06702141523381
16,-0.482028747895292,0.0407633107388392,0.430657152319327,3.47639937082448
17,-0.21907976599713,0.156905176932923,0.283463074825704,2.96707449174384
11,3.94473634500384,0.0529924790953623,0.203084173379466,11.0445561001611
44,4.93568087792479,0.0458512310664782,0.839419631753117,3.87840829747502
42,3.99537390431498,0.498017429818815,0.320422116667032,6.06241630360875
46,2.12098714025329,0.119565562743256,0.164455219637603,3.1371220876347
76,6.83427313894513,0.46755940558151,0.633718181168661,4.07943702979006
37,2.62960654875842,0.2006876598113,0.0245907730422914,7.43689720225703
39,3.18566909443516,0.317270830961618,0.148619469255209,4.99311886667018
85,4.79927915108922,0.0396079713273021,0.0491945946123451,5.24885403754407
62,6.16445934997187,0.272642164713445,0.646252609556541,2.24701998513128
83,7.26618721757713,0.181751047127866,0.557127413107082,2.53347780007025
53,5.28373497657002,0.151275371550582,0.745232986286283,3.98578960913846
30,3.49413591925341,0.048767612199299,0.414861315861344,4.71955596611995
19,1.94997532236489,0.0926929749548435,0.0684161309618503,10.035707599292
80,4.8684373970299,0.0358408651590228,0.257949665188789,3.34034844008196
12,4.45828221303279,0.0137815407942981,0.560782075161114,10.4157250758859
59,3.07187177818977,0.0347845487438449,0.0227563434746116,5.33779547022195
57,4.07562607227371,0.135869961814024,0.632718855049461,2.51243870362678
29,3.69513017271582,0.117972030653618,0.808993915561587,4.13072309165259
81,7.07933560647466,0.095944483531639,0.813318914268166,1.81108415382754
71,8.0514435987877,1.0273822149668,0.575024063233286,3.50656823305101
7,2.25358810174293,0.0510682616150007,0.570967830950394,6.27036002898896
24,3.05763369616565,0.188284600448106,0.0553828177507967,8.11102041800594
38,2.82956218143494,0.218498191172228,0.268474731594324,4.2794765313691
9,2.23296544493821,0.0223229236435145,0.876016655704007,2.30305205406728
78,8.23227526488492,0.136008945992216,0.292055280180648,7.31277533192585
14,-0.0315572189592093,0.00448267420092782,0.148206611629575,5.03809170814752
46,5.45577719447846,0.521879695790047,0.649748088791966,4.47141161885908
65,7.21906173948112,0.331081141241568,0.429248172324151,4.69554987285099
94,11.2583585457433,0.0866822666721418,0.993051221361384,3.84172824071418
21,0.662222024690909,0.106680744211189,0.381258236477152,3.96502404751347
76,5.63023078233331,0.988965900124569,0.722653814358637,1.10625004238273
6,0.959757394973069,0.0182103000115603,0.325169616611674,8.25254848102937
8,3.3754197394098,0.00613993374544789,0.707697693724185,5.22512442638765
15,3.00443862187025,0.0368773851722624,0.742918423144147,5.64787502693342
91,9.09982418057809,0.530371696926263,0.573360771639273,4.52757061461365
29,6.35747160615161,0.165737422009855,0.678269018884748,8.54902710335477
97,9.01611934123423,0.56929541515761,0.589931550901383,2.5465210807894
32,1.79689963007241,0.02937753484,0.24618539144285,5.81533782585788
62,6.61179672429955,0.0332515389891341,0.740586427040398,6.05921531148386
55,6.13684389126302,0.117657856317237,0.83975162380375,3.84364354755116
43,3.03338073955736,0.1549033181509,0.717627222416922,2.39794855885249
22,1.43645292371109,0.176599660412151,0.284328054869547,5.08843099084297
19,2.8559829051601,0.144837209722027,0.771185527555645,2.68686893838824
48,4.63018079703018,0.242247694072239,0.254561756970361,4.26289717365037
70,9.16380863279115,0.217114561630005,0.710490924306214,4.25922250726088
34,4.19709409900055,0.55442750248557,0.232557840179652,6.16251543825186
34,6.67778357082006,0.413301865083581,0.727447133045644,6.43986800800499
5,1.71540578671305,0.143916554865427,0.751005691476166,2.43552680565211
31,3.70804163944689,0.445003809386349,0.615836576092988,4.39873093874871
49,4.59163970684395,0.108484801254235,0.33377475081943,5.3838969461853
93,7.11506501695015,0.330065595674071,0.408634452149272,3.99265192813581
35,5.69344970202426,0.134577936376445,0.939974413486198,3.71309994256467
56,6.67842697086363,0.739167099776578,0.517786598065868,3.2213399162652
7,3.54783366574623,0.0589972884627059,0.482070985715836,6.35531996265409
32,4.20159612113106,0.0892219736963264,0.776503394590691,3.34112263992405
20,4.30610414565494,0.383748541162835,0.822097660740837,3.28230285087811
46,7.36365428113254,0.113032538443804,0.96934820828028,3.19044348270452
70,7.84367672680956,0.503815067445344,0.740799664054066,3.41898306979729
60,6.31272996489156,0.185122941205597,0.619784932117909,5.96719845945088
39,5.97217810757141,0.224467188575047,0.892154127592221,3.03224595320039
65,5.53032904037758,0.147502935025841,0.131812013452873,4.59324272674699
69,6.70254553130422,0.0592849897375051,0.877473773900419,1.96226348724284
33,2.25362520369375,0.0329640387634306,0.270783649059013,4.40149428822546
90,7.00924218158348,0.156250470899977,0.866553224856034,1.9485040487639
33,3.54427065708221,0.0365608572634631,0.847782066557556,2.94716455099615
6,1.70256606149412,0.0377546159262798,0.0410691904835403,11.3884059287938
7,0.982298155981175,0.132113648927771,0.331407804042101,3.64709532107908
78,7.29620160241873,0.931233753863365,0.370599515736103,3.35539732945957
7,-0.879731586808529,0.127442284720019,0.0214865759480745,6.06208074267816
41,6.80190586469105,0.0697424918180332,0.436508943093941,9.90219943898521
83,8.86627713521672,0.0912384494562043,0.721755207283422,6.45215167874568
18,-0.0676060110252479,0.133390616509132,0.144814564147964,4.69363565908379
72,9.10069758474633,0.0594623427605256,0.979813425103202,4.70929546792219
44,3.59468529141536,0.120228871639684,0.0964855356141925,6.31040808131693
48,5.04549824750241,0.396369090748435,0.573257436975837,3.4450978218042
37,4.13176507130784,0.278669621029334,0.761322997277603,3.51147132484548
13,4.35941861548807,0.107932272424824,0.528343614656478,10.7314270553059
14,3.66056710556201,0.0946251208745997,0.304274516180158,6.50038612737372
56,6.20076687351348,0.35520251279459,0.291970139136538,8.93878408578419
6,0.204824986361675,0.104167673853226,0.266987940529361,4.72045447389791
32,5.89079697488025,0.144215456093661,0.51953478786163,9.90513706523392
92,7.99580348982878,0.698103096294117,0.199072633869946,7.24409716325946
10,1.01335756216761,0.364573989413628,0.0680377522949129,6.7688468887121
93,9.28899193844943,0.362378999104208,0.866100640501827,2.78051757381515
37,4.02112889882554,0.116343095083721,0.472385929198936,4.37933109321586
92,6.83159901798436,0.627317417847151,0.0912231607362628,5.88867647105515
41,6.13257917169666,0.504304152892387,0.191087358631194,8.72672033379313
63,4.34367167249848,0.126694347709417,0.421970141353086,3.01080582092953
5,1.85557889053998,0.0663944745996548,0.149407742079347,8.88634711172811
17,5.10322591083128,0.0139482511440292,0.883491600165144,5.28618974824223
86,6.03471157861001,0.36562574606151,0.625233507947996,2.91521980242433
10,1.00506948615533,0.339615014138374,0.0197738814167678,6.7414269479854
1,2.29690627699163,0.00283500231055074,0.848025832790881,5.66461227425012
47,4.08258011671091,0.109164866269566,0.626545409206301,3.54367909988677
26,2.48547755149516,0.0484239847928528,0.0471716874744743,7.13750660869312
22,4.54367500318805,0.192205980642441,0.659506163327023,4.21596452924176
30,0.559363848308932,0.166550519643351,0.00179652334190905,8.7532491629061
66,9.51309759267872,0.0717712306650355,0.998197702690959,3.96490348444538
23,0.76306957827056,0.121541659580544,0.0101107817608863,6.6946275764302
54,2.53888130780783,0.0225975781213492,0.399522066349164,3.51454597758714
49,3.61086729353556,0.109390170267338,0.630404407856986,2.78094391892836
50,4.21165484671786,0.0278636520659344,0.454650024184957,4.11276482930918
8,4.60591403111842,0.0233810901895959,0.988549276487902,3.77019465990466
21,4.45532365713939,0.160158139653504,0.917256307555363,4.9715804066402
76,10.9360156370239,1.06164294940637,0.850451739970595,4.98315471871726
55,3.03876601225501,0.0222232671243343,0.465163884684443,2.99047826881153
29,0.975580343989591,0.206462366402349,0.104034313699231,5.59623595428366
67,3.56382454521347,0.407949701115466,0.105495910160244,3.46670690015405
95,12.1266103679052,0.329385880370367,0.499119088752195,5.17062616811572
31,2.31744689188303,0.0102370207896456,0.729962394339964,3.77486341408334
31,4.89923077107989,0.329376681930128,0.736953045008704,3.6253917331484
56,6.51474559068861,0.246680021479218,0.388765695272014,4.9724111586559
16,2.33764123081359,0.00546629342716187,0.574712631991133,7.74280267355991
33,1.50353664587936,0.0625790418661751,0.140904557658359,4.92806769131134
67,4.55098364676509,0.330865849031809,0.388056495692581,3.34023144724576
45,7.60775307497918,0.542025963278645,0.888094083406031,4.42151207461217
72,10.0337788535571,0.726316861766291,0.493077054619789,6.12282628507613
0,-0.78877037894453,0.00481162668598706,0.021021437831223,7.46104177204668
78,5.65320136128339,0.0711088017560542,0.440473382594064,3.06393241818874
57,8.19084662729882,0.0587346305837855,0.938962034648284,3.34224976224053
47,6.96980186466981,0.0376842647846547,0.944478618446738,5.21945035290811
21,5.60084345623637,0.57678152012282,0.658184034051374,5.07792275042952
48,3.69447568145847,0.543238373907441,0.0796604696661234,6.52636166722743
6,0.0305851881550838,0.0485335369594395,0.0138257080689073,7.29348149387317
63,4.27154329027867,0.410374856296825,0.33502659550868,3.13200313544985
22,4.61734109864838,0.0875677061267197,0.503812150796875,9.98719409191595
46,7.74550844194094,0.0441335847135633,0.588909088866785,7.27253351986274
94,8.98530070746554,0.516298398354507,0.385488025378436,3.97584057316547
43,4.27109730171356,0.0784595095323034,0.144730246160179,11.5115281334551
74,5.86344712729449,0.0521623034728691,0.461323784664273,3.81337803933787
73,5.9941418259075,0.0693839227315038,0.348390746163204,7.29655155954301
33,6.65885893458483,0.146974305427136,0.541025769198313,6.05281105900591
81,8.26425315027903,0.164040750823915,0.927593796513975,3.75074741069152
97,11.2254606781585,0.862874254542303,0.58906505513005,5.99235074558743
80,10.0740867653041,1.24422199106613,0.979077367344871,2.34932843929577
51,7.55994016447725,0.509068398249751,0.354535939404741,5.11640674130274
54,4.20413620736402,0.203010239860717,0.809957383666188,2.44467666463945
41,2.54290079295419,0.108748620375991,0.225443849340081,5.26020038219231
76,6.23220205799223,1.11838955891536,0.260919663356617,3.1852803716628
73,8.87442028584163,0.0536977689035838,0.365555422147736,7.16375808827635
1,2.97226168004919,0.049765640636906,0.467427417170256,5.53293463539975
61,3.85870083867255,0.069891595787322,0.718371734721586,3.27750996175084
87,9.26863377208397,0.7718482490842,0.693093290552497,2.450637455924
92,12.1366511877891,1.37843514645571,0.904318628832698,3.88669020248589
65,3.84988941984878,0.0804377845488489,0.423350861761719,2.31101819638929
21,0.808559896316449,0.0304840854369104,0.548273804131895,3.67950835549481
35,2.2858000619976,0.0204031901666895,0.273094397038221,5.46891880534576
4,0.400303484992437,0.000918103498406708,0.0270040903706104,7.58498569429718
90,7.75524218363148,0.7785520851192,0.543602805584669,1.91273153331133
78,10.1632878502306,0.671244333001012,0.651469922158867,3.89992037731159
44,4.95154764661764,0.39250178307057,0.603977202437818,5.40616960469034
10,1.44917171916249,0.0139524493762786,0.0575941952411085,10.4414344156216
85,6.01623484370013,0.0651614124171949,0.320035664131865,5.01779577526349
16,4.02733579372773,0.0712087553692982,0.404810196952894,7.70943181311726
43,2.27009012312917,0.306672127906907,0.0129894185811281,8.82127990234281
54,6.88063287419261,0.291922542954537,0.735129108885303,3.34781005903883
86,9.78720856716988,0.213515078769734,0.83348139654845,5.34450865625306
54,4.52867530534082,0.559436005043024,0.747108773561195,2.71409875180204
73,8.7262365189597,1.12317882937597,0.877256878884509,2.13010472490897
10,2.01489435281364,0.0329862338257954,0.221203729044646,8.62371172365233
38,2.54692991398757,0.0550011124686117,0.312897618394345,5.0418967278213
60,8.90022798370524,0.738158956128073,0.925129915587604,4.31369951104739
71,4.12559770550429,0.513433669207102,0.333411843748763,2.20772477849758
3,-1.51286957261724,0.102600887534209,0.281163579318672,4.49812402828259
1,2.06089875020072,0.0470727146979345,0.586777983698994,4.04358918354916
24,3.68610004833034,0.502000711837268,0.258135893614963,8.03858195247909
45,2.02781203456539,0.144580559339374,0.0306768617592752,6.02548751016334
36,4.97149860806779,0.515408993677652,0.446208970621228,6.89337590400009
29,1.12836424169667,0.205462263653728,0.106926151085645,4.69375539772157
52,7.9521071340546,0.132552330731414,0.754087045788765,4.73364064817964
5,0.442215879689527,0.0049330453710094,0.121871406212449,6.20379977627372
45,5.69888307050919,0.193370505225587,0.831164261093363,3.36772892184113
56,6.10561658248485,0.367789158110923,0.914026284823194,1.81825130937041
57,5.44874828623719,0.0860030678476135,0.59520795289427,3.55038973967393
84,7.05474738398791,0.586396007042069,0.760716272750869,1.73389700817458
13,1.86027326457016,0.0559042547829449,0.0509610651060939,6.38528518253375
71,6.83116086381878,0.0590720943873748,0.561635120306164,3.41773007456357
88,6.15049781919321,0.819439001339388,0.626576733542606,1.09001720772177
52,5.42812414014815,0.0553273849654943,0.918665766716003,3.83379101961207
71,5.99887297038863,0.533577095904496,0.389448209200054,4.22233167098466
34,1.0263433439178,0.0793285728432238,0.330095354001969,3.11518203491814
92,7.04696819288426,0.824290724429202,0.762374470708892,1.37812629300464
56,8.67966165504468,0.080580173005945,0.660182834137231,8.87013782463271
21,1.86172207279818,0.0267403085017577,0.746595008764416,3.40820235686165
64,6.15188017415503,0.317053545255888,0.306225070497021,4.53446561444817
74,9.91396794494819,0.0839677781332284,0.985972242197022,5.20435699958457
87,11.8935437508362,0.459702605138819,0.429756172001362,9.78920085139285
24,0.258472005595356,0.0433143060654402,0.488237033132464,4.22364703936442
23,1.84704184901207,0.0294707083289206,0.653244936605915,2.65335194942274
2,1.9211457835515,0.0207993996380834,0.631038763094693,7.35711860116165
47,2.76230474746759,0.0649864015867934,0.359872648958117,4.1902542938347
28,4.91353619366145,0.0519499010990904,0.656345713650808,7.26678371818497
27,0.382703681959415,0.276213326841224,0.00622959993779659,7.32754306422718
29,2.86287919493238,0.371722029650715,0.618590199155733,3.87910861248147
95,10.0802663531926,0.199193108567075,0.75652497750707,3.1298707027651
71,9.98464418801832,0.0748090881163187,0.843864744063467,4.78141003225816
2,-0.819050968421157,0.12011007941328,0.0235935808159411,4.30997652990647
75,4.27438298279283,0.0487056906264896,0.155074870679528,4.24547635697649
70,8.1954618964931,0.227568450054619,0.873006189940497,3.8596865855588
35,6.66276274429872,0.150417962344363,0.615127714117989,7.2060822085962
67,4.2973029317576,0.137694450560957,0.459157392149791,3.95328042791112
31,4.67726156349343,0.201576866897497,0.715175257995725,3.11480133850615
58,5.66594317851524,0.584769157195622,0.521927610039711,4.49250246651087
19,2.15999125217423,0.279532199249345,0.0465523228049278,9.85256461846268
17,1.49391548311658,0.0763011611589448,0.750785177806392,1.9307297275616
99,11.0839478587082,0.223416198034513,0.951337183592841,3.0256245821718
72,9.29694046160177,0.0755407453980297,0.995465165004134,2.85084591760741
45,2.35581304712177,0.102217206382193,0.540196941467002,2.66984182667495
32,3.1669070060063,0.0262021729722619,0.389783256687224,5.11430334562992
32,3.60638061516991,0.213517551299858,0.662523644743487,4.9379876392228
68,6.75785691669371,0.646839182035152,0.894346175715327,2.75590808178624
11,3.91518102450025,0.0661275171441957,0.331155673135072,9.62885227814829
84,10.9236993086314,0.134244952816516,0.743086102185771,4.87539224545911
97,7.29759145294895,0.152110115846446,0.821504967985675,2.13926692988101
97,9.41670728857143,0.724268132584666,0.776597403688356,2.19139484117756
21,4.37797736820347,0.250075855663017,0.364953626412898,8.06184414939099
54,7.4767527223462,0.274252458930689,0.735256281448528,6.76567949861569
12,-0.552827994503605,0.0791599880636025,0.00553290639072657,7.16182871754474
63,8.69645266999514,0.144877579063177,0.613159008556977,6.14042438414936
91,10.5994983064987,0.0788385421037674,0.99729322316125,1.70974686771012
42,7.34768320208316,0.685949545787805,0.748662561411038,5.22796516128025
49,7.87214273692776,0.703199863391829,0.507322391727939,4.78029750436618
4,1.09478536030506,0.206445931679311,0.0403706827200949,7.77051116816921
21,0.644245226627987,0.122455924516544,0.191016759956256,5.03197253889115
21,0.482614908393589,0.0117291588712599,0.21646540123038,6.81235116239528
88,6.69838774665958,0.935754345211774,0.12689456040971,6.14324834476766
74,4.77755339633179,0.660280063251191,0.126694152131677,3.07504085745354
19,1.23251617285859,0.0370142826577649,0.458234339486808,4.81777768213356
73,7.01164597597989,0.982500535849124,0.896364509826526,1.73397100467044
63,4.61017896475433,0.241745436320755,0.139614862622693,4.49395541966466
90,5.9625054842432,0.258754841077852,0.413979225326329,1.74728760270685
22,2.58156005901236,0.27555306557447,0.810635007219389,2.64375105221277
44,4.39762680611317,0.125687762745656,0.251408591633663,8.67849959304018
16,0.800787681749634,0.166034288005903,0.351915473118424,3.1357881029811
34,3.57255582543333,0.0164354840526357,0.825554369948804,4.65537144066914
37,3.77520813210276,0.16561758168973,0.160407706396654,4.80093299008265
41,4.35909081991295,0.0231658491636252,0.327484353678301,7.69277943997992
30,3.16266506048928,0.0361113569317206,0.476181040750816,6.67798400410037
12,3.2190598819693,0.0132235715864226,0.92732825060375,2.64344478590592
41,6.38468067935996,0.308866505500603,0.893636423395947,4.5286951534072
80,5.42319781891489,0.100667300634086,0.0473278451245278,7.58017081321876
29,1.2148203789281,0.0775165733719922,0.321706995600834,3.4952211520794
21,4.32331122200487,0.338882649772543,0.622746630571783,6.89314156170528
53,3.56137638045265,0.0730236248346046,0.590464166132733,4.04704749441431
38,3.29068788275577,0.310910602122727,0.395350283244625,2.98833803179276
73,4.17481822822308,0.109963551396504,0.719130947021767,1.87458686891687
57,6.04121782869226,0.493898531866676,0.6432818940375,4.50721570731664
75,9.22774641876477,0.141443273518234,0.983112426009029,2.89977528033663
0,1.28853615751111,0.0175708301831037,0.656723698368296,6.52730626150709
94,10.7516768546843,1.04518524271654,0.800390417454764,4.36411826521034
35,4.99790537668187,0.0189110167557374,0.938333984697238,2.42285705072775
3,0.370080774390464,0.060308798472426,0.62834171555005,4.82278336814384
19,3.83161008132519,0.176059823705557,0.222142315935344,6.09106957736098
23,4.92492262357655,0.10738871328067,0.375320519320667,6.20100270346111
40,6.88924407578906,0.131249880534597,0.378990476252511,15.6142771212046
68,6.39691498923746,0.231710990995391,0.129603322595358,8.22894298933154
35,4.08532663978937,0.143078790744767,0.8609205391258,3.12443580160298
76,5.19170334346902,0.119695977159271,0.673898492008448,2.84817324835657
6,3.13890797978671,0.408427512287027,0.180769735947251,12.5535658335878
2,3.7131921430327,0.371251698715814,0.772151686483994,5.96299908392831
75,6.18722405467515,0.193616589753631,0.689654892543331,2.84593884662519
54,2.75066658370878,0.199697060732845,0.0895286691375077,3.60338273590155
9,3.39817274685756,0.00897843768630846,0.302387631731108,15.3641945535428
28,2.2075318760073,0.0141457932803425,0.402356806676835,6.80758110769697
67,9.16431916191677,0.128922928241082,0.402361314743757,11.5130570408713
38,6.66297767920484,0.193503982376981,0.913829248398542,4.44130069369939
31,0.915341499738368,0.0490308720071254,0.166526079177856,3.63108603122857
65,4.39835860297621,0.155790980090387,0.262251738226041,4.92956576845718
64,7.99410178072382,0.161918558413163,0.565051852259785,5.06906985348343
36,2.24450711995074,0.0555310626649343,0.0348544400185347,10.6157294585049
17,2.08267543240217,0.0101165254600346,0.490652181906626,4.30350104247809
75,6.95608895119472,0.537569922006545,0.580463912105188,4.33928554647482
15,2.35907556658588,0.281675870752636,0.0370323846582323,6.03832417029114
64,7.5641673484981,0.399147949362616,0.697221786016598,4.65809423756133
85,7.37053150066252,0.119231562595814,0.885850628605112,3.42731711794973
24,5.2997846615341,0.0997624938322338,0.6664779484272,4.65140303858796
57,6.19568092463933,0.343425568415526,0.759738915599883,2.79518936414547
67,8.75491899651226,0.18895220545933,0.705572545761243,4.12775432321155
44,6.13591344660656,0.407395588213062,0.448628545505926,6.18923229585227
57,7.78806731007105,0.145133139682002,0.771810717415065,5.68437869933963
56,6.55190312962864,0.464180416872209,0.694976703729481,3.28896793988406
73,8.15943875559949,0.0876502493629232,0.842590092681348,3.26828765158989
11,-0.143113333867181,0.0925718564540148,0.0732003003358841,8.33332181686306
45,5.56702002990797,0.0234650240934223,0.743118144571781,3.5059280196818
23,1.70858341672346,0.200609259995374,0.0684059853665531,8.18244519543731
48,3.63227540582098,0.0503669219324365,0.532050715060905,2.95570796107581
72,8.48172756035809,0.312953578996214,0.499938482418656,5.28523796896433
77,5.2201529626602,0.117881745449267,0.623524273978546,3.53940900124569
67,3.60638795703974,0.194804014829972,0.498949259053916,2.63137000289368
16,2.21143471440372,0.23143302189098,0.679419402033091,3.61306050706285
30,5.5626878915767,0.0225463988026604,0.819529053987935,4.80111718771299
5,1.61698958259755,0.00119064508491347,0.73574760556221,3.66363540017319
1,-0.410639094005521,0.126523698563688,0.469752649310976,4.46050621656037
67,6.86489781873801,0.0548829401377589,0.831858302466571,2.92818980464489
6,0.469353538855059,0.0227170760044828,0.546691583702341,4.83454625518122
30,1.97738110210357,0.0391002604737878,0.721476553240791,2.7279037315147
72,4.8443927190111,0.596365864822799,0.157759370282292,5.72169415628033
85,5.02805552952782,0.128241606173106,0.671872493578121,2.69841060476486
47,4.38908042458851,0.413265171905464,0.765828866278753,3.52089814967368
85,6.21823673807345,0.398825307821339,0.568816178943962,1.74602033249688
30,6.1845119770752,0.10185150085557,0.365772809134796,9.34898483520585
99,7.84923937079381,0.479700128526843,0.561802011681721,2.71047114407477
14,1.80022160567976,0.130114366766065,0.134417933644727,8.97395940898769
23,2.43982613704425,0.0266176147852093,0.0664974304381758,6.48954550506224
92,5.39844299599022,0.748379815350433,0.457958563929424,1.48233697089726
55,2.75688073066912,0.0355320876872331,0.550805528182536,2.68860491164584
64,7.87283562561476,0.349853565895414,0.397424555849284,5.68264152551271
28,1.73151600392214,0.240696605284441,0.351450835587457,2.98523235120232
25,5.18195275926821,0.136912702349946,0.467244039988145,7.38060923211522
11,-0.334226911593903,0.00116830080301269,0.0439613426569849,10.2448455820545
98,6.85310909451394,0.493926962816572,0.762571286642924,2.57660331454901
75,6.48327685064966,0.0376884224486651,0.557966903783381,3.8841099164104
48,6.69317512602065,0.499381347538388,0.482822226826102,6.40979114021112
43,5.37287881715051,0.163081547361799,0.920586100546643,2.76867263270374
6,2.68661315054737,0.115923659177497,0.579031948000193,3.85549238988243
1,-0.45895201918497,0.00613432970061761,0.446079862071201,5.43409548551296
87,6.25742954594862,1.03335720062593,0.0919501504395157,5.84707344560241
10,4.57903562060689,0.00721683353185654,0.34449208364822,9.97872169230943
92,7.35275821104106,0.341723207606676,0.385710226604715,2.85562833740366
14,3.70692078793561,0.0797761486610398,0.546421176986769,4.79539409014416
30,4.70172897946707,0.302150320251215,0.915345669258386,3.19378364163844
23,3.19037523599152,0.152360812411644,0.169970754766837,9.6642321002812
59,8.88660054771358,0.417898123131549,0.495066767791286,7.81163809315063
59,7.50844047192912,0.441804707029319,0.560643271077424,4.12557988483482
62,5.16477280081683,0.0535741473816621,0.419985679676756,4.30895898304998
96,8.42101146764991,0.559738758454257,0.869963420554996,1.49746084888743
28,2.605200187785,0.241402264673936,0.620863673975691,2.32952500011585
26,3.53781487933117,0.128594562760554,0.839861687505618,3.44336259473846
81,6.69147187237543,0.0592525654938072,0.428826434304938,5.09158855595989
25,4.96301018769798,0.254000889825377,0.821377499960363,4.84338452044398
62,7.10934122172979,0.93964992970565,0.888032207265496,3.43731822983654
74,9.05029372938626,0.0826253042323515,0.784451892832294,3.94358164650159
14,4.05977330736288,0.0597653283039108,0.943181902403012,3.70561546931874
0,1.17974221675535,0.0613230395829305,0.167338928673416,5.94882633375611
95,5.80046120831902,0.0842689063865776,0.770835007773712,2.96002701582048
31,2.395744897873,0.138930305955,0.0601541234645993,6.71499642715581
74,7.82894689925372,0.476481530328697,0.914823934435844,2.30709779685394
35,3.62827243272963,0.290807806410569,0.470716464798898,3.18586613127505
44,2.74529317870572,0.0804716690909117,0.184801936615258,4.11237526937903
17,4.79480917573639,0.498941028003997,0.861014244379476,3.28974262363968
8,-0.516637388712172,0.0100967527832836,0.0112785201054066,8.13873922299843
52,2.71428048219678,0.369812326019114,0.54851912194863,2.09591186096414
80,9.34529848810162,0.984685340378076,0.495421274099499,4.39973109867726
58,8.73137666867899,0.457585472592568,0.694605054799467,6.07545373080747
33,4.18582297784643,0.0545118728186935,0.559881207766011,4.97123441103005
85,6.14603950795917,0.254104488984424,0.540381665108725,3.15585816476999
86,10.0811791233818,1.13905900570102,0.953638960840181,1.71037806502436
55,4.89008179593657,0.0992063238518313,0.441519785905257,3.34081624484381
93,8.54163183938811,0.16184426646214,0.52717507421039,3.64618989321403
19,4.49670722397694,0.252612063309307,0.916315604932606,2.12849959476274
4,-0.520953967105222,0.000838555744849145,0.54653056897223,4.40118836553791
4,0.451674626617232,0.361225731649852,0.387973093194887,2.33315492988416
23,1.24399263970608,0.0268218921264634,0.104265790199861,5.13173298606972
62,7.85899830646369,0.357167498187578,0.939462353242561,1.97988168099621
80,5.45158857085085,0.826705655041051,0.0972863337956369,3.67654510057982
71,3.97242024180393,0.0302048888768606,0.0193524919450283,5.63819246305892
55,7.90310588927702,0.99945103511551,0.683012066176161,4.51860621009649
95,11.2920551503472,0.441294896395362,0.974863717798144,2.3144735015859
83,9.16306980220849,0.211953814506323,0.936624399386346,3.29195890460576
63,7.32842530398481,0.183748049620732,0.886851287679747,4.09430042108178
74,8.2669621978087,0.116177805815823,0.603613869054243,7.86892594584502
7,0.914969435753987,0.0166923468121003,0.147193122887984,7.27632151956246
18,4.00555001456123,0.0303314030170441,0.917042683344334,4.00005344537637
73,8.03286077930563,0.340753217450085,0.947183202719316,2.11725178090189
26,2.11471230369312,0.285108027503568,0.729348685126752,1.62238922770375
88,5.36003933221047,0.216352992562689,0.169173352187499,5.23060109811602
5,-2.19524630728593,0.175981688768345,0.0152826821431518,4.95606251308557
98,8.93373657636874,1.11987848594142,0.828476303257048,2.10219942636583
72,4.06902878294968,0.480227749308056,0.236873071175069,3.08361563380267
41,5.16569220038825,0.73903703228196,0.809766171267256,3.53405646239092
46,5.77649666964582,0.0593373429617082,0.484073757426813,5.69912347429251
43,7.24388039164389,0.0517324833199382,0.457978658378124,13.1703423744538
60,6.11973282961861,0.250343453594226,0.345294330501929,4.64877185870322
17,2.12627725751748,0.444478869417167,0.556129029253498,4.49175062298918
40,6.63827333264928,0.0341532422462478,0.524040108779445,12.0075899925994
97,5.97909304007624,0.0958971580257639,0.59933296777308,2.81872808461867
67,5.40806775483176,0.28365861949392,0.0480986163020134,4.94642845915012
70,5.45733534480259,0.397759662454432,0.392002083593979,4.29421820890233
17,4.39941380653975,0.510256498099721,0.448785439133644,8.78585065736026
53,6.85099885127069,0.348884396124457,0.645039715105668,3.61666400311445
38,2.58694162242851,0.327464808932248,0.232496610144153,3.40876189090061
6,0.141041493173516,0.0430687053193079,0.0115825310349464,9.15617476702483
62,5.90539545907531,0.360420032437457,0.821758502395824,1.61132765490102
97,9.00108354086055,0.224898252858523,0.805992756271735,2.13830033905059
86,7.31028095246836,0.801244581076217,0.435454424703494,2.18954860699149
62,5.06847842884084,0.366848194019353,0.140198622830212,5.96738213611302
56,7.12792360178129,0.477647291941053,0.87684271694161,3.80751834054541
56,7.40178469046077,0.192313707957356,0.910629170015454,4.13871342231301
57,4.05956016720065,0.169827257748693,0.381692792056128,2.54061299594541
10,4.44199363096638,0.0369411271531135,0.889652816578746,4.27713206952084
54,4.57478926665319,0.082891215919517,0.28482352453284,6.17036939520396
70,6.31014040090848,0.466867612188166,0.829073502449319,2.1414816280912
35,1.37134802063582,0.394978501347309,0.0144295578356832,5.07119613017721
21,2.3753999762312,0.138249030903795,0.130575348157436,10.0069081136572
61,5.91557672519191,0.817470258505906,0.268416237086058,6.06324089450329
48,3.73788035831059,0.489719342419362,0.256439780583605,2.7769740145593
22,3.5608960675892,0.392443904166526,0.429669277975336,4.62746295158465
32,1.97359772577085,0.101440497557633,0.225165492622182,4.75007099833441
58,4.65969242362733,0.07252811691736,0.440303651150316,5.5252301331261
42,4.47440267855305,0.154584584175609,0.38023416348733,5.82966217194442
88,5.60433182606866,0.120596558204852,0.612035862868652,2.01218958790389
22,2.78290274669123,0.00499889405909926,0.294289644341916,7.93643549059826
80,9.95012159427059,0.377361061961806,0.572585475398228,8.68600381801603
58,3.7623989335715,0.295006264714785,0.52401065081358,2.16964634525724
7,2.56388343324491,0.0665348112815991,0.618084302637726,4.3564239589803
29,4.10036856698158,0.0464240072760731,0.214545431546867,14.6629025708765
95,6.89175457496651,0.0864779489347711,0.697340667713434,3.9251413747135
34,3.1325518190241,0.242749718705866,0.542110068025067,4.65568240848833
3,3.93178819242257,0.0491818532813856,0.613703146576881,6.27329074094809
3,3.80212237694219,0.0875163414748386,0.946085238596424,3.63221491869567
46,6.22128596109849,0.602052486935789,0.765824278118089,4.95490441584001
37,2.44860878106553,0.185419174352786,0.408623543567955,3.42782427670966
82,8.8415432186504,0.448009616208679,0.93276444892399,3.42187351101683
0,3.80829334403078,0.138008221401833,0.730047146091238,4.34026828405792
37,2.36431035369692,0.0599271778992646,0.321042347466573,4.50732061211727
0,3.78005272375668,0.112288748146966,0.8740513054654,3.78859220700375
75,6.40411162080465,0.195769411734048,0.882804367691278,3.19866988515066
1,3.1378805524151,0.393281442474959,0.279624531278387,5.82644434566739
61,3.31700100865639,0.518540047088123,0.0152574735693634,6.10463404596752
46,7.68020750378165,0.405972872374064,0.495514220790938,6.46882874599751
37,1.28110187448399,0.079081742327009,0.572333004092798,3.4042816292616
19,5.16835614212158,0.377044870031482,0.353933986509219,11.230197817648
19,1.11450480332026,0.301327335172075,0.383356482954696,3.81920350057609
55,3.19506135152235,0.406585272846228,0.0665152862202376,4.02186228269214
34,5.43590574311507,0.043476278601802,0.951899690087885,4.61555912816441
93,5.61501986966898,0.781158020677877,0.523381951963529,1.72885322378716
86,10.5067777301682,1.21468089187617,0.961863439762965,1.87911314438092
88,7.69972135283278,0.304080671154636,0.837107622763142,2.38296197760924
77,5.08563402677559,0.115218391617289,0.474990813527256,3.43268020855316
2,-1.74860929963862,0.00206104388944845,0.235573607264087,5.25285653448135
69,7.99575642619523,0.160696441074833,0.289152288110927,8.05045113645336
89,7.30432310106386,0.666333684768879,0.19460856821388,3.65109405920079
98,12.7270621663751,1.73760973931032,0.897027803119272,3.64925358603527
59,5.54164565991923,0.028084991300374,0.541595570044592,6.89863767415549
47,5.51250199237217,0.564186807442846,0.911496963351965,1.55353791206798
82,6.55135854185161,0.179310012598264,0.147697354899719,6.54307982622756
77,8.3476988492838,0.102322083897889,0.865582904079929,3.42609685042312
39,5.44425141837803,0.0696921775816008,0.369631411274895,6.22131077378169
75,4.81496732131005,0.151620477307164,0.0214180818293244,6.98118234434554
20,3.14807151498573,0.268010792760321,0.847331529483199,2.18037881373809
7,3.89434904303753,0.00648991938214749,0.676511406432837,6.81363399670953
69,8.50625550560892,0.255149439432401,0.829861992504448,3.92323420850945
68,8.18287875109197,0.96950173884967,0.733100109733641,3.13157370530584
85,5.94245600947693,1.11172593099283,0.207952958531678,2.07036698761061
86,11.2377300675213,0.443733089410946,0.831244435394183,5.05873034282245
83,9.12433826452862,1.36276328230376,0.975220319116488,1.94225768675215
9,2.55049333472103,0.0186490679077833,0.57907429500483,7.31255432177424
70,6.96194771183209,0.353045240082703,0.82604813342914,3.18856056458185
24,0.375101153800786,0.251904037283773,0.168446678901091,4.98157211620865
50,6.36919247995313,0.361222617772824,0.260122107341886,11.1597298008743
96,9.85994025554174,0.431169319411224,0.868499307893217,2.04346311274293
18,4.0424878219981,0.0162907695001048,0.257443327223882,15.6246416026787
5,0.0165442681473769,0.0012343742095146,0.0620926434639841,7.73801916338918
2,3.26150992951406,0.00201579555863817,0.841225043404847,4.26165376161474
83,6.02318349023294,0.621582989895675,0.0744945576880127,3.97946999743947
38,1.72414356930344,0.0501102640992031,0.0629308226052672,4.10841905516111
60,6.19674666230124,0.372155240496218,0.423065016278997,3.94888933581494
64,4.07186783153564,0.137330692843534,0.080974122742191,4.95949246350908
33,2.5769381193258,0.189280370076724,0.659444757737219,4.06600078807041
47,7.45509992134554,0.163698268705048,0.955375723075122,3.90418915429484
9,-0.646340463374044,0.266145637946877,0.133374242577702,3.144114908532
75,4.6956724430368,0.232126888110045,0.279344792477787,4.82018928604194
85,12.0558012856335,1.16309579176115,0.728109704330564,6.5758223303879
92,8.92438630162852,1.2662380183952,0.704067793441936,2.80784319667623
45,2.08581294443136,0.01066327188164,0.214714536676183,7.14787366670605
34,6.17694798801133,0.367055690360671,0.933060974581167,3.29006194397558
56,8.08089704164734,0.0759181418138052,0.972424440551549,2.58374942916721
54,7.38555680517369,0.515438631155944,0.895871056243777,3.13349740324225
4,2.57920730853742,0.0606072755763307,0.735694409580901,5.05504268556969
62,6.15503584199836,0.404085529947138,0.215928146382794,8.24687868972904
24,1.06224844583142,0.0523556952830404,0.475034153321758,3.10036079164568
62,7.3640393613605,0.212753375050354,0.732519110897556,3.05615978966136
53,5.31092765527959,0.318893232174037,0.799165911739692,2.3262819457851
2,1.0035534795451,0.335285054742101,0.269705530954525,3.97613700549691
86,5.65823106796291,0.0728974248049781,0.102799135958776,8.36945758327674
70,9.9720349117025,0.261044687694612,0.998101868433878,3.65151350304447
88,8.79065911890402,0.346903863991083,0.355441067367792,4.77681746279913
48,6.16024675600665,0.239191368677396,0.259401119081303,5.47483891972452
55,7.5169497841741,0.322831601825285,0.814065519021824,3.78821341921752
68,6.48023656867606,0.172184220165946,0.605848740087822,3.30359081876253
27,4.36585289841344,0.01843270775126,0.455694619566202,9.86144600620323
25,4.19143049768534,0.0491877719759941,0.715918980073184,4.23476861328345
43,4.33042546609498,0.198983163096684,0.478087348397821,3.25797151608322
96,8.48087009569687,1.10437985223936,0.840450750663877,1.30656295948112
93,8.85313694977301,0.422275308498597,0.816125586628914,1.95339528638034
32,2.45939824869109,0.0182436406612396,0.277866991236806,7.26965001522394
81,5.38343499706618,0.0728976153768599,0.299909974914044,5.86740176775481
40,4.64379424576715,0.676750360490912,0.829230667324737,2.48711512097796
55,4.63941708760686,0.544901565741795,0.784355849260464,2.86967904732525
17,-0.220195148161713,0.078048795927316,0.0160918952897191,5.71122990594974
69,7.29323231313532,0.138098150142469,0.585737494984642,4.64958415656557
14,3.15862817309019,0.24386516282216,0.184258630266413,10.9676952545042
25,3.52721721815042,0.485177832634604,0.110520713496953,8.37039089858688
74,10.3023076762103,0.283274705045599,0.553508908720687,7.17063403351713
24,4.09101716499826,0.558463054211968,0.709396542049944,4.95305708580759
24,0.968604599793639,0.0792853373568505,0.372140428051353,3.13740900811575
66,9.50616557728814,1.20628467661546,0.828593282261863,3.63758819740759
9,1.81472663131815,0.388515481238669,0.22089571133256,3.83133189175325
41,6.8599704083338,0.282090162847865,0.878367063822225,4.31978579668041
58,8.37915276822731,0.384178502929813,0.982955547515303,2.63063614293379
35,6.96865732759684,0.405630023197687,0.429245573701337,9.84974616068496
52,3.94641520133328,0.195324581338766,0.109608213650063,8.53378275725857
56,7.51026455826178,0.257612838269314,0.426785301184282,6.98670833570563
66,8.08321787650865,0.278220339900556,0.957137780962512,1.97464067927071
76,4.89634118185192,0.229541503040688,0.0870622212532908,5.72440577460237
97,6.04482192170102,0.212117885461751,0.755731235956773,1.83833962585472
36,4.13977699911632,0.01354248806656,0.604298926191404,4.09938843454444
60,8.82588282472843,0.0458792695675832,0.997915985994041,2.47285770587667
68,4.01761991858149,0.112426258274354,0.0628430915530771,4.99293890414861
74,8.53348642234899,0.171502051060088,0.867040837882087,2.39707797951309
83,10.1990766271272,0.16596458456479,0.456414657412097,11.7493562790799
46,4.61069547083878,0.0770768893416971,0.842612774576992,4.01726736969555
63,3.80905497482618,0.153275282355025,0.0846511917188764,6.02002822939985
96,9.64328095438652,0.178951099126794,0.975882568862289,2.24135784005653
97,12.1116074695349,0.112562345340848,0.953558100620285,3.13134342740185
36,4.92503007034963,0.0342037811642513,0.757329465122893,5.56949887837568
0,-3.04305624248335,0.126996129285544,0.221792348194867,2.66428864420002
67,7.62199376034697,0.265758264566514,0.377236601198092,7.74739759705978
64,8.27394802854595,1.09337129903244,0.585413343273103,6.16453685862332
2,-0.333402288487022,0.0511090432580821,0.668784541310742,1.78242733423145
25,2.70447599551147,0.0113296825438738,0.0850674249231815,16.5114786039354
7,0.925484410346658,0.00106607231412599,0.299681205535308,7.59941212344679
9,4.47950935836574,0.0156576908193529,0.783165883738548,7.35151628075701
93,6.89271706854362,0.123158305650577,0.583610769128427,3.44354053717018
40,2.93621440032468,0.593559671048542,0.140083470148966,3.8781835395321
29,4.09403305715009,0.0114701220279632,0.740913674468175,7.20538801901387
33,4.46067350777269,0.29354034270041,0.89952064701356,3.43949042983674
3,1.12116473943452,0.00549062261507435,0.165708305547014,7.47656667003177
76,5.66415885048738,0.665344464381985,0.450091916369274,3.32267597593914
74,10.1190527946033,0.237990924845192,0.934996546711773,2.55193549026917
5,1.21867749507192,0.324363115000281,0.241151004564017,7.11058386306096
76,9.45817423948293,1.24958526249069,0.9342855096329,2.76315338290914
83,7.30581439873875,0.215591257660392,0.778904173290357,2.87903004809843
83,10.1601520098959,0.427006876089622,0.882045714184642,2.99978497895
45,3.00696711209772,0.268032924940798,0.205092122312635,4.34065947374852
69,6.13103960250876,0.241270058777857,0.110285625560209,6.07499973087666
99,7.73687984045848,0.478223210179663,0.789486280176789,1.18609180155376
32,2.36277526045654,0.140116064809263,0.395975745050237,3.76184493450488
97,7.20244678637285,0.143670327728614,0.735443759942427,2.96949928826493
52,7.88567185664294,0.89619015664199,0.891799102304503,2.31294327760337
58,7.23512296313897,0.711761951017794,0.906655619153753,2.00229909872216
90,6.32610923362477,0.311527859409082,0.214565696660429,4.26827629773211
36,1.52785002948367,0.15598741476424,0.179811218986288,3.51109589035765
63,6.96112504520793,0.449358345230957,0.639243555255234,3.93704459361213
46,7.00266559546858,0.233203809882974,0.541105048265308,7.82850111127036
55,4.9932370179595,0.189493657079268,0.153628942091018,7.71223192607349
70,8.23632050813971,0.0970925155561417,0.90392468450591,5.26303818217325
28,4.44555943355235,0.139355677412823,0.616719557205215,4.33804736665931
82,4.97956040075796,0.476731013951308,0.359734764555469,1.72628880969025
78,8.99018906896065,0.249455048874161,0.393699836917222,5.97996369536067
88,9.38940774811755,0.927213100198299,0.374144859379157,7.58897514929296
35,5.82332939841521,0.318700016232881,0.640227705938742,4.22461863832295
84,9.54872593144003,1.53095414853635,0.979317922377959,2.63653657967153
5,1.81233192712169,0.0859793862327933,0.347821238916367,8.54952024059514
83,11.6911838406605,0.993256167921812,0.911774181528017,2.35610405897605
98,6.59397063473124,0.749751707496953,0.127470984589309,5.2050612577635
13,1.71937542840855,0.0185405526713451,0.255355143221095,5.67475012304439
48,3.69746141727253,0.19120478396185,0.277878824388608,5.76963253893256
16,4.4453040031982,0.0185817300023755,0.960365047678351,4.92415093476403
33,6.18116420225392,0.126874595764093,0.676128477556631,4.28396615002217
78,8.96703434320845,0.6165775921812,0.476023632101715,5.01405933238181
1,-0.42909737731156,0.190458616696972,0.0212518405169249,4.53807010004601
47,7.16507191557861,0.143568819505163,0.649979558773339,5.80976333166851
15,1.6013313352369,0.0092861612677973,0.159964803373441,9.06129101834647
38,3.16939566660598,0.0403915274655446,0.294004478724673,7.83235124200332
22,5.36270368643371,0.299466441840607,0.270605170167983,16.5810279060017
67,9.33889530676905,0.373147917446408,0.723906955681741,6.75561792711916
64,8.4886140459912,0.246897336919254,0.716446375939995,4.98529744264338
27,4.25259558725369,0.404286654601235,0.757421323796734,4.0356665119618
52,4.4143442126302,0.160347136086784,0.27433364582248,4.11417940323092
10,1.60366559461453,0.13173749903217,0.248020481783897,6.89261159102491
86,7.99529096416655,0.634530942942644,0.219241249375045,4.37174657355671
75,6.26289560979045,0.134208163828589,0.187474637059495,4.36832371109291
45,2.04394126649448,0.45596054473654,0.599246948026121,2.27610803979401
31,4.68563749598513,0.0258203527191654,0.438347368501127,7.64394267289236
62,7.20582937290999,0.920386706892044,0.333120489958674,6.84207299327326
44,2.26330693688927,0.0396141273522712,0.0206199763342738,6.28033331907095
83,5.94763184501509,0.263952795883133,0.185808706795797,4.26407859464433
20,4.50649147140055,0.405663650461888,0.870827632723376,4.89080730713416
10,-0.202585975573784,0.196396024421531,0.0196588467806578,5.72423825272797
95,13.9251606250702,1.72585153151165,0.427659268956631,5.89386101932947
82,6.11514535695993,0.792435541706991,0.560279976343736,2.51606059848068
43,2.56509514850856,0.047677205008758,0.677261274773628,2.28799947898435
78,8.35873127826313,0.205797228801894,0.299499865388498,9.63740493321402
40,1.92833918724754,0.226451915911141,0.0391643466427922,5.27127079612997
81,8.03091871734991,0.0530311830807477,0.403913410846144,6.39738403096854
45,3.36752992303533,0.172293397248723,0.685287936124951,3.30839093459845
87,9.28201048939247,1.48121144986692,0.91564248339273,2.31566895970596
6,-0.798298151314485,0.112930609844625,0.31649132585153,2.42328354510436
46,7.80455539165992,0.622951937342221,0.982611468061805,3.56822563675092
5,1.25256785201413,0.259463415703479,0.777525001438335,3.61655706032105
29,5.7960741157112,0.0739504332887009,0.324458050308749,21.3168702222644
43,6.89308462959753,0.0547519271494821,0.861483841668814,3.8367384629575
13,-0.182210934400449,0.00520876224618405,0.0515501638874412,8.0133408349735
5,3.51312800069208,0.0240239648062988,0.454647249542177,7.02798092023811
65,4.58019884034205,0.826115123885584,0.161453058943152,5.69509657444342
76,6.0790318431632,0.557775999853546,0.771434414433315,1.03250690285475
