K:5
N:1000
Gap:0.421366746698526
Rho: 
1 0.8 0.45 0.2 -0.3
0.8 1 0.45 0.5 -0.1
0.45 0.45 1 0.1 -0.3
0.2 0.5 0.1 1 -0.5
-0.3 -0.1 -0.3 -0.5 1
X:
9.31110912047399,0.36258322275106,0.492087047547102,3.96043040183457,24.8742212534005
1.29029126138593,0.123574331053533,0.809085700893775,3.57315056034477,58.9479269571625
10.1457704180238,0.546281217888062,0.245034355204552,3.00299753783541,57.1090510399062
5.64440071167325,0.221353275537767,0.103339227382094,7.40510174901695,32.8077926643469
2.13375860287641,0.0680776041028852,0.341594979632646,6.55239354599611,39.3730304445773
1.07280010194056,0.0313955161689782,0.378025175770745,4.5167092916553,39.8568837199547
6.59150439931719,0.114041961845942,0.564176719868556,5.03254584403232,16.1776641532446
6.07165549139137,0.189457273518035,0.474285071948543,4.07932751541044,32.6394774610596
8.89577403434053,1.1702539519708,0.618086154572666,15.9015437415686,31.5433448077336
4.20441600229901,0.0375379417091608,0.0479618394747376,2.30829365623402,37.5357663474738
4.14652862595555,0.232913064061406,0.642013380303979,3.71395415739601,43.5559300831939
2.07530368457245,0.182885246443778,0.651166532887146,8.45916502859908,47.4927761013394
4.82793214591757,0.208838860260996,0.205654426245019,4.38293240602965,61.7910964896519
4.05906067789901,0.235097935645583,0.0855451999232173,4.66722867004979,70.2238872707292
11.9274893642785,0.512154305332756,0.960721805458888,3.85276233258178,26.8584946350533
2.57720122827039,0.103937854734988,0.0231726879719645,5.49250798696846,58.6023951049786
12.7980548450349,0.275231193797006,0.716011642944068,4.18278549112739,28.1596973819374
2.41400005465324,0.0409246600465849,0.769445614423603,3.02868006089818,43.4037543082164
1.41041735963331,0.0228648219271127,0.455146431457251,3.79641117459393,38.2185490908559
5.15015912219826,0.117021064041182,0.830219665542245,2.74862607392204,35.2860567158907
5.30085513413502,0.462506399934596,0.356833833735436,6.1283489348299,55.882147836268
9.05875688493435,0.491596579065031,0.435167319374159,3.91757756007634,50.3544878077647
3.90892752518348,0.068857712787576,0.563957490026951,1.76934354672466,63.8410627423737
13.6201143175857,0.987989285442621,0.513568930095062,6.51441615184507,42.2396268867635
6.23196144188295,0.372757003546646,0.97980107483454,3.62905408962764,46.4447374608203
0.967815115362537,0.139426721958444,0.0620767537038773,5.90635378969899,49.3608067684836
3.56297253969796,0.0454400117939829,0.391818105941638,1.79023480446371,55.3069682990374
5.05570182193392,0.199990291630186,0.132236173842102,3.39439300086339,52.6887626984804
-0.555783221302076,0.0447398712858558,0.174429893493652,6.54447515856785,35.9226271948735
3.49876991323289,0.200088277215812,0.244862053077668,5.58415312889678,46.9061155590941
5.5470707697364,0.391383095157749,0.691070635104552,8.61533974384283,29.5982212003248
7.7506016910672,0.180566018203947,0.970055980840698,4.14510162982028,17.1188546854806
2.41558611484259,0.0182475009244856,0.162370223086327,3.76095181349699,34.1251949940454
4.55486127395602,0.0515073029091582,0.407205651514232,2.27319783258386,45.5878398344774
5.96887962268845,0.338246637944806,0.754238245543092,8.25458175919425,28.2559012910539
1.0804440818424,0.111007399274968,0.121829390292987,3.58175823805247,81.8553102380232
5.20325790232325,0.292926707061681,0.669819406233728,11.2936105834413,32.2695400375833
7.94914306361479,0.691600528048509,0.977200985187665,4.17635735173406,35.7656751287556
-0.523632838559808,0.00377332658622418,0.50704823853448,1.55527455746753,46.4948467171581
3.95094048359704,0.0336909214811294,0.456167014315724,4.06063279307761,21.630452364629
2.83896583249616,0.111756958259467,0.228470430709422,4.15616790073559,48.8615967829748
5.20125397558137,0.0680024267639965,0.24218435655348,4.2155800401597,38.6485886662302
-4.00704844972435,0.00309649528935552,0.20220509218052,1.33632303734603,50.7080582567463
3.97174395779361,0.113168201898213,0.866118079749867,3.465877979896,42.9609548742389
5.08977227059124,0.320933860716152,0.1221029444132,3.65000509216753,53.7833563553671
4.19499730834027,0.0697223738534376,0.273999942233786,4.27157492265244,36.5828826288168
5.3516886934898,0.0665251376340166,0.713023870019242,2.19634919579035,32.0930587581503
4.19365101715202,0.0453246326651424,0.710683027748019,2.83391703010704,43.7831112087219
0.707657726479644,0.059291173964661,0.332732059760019,6.69679507677385,43.3269494710827
10.1412298738202,0.345881030651483,0.842071327846497,4.03365338002154,30.1451422444285
6.90794644733786,0.685675623329514,0.776573121314868,10.8474111685173,35.2481609125723
3.14653716070439,0.124744867091067,0.340172962285578,3.53556229240044,43.6205002736985
2.01301234280012,0.0383190178545192,0.447896320139989,3.30747252845187,47.5355431496673
-1.16368812373379,0.00926139438174214,0.0500771459192038,4.65311346347903,35.9351473337366
5.83658588969005,0.412504629210985,0.318001365056261,7.55376922398493,50.0039111720515
4.04965902982962,0.0884048747830093,0.579362158663571,2.8291588856901,44.414048049226
0.0386141125248685,0.000743894255720079,0.0224992625880986,3.5231475377617,30.3863461811525
-0.0956182372714443,0.00927229135972588,0.00507550360634923,2.51876716254821,47.0554115492098
8.61059053150516,0.265003786877471,0.275035701924935,6.78234951998412,20.5300049563504
7.48090830261019,0.164736310951412,0.311926916707307,3.61916469675733,25.224715551872
9.91976745924153,0.432691794059358,0.837127034319565,4.14269347258083,37.3634352696281
4.82201970146714,0.168142730370164,0.393558420939371,4.07568496827947,55.2323267197447
0.483471276549841,0.0524842798477039,0.0164508074522018,5.90064966927222,48.1886531004438
3.54524576863495,0.168330989545211,0.350040124496445,5.49829728399008,47.6484062084927
1.16649194081658,0.0413863273498868,0.392954169772565,3.57217337037263,49.6799214285306
1.58257234978695,0.0191862544743344,0.494892237475142,1.59526470827993,48.3737320245713
3.83392031138524,0.135001409100369,0.808006282662973,5.97656021487925,32.7440525664535
3.37341424140551,0.0351080760803487,0.807877254439518,1.72425570139769,35.2069226190499
6.61691345698147,0.336188202247697,0.759448935044929,5.284493222411,36.5367166531196
0.91953418020881,0.115175604471005,0.0376511006616056,3.7882724559522,81.0088769330995
8.79393456204071,0.909713198843986,0.996325500076637,11.2798583046576,30.8935251374679
0.917108264821095,0.0590983846632568,0.424704931676388,3.42831608500206,67.3988463734136
-1.27398482066462,0.0643128051888198,0.421970481052995,5.28655493697291,33.9334778643759
5.01269193440748,0.268767981081012,0.532079274766147,4.27714865511512,42.6817333126618
3.73051702079964,0.145994589664042,0.838124830741435,5.34806804482666,25.7508229419486
6.39579617439747,0.176639423371939,0.499415137805045,3.81140600819516,25.8049746639376
0.794376521288074,0.142093865084462,0.652071601944044,5.04064939069517,50.250734358431
5.26693000760284,0.0663120232056826,0.28884963132441,5.77519724195446,14.4942266248016
3.52537396928568,0.154590603313409,0.205655029509217,5.76056226446306,52.0567898445581
8.07940977750199,0.429514721014953,0.643954259809107,8.37164396358953,22.4039666339226
5.62168287911154,0.252359617490995,0.452677961671725,8.60615545193791,35.5151782004544
2.41188384758709,0.0771524790907279,0.112955551361665,3.56777119194867,48.6529550470097
4.47938445614627,0.261547075806859,0.576569348806515,5.53995429039332,48.5855691906807
7.08384621470752,0.121465707266663,0.34100499888882,4.92371432933775,30.9435075234267
10.2114047785617,0.290353816859716,0.710420979885384,4.10873496837812,34.4926948772248
7.62470031850637,0.398787259568876,0.223310471745208,9.946620413093,29.3795413435853
4.06188057328841,0.144909172784537,0.0408379202708602,4.23318395800751,63.3049102752168
11.8519680794705,0.735262848394823,0.791922595584765,3.57901455251973,52.5371268211922
5.06970924988213,0.151070001185872,0.497251234948635,3.38648079920937,38.484661037567
6.86611620403297,0.275695981680158,0.812261554645374,5.81475568467989,24.308673085531
4.07160552061016,0.0549421128816903,0.115590674104169,4.70552827573477,32.7254914767213
4.60168110309828,0.0536324295608671,0.82752632861957,3.65758127242033,33.5300641024368
9.09108965145976,0.851151779252005,0.976273269858211,8.00031060131869,34.5078004664707
3.2028221942469,0.077987689175643,0.125990519067273,2.2749438286398,68.7455414916901
9.72484788175347,0.514881241579956,0.51220139558427,6.92170102322819,21.0002742281663
6.23268457592038,0.19860257160731,0.958248288370669,5.71658368815606,15.2567305527898
1.86541698737671,0.166663750773296,0.681692459154874,7.31564278339622,50.3501396772296
6.41899087673833,0.315722067131403,0.689741745358333,3.18984100741278,57.1085025268693
8.11089399090046,0.34297998038933,0.529236596077681,6.22423783409862,33.3958710494804
2.96188401796345,0.115368987084366,0.845351020339876,6.056555012932,27.6481734081893
8.51200451082914,0.258977108725052,0.803349143592641,3.25031514266199,43.8222383341384
3.92249056238484,0.178528520500961,0.621231532189995,3.31273785213055,63.1098933823921
8.07743998798598,0.233325061843473,0.234275971772149,4.67257208310576,24.5337833431421
13.8409646463354,0.511001799234605,0.557898426661268,6.04309050417809,39.0504136914628
7.03234173976016,0.670517071584398,0.982037530746311,10.4389529111831,18.9742503128228
10.3559604284113,0.513928844572461,0.510052127065137,2.95992031073739,42.0330842654821
-1.83243630137514,0.00256878770812546,0.388318139361218,1.66750303538534,44.9691287877149
6.41768025614708,0.37058482642979,0.264803594676778,7.51670869811517,28.3941496995014
1.42258435774731,0.124705846214979,0.295775370206684,5.67783137996312,40.3262321589857
6.80591494474011,0.454461067893958,0.714996717870235,11.6420176332269,33.0282347422467
9.4866968621435,0.282794220336018,0.800210961606354,3.64316486267835,27.03338962947
-0.446858262019365,0.114897285109694,0.748497357359156,3.29552181253701,69.3502911688934
4.92251081259432,0.224474292005155,0.539205106440932,7.06631133305595,36.7236084191196
4.05107497185501,0.150265984004363,0.725273675052449,4.11486440740786,54.5850204130841
2.82630955467548,0.0262334219878539,0.582438324345276,2.69119628619536,33.5638348077728
8.32398526342546,1.11094572109388,0.640805086120963,14.3532259687948,29.5125367516845
2.48387561739179,0.18372504877739,0.168110899860039,6.07098256508796,40.5543845562893
5.44493476810171,0.322696171923283,0.166690756799653,9.86334087000778,35.8030551259371
4.08903792874809,0.086949227610603,0.103790544206277,3.11627106598761,53.8931826331892
2.20230649232868,0.183426022931059,0.0968100000172853,3.86602300385805,118.482503463355
7.76922867913019,0.197074719228524,0.968295026570559,5.28085869610525,13.9172991135881
3.48404048728644,0.158592914752289,0.704000455094501,4.34474971545042,40.955130144964
12.8509100583871,1.70179038811336,0.86752344458364,9.55413550554514,30.9004315221375
9.09969440132845,0.264904630176311,0.220626208698377,2.00919619031588,47.2510372180519
4.24357714740711,0.0485274555093906,0.0707973320968449,1.92438137265778,48.3740383531344
3.72424702533985,0.154401493491605,0.381583323469386,5.3105654402115,36.633097362429
5.78280172842496,0.471612917703992,0.95311199571006,4.46365454942928,37.9850529863877
6.46265811326396,0.301047408709976,0.865114389685914,5.4358502103545,39.6920270314045
6.67721886845723,0.102981112333344,0.599369699601084,3.40546964951969,22.0017692045318
4.48012957583183,0.202756312279548,0.525245514698327,4.1210786009132,60.2365134523454
0.955402886518116,0.104831409874947,0.0702990530990064,6.77629849657402,46.7349972655548
5.5605007031284,0.0769470165250823,0.538961235666648,2.6320958847492,46.2128618406761
8.11366116604378,0.716531866225754,0.292410971596837,5.10079716755729,48.4329619889631
5.76952305527779,0.0789333229186013,0.895628134254366,4.53159747551258,15.9466693159086
6.28849820872271,0.588687185253925,0.178216239903122,6.276866601366,53.0223704786528
11.1625530263211,0.301241697965863,0.379297346808016,3.78667266724262,36.80991005591
9.04234772102489,0.544261311615044,0.42719870689325,7.40655040717159,27.3668110934097
10.087681394979,1.15966340613769,0.570432491134852,5.31322403519337,50.8792432373709
9.13619798746489,0.395343325288684,0.530267536872998,4.28030080691124,33.4860881569412
3.10723137901697,0.153761147288606,0.684731799643487,5.94446443025732,36.4227551106438
5.293326597169,0.101989637711085,0.719115186017007,1.69912744471585,60.643546816427
2.793342038641,0.031322787865065,0.0134376871865243,5.47283541226227,35.1678362792788
9.99088336306333,0.603938607001835,0.453222166979685,3.31343790591446,54.6550275283496
1.39204418782538,0.0210471217287704,0.504558296408504,5.30181764471942,28.2498268506789
1.11151295469997,0.07729252288118,0.730461994186044,4.93171237451944,45.7467302762748
3.01754206481833,0.0833959122142778,0.245765981497243,3.29402265829846,62.8019772245525
4.89551833424326,0.181997244915554,0.940376906422898,3.98138057252168,27.507463790288
3.23307628502735,0.266638595134693,0.508181813638657,7.97720505588327,42.6567569801429
6.32261590682256,0.203288264710091,0.23565974412486,3.57985389464508,34.1765101000074
2.72127351033254,0.133127056527883,0.698118188651279,3.53179775977367,40.4400727520122
-0.417246370360814,0.0377303816944014,0.646399860968813,2.16431352704187,68.6003321853629
-0.0372735815166934,0.0546699671540409,0.0810536730568856,8.13624706012753,46.3330492988559
4.89652533292113,0.162437021150254,0.245787384686992,4.71252938718631,36.4740739260316
5.69246767644518,0.528361170254279,0.304705717135221,3.83884614134912,91.2932966773748
1.49484225799325,0.0595592364760358,0.655043669277802,2.62057231217828,73.1171846847885
2.69494499546663,0.166316306218505,0.226045811083168,9.23216877986332,29.1908503936131
8.1487779985789,0.28096635176357,0.697250159457326,4.15961829287354,23.1188794215076
4.69392404081612,0.179946042586792,0.574198266025633,7.78813621714623,26.6021041589971
5.45678755105601,0.0643828814896154,0.769514913670719,3.85937339774713,20.0304590544612
5.05867213857257,0.214777797217223,0.843408141983673,4.36289591250389,36.807070073601
5.18973414192987,0.0540392402326688,0.371628657681867,3.98253639083827,32.9313412479709
6.85526345515702,0.324699043052945,0.436061908490956,5.25758735319414,47.9584347355966
4.54826589629213,0.132774010766298,0.889549133135006,4.04428012958379,33.5186888219512
4.91084839300871,0.100659600228668,0.261740053771064,2.89177460622925,44.6838896672977
4.06391839784897,0.159846121096052,0.612448281608522,7.28953082156024,33.2041206426166
2.78651286921444,0.0426366307074204,0.194920726818964,4.42777366549862,48.2981317597229
-2.04032109904611,0.0230370750739402,0.0308637660928071,6.4010636898462,35.4826849032705
5.35753451711627,0.427041404859579,0.359018124872819,14.7996765829539,28.400788342319
4.25166679133928,0.0649468321353197,0.580232708947733,6.20323682355248,27.4619391422932
3.60015209703618,0.0208164340816573,0.0460918776225299,1.85924493655133,44.0201429519029
-0.512843735705848,0.00230427205546014,0.0100794122554362,3.08934782150312,47.2258682725991
3.30594405016916,0.0691600380427505,0.0971642194781452,2.43600327208777,53.3760018314798
2.79271031444151,0.0383732869522646,0.415734882466495,6.21524897196964,24.0162002489967
9.67690275230282,0.397001677859586,0.240738925058395,8.63194545616855,17.3157459723267
4.54731365322074,0.293964175354685,0.877977614291012,7.86289944518493,25.2161086836195
6.7560330492038,0.566830254594022,0.627014613710344,7.74846187488576,37.2998496286482
6.97160853708728,0.29659505233981,0.605106180766597,6.21149854288009,21.99466634873
7.29184232576091,0.46059360227185,0.919970531016588,3.75471141739553,54.3218923039557
5.73633765120263,0.391047225312746,0.124103783164173,5.336217026244,61.4996419937016
2.73272304436251,0.114934097859077,0.023055283119902,4.95095540896036,45.0570536057782
8.79207640672427,0.258293262672353,0.367603262653574,5.78943127894715,21.6742514293906
6.75706913295479,0.466570123348223,0.983319314662367,9.89150301289303,18.7021464259917
4.93261444084769,0.271353427310216,0.239658806240186,6.56095974985959,37.3749840230282
-0.124219316469613,0.0814260942861438,0.0168075130786747,4.63811591659739,59.9464683929914
9.82660449163575,0.287265451148826,0.904310615733266,2.48836112322906,43.4736320253091
10.2720736418505,0.74106364693017,0.510297123109922,4.1275002983538,50.4996321396609
-1.8390321599634,0.00456967826984917,0.437789387768134,3.43003232316439,39.209347861594
3.16916535734981,0.0700101333204657,0.407727639889345,2.31389643112539,49.3608849549346
1.9115709355807,0.015135113382712,0.638897697674111,2.24665369107015,37.1232077714903
9.56106959922978,0.445844457929438,0.338975043734536,5.13673967086432,42.8178043103552
8.28550912327247,0.192742748641151,0.693850868148729,4.74083559316321,29.8127297475888
7.95784219702336,0.33299598818526,0.843167571583763,3.84650092529791,40.4091114268651
6.80975229038113,0.359649343210616,0.747625665273517,8.11578867309793,19.0098462775026
5.82569640804326,0.491061267887658,0.769520537462085,4.38631829803193,39.9674820333976
1.62726286396131,0.00757649471722155,0.19075459940359,4.30522552452862,23.5617677955008
5.61803372819441,0.261304060059203,0.670632261084393,5.76029373347015,30.4247356873426
7.61031421970094,0.327999561316076,0.828844415023923,6.39662307299288,28.0036972885606
0.513601930120736,0.0112331013660878,0.424922413891181,4.43785452927326,23.8444848431097
5.88684947488031,0.14169946743641,0.302044411189854,1.99655170225423,52.1302038310789
7.85738107222915,0.232828323103873,0.441563143860549,4.92808552694939,27.9499158643558
-0.140423907115716,0.13005111028906,0.770308241713792,9.35142997632111,42.5820070185925
7.30073904612364,0.444459445287889,0.979755786014721,7.57140660946977,22.1570576437448
3.18457106077621,0.0995207786327228,0.840587131213397,2.46117168556922,57.6091178492221
7.99977016917971,0.413972571471191,0.361243348568678,3.44576085372248,43.2840009824414
2.18201502191536,0.0854652989655733,0.656383508117869,6.90065094103342,27.8955248195578
8.9202858981891,0.626745780432755,0.991565948119387,4.2718888624388,48.3672618277422
2.46492957161846,0.00846810677089422,0.692188890883699,2.08045372527377,34.2036282524297
10.4803917722498,0.284515894473273,0.824480091920123,3.73204331810932,35.7173301385375
4.9035839797777,0.0760738819952618,0.619788683019578,4.41587925846406,32.4185114414405
5.09961670670211,0.0799354598810214,0.537135802907869,2.23016245277356,49.248223670129
-1.27656214638166,0.0145882852375507,0.013642605394125,5.8905959903144,38.1402864803863
1.46189412675937,0.107485688873567,0.341329410439357,3.3037139161903,71.4152140530732
9.85078613892032,0.776966636958432,0.523842453258112,9.51499229894884,32.4226523384449
0.52313362662707,0.110342290950939,0.0946063764858991,3.93377885053895,73.0467856331247
6.59801545979783,0.260010792164806,0.440485313069075,8.48174191096963,18.9571302648441
12.5262674109186,0.288710074488747,0.215094100218266,4.56001744923253,36.1138898492158
8.21866994736816,0.6517283511033,0.994695913046598,3.38419536309247,48.5682665967381
8.63657973940633,0.619673160338932,0.951359306229278,7.66434304779364,31.7825536798228
10.7012995955855,0.761970486449909,0.960480391280726,3.82370069807957,43.8015238651045
4.20079575037944,0.27615759683654,0.452986343065277,7.29242928612653,50.5947274641623
3.89821097211394,0.0350902333758202,0.346662257798016,2.5579791824872,45.335380814826
5.75560616266376,0.150192825472914,0.12183020170778,7.19985752383254,16.7442778380376
-0.552634662290428,0.0197923701489344,0.517514647217467,2.45848110938669,61.3626948722103
3.70265509742422,0.269668114361096,0.251368328230456,7.4791850312821,58.9616756311078
1.83261276943897,0.15705377375707,0.816056346287951,6.80734296221035,37.2164344353899
1.6508041241709,0.0399356149323319,0.645370782352984,2.78530180199536,45.1875155048609
7.80083189440855,0.168161961599253,0.179835336981341,3.86368659410476,39.176435866651
6.37896675967142,0.156216144678183,0.102218956686556,5.83153095567638,24.210949977312
3.18610522005526,0.141286921454594,0.863494800636545,4.81741293909502,40.992825673049
1.14801991118397,0.0185442535729001,0.407536750892177,5.66620040034151,19.9099481097883
4.02990690810622,0.196938416278708,0.658255327492952,5.91992185536904,36.3922758276645
5.4639850449088,0.245741844865236,0.750819030217826,5.69905679414997,31.0357488902109
4.33302650662114,0.0761760505847633,0.786849441472441,3.5002523589371,41.8086403548682
9.28303142722054,0.214910623715689,0.165079338476062,4.00320737491317,29.7626751483809
0.963915447822468,0.000844998277073465,0.0108298084232956,1.76352149742048,58.2081572227361
-0.0822102958284452,0.0414496617158875,0.150341251632199,2.09078718284658,85.3235741231273
10.9405806441086,1.17596006852793,0.961906825657934,3.77489478722774,39.7726227313113
-3.8002657848611,0.0150046310442444,0.254593750229105,4.83279880921284,27.4923456331841
2.89164295956056,0.168046910664998,0.386863184627146,3.96196950830903,65.5696332721932
1.45537474126753,0.126541338511743,0.577122671529651,3.32393423650579,82.1563660018147
11.0233905044909,0.796176092210741,0.671978271333501,4.62628520786659,43.9797367703357
3.78805446629325,0.0451982803208467,0.374319792725146,1.54420549143913,47.4613079270116
5.24599265479167,0.278396253463554,0.454170021926984,3.8364873381179,39.1076963520017
5.12713366104772,0.391825932014125,0.81187836243771,6.18494238847807,42.814944443741
2.51446310017472,0.143027660669759,0.853558455128223,3.28783856395221,50.1646827564003
2.26034194074879,0.131730252760462,0.739644012413919,8.12615449367361,35.1303495701287
6.70197767873144,0.735758594764025,0.893312251428142,15.6010806138005,31.3326825405277
3.86050821760252,0.124381468631327,0.116404080297798,3.61552693467881,59.9139901919139
1.10631285012297,0.129940349026583,0.148247309029102,8.53103977361353,49.3209194594523
5.01601078111552,0.331659126084972,0.597834724467248,5.07617347789482,41.220999922035
4.91859863062885,0.296840590647164,0.153409332968295,7.12626684665018,52.4876359164013
4.26970062980282,0.0758958258147841,0.0669088300783187,2.90502837728023,46.6035243921233
5.94396416143178,0.137336478219368,0.5869043066632,6.29016026214526,20.6756587439133
7.25336246239547,0.450578925178802,0.780382046243176,8.14585681093192,25.7107532293617
2.15099092293958,0.0448462517898506,0.377646781504154,5.0497275805526,41.8883300774374
3.90001718646951,0.292818308846561,0.104523313231766,12.0529428407272,36.230291917615
9.74103793098095,1.23846517169947,0.977340035373345,5.01055195904121,56.0839469781469
4.7692801093802,0.115624318132177,0.450539814075455,3.15577573473076,37.1995577486308
8.04424281649691,0.284327197725418,0.632294091861695,2.63984266972324,44.852164501146
1.47299139182406,0.095380887738429,0.430847284151241,3.38865931145021,46.1667551647736
-0.698786855126308,0.0063432278111577,0.585792370373383,5.32321439534411,23.0407133535578
9.37209776442029,0.566568423496717,0.996089102933183,2.78257351741433,40.6179694551918
-1.51533666464297,0.041888544918038,0.0636619625147432,6.83826883754294,27.4159047523233
7.53801898047831,0.819082818883372,0.853579170769081,7.27995693367715,34.8890481359561
3.02177406697768,0.0187653410248458,0.438748095883057,1.40298042607364,62.3205867680437
6.32982734203953,0.357735147213048,0.938364007975906,4.1160215411775,32.4376533917409
7.84981531586191,0.170326773193665,0.532839943422005,2.04648960880889,34.0974653964951
4.46328547165834,0.0712052350064546,0.262378184124827,2.3546687427864,40.8302948474989
3.6777959017513,0.0379633588017896,0.511519308434799,2.01816669129219,48.5197587226885
1.29080327453681,0.0314607152249664,0.686779397772625,2.56232432959089,53.4681037804902
3.21297324848838,0.21386800938167,0.797607654472813,5.90221152441381,43.7616353502053
4.96867362902791,0.10751531762071,0.386644017416984,2.77760336693672,40.5166246461009
1.96804762844615,0.0513645535102114,0.0494329738430679,5.8046542940612,47.5757336711584
1.8741625453333,0.0283227548186301,0.636855792719871,3.47120883792498,31.421453745054
1.20665539843396,0.0631185553502291,0.460524891503155,7.24045519050682,36.4849478181321
8.3013881072385,0.649595934400493,0.960641475627199,3.3757375324968,54.1984190056447
6.16498254103269,0.200842343027446,0.163151469780132,4.97873873292102,27.7739918027224
2.19465531583934,0.133325935574248,0.176593508804217,10.1594003603879,47.0520223402429
6.84629356984173,0.463876491458566,0.809710792033002,5.59793122900814,39.3905549331933
7.35060989629048,0.254064028373662,0.861765999114141,2.89776538814726,47.3360602491491
8.43043468084018,0.698406012686801,0.655697515467182,8.3575181363097,39.3125348026456
5.61219462132676,0.405029447871071,0.574003859888762,3.49402693895382,80.2466397614313
4.49496757886001,0.0640498778084293,0.52108440734446,1.84103948276417,46.8882683348822
0.0812378098809878,0.0512635379564017,0.689274066127837,2.55264681183416,47.3712101441144
4.08342255433267,0.0482626281801978,0.580475479830056,2.2682034805066,41.512672169911
3.04703260690767,0.194320386221069,0.859715222148225,3.72446571408314,65.648038239443
3.01465079419554,0.0979830332038279,0.274972375482321,6.14647135447766,39.1369074735297
6.23487732724613,0.13148815499153,0.614218999166042,5.64906255531898,23.1287640042561
2.64037280428707,0.00940864848889132,0.232434441801161,3.05794313039164,39.9577055774286
8.87714068652323,0.239495691134337,0.379097366472706,6.26186752148943,28.9624046663284
8.15979564939147,0.701144007923913,0.864951456431299,6.265513853446,41.1075403353862
7.2733769404254,0.338825845149088,0.367246225709096,3.88348967215227,52.8036160059282
6.15370809946248,0.1147762730252,0.0804116954095662,3.03424567983209,36.0210089948577
6.93848399236079,0.162390962592326,0.109820181271061,5.16539225987763,31.1647742049555
-0.0692595766083617,0.0765637012664229,0.118176797404885,4.08514436074228,72.4242226283369
6.92647357622025,0.299834321940991,0.312267341883853,3.50877374466895,55.0119052140577
4.89029250951274,0.208808848391029,0.419606378301978,3.05956711284086,60.8874978048226
9.38458253745214,1.37483873630042,0.460025600623339,9.54651033763029,36.9450726864074
3.89079447805652,0.274965379143807,0.934938699472696,3.95209168668367,40.3841209065828
6.33181295926786,0.145738982828334,0.653371487278491,4.20434387566903,29.6461930339754
6.2464121127598,0.581098329264064,0.322221303591505,5.67064387708002,41.5320839985326
8.58616908302422,1.0804383130114,0.987713537644595,8.00127248853095,32.3149334893654
7.27961029044598,0.310341574939641,0.235242421273142,9.64817596771255,19.5481015548849
6.67553522414879,0.195582912293005,0.522815035190433,6.29684265093511,22.375090158299
8.22923727515765,0.192056099640879,0.64066422614269,3.85673620599501,20.5342595863918
9.70568200734925,0.236296389008614,0.277374002384022,2.00250137583719,38.7186371087636
6.02753609285045,0.0898368355119601,0.48520166776143,4.00201418118426,18.8582762779991
7.18596774525926,0.191361420896023,0.455839874222875,4.76654338561214,20.26822088394
5.24427937345578,0.0856049645226449,0.127909544855356,2.06320053993846,56.2699297274115
3.8034131440754,0.160012379288673,0.885319510707632,6.21378257626011,32.6830530162458
8.07681649976171,0.406303139398724,0.560527109540999,6.23529950464989,28.0330987267329
2.9158050097455,0.102959516923875,0.846411394421011,7.51518297830186,18.8925443235971
5.81779160544679,0.0993035825667903,0.747327524702996,3.87405451317788,18.2690589479811
2.541971516559,0.0502621687084864,0.0175508321262896,5.28441980293323,44.0272436564483
4.55166793035666,0.184045370890501,0.427679562009871,9.29469902964764,34.2989935974528
10.4947954098822,1.27033466961723,0.931571205845103,7.79775111697539,41.6230012837517
6.63795513337624,0.345770858450535,0.932276937412098,8.55163075546828,14.1972961491069
9.47789326096708,0.320438256011087,0.831085043493658,2.16806642299286,56.0923947483848
6.68096073804602,0.374991862082338,0.339778576977551,4.43191453785273,49.8079657782158
1.57515683676559,0.132453263573288,0.0737277958542109,4.49537456001834,66.5284182751722
4.45024884500357,0.111201339957854,0.190769230714068,3.31317998314701,43.3324068013356
5.22232017234314,0.0680444230092689,0.467856915900484,4.13199511470041,33.2310940057949
2.04659311960631,0.063117686775513,0.0162233284208924,7.40172420028046,39.0275042199495
6.02833852533344,0.106791642001669,0.515275017824024,2.98379023727187,45.8523282101998
4.90649001541767,0.100743022863753,0.142100181663409,3.60220993577111,48.1701207338169
2.65031897920171,0.035607112847069,0.527674441458657,3.77605871424708,44.889314576825
-1.43094678944626,0.0451718060066923,0.177615676308051,2.42111292408477,60.252855775732
3.12003776740778,0.110800646031951,0.0736242360435426,3.12392498070211,58.6868734631996
4.92253936839798,0.110768681624904,0.665049234172329,1.89503396033885,60.58092902605
5.50347894464417,0.213583371232419,0.507579211145639,7.00277046909872,33.8003571395132
5.00892326205853,0.112068613641895,0.667875312501565,2.58338476551435,35.3521927757815
0.862815201658102,0.0195877863685277,0.675892999162897,1.54431784880341,54.9666163916228
8.57914972487257,0.352213158326472,0.804765010019764,3.72875646407665,31.6720267871878
8.5275257244117,0.351581012809134,0.307272244477645,5.95231410664315,28.5470724112455
6.36166817415851,0.652159882212216,0.583222227403894,5.16587886516582,64.9412665394738
12.0582200870911,0.432666597401208,0.70796461426653,5.55696047478817,25.6321512230637
3.51448021639866,0.0957979543600231,0.26002187631093,3.95151949270871,58.2203624834443
4.63597028932493,0.315658107156608,0.195464361691847,10.5005150186365,30.5847969099053
8.43245472254377,0.253836544804973,0.2654308618512,7.1977758671216,16.3960227991081
7.38458067750284,0.578642558208363,0.695077557815239,5.58991354205096,43.9389316762036
7.05412474515604,0.290320293134152,0.958965999772772,6.86301474719495,13.8768679736987
5.82860172989034,0.284185166925865,0.288939629681408,3.40187001701027,68.6633594277941
4.89927384298734,0.272042710280589,0.159613144351169,10.8648775972213,22.3682193258131
4.0709484708876,0.306170865650031,0.712296901270747,5.29509042577858,52.5801502927511
7.26760041676913,0.898080640855099,0.332225148798898,7.16895806870956,59.5664662987369
3.88670260855306,0.193279115369928,0.672582965577021,9.34044785936598,35.2762167155555
9.23003191032975,0.392827381659989,0.468792879488319,3.93557366766915,34.600725627947
3.1704876177555,0.157528381794691,0.126319317845628,9.46501228248114,37.6791093571878
1.10152103525526,0.00291109007552633,0.0104658994823694,4.96449812781434,33.1078579231569
4.47382049837946,0.274243591808456,0.547628085827455,5.41051643823371,57.1995569895838
5.26297190492379,0.177709246509451,0.723494470817968,4.77034446804411,33.183551333202
0.742088717618898,0.09506826242432,0.689351649023592,3.39302979555693,69.152267799029
11.4385929359713,0.473050265086299,0.731179059715942,3.23903946202587,37.1851668633141
9.47474317684335,0.48141717489571,0.946051294915378,6.10837443063346,24.4788500982904
4.92570440336866,0.139448475791141,0.937788142124191,3.45032531868554,35.1212563883797
-0.874556152425273,0.0276334796799347,0.00779280415736139,3.43853179936572,67.5113506347376
5.7289206077027,0.422542309833175,0.921992409741506,3.54356749086472,42.8419541258681
6.4898453226305,0.27657913885814,0.45744369411841,8.53504825344043,32.9087387401537
1.13034772825005,0.100980188324392,0.0219377444591373,3.17123720467382,80.6847328385105
7.96589903236243,0.543736324148411,0.760625669499859,4.34196608816367,35.8507463779169
4.35313479104675,0.0513354206376789,0.465028256643564,4.05273660436441,38.2069463213323
9.41847265872445,0.297133391945365,0.516847193008289,7.59657685000168,24.7761607914455
5.30133613212791,0.170149166602641,0.486685219686478,3.7464991688087,47.6630708040704
0.909785072625843,0.0716910639312118,0.024093234911561,6.53435247332356,53.387535376271
4.81009553092918,0.0953192887827754,0.301484944997355,5.26856856649197,28.9445732281872
7.76320172283859,0.201501619991589,0.506650667404756,2.38558796627096,40.4737032999317
4.40424097743967,0.308611803910437,0.587278128834441,9.87532725322462,29.911664513247
5.99414370612861,0.249939351797777,0.437848655506968,5.31032059104645,31.1205854891841
3.65771222059481,0.281259981672022,0.424489335389808,4.85040746834636,69.8126089556106
6.19533658303886,0.158206401043572,0.722000856418163,1.93316367274614,50.3555386473486
5.93100601318275,0.100987229631739,0.510323467897251,4.35491799139351,21.9347941364441
7.93469918328328,0.245249379415739,0.566027777735144,3.13253465591461,35.9367581736323
6.07188369684369,0.607042267421419,0.961264207493514,7.69387905806579,33.3142974720643
-1.75946685175969,0.0696861228207126,0.109842682024464,4.51538538065116,65.9050174903771
5.53377477634608,0.314018952184099,0.92542614438571,5.37101175571684,41.0424362687141
5.97090309780354,0.15903667814564,0.687893819296733,2.12388824842134,60.5038356545423
4.5029416127385,0.102594753727317,0.211657227715477,3.77011830169799,38.3816618967908
8.17853098519478,0.215489509870386,0.973747835727409,3.05087381810501,32.2957609719197
5.75552342080098,0.464992554831762,0.702359996270388,4.1941652955998,62.1173670347174
2.18941435180547,0.123324873973615,0.22060313494876,3.9294461583849,76.9185172350715
3.7760275715969,0.0254254370229319,0.768409961368889,3.62799239898954,15.3871941374932
10.1991520071463,0.401093538058627,0.961286452133209,3.19875628622588,39.505430534683
5.67769193278949,0.19013645048176,0.471948805497959,2.38345812400338,46.0306079603951
-1.6688529351085,0.0527907782234251,0.235839103348553,5.4645604413915,33.3730318177171
3.82613072998051,0.152726883767173,0.253892920911312,3.2881481771026,55.2542034515716
5.36965741493317,0.0713688635695224,0.806142240064219,3.02238851483512,23.9599253697297
6.35784114975599,0.241252217198464,0.873982629040256,3.30871725110724,37.0145765466534
9.38242462191139,0.493405000592886,0.554981779539958,5.44016367192574,40.9363950417246
-0.485381830928643,0.109362908522598,0.180055105825886,8.5845174773452,34.7618492355237
3.92453607070505,0.104563114931807,0.863090778468177,2.70300089432074,46.8795417247316
3.2943756724722,0.0363868286367506,0.606546527706087,3.00414806586774,28.9494591683366
6.14903911498974,0.38454561352492,0.192660220200196,5.20372795861043,47.2416474718157
13.5579548242249,0.709601020994472,0.424699574941769,11.0234060095895,18.5131339755181
5.59738698586435,0.484258267541832,0.744609329849482,4.82494045229875,44.1827303005521
5.47882631641142,0.0898219235241413,0.864321674918756,2.69898667786536,30.4317317597261
3.24286269657901,0.107160521438345,0.477985099889338,2.38338956157309,62.1511162144805
6.48831145410379,0.332212388970631,0.816141484538093,3.45135076552169,50.6577020862791
7.81275598461814,0.542682067482753,0.923447547247633,4.37020059407288,30.6675858689646
3.91671505004782,0.186838936515826,0.745813438436016,8.941622467329,31.9303425882595
6.6732544372599,0.261032609533195,0.895506104454398,4.6249637407842,21.8839400452207
8.46126802347699,0.626196738766664,0.841224427102134,6.45791195692035,23.9917019244059
9.56413140467594,0.824778305324626,0.948706022230908,8.18538025167648,32.3139721774664
4.64045926966035,0.0763179123168811,0.742085720878094,3.7095400175603,40.1509843545141
0.425082283749375,0.014464104315266,0.602623891783878,5.17246779643894,19.763291304073
3.12844951103157,0.104694910231046,0.334032648010179,6.8197307265618,34.5962404821291
4.37687739290016,0.0962495795683935,0.157879527658224,5.50658300721409,35.4645047249663
7.23662111908435,0.176378566539454,0.48585121659562,3.49598641051091,34.6975477049839
2.03403571454945,0.083521204080308,0.350862013176084,3.59482176526688,62.095781780056
5.02117034720257,0.176820855111557,0.4878380082082,3.37216558922423,56.5116980848568
5.13495183900757,0.134388265199959,0.908415941521525,2.78350377484181,52.5758449637725
9.21921538277244,0.206458813965994,0.954591974616051,3.06379740997002,25.1502393671771
6.75038956447473,0.220964469337914,0.277179657481611,3.05576728856068,48.17364035419
0.646488657805264,0.0191354878069388,0.2592198245693,4.65514038983687,39.5078679824155
6.23948498525406,0.237888341991904,0.787691409699619,2.39772255282542,50.5595998397771
6.49781195131476,0.136111030122265,0.500771581893787,5.25103004118523,32.1951712118697
2.20031535127221,0.116247822064906,0.123041256563738,5.93998086507657,52.6433581270671
7.15629908986692,0.559968697148969,0.827363931573927,6.70580319335853,45.2188266934559
7.81351472983199,0.614688534723753,0.971764139132574,7.10160733581862,31.8514977645983
0.727606287857053,0.00861250785768254,0.118393226293847,2.83078401374091,37.862147324286
-1.6330653088233,0.0290688682403265,0.223795428872108,3.34596276948531,51.2799064105314
0.70128276454977,0.103444224638137,0.618039635475725,5.25140752664168,49.2274389592671
5.85514909500311,0.453952723627395,0.331933035049587,3.86895996232361,50.9254927566297
8.63281754159516,0.634519100623363,0.716242655646056,3.4833264097248,68.3156690744246
3.32606396560789,0.193552278603844,0.106502123875543,7.01810173520604,56.8956634336203
6.81911709085951,0.43319539469841,0.74136979226023,5.34979799017607,43.2853608762458
3.06606702053888,0.0458787635434419,0.542708744294941,3.77114007062706,24.729813191961
4.83779351419686,0.13310820876627,0.226119281258434,6.95774001059244,23.6071947407791
0.349132003243342,0.00241274631116539,0.0806145276874304,2.20273465390652,55.4761857627694
3.58873167661871,0.159939174889587,0.537764426087961,8.53310269726703,37.1670351387348
4.52202453816628,0.171377165592276,0.181694803293794,9.85036755437968,37.3238584368802
7.18127217216316,0.336273649464104,0.528054852737114,9.721715455548,16.4906360874209
6.93757664855885,0.255065423658791,0.449332292657346,3.34085211756243,33.5470002696338
1.77395078992711,0.0719545562150758,0.229606573935598,4.85348646767634,40.1831688887548
7.28559008502815,0.194411049353632,0.946388754062355,5.61325072072277,11.6385418764319
4.89974204302886,0.0538197224618391,0.438545232405886,1.7169085161022,41.6337706325642
3.95115736583518,0.172635865281336,0.678909936221316,3.99731434891341,49.4029947874312
4.07269994244598,0.241879108118567,0.269872297765687,8.30600922414999,41.2062843821534
4.7757257286266,0.0774166116691694,0.0362905822694302,4.82964669656609,24.2014195815785
6.13575166492318,0.567476506469176,0.443665550556034,6.46586239435471,39.9962285765687
5.84754281733151,0.454291706883764,0.866977894445881,3.46816029651965,72.0688073155224
2.25658094974682,0.0641902398783714,0.832851830637082,2.51291980613132,60.8245023515082
7.51739225893482,0.28795249153741,0.313213218702003,6.38644259935769,33.8819811572643
3.29091650234726,0.0466787326907482,0.104275809135288,2.94343900012556,47.7917984689059
4.46859619941683,0.132073347573169,0.926107364473864,2.74541778786375,41.9683102154913
3.48173851654762,0.0520760115547731,0.68540567252785,1.58383396595415,54.4952043229503
5.3807914401516,0.430015021448439,0.955625200644135,8.4781968795039,34.3676880972776
5.76782596935292,0.0972690323833376,0.21282919915393,2.64741313376999,57.9043169995765
5.35588090910804,0.183921544336456,0.749650950776413,5.63217652969125,23.383751424326
3.7316990754504,0.0534864233298757,0.771981521276757,2.96486368301126,29.0358412484136
6.78110339898767,0.690081115314895,0.562921826960519,15.9360706543511,31.2833251635842
9.84435925815764,1.36888724232191,0.999864014098421,4.10024248208184,57.2563942472897
7.04724370405216,0.138954635476694,0.20682435715571,3.22457408810867,29.0198992940915
2.1938518330205,0.0126725175398683,0.00918837613426149,5.40258149396282,36.9046935520073
8.44181975959819,0.58354030384228,0.915006417781115,4.36003390931852,42.7538065645022
6.55740162939516,0.623676249558626,0.952970046317205,3.75346840432344,44.0285977560637
10.2784231325105,0.833644878077221,0.350349842105061,3.55851402021856,55.5314540775775
12.2543116756744,1.69263600874553,0.561532946769148,4.73662252247611,49.8039663914404
3.98961527488373,0.0578269589459524,0.756454374175519,4.10514089356748,24.4613501283054
8.46706038163388,0.625118695633644,0.943676076363772,5.82817636182749,34.5349499652308
-2.12931892535159,0.0168529943330213,0.0308215557597578,5.83229584922267,36.695093119262
3.60287210368518,0.127039737184532,0.442464901600033,4.98505183418462,39.6032405457255
2.39251088682114,0.025732459500432,0.47803319664672,1.66006030390651,49.8785409181384
5.42882504930525,0.100046634441242,0.0773029606789351,3.73365398582164,33.257631139384
2.91896369267897,0.186604390577268,0.313470047432929,6.21717093728468,54.8559785332224
5.56689962469335,0.252716683214522,0.940628407523036,5.33605622159802,26.1013969235285
7.47270595811471,0.731073891636252,0.587872771313414,5.38165989225527,39.9489103919363
10.0322662531065,0.76517046797545,0.986034914152697,3.22694501749792,54.7600850232432
4.38644080321132,0.198184118828479,0.0661204527132213,10.9183447382625,40.8438955624055
6.46650200790097,0.479677807053036,0.416442962829024,13.8965959838001,26.4436101126947
7.82587610087383,0.247973254405636,0.313981386832893,5.40661050282932,28.4777412940661
8.49813392704661,0.506378048544234,0.341233361978084,4.93325064170465,40.4726376772156
6.54662453810212,0.132263696053997,0.149636822985485,2.48328502671153,37.6042021261634
1.33809779052497,0.143982242327183,0.119846458779648,13.5725483889248,43.2796695186919
4.4672387566647,0.0916561211925,0.366072452161461,3.67870507118687,35.5533682233496
0.250772759590536,0.00190760591067374,0.0768932127393782,1.09974639543474,55.546499211099
1.17857041505572,0.0397665918436839,0.158752301707864,5.35375958535502,31.8690787338518
9.8141124917013,0.672068173499936,0.318416161695495,10.9259196358131,23.5428060906511
5.25099356784973,0.459142134969539,0.974235605215654,14.2866422084718,31.219624176953
5.32443697349443,0.368507209205474,0.53766843304038,6.39900465561242,40.5881988806876
3.85615658945171,0.0729305072454736,0.0259594211820513,6.87568936392489,22.0052276318611
-0.277499519315986,0.0849995809840038,0.0951935525517911,7.59460672074944,52.4248251162506
0.120301903539628,0.10862868395634,0.0798972463235259,5.82310371353898,70.2831055964242
4.64505351799153,0.308525201388377,0.436359438346699,4.21318782810341,75.8191945954135
2.28385929851387,0.0264669496199285,0.17836375022307,4.26739340342439,41.3395163454985
5.5950676423496,0.0843328426126391,0.530469603836536,3.03098057694839,29.8088814585177
6.24602304664925,0.151711740880273,0.768782308325171,3.4776419498121,42.6561767924293
3.3773980630038,0.183418360295448,0.11486610211432,4.63608226438219,57.8942961505976
2.6808517714636,0.189267446575942,0.0961478063836694,6.0998373187464,42.5978563977378
5.44814701874388,0.39747311498732,0.910417289938778,11.8951311455954,21.9190262520213
4.04961824707338,0.0338398879393935,0.209567120065913,2.49289979798201,54.1295808539416
7.67346039409018,0.243806775183159,0.654048347612843,1.82193656561464,59.1366826026929
4.47017157033124,0.0660888558131285,0.400724573526531,3.49692443469596,41.765733138123
5.06897100804967,0.188779218810353,0.726574436761439,8.30535583509413,14.797622952269
3.81561803309716,0.0598356717964634,0.22465181723237,5.28247505609728,26.3663889278765
5.70925371707996,0.0872953263797328,0.937521578278393,3.24432565763626,28.9227374543444
2.68656349493205,0.062806872301735,0.834904696559533,4.92456893934141,35.6115079133006
4.30801973747239,0.287270162011239,0.10000012582168,10.2109734658125,37.9551387213876
8.49110316887924,0.664802817130619,0.944209013599902,4.68946636535105,38.8330540476635
3.38391291023568,0.263714645280245,0.580688034184277,9.20993844357366,36.7472809650018
4.13846424112476,0.0538353213341907,0.342001307057217,3.93207858724462,39.8069554321756
-2.32328660822044,0.026370504677344,0.610840507317334,3.15114841832524,53.2552713056828
6.21018213008642,0.185267841200087,0.412411049939692,3.31254912395448,34.2224906440277
4.55400755034993,0.0794269180623814,0.314074592897668,5.95173201859093,18.5938118386543
7.34689523991344,0.173521937226654,0.880245009204373,2.099383343453,41.2984842174757
4.47371787597327,0.0614247320918366,0.134429644793272,3.47476605160077,31.5729418478758
2.05431380898733,0.0658982350723818,0.0750082663726062,2.40326228548869,93.5056934925608
3.00590928936641,0.0410177626139496,0.239006570773199,6.08318515396839,26.6391076801518
5.89800690006832,0.223133970507163,0.131007900461555,5.2578185809047,32.3594176477598
1.55089364804416,0.0151797470171005,0.343760553048924,3.98503057739761,25.0956169333697
3.3049960973903,0.0524152966681868,0.0251009329222143,3.24522512448631,62.470285454199
7.4593616678519,0.753066323619891,0.630776658188552,10.5117597237584,28.8630742242478
-0.206841632372926,0.0251215774333104,0.0161578117404133,2.02153050217486,56.8904883892768
3.15674693414063,0.0383866883792177,0.758482729783282,3.32452835431878,33.8048356249966
-0.212054810025194,0.00289008836261928,0.100143142743036,4.56349525870561,34.9731587840339
4.05492463110379,0.117167203996737,0.47647207393311,4.03447847116455,50.1545360230456
8.85322979084849,0.198503001016752,0.70052001834847,1.63670143278232,45.385157492645
5.24584679068347,0.187460711681026,0.928317871177569,4.23951461018371,24.6609842719959
7.23958300960437,0.72567099514873,0.735687884967774,8.15791030881949,29.7047832822149
2.80586596208463,0.127571684657596,0.613734740298241,4.6606684460993,49.2165224723639
5.23265547044207,0.29955217706852,0.511742601869628,3.8241564700857,63.4710310509447
6.70448824855955,0.122298626927659,0.124585909768939,3.03757496210323,46.6024397825653
4.23067101706979,0.303217345372516,0.764671518001705,3.90898278928268,58.7475718909888
7.07774307450844,0.582426687205368,0.292342206463218,6.29757897516705,42.3117052369307
9.75675335651461,1.24106253639542,0.360413340851665,8.7012426663481,37.9938681186527
5.17023084418532,0.135852293111384,0.526608764426783,3.11544244715813,48.8373582426947
8.59013002293814,0.579358742049276,0.296018190449104,3.82054790878317,51.050220150019
7.32227788527712,0.382242381148096,0.47490504803136,7.84936121430152,31.9221358646043
1.33087258065994,0.101075854036026,0.768490533577278,8.94371042933391,23.8882879296683
4.99406831867315,0.0955252120038494,0.115179840940982,5.96928127900438,24.0732927465852
8.31521335581554,0.354902113766825,0.970983648905531,6.80425892963216,13.1406490624515
4.28819937785846,0.0415382977807894,0.0515851259697229,1.75330464488979,45.9162689741595
6.54333153645927,0.275298133249137,0.23052924615331,2.85126623740103,59.6725446678289
6.6518429124368,0.44296894034133,0.7450837851502,8.34380759488609,30.3777968939855
5.43980686226092,0.178183219385076,0.803060359787196,2.33100276696121,42.2800303205758
4.15331886356956,0.167549012810923,0.932228854624555,2.84738966039858,39.5483222293055
2.070061202293,0.0658449766970722,0.313782047713175,5.09916547064565,40.1383956795352
1.07437660347404,0.112020138301887,0.846109459642321,6.53096704742258,34.5983436933796
6.61044420214603,0.550789670662932,0.865634625544772,5.86385255010917,30.0577211025563
4.89651641361605,0.0767833366990089,0.843014703597873,3.19204303274516,31.8402496861565
7.17257773780184,0.883915664109975,0.986264277715236,13.3997587600606,25.3027197513688
2.99003999935008,0.0360198069849963,0.517458043061197,5.37819184944043,19.4020444945884
8.89348751577903,0.21240413431534,0.209572155959904,5.23846114682528,27.2740715184843
7.03380022327277,0.310895597318861,0.500439229421318,5.19600262224623,33.6352561950815
4.19279199910973,0.0585616094973922,0.574965490726754,2.73520837669196,32.0235457982772
2.57488387965807,0.0604468492659631,0.428413206944242,6.64012178598456,27.2513287908767
7.38402559863279,0.562401407832438,0.515236720675603,3.64350642741338,57.7487423361714
3.50309295445615,0.0252801136812195,0.239013900049031,3.11231713969559,40.1260912151818
1.84784636967808,0.159791156416759,0.830336586339399,5.88839579187468,44.9290748530955
2.85858325574516,0.14011609822046,0.731492707505822,3.14453539058128,76.3194162263888
5.52339289625081,0.529957276846783,0.503263484686613,12.7928792490063,34.5661985025452
1.37368867920898,0.0432144208539394,0.257254395168275,2.79148819339124,65.182419819553
3.02320060928091,0.147625366225839,0.448027335107327,3.35756120799699,71.2593281790807
10.4083042448367,0.609506184241758,0.865045224316418,4.13584566449963,29.7834488870456
1.43470746897455,0.0577720200445389,0.254477799637243,5.82694908278568,41.9865685102191
3.56612075620178,0.283160025941882,0.451742368284613,13.5085785439819,37.8816004283539
9.8178502937214,1.02512130648235,0.788701898884028,4.59795929502722,43.8815449172307
4.69707480392605,0.367821554453633,0.344810991780832,4.35963414674214,66.0354664308049
7.23710557715942,0.560487430976862,0.983672382310033,4.29416144544713,36.0106889432086
6.66585124422428,0.164660926093347,0.450164094101638,3.86711549644238,38.6573708476562
10.1130741787692,0.663460735665792,0.724245266523212,11.8329375339437,29.7334099662399
5.33777783124222,0.311586332529083,0.94249178445898,6.90559398962684,22.6837362005659
2.03265662163422,0.0544488365994766,0.696173205506057,3.77537967739463,40.4824503297962
8.77715012301243,0.381575363079086,0.266166548710316,5.69037715822413,40.4129181533987
8.40244782932296,0.200173717214468,0.538933185162023,4.26120090674105,35.0545805641011
7.97787312893796,0.761106124105764,0.336981907254085,7.86385606710525,37.6402375282579
1.53700512012899,0.0353436127770692,0.681275844341144,6.28269568806504,20.4377693760165
4.01176514674742,0.059773723827675,0.302477446151897,2.97421516766019,46.4013136415024
3.16490641396291,0.0585587785869002,0.0859042590018362,3.52577290355774,37.5526293543418
13.3835299201596,0.293651648786593,0.859306933125481,2.12359398610738,31.9969074509148
2.42277329026002,0.0313351608347148,0.215718385064974,1.93763003949202,50.6150149209245
1.680971033238,0.00942111244331186,0.406129127601162,4.16409511705152,36.0539108516244
5.76641591686369,0.273490299195008,0.677109076408669,4.90252880312607,33.9828781534023
6.45727408318051,0.473691092317408,0.624028423102573,8.84017607729696,27.9808974642747
6.90746518739363,0.620807484226459,0.670541697647423,8.11246095625351,37.1833210325688
0.647148843885047,0.00102644052822143,0.0102934541646391,4.0219049841154,39.1859457494053
6.33471773881432,0.256375867397267,0.307578661711887,7.82197865786284,31.204764805987
3.96154334208764,0.135820815223269,0.155554119963199,2.66594033878073,60.9468839665673
4.64703210289914,0.346390521143305,0.894623114960268,8.93070290712287,26.0395671953806
3.1221957732491,0.147887992789038,0.468909164424986,8.13736808745956,26.6361210131858
1.40734264195757,0.0114182213298355,0.462474178988487,1.39947551246214,63.9456365283928
3.13292063719586,0.18780398647182,0.337547664297745,11.9649080906952,27.7352703148982
2.75767430064296,0.026431458680886,0.510291717480868,3.06618943595105,31.0653682877948
8.09438437172883,0.277161254537034,0.210287702735513,3.6813312541723,49.7187477514628
6.03012335264274,0.383723763727999,0.180858613923192,5.58932810383948,43.9595848113321
6.0064233428191,0.100362716475502,0.715826901374385,1.5395710166707,43.437084897401
6.11836974689682,0.447718783345384,0.892552375793457,3.74780826986371,51.0488810416797
3.37657234669474,0.0738798854872584,0.177106466609985,2.64418460797773,55.7769192218408
7.7768897893768,0.27402774709158,0.661114300834015,2.81419141179879,37.439471408424
3.70900678979491,0.109439640888013,0.332124581560493,8.79697846394179,31.8722232801417
5.67366134528313,0.371690493056035,0.211727228481323,3.41121026859282,86.2913798927552
7.36776186852931,0.355879425054342,0.335966517683119,2.89758843076884,41.5861496173566
3.30864994963176,0.212822590333512,0.887885858304799,9.22648925656405,38.0441274635359
8.22553867788985,0.288994364429939,0.916895251953974,3.18327313806196,35.2964898359768
9.01483034683519,0.50459083446995,0.50326816434972,10.4706734852681,17.816959517915
3.02475200923751,0.153463614638895,0.414667549077421,9.58457502202317,39.9853090451152
6.30785261186124,0.407762056433569,0.816674189409241,3.70156913040514,50.2292821503292
5.15951688560156,0.196733285895291,0.100948942825198,3.91799804561682,43.3063466048931
1.94094441464343,0.0996238008374348,0.31493684113957,3.54814146521444,48.6066665048782
5.50359722870623,0.253362806045319,0.733665478415787,6.79419447153369,19.9610608087793
4.85356667959262,0.41487813645736,0.483014535391703,5.62386283379316,62.4801049642371
7.00368393590179,0.665945699872607,0.869764595525339,7.74375957823581,45.2230309090734
3.71282169395722,0.241136557412076,0.260974191362038,10.5778149433475,30.4102881808609
5.3915515088705,0.135144079453312,0.942082514520735,3.31811236725355,26.1328031295773
4.62175790824507,0.125926774926484,0.395105845760554,7.3007381462896,25.5925827280379
3.74705691280693,0.0283605031430076,0.436668599722907,3.49314712602719,25.5723724572441
9.07953803004773,0.921352782699853,0.469744089525193,8.2205105476869,43.3176778048812
-0.0308403196215252,0.12001684110146,0.0199293359182775,9.17677341817525,55.0205702652131
9.17957914912339,0.278246539933226,0.203768972074613,3.15384987548161,45.2405249657184
9.24390645145579,0.262425639423284,0.320331165799871,2.30139473426856,37.5059980894329
7.65521456265725,0.293006583339277,0.69430911494419,3.22396325550537,50.9237762987574
-0.636651915281686,0.0115538092795759,0.653823343338445,5.56263406081514,31.1748483485655
4.28183152696176,0.0494099551578984,0.373060114681721,4.70875544926453,20.3200304329248
4.46000849047152,0.235449052870947,0.933796968543902,6.28013066925053,35.6939265802241
5.28511573258701,0.161579430568963,0.849842653144151,2.08042206374728,50.3271948057595
1.87691220018669,0.00321462407894222,0.288462748518214,1.54886486210529,38.5370838402535
2.76235704272637,0.0177768713328987,0.103906228672713,1.46429692325908,48.1828690720797
4.66168934231557,0.0596435681154231,0.675888040103018,3.66992694484004,21.8157010529631
4.09104911525997,0.0927281473996118,0.0388305694796145,3.7523393812235,51.5701003638799
7.23715379343548,0.87726176292041,0.301739388378337,6.33953223490402,54.3467488983148
3.71724002758587,0.0257174620627866,0.264783251099288,3.90366738339682,18.8833005938011
7.93316344953364,0.262784143666479,0.605955506674945,5.768296888643,15.616630227612
5.12474732496407,0.0748880234314129,0.297868614085019,2.0111149440319,41.0637172265451
6.90516029043507,0.656743656346732,0.46632541064173,8.75342477470335,41.5580232514207
4.54579472890427,0.0856663095701795,0.804625678341836,4.96729011634245,31.8156223061585
2.1048769105382,0.0293414954794571,0.726895627100021,2.91429264751382,29.0856199910565
3.91042742352261,0.244915707200346,0.699833226855844,7.05691036020959,42.1949164134278
10.01774681989,0.612877823006988,0.771270244615152,3.3430495224475,38.6886153589534
4.90539222760166,0.0548238862554928,0.322812816360965,3.49299546014647,24.9611464270096
5.23272766506715,0.0922646904364228,0.363679125905037,2.16759209525865,47.8286645290913
5.06102549310669,0.410480353960252,0.355556985596195,9.18435555084067,31.0026695363925
-0.096570767956548,0.0313498957629658,0.360724863130599,2.05900735844647,53.0339716439239
8.2851697741567,1.07503682089256,0.82520509371534,20.310182869551,21.6511972918146
0.339527370177354,0.105610190748946,0.62916527944617,4.38439246244373,50.8970048053809
2.72560136137937,0.017760356888175,0.217762933811173,3.27819284431477,46.0666999651045
5.26555945965317,0.105195232084952,0.0951430776622146,6.22396959542131,28.4978282682129
11.0367897607786,0.68937862149083,0.394437317037955,3.59370377149944,52.1853740592334
5.71410732970234,0.243736168359149,0.302741052117199,3.8150407188099,57.8487441790899
6.61517555369429,0.153992536128499,0.908242701552808,3.38129322025389,22.4234371426144
5.73927000428638,0.284329356382343,0.84826900344342,5.97946483495482,37.3350972137402
4.91697552315908,0.210300762428644,0.133047709241509,4.37354992508956,45.9648016094552
5.20307254894042,0.0701977822463959,0.1542002200149,1.55571337649934,42.3264615629616
4.91670051612634,0.101778167649172,0.200822780374438,6.63119681456474,34.4396942755613
1.51500387346051,0.0341923520042736,0.0861014805268496,2.36045336871946,76.0915150800956
0.966842454119687,0.0541007736335555,0.685862911632285,3.37910839250759,38.7692533320426
6.26775874883961,0.499792425872243,0.295538710430264,6.31879501619171,43.3630835850234
-1.52390995873732,0.00894414237700403,0.586333869490772,3.68549914770743,31.6158701226723
1.30686660318994,0.0040660718209051,0.0115556726232171,4.64970778680085,40.3919754521978
6.93030210140025,0.1168270658236,0.257441501365975,5.88963781276052,15.9288899991405
9.46355602182931,0.70841382222485,0.947700758231804,3.72456822975512,50.010488884103
4.90548004585816,0.183276360260329,0.670732790138572,8.87129805775471,15.9158308568143
10.1357898587738,1.43222757888857,0.695922393584624,10.6645227156418,27.1465198586077
9.97484246675095,0.625226160945529,0.443932177266106,3.79618165355144,54.5777839205431
6.21095249575288,0.148436507326551,0.108990251785144,2.2862980408571,71.20332405303
5.05309354985768,0.18072519613311,0.484654637053609,5.69755152418893,42.3264633220808
5.31136137824404,0.194507685013789,0.48580731311813,6.01630135274468,31.2191940320221
1.85051577705851,0.0296173262528354,0.133015555562451,2.41850499189627,43.4586974687319
-0.412290182494092,0.00062603410333395,0.243722091661766,2.83902537346337,35.0992763210761
4.49791389513395,0.199279985845763,0.295081263408065,7.78020246658512,37.7789274060666
4.65295009877891,0.282965239825401,0.337127171922475,4.36760619099488,42.2104165944953
9.74493679536593,0.23643198305622,0.837139358045533,2.37724010510543,37.6319916547433
-0.733143025896211,0.0130725915018198,0.637695131124929,4.4961289354963,24.8284771420161
-0.551581127708555,0.00460951843797039,0.0102962013334036,2.73800434367758,62.0819812345857
11.336417935644,0.29091609850407,0.962645842460915,5.76720642093674,15.1636736889904
5.96275889484761,0.0841294102137908,0.251061322400346,4.5112265033491,24.2047816609506
5.83895884470369,0.133131428039633,0.872416086029261,2.59294605230188,49.5280197432512
4.53613710629865,0.218369514438066,0.243394685676321,3.49678089019875,47.2845829135162
3.63390238315691,0.187406826791907,0.275099008576944,4.68102269642658,54.1661922536821
8.57903242956281,0.352914596421129,0.582755177980289,2.91603579219773,44.6105620634991
7.12518099737107,0.323838534643084,0.85075333667919,5.3612217331911,26.8696643713834
5.91303010590741,0.591883945809557,0.194629923207685,22.7513840793833,29.2012785863701
3.90222803984351,0.224361582415852,0.431479500839487,6.80012805161843,32.0461248092703
3.19267742900303,0.0620811179359572,0.794664614601061,2.65020823505334,48.8787634506086
4.52002526611516,0.37715785296396,0.15402697538957,6.58648330875109,59.9395659792571
6.83099877732313,0.398860969559705,0.923505720682442,8.8438552713989,26.1323950285233
3.9098399099696,0.0781613795552403,0.805261809378862,2.14294675799772,48.9291719546331
2.22119448981584,0.0587235623970628,0.0213277558796108,7.1353736683189,35.6223493094138
-0.00860889182146352,0.0401363718961727,0.381404742365703,4.91033228674923,32.4149137975521
3.31721156978199,0.0453375617507845,0.576811959734187,4.50856041259133,30.6097394242783
6.77332278122152,0.199422318148251,0.216917964396998,4.70390995395733,35.2777712496747
1.3872711142594,0.0118014929614898,0.00815302692353725,4.56918519093183,44.5371547957784
-0.361169321890722,0.0131058423238191,0.532106013968587,2.14066277184133,54.6152425003331
-2.11484025861369,0.0233681352992548,0.573099577799439,1.77168438260489,68.7057841890035
4.1925876464102,0.0390916575136475,0.375064208637923,3.18350943332565,43.1721880468869
10.9545769993836,0.530196505950782,0.951167395105585,4.76838699769181,24.6004378542718
4.58303786998435,0.279900801895962,0.352187439799309,8.80627679832481,26.0538058395431
7.93554201923181,0.91570326729936,0.84683848102577,6.68544975279138,36.9336693610276
-0.44720036597265,0.0150173575384542,0.62431941088289,2.71541700173676,43.8546959600729
0.408359309320812,0.0192054636859901,0.472324463538826,2.37207433871165,41.1865438394292
7.90486399441433,0.484323931836939,0.703899539075792,3.31613912422605,55.6164248339263
4.02657438074305,0.0861082413466647,0.0637751342728734,2.81680916612519,53.2708568245639
0.393594259790444,0.111418015664166,0.0901255779899657,6.33876234757069,60.7745457608752
6.11430581977215,0.0875390192959458,0.862685369793326,2.25215830372128,39.8792961776493
5.11307598496409,0.36014429759985,0.16266641067341,13.0432164392156,37.9387217995122
12.5779245516529,0.432279783189003,0.866814514854923,8.52563578889969,23.3410488385936
8.96421006177577,1.13379094463991,0.427840331802145,25.4294272882095,17.2581356800059
4.46844639350105,0.241562504394228,0.727533191209659,4.22156409938521,45.5954406806318
10.2231525716509,1.35390002137648,0.980166650610045,15.2281805774592,18.0077965933256
5.20042353934474,0.264986593964252,0.858676696196198,4.05736445269993,39.1616378178942
7.01962962618149,0.294997773355547,0.418740693479776,2.57440792004658,65.8825655126766
6.32967824572036,0.624953920862677,0.86932004452683,3.77126425638128,68.2269329351678
4.0200907125848,0.0773531275335699,0.448471421375871,4.12813531649495,44.9479211518891
5.64360240364839,0.113848551758565,0.765441698953509,2.8043538125225,35.2774882132134
1.94179002048018,0.0344211537632698,0.0905212711077183,1.90367538939246,53.3656560581397
3.24064473406392,0.0888613989344271,0.814568991074339,2.79207124451713,52.5728508199044
5.84755768331796,0.343785224471915,0.142927850596607,12.9966785453847,28.7908050355002
8.08384722475507,0.163265507319011,0.286546990275383,3.29009635650892,31.6008277628813
5.04564492259059,0.129486903198995,0.168058802606538,7.07153898578817,35.253779111451
8.99462077016423,0.444436397848135,0.830735506257042,7.41709349736112,16.5516692416397
9.01116928862513,0.288950990176502,0.880504162982106,4.16614915371921,22.0668631033147
0.331575321834111,0.0279697398162946,0.656268649268895,1.68405146373741,54.4156824390432
6.89024023607352,0.824828659378528,0.734937750268728,10.9290731430025,29.3192231117134
1.52556414271065,0.00893085554707795,0.00756995496340096,1.99253093046931,71.8725866319989
3.94085694781656,0.0785436857258901,0.200314168818295,2.79985130141972,60.2326029709028
6.36125376714228,0.445525141411877,0.884150833357126,3.32397080245653,57.6281248269732
7.44311434458302,0.253619854049425,0.570635754615068,5.62869364412786,28.4628981356484
8.321720644796,0.467578208052969,0.684880086919293,8.88783610563276,27.00283858765
3.63704819230551,0.231913732723428,0.677333181491122,9.09568072105011,39.9177977183537
-0.500164026428187,0.00446847643739202,0.000348928850144148,3.69659926119461,50.6623401419009
1.01239620127683,0.0464407857170654,0.168265332933515,6.06484457727766,39.9454153190943
8.44834615942278,1.02000103280285,0.848657661350444,13.4880045285676,19.1431974029842
-0.0526367573349997,0.00159476662520319,0.511490748263896,1.20002946099377,39.653735180975
0.231888419573357,0.0017054008387025,0.563606374897063,2.53938815924145,39.7940686517576
8.73203721493168,0.730794176417303,0.431390300393105,5.1124478823783,56.4112287802029
7.71673350445993,0.450179848333305,0.846491731004789,5.96532220171902,36.6493127231182
3.7851867888017,0.0417302066593041,0.433142215711996,4.88963269001746,29.9630145215842
4.05436785735554,0.16539865010418,0.706307355081663,5.21775387770379,39.9110899096626
3.25096019098915,0.0279717407190813,0.226039639208466,5.48013322993263,34.5146844672687
8.39582838545619,0.798286140808959,0.779341201996431,5.57029107710393,42.50266134427
4.11920372252151,0.173484661480551,0.107728252653033,3.19212886677469,76.6546543940186
2.82254200936928,0.0985044481838353,0.858876738930121,3.04137007171208,65.9425285767887
4.59423880763237,0.290188247560266,0.665484522236511,5.82165611900409,35.7721806420569
7.95708829701566,0.481533290797329,0.984154467005283,7.57887192862315,17.0087674345543
0.694870098226728,0.0223624691134319,0.526257303310558,3.05088634935968,41.3060330318089
0.374106817531435,0.0330462490674108,0.613316891016439,3.28860930671949,40.8992137469014
1.99313598270763,0.0391691408585757,0.233800602843985,2.74328580117054,69.2911492417529
-1.22795183157979,0.0957033420775148,0.236290834378451,4.92006113644415,59.2676023642142
9.25784759779419,0.364065482804474,0.369548669783399,4.39469812415411,37.86592635244
8.94163889172374,0.900104829523355,0.999076392501593,4.91951359264944,41.159212423609
6.42907246110351,0.548411625871593,0.926411842927337,6.24920933644403,37.8255668486312
2.56573002393708,0.040037108994315,0.450432527810335,3.69137630578963,27.8435629196
4.14310309134432,0.0594108981313184,0.825607311911881,2.72990814558975,45.2411059071761
4.84442947128803,0.383578529560423,0.237409366294742,3.82192111266738,54.0937716724015
1.39015677112649,0.0894100418081507,0.0718960070516914,4.8246129678329,51.6039032645612
0.192910466239464,0.00271902640815824,0.00798483658581972,5.20444876627415,33.4316306223394
4.36384208570131,0.303432100724802,0.314776478800923,4.91655300753463,50.6424570386033
5.54531576846426,0.356089279500252,0.860419461969286,10.6448135090607,29.2395236617213
3.92499868672587,0.0832163505453929,0.228227078914642,4.04377854309113,38.9455240773272
3.39665307838646,0.066422576433979,0.846919434377924,5.53396059308709,24.9936017959336
1.31400811378932,0.0100129074417055,0.392700317781419,2.12000225898177,45.269424825535
7.36485053990992,0.869875026139093,0.986493383767083,6.00635410327023,49.9986552575694
4.74460266700302,0.0748104923404753,0.491331445518881,4.88424997716681,20.5787472707075
7.06502544030899,0.692766040066415,0.847576486412436,6.1837623401211,50.4917689341608
6.13089120224554,0.28382137044214,0.466793748782948,2.95681542547549,58.7716751233322
4.65776516615186,0.247120707518163,0.572291210759431,9.45508897610688,23.1278571851101
5.92437597241417,0.169086936744861,0.872529400046915,4.58673547199419,36.1303737261146
6.63293409581928,0.707419663913445,0.917033791309223,10.4633585554049,37.019148953781
4.27191374757245,0.236805114184906,0.732167724287137,3.39860899021731,44.1291997277515
0.876691298547869,0.00393706583417952,0.0192205067723989,1.44763159739909,65.2109675435085
5.8716113188532,0.0907623999519274,0.169711452443153,2.78570961583631,47.9041352204961
4.64998790864199,0.0484146857634187,0.533178958809003,1.74026236096153,44.0591008849237
8.5096533758951,0.352234851375903,0.464966671541333,5.02980620771398,36.3476800383088
11.1951281462657,1.19194845569538,0.747553845401853,4.21576254052893,48.0915365305553
8.76268808715096,0.545422024527723,0.412610517349094,7.12737340673271,27.0159005470772
8.77443347362351,0.287717899064276,0.435590954963118,6.70497158097396,16.6367731392142
8.36072455517301,0.539635285430066,0.37990736705251,4.27738524846451,47.0568208304276
5.81078481823566,0.114436675900276,0.912959975888953,1.60691080055633,45.3669058229416
7.27927878703834,0.196030484269115,0.787766024935991,4.22005949030155,17.7224592252261
1.77813626915159,0.00258781132288277,0.0670647372025996,1.44487376770838,54.8094838947011
6.08801341848424,0.0896062524989247,0.519674357259646,5.64941014325306,23.4079357567389
9.41456128252421,0.526872085433055,0.948971976293251,8.64627194530114,28.3837690032197
6.91076697418867,0.355606396819735,0.87615585909225,9.28208743902978,19.2086099758926
5.96916342223292,0.218150681365856,0.490497072692961,4.95569766354626,24.9585746249467
2.82362746167298,0.13916903664358,0.755533325718716,5.89763300751342,47.3708393066764
6.86305814656988,0.232536504267457,0.74002056568861,3.80770087225013,25.901554830459
5.46642997180585,0.218386206340582,0.709443168947473,4.78215757973727,42.3639410216446
5.63513013730801,0.211228266115043,0.235349524766207,4.55417269700463,52.5310466922463
5.66630611705103,0.0741509106010199,0.805014624260366,1.92203702180206,45.5250564203067
8.01616088125633,0.346350840515199,0.298647798364982,5.17956281258496,35.8901227532152
3.97434888495611,0.124625023920089,0.712250487180427,2.91898030377494,46.644397959529
5.40223944837873,0.143513628514484,0.714340650709346,2.85649550440249,36.1897080025368
7.91207485034563,1.05439913570782,0.410572361201048,9.40381499476277,31.8560587233532
2.56858267631411,0.0543035386363044,0.038355928612873,2.91992230597709,77.7015256559135
4.7001048548754,0.0773611733920217,0.713228627806529,3.50803337662471,30.1283825304578
2.93658911355601,0.0412710474338382,0.0451930686831474,3.3908699933307,40.4426608805566
4.9088544639288,0.258071032459716,0.415448866318911,8.5077924861351,36.9449333725092
4.64864510615943,0.0636372322915122,0.285409552045166,5.56872278533926,21.0344882092126
1.40252462231836,0.0855518422322348,0.0285577869508415,8.47665884451785,29.8381537049371
2.97303473999754,0.124670802149922,0.700829704292119,5.08764675730615,52.1643629868283
4.44136926325188,0.0552564628887922,0.0723134006839246,3.49548011711505,34.0376916302716
2.88365568333066,0.0510269303340465,0.114788589533418,4.44193855279929,48.4764604646607
2.68265812881419,0.0762021876623598,0.470342078944668,7.7742031991449,26.9880191129051
1.44344631908746,0.0146169071085751,0.66311933612451,2.08982368444685,53.1487891421379
7.25946358270885,0.254845717911351,0.931488116737455,4.38790545900998,20.2397557950737
7.32597164617571,0.830434508579683,0.292641479289159,15.8213273511563,36.7539209327541
3.36191560071884,0.0366275007836521,0.470267218304798,1.61958173446963,63.3654929684637
3.2308788917345,0.178900522035159,0.264839857351035,4.27709822129135,47.0298457889963
4.4444075515037,0.285204527190629,0.460955495946109,4.7351225696017,39.8313736825094
4.39538775344998,0.178112681944597,0.888098768424243,6.67264567152106,23.4069267391481
7.13681622118451,0.297236848844889,0.617097153095528,3.34546638654592,50.9442113211652
1.69957254282821,0.00378731559709289,0.0200316812843084,3.76705902493992,45.6666447924544
8.49521336025369,0.532221083963448,0.450502394000068,7.35432386292429,36.9646623349873
4.87488034188189,0.172213038778864,0.905442965915427,7.69578097194194,23.0021608624766
6.67682878195815,0.203529724772483,0.128945757634938,2.41553763050607,48.6599262528753
2.08437744803911,0.0142481740331277,0.71665290882811,3.3106003666757,31.0042582137426
5.00977450164282,0.353479035467951,0.321382105117664,6.30074826709359,49.7922059113188
7.36132303740477,0.81882671102498,0.54739083070308,5.9439904101768,56.7319215910702
8.51153154196307,1.0924017926909,0.890293888514861,22.6427153166639,29.7139992785491
9.12598319123178,0.206087270973924,0.4014209411107,6.03502470928482,27.521668261668
6.06422928991824,0.132592531270348,0.17688471544534,2.06291674684463,66.5728530863017
2.51632396445862,0.135540783987381,0.809327587252483,8.42183497199415,29.930551095682
1.32248218379531,0.0207329293480143,0.0166810117661953,2.65146307081283,51.7440737918956
4.13154647459194,0.278813392844725,0.562407861929387,11.4498301372911,30.8108413883811
5.66292508710907,0.0869545976165682,0.379232316976413,3.86611733762088,33.5790012311288
6.8283357202847,0.315263445711437,0.356585107278079,3.8888739863602,37.3019391334836
7.29364008984401,0.299335015927184,0.961324559524655,6.59427655962472,25.0990899947834
3.58079352921136,0.207568876900452,0.239052964840084,11.9179376074772,29.9386844696393
0.489048293408882,0.0344135629711673,0.126400095410645,5.40869912138132,39.2827427666196
2.58989931055516,0.0243403108324856,0.622097785817459,3.69436027478527,20.1766929779114
6.2101662103047,0.0926910342326733,0.580936700571328,3.49810641405314,20.9097816646294
7.32609182606803,0.659993324779655,0.547396259149536,5.50163637456291,53.8532792172713
3.58457008084714,0.0219642971754949,0.540406442247331,1.22973820051074,36.7979309093495
2.48590638703329,0.0457638732800013,0.638149902690202,2.22661710839129,41.911305500095
4.1038214712492,0.288028764295134,0.679200809448957,3.57673985812503,75.2562580199794
4.43480736739894,0.244414661767635,0.785727649694309,6.86909397954947,36.2212689808817
10.5549884263344,0.428146610015488,0.833074240013957,8.09229620073926,22.5762926194534
3.53660428062285,0.252851847903588,0.919121121056378,4.83287058718559,40.4898698729578
7.26946506971207,0.165640811552294,0.833407321479172,3.8098814446708,32.4296742904928
9.14959123089367,0.936228313896448,0.696565292077139,5.64896841543321,49.7640007264385
1.81521047242778,0.0335675348160448,0.786127320956439,3.25226537940893,32.1609667338529
4.84083071537065,0.0435159724438563,0.44153915764764,2.73921842440341,27.6589906659437
6.76127038272331,0.405351935035076,0.229227187344804,5.21326616881889,38.6846100881791
5.9371556980494,0.31862856283665,0.34398827678524,6.68654401405248,35.3431631370042
8.71496355666364,0.192271853786635,0.622927837772295,3.89603173193223,35.0197304586773
2.62699344827647,0.110883161272987,0.0722825024276972,3.32597859839556,77.254023503128
8.82899502098276,1.04713862103628,0.997195143718272,12.4361528500221,24.6132020444133
4.3441588409522,0.0945712057873607,0.738245307467878,2.04562745448878,53.0464085485025
3.80098868387178,0.058296253439039,0.739685517270118,2.08733751606406,56.4890283282233
5.45276109838865,0.229682729989513,0.513739688089117,3.07606934540247,63.9705560707863
8.6171924645347,0.23262088520741,0.41444192500785,3.74500384227318,27.3170230781354
6.79825072421041,0.323627400434318,0.239952705102041,10.558943594483,21.8282872477774
5.84180390651741,0.574754738683039,0.98142054816708,10.5955763224957,37.2575208472029
5.50845266621877,0.0724730545189232,0.896532833343372,2.91579265927479,19.4446100848883
2.22925279642694,0.0224853242980316,0.403033817186952,2.05670067510554,39.1520175652932
7.57328563464036,0.912412406358511,0.890007753390819,4.3203218613243,56.6263995765434
1.32543712283339,0.0102035468521026,0.101535153342411,3.71814599738685,40.1789198603588
3.15847120302112,0.23513449098796,0.689729798119515,6.3768531568118,45.3357022289104
2.71402979784007,0.0699181212955752,0.540017935680225,2.40565755043019,54.4268592461867
7.23308647702979,0.209491591201826,0.670742920367047,4.81430315884125,27.1888873842592
3.38613793661469,0.0426494847051799,0.708669065730646,3.88028543509245,22.0676682393797
5.77117715611273,0.085556712442986,0.800223363330588,2.75933149308428,43.5420542811994
2.17047165237598,0.0139570886561736,0.694578029448166,2.45715638910929,46.1723315027787
6.8850847374053,0.414479405906395,0.98237212584354,6.20129147675996,22.8829256055356
3.43244640834235,0.091967344051227,0.651809772709385,5.1217121990696,23.6602958016586
3.79081340853195,0.120031191659492,0.23789423936978,3.70924594866681,62.4749671829083
4.18111513310274,0.314968994153302,0.636520736385137,4.42133103384521,49.7247881510462
6.7092597082061,0.151834790827706,0.30649317195639,2.15989745435687,38.2211972063015
7.05306089328653,0.181868544769216,0.214489032747224,3.69703896171103,28.7521499733321
4.38803221237775,0.267081483256745,0.379255539504811,4.68202766782439,59.0974522065911
4.2701818113259,0.0358128984225914,0.762513243127614,1.5420840604701,37.3232932039983
1.40897514207786,0.00282140006100143,0.274714965373278,4.68006107813257,17.0040614308184
4.58955114637452,0.208081289416853,0.187062884680927,9.2927686051528,31.4256135654324
6.43695623126295,0.469248110873109,0.511147000826895,3.65868382873321,73.3630659384505
4.44100445582612,0.269254325458513,0.484671756159514,10.7415613392513,21.3063317865786
5.94090029996049,0.409242242758808,0.445546950213611,8.00811681898308,36.7912575765847
2.9898597354807,0.164131248253398,0.368510894477367,10.0763715594342,25.2870777468199
5.19776040315282,0.314436637320298,0.887614714214578,4.5307411376498,33.630936441069
2.49609000238035,0.0292310771319416,0.0163055113516748,5.63936741225821,36.706953219703
9.86690205339434,0.537017713748741,0.242690581129864,5.0507211144418,38.9354801513633
5.55861208751512,0.182507425768974,0.760159662459046,3.80433787322137,35.9840571904063
3.61215061922898,0.143864515470341,0.223763223970309,6.72554298145013,34.3528443175674
8.42114783563484,0.440162162741131,0.980292773339897,5.46365464423128,18.9384734316209
4.42502594536272,0.0569492472693408,0.778456903761253,2.52367444281515,42.3408633371036
2.51902189652393,0.0163338259279107,0.144605219596997,5.24542056145496,16.8984666177393
1.33621800930015,0.00738941004965454,0.177908852929249,2.94735739568795,46.7708637738202
1.81669642342442,0.0349682449582095,0.592121254885569,5.73588467291361,23.3777452991446
5.58487812032167,0.148627698072232,0.382370521780103,5.26381863336606,40.5833810657834
10.7202774839753,0.419072229394174,0.696082522161305,8.66891940353663,11.83779144253
4.80528509783279,0.163041426683776,0.166954251239076,2.7485395135476,53.0956588728335
4.93311091876252,0.171221041935496,0.854975309222937,3.0157783857487,36.9683650627898
1.62928133333398,0.0507816646890535,0.702903798082843,4.47012129613325,33.6611400377131
8.73619828179257,1.1181938702354,0.967817126307636,20.5751411654739,30.0076644206497
1.54687956562529,0.134481285931543,0.44141206680797,4.60547156354315,63.9007875365054
4.94298546736379,0.393816198666996,0.381516097811982,9.17578758807718,29.8524299130278
13.8790578385788,1.06090183270382,0.88484097761102,3.93203122365244,44.375878707035
5.88801658451777,0.19522993521646,0.296700034523383,2.6636531463816,42.6787577093174
10.6760657120492,0.51957541562379,0.572038550628349,5.63267456459843,29.4472871113777
4.07071240244249,0.0848427984165028,0.739923971937969,4.30870262620846,41.599035916675
1.99245446964756,0.0503758715931326,0.115453046280891,6.31470472689622,35.4371741658491
6.97806532350513,0.181539643374539,0.219243981409818,5.46380589200271,29.1141026727999
9.83960823104791,0.535555019113689,0.92725439905189,3.5296254703897,37.7930157017881
7.51052418876671,0.729970056521607,0.328957561636344,5.38027051011218,58.1265794471817
1.34910146125564,0.0818276019999757,0.486176984850317,3.0823974946923,64.4056104005997
6.71645576633797,0.399956713800983,0.175158779136837,8.17557954716338,28.4168590850602
4.28182958356297,0.119075730419849,0.362748032668605,2.8379174020295,47.6790717230462
1.85191760959475,0.0611380460904911,0.0592680254485458,2.39573988326946,76.4788993482874
6.09656990035401,0.490127139238125,0.928191032027826,8.14579986866614,33.2308575846914
4.87955536349089,0.266396609822962,0.834799118340015,6.56221843999298,32.5282982024698
1.52009066163713,0.0331967432284728,0.136599281104282,4.3155449279571,38.9219537490594
7.03022924332789,0.130064174416475,0.115039364434779,2.44767819234124,51.01424616566
6.33177471193557,0.163247956312262,0.41355778509751,5.93545189304446,30.9205106620994
2.63190778459656,0.193459307531568,0.737052181269974,9.81139921409495,28.4614507041898
3.2802150794755,0.11935818369966,0.305111110210419,3.98296563046852,38.1751751799347
8.23041117766077,0.432226297424591,0.679664429510012,9.47569452152468,25.396827253883
8.16179286750961,0.466899455038315,0.666794315446168,2.93819094568198,41.7895431528811
3.71360297770435,0.0277708646524432,0.353224348742515,2.75871985823242,33.482336473069
4.89995011226927,0.21982294483685,0.479033846175298,6.40422462698166,28.3654469687432
4.34082284306468,0.193167052145079,0.286136179463938,5.38394740587529,54.1418124009415
5.26507421857105,0.471527386772174,0.714185740565881,6.77626237300171,51.955090098996
7.38695562710997,0.166329067433253,0.126629364443943,1.78114789669762,49.5777450295185
3.08433518417664,0.223213051668111,0.573249749839306,4.14393291117515,61.2833566014679
5.95300497574199,0.517733570632941,0.427319736219943,5.11999058942702,47.5793542128442
8.89401784133042,0.314866831515658,0.277812756830826,2.56735948776997,55.5475294777655
7.03232199542018,0.466576819752759,0.334964303299785,6.30280610198597,34.7078662292254
7.94921247386226,0.241729842775422,0.495839260984212,6.18037917550215,24.5842259359547
5.78004542137251,0.409093551348796,0.142000924563035,4.2202618651117,66.1729578103907
6.43785491018132,0.461971919962621,0.922551230061799,5.15121241148884,37.7185277676076
3.39035049480264,0.108130232896656,0.869457402965054,6.31734859233036,25.6450568710333
-0.151941702380668,0.0937922826269642,0.159165509510785,5.99365667186732,45.6476762971233
5.83601521945716,0.280187057320702,0.886506816837937,2.65862667974194,47.9737119026952
8.2984713698672,1.11479321581529,0.99574853037484,4.38348212625498,43.8198875568826
6.13342618449379,0.321815517254847,0.423632622230798,3.23286069021216,46.1569443228255
7.41560433850093,0.334581475694406,0.790033320197836,7.09333245345217,32.4585395840479
1.02837157650451,0.0203860436969095,0.0948778323363513,3.72707506975376,32.5870369375359
2.53694122414729,0.0132581968791783,0.0247481763362885,2.67593202490722,48.8968322888281
6.37997639117385,0.307426786971021,0.931349758058786,4.16039034866158,30.0732922469283
5.94233700916468,0.22843972708911,0.103978072525933,7.14939817718175,26.670407428216
5.0062155499693,0.232645835716951,0.246175604173914,3.34507140235464,61.3145002611965
5.62530321568875,0.207864804881367,0.268632235238329,5.09862664621105,33.5356996211254
1.90953766248818,0.0877823467599228,0.534549603937194,3.56985753091815,54.9173064419393
6.79617795770318,0.423206395074276,0.936150355264544,3.3879800168531,39.3403213534461
-2.3489558851868,0.0667557282140478,0.248805195325986,8.04180019150993,33.1228861880076
9.93039848723785,0.347144326002697,0.969157531158999,4.97366384526113,25.9289352647931
-1.64860946669201,0.0278660885524005,0.199565578717738,5.27458482446772,27.0314116782096
6.28109667902054,0.436183179707682,0.643512215930969,4.06869207566666,60.9975267263081
8.04405920040962,0.982539353374034,0.31767938612029,14.8749583533263,38.3343345663338
2.42251542791924,0.07433304032784,0.656876844819635,3.78116899119044,54.9457133399884
8.028867503974,0.175558857376429,0.874892769847065,1.91122467433166,45.4451582648388
5.32119614923159,0.0597922953311354,0.275595861952752,1.61590142332688,46.5440343913985
4.20821426711575,0.292994254491034,0.56884625623934,5.16485758663079,65.5462717353029
6.66090333679417,0.209797966516319,0.957625130424276,4.44212463094986,19.5110594587336
7.66360367477969,0.544184923606151,0.48059436888434,5.16119059715076,49.6769533222871
6.34849497114728,0.20845425550388,0.41718826815486,6.79714352465214,28.9668466587247
3.35575566298592,0.0549159506335855,0.358628852292895,6.55249134510721,32.3563724579031
2.69217938345344,0.167966182227246,0.361051026266068,9.05959411485884,30.0930532896022
1.55270909604932,0.037647296761124,0.0381164546124637,2.0508527714928,79.6012674373046
7.56095634340524,0.354246234280802,0.930893558543175,4.95944154269885,20.7952784232497
7.27377983164916,0.607400728323254,0.434077997691929,14.6601731021866,34.6050505110526
4.46761987787051,0.109521962353028,0.886987581616268,5.37618357732933,31.0325285990456
4.26776916039399,0.1889088882494,0.542747015366331,5.06924171565498,46.0128105509661
5.57706828775194,0.072978918091394,0.653425198048353,2.16628710076129,41.988710231415
11.2202142102611,0.448082376250482,0.278695496963337,7.58848329322121,18.7412947033165
8.23154476325173,0.170221041189507,0.749416364124045,2.965083577015,38.9707743223421
3.19207960299274,0.132873511983658,0.0700470919255167,9.59299918605335,33.4427076061843
7.08462756952105,0.309947386976278,0.358373364200816,4.45177804101154,39.9425959119922
4.59395303074427,0.296577659192237,0.124066110234708,3.49055899995414,89.8051838656218
2.93401552429027,0.0129677893128246,0.0613690374884754,2.53254757913088,36.0726632645077
5.31567387684916,0.156422085361555,0.327585985185578,2.82997413004804,41.3839389831138
-0.553637280391817,0.00136024062521756,0.0974201250355691,1.62936954704687,44.8705738733246
7.29601105722401,0.535797863705753,0.97929517342709,9.918804361408,15.0987107391832
7.70258789788636,0.507162369766688,0.86834999686107,5.97024776158733,34.5556771470839
6.8593230050012,0.394832777769721,0.391743558226153,6.25487702009172,36.2354218461122
7.07200914677236,0.619470639588469,0.975228736177087,7.41444480590122,22.675480117037
3.12900290714595,0.148088207817636,0.202850436093286,4.73766068641289,67.3253784477778
6.62471882233206,0.21062009577403,0.275334154022858,6.66198739449275,29.9359634202536
2.49220187343009,0.0101835823152214,0.104712298605591,2.09533894023683,38.1849064866685
-1.80803173778736,0.0463832842825184,0.107222578022629,5.99559199154993,37.7890194738309
3.23484033417771,0.207543923043388,0.893965101568028,4.96704833106787,40.192889835784
5.38073938830344,0.306902086584571,0.326257024891675,5.12408139145437,54.9852616873329
5.61841574846596,0.411947763038284,0.674868462840095,4.01247342428499,48.2692282285428
6.71613494436192,0.572059913972551,0.195147193735465,7.68794859004292,35.1404863841937
1.59949343255271,0.0321425432366247,0.626901394221932,5.96862956750319,34.9821878453044
-0.480462391897678,0.0579356409143656,0.201582632493228,3.86382148584064,60.0575912320834
-2.47234354182171,0.109221271472052,0.0376761411316693,4.28590878650265,67.7736114906543
2.56292341585369,0.015115431160666,0.0354182193987072,1.60709810923202,51.2820131063221
8.26687921425217,0.501227189765728,0.634932037442923,6.65594450872969,33.1022694296699
5.40872447922521,0.414395482411959,0.93930603377521,7.51896446428859,34.0566611895322
1.90434228874909,0.0639795626047999,0.700318675953895,4.25029828283628,39.4849434573658
5.11881277604061,0.148141160025261,0.429072693455964,3.95976772920339,38.8974799692855
5.80317493286857,0.267724547302586,0.633765875129029,8.48844758367503,19.5537652924774
5.48584916611933,0.318070191181007,0.649019641336054,3.19567136553062,52.3218030441271
7.75235442751325,0.362235263969103,0.693556910613552,7.90305889440842,20.5417423982581
2.81483414116596,0.0128596957074478,0.0214044167660177,1.79453373649528,67.4153891145378
6.11164956350973,0.153338160947897,0.08790870802477,5.87982262463865,25.7813661803032
10.0164748311854,0.858991567003441,0.927976962877437,7.03377226338813,32.4347074789068
-0.114428992718525,0.0358470645733178,0.340564099373296,2.55424374085108,46.9892282514678
6.8490618747004,0.284528675801825,0.44103442505002,2.56765432828344,50.9418968650779
5.59832226937882,0.0716960554709658,0.882301667006686,3.12910387023548,23.581338695204
11.2307270848961,0.456256595419204,0.9319617676083,3.95857713642553,35.3122976869979
5.44739953079606,0.086953220074065,0.330979600548744,4.83113550947847,31.5375587141409
2.55788655786305,0.152835862245411,0.569232370238751,7.76183298155563,47.988250451795
2.31603516167639,0.016590257640928,0.749844840029255,2.78581926015203,25.8835705719201
2.40237836702696,0.203725979652929,0.318037796998397,4.77969898204258,60.6295721686415
-0.575818083399402,0.0986553630791605,0.0731656157877296,3.82296437292668,93.9043356746557
4.80980007718714,0.15682644455228,0.567275054519996,2.39549479011076,58.6183925100501
4.5176942616603,0.2587085616525,0.19698411389254,5.00293234956836,41.4484194064729
7.10917123032364,0.200494417677376,0.939848620444536,2.05816939549813,38.8600707162309
3.61422412658122,0.113481960259378,0.580297401174903,2.79549026067669,66.7523625060715
11.0767878862971,0.262792462705377,0.336101626046002,2.94145620609065,28.6573800798425
2.91700711567697,0.0808890347834677,0.611996388761327,2.55009991739744,68.6645759893509
4.61074721463632,0.133461063727736,0.236593118403107,4.4137333405636,54.0898140304189
