K:5
N:1000
Gap:0.296550240788065
Rho: 
1 0.8 0.45 0.2 -0.3
0.8 1 0.45 0.5 -0.1
0.45 0.45 1 0.1 -0.3
0.2 0.5 0.1 1 -0.5
-0.3 -0.1 -0.3 -0.5 1
X:
74,6.80046410283229,0.155300696846098,0.600129609461874,3.09634178915434
28,1.22311643862891,0.418694771805263,0.253924776101485,3.98745478342574
50,3.05825022142871,0.209458294314075,0.689306084997952,1.57143850370857
57,4.64236027514399,0.326159425534982,0.76721511548385,2.86080315888222
3,-1.21463381391789,0.00029712007381022,0.112840743036941,4.72128522712476
14,1.24764339737234,0.171824741642922,0.0490381680428982,7.82242048574488
44,6.27879559837998,0.14515477581881,0.212131139123812,9.27934118588032
5,1.47575750993372,0.00297391676075408,0.115591293666512,8.81609989395573
11,-0.213201386030643,0.247389047411468,0.364717256743461,3.37330808246654
44,2.73870256715814,0.473121471216387,0.628960864618421,2.37912765051852
9,4.03761978410744,0.0346434317762032,0.909494895953685,4.64143859097275
0,1.24674240784185,0.00828059285413474,0.269748349208385,9.51473600067152
82,9.40943403812267,1.19646030158553,0.589409663807601,6.09234518416123
14,3.84835338212884,0.0300684319305135,0.178368178429082,10.4452193056165
43,4.15064221960605,0.355464439720733,0.134578993311152,6.46956224429577
18,5.30090693524882,0.0823393329046667,0.428985283011571,10.4826415435128
5,-2.57487882282998,0.0120820478769019,0.141119960928336,5.69322239528564
43,6.99213661020413,0.545935901316128,0.374720321269706,8.35000800806248
20,4.96899929417577,0.0117196821295796,0.68328273575753,7.88685336745688
29,2.69987525138839,0.209321653692725,0.762609032914042,2.50638455085522
64,7.7430914242282,0.85440754886241,0.272518607089296,5.65887552442511
39,3.56453503177574,0.0376994527177885,0.058352823369205,7.39341246338035
37,1.89943177234518,0.126367310411297,0.602951172739267,1.68671125245037
48,6.77870984467198,0.0418123246636242,0.354464975185692,12.7959673596932
23,4.16397400527822,0.500539483015841,0.744897841475904,2.31167339369466
32,1.28039718688074,0.231167410670104,0.0574439042247832,3.20284853086073
24,2.71762994537142,0.355168950401177,0.0702952505089343,4.56135319409659
77,6.02379688416379,0.0485320003936067,0.384485096670687,3.98898710238436
35,3.24843011304725,0.147949428181164,0.735474334331229,2.05528715851239
81,9.86273986450246,0.133662110123595,0.993334429338574,2.60611414475258
55,7.56415905380545,0.0813406476518139,0.691827134927735,4.43627229149985
76,5.90047659765947,0.32139129260436,0.39908439014107,4.32580970655458
94,14.1986910668938,0.957568512711317,0.901114175794646,3.87332190344038
11,2.39275295551601,0.0387043838854879,0.831691249506548,4.06077873723703
8,4.30610247269429,0.306900627667758,0.340071986895055,7.90119369471239
58,8.31892436626508,0.248320010480213,0.42815810488537,11.2943970460522
99,10.043013582644,3.20555757619163,0.715880896896124,2.29029337940239
33,4.7255667139395,0.5423675123149,0.334101837128401,4.34163770705817
88,7.04350712792825,0.508204658960408,0.257861430523917,4.06615694555324
47,5.60146598705819,0.217518980705695,0.898976064985618,2.72983576866561
52,2.70536515344678,0.198351433629234,0.024696204578504,6.27396000993845
31,3.9961846102287,0.226219660359177,0.737406850559637,2.79631122989991
66,7.58067537289356,0.0980924073373899,0.902197263203561,2.92323735146404
27,5.2604452336622,0.251136810508299,0.879790846025571,4.78876547793352
17,2.73398113064687,0.205815580961376,0.089099548291415,5.98865694622887
44,2.16619999467022,0.128048234735616,0.0562162513379008,7.26809834887067
25,3.25812133300883,0.193908120280292,0.0537536439951509,6.4121364912308
29,4.14454658924621,0.175189069231092,0.106349961832166,8.54987188180286
48,4.22945179994645,0.12789833440911,0.810256551718339,1.67588179485788
49,4.36505152067139,0.131148136337288,0.110364748863503,8.5554600682813
1,3.74481265382762,0.00481381232384592,0.50836048508063,10.2731907560949
7,4.53247673818045,0.317638896162364,0.808464632369578,3.64830793729882
30,1.02046997478053,0.0324634769402621,0.605488882400095,3.67655390148902
67,8.45691806234334,0.125894144992344,0.696094874059781,8.65181591926961
88,6.48105874015014,0.232237517124715,0.159632857190445,7.09325258330845
56,5.02803884420284,0.288164446352723,0.6187273634132,4.36226593690339
93,10.4463973638088,0.205931996239557,0.875380113255233,3.12313379012109
41,5.88359762106585,0.0715322464238852,0.965145258465782,2.3224054504647
57,6.56039664008364,0.493860466958042,0.43836641125381,6.00269270525219
13,0.908676405806371,0.163723537931219,0.425232552457601,5.13837826505321
47,5.69197488936527,0.139325412572362,0.717413147212937,4.73083789823945
37,5.35214380683427,0.267504570296708,0.863536232849583,5.04121685616939
95,9.33863663457081,0.416146637850857,0.354797591920942,5.13811928210988
48,7.01192066031706,0.569644762637252,0.607971624005586,4.65155020355132
92,7.05466430835678,0.119920203695074,0.0762710561975837,4.87523276546931
94,11.9484312996781,1.6094015674078,0.851114048156887,2.69145127894548
7,-0.120862320661643,0.106560563006871,0.427955776220188,4.88340779807399
60,7.91798597520249,0.0484298725137562,0.883756075752899,6.54580326744859
55,6.72052197156348,0.594895355837578,0.933588535059243,1.847004056059
95,7.8416581704852,0.199749648099776,0.629598633851856,4.73111506544222
74,6.84885631270914,0.1252657197183,0.799203022383153,2.91992286757455
2,-1.23398864465694,0.0057914967770567,0.44848269270733,6.23900463684876
54,8.1447305860679,0.505529564318663,0.627810884965584,6.57492551955212
44,4.02430769399483,0.0548782657200696,0.38251285860315,6.41375597520922
54,7.54787194759795,0.66549233763122,0.815207561012357,5.66016495072756
50,5.5205542363584,0.49627843077988,0.358700061682612,5.92058182456774
43,6.31939197775887,0.115752909276779,0.60317884455435,4.53046696467485
14,2.36272213472538,0.343808931055221,0.73827668139711,2.26918220951103
42,4.02786593137959,0.0386243013199419,0.757762926630676,2.68776000764479
98,6.06085485927824,0.958229561749488,0.171919930027798,2.01872303440792
43,3.09286783416367,0.0291784553555772,0.767862985609099,3.43180064572987
74,6.76630132279434,0.361723042175742,0.769058275735006,4.28786035147226
36,1.42097529251708,0.0985016798910742,0.479956852272153,3.2917449537569
26,5.51092569327331,0.015912580031613,0.927757474128157,5.54038223520124
44,4.3145729217159,0.0358895873650908,0.750528434989974,5.20145541969528
20,4.34894276585464,0.189295277857546,0.720236440189183,6.48696438484613
83,9.19733839273201,0.116701936931349,0.353666985873133,8.03742216342995
50,3.58211606588938,0.0903916800495252,0.244669706327841,3.74194219413747
99,6.55444139520208,0.394570748766369,0.750088207190856,2.36355487408242
91,9.48998475415321,0.291280302441421,0.971991871483624,2.96572209051116
29,2.54752862208305,0.29998941992489,0.270649852696806,5.1236017631702
26,4.64241109109872,0.0912858153314636,0.662033251719549,4.57184844755585
41,4.23705353593349,0.0816160493995994,0.27523219701834,8.46972467397505
61,6.18523615993267,0.142099494114518,0.856722560944036,2.25228659092764
31,3.76320735327737,0.503169987795359,0.275131947826594,3.64578052070864
40,6.32007876134903,0.288702244554459,0.876482955412939,3.21514375667236
97,6.49215190818169,0.0665855488041416,0.624892540741712,2.01776138546433
82,7.32740890090035,0.116055456486084,0.289608621969819,4.73588729506653
16,4.56731348776595,0.254466215603727,0.916751622688025,2.45614707682194
35,5.37454598989389,0.501248762456185,0.688443360617384,2.78710585243052
0,3.73000195085493,0.165901191532612,0.771965810097754,5.73888972040788
71,5.04375290086202,0.545969139287406,0.692635814659297,1.67417037451463
61,8.78447453474549,1.01018743351439,0.455260760849342,6.71668267295738
95,9.87766326437692,0.098227376700379,0.828756199916825,6.53647101627719
1,-3.94919412263982,0.0726112351768266,0.533140496350825,2.94686380618194
50,5.56501151829714,0.064620600546055,0.191654611146078,6.36575904903284
7,3.51650239319056,0.0842486993642524,0.892081204103306,3.08170169218453
59,3.7927533831625,0.307957584726366,0.0630313816946,4.96549331099066
93,5.90413148858065,0.299652805308554,0.213287418708205,4.29954185931777
10,1.87110256514017,0.391239191384471,0.0570869506336749,9.6355328604683
87,10.1018278121969,0.291983862464062,0.808167941635475,5.37735433630769
38,3.3234788439469,0.0633432653684968,0.243299992755055,7.06120049549129
72,8.99358246254377,0.119703674921766,0.99589801649563,2.06341347381457
18,2.29323215051656,0.104287009569816,0.0473303927574307,12.486008706685
1,2.77136237367953,0.0584903876297176,0.321099111577496,15.3084489777554
58,4.20360891282719,0.118872535237768,0.540855997707695,2.52687511406872
28,1.39612354842068,0.0462708849227056,0.0106706933584064,12.031113199414
18,5.41882634276122,0.0979559635743499,0.403248275863007,8.44043171676573
3,-2.50731116683758,0.040252483333461,0.126172906951979,6.29339252751236
68,5.74709506285675,0.214665796131569,0.133650529198349,4.4941274479071
84,5.26599029125476,0.7468292787251,0.570698993513361,2.48909468079519
5,4.00273147995673,0.0422966041369364,0.329503388609737,12.8118579057623
24,3.47371849001589,0.116209285217337,0.725748033728451,2.94510853017222
42,3.48690400400665,0.166344162425958,0.19780049379915,4.92524253928468
0,3.17914762622539,0.00189529755152762,0.218627382069826,13.549558277035
27,6.14638983179275,0.197457433434877,0.944620883557945,6.08720028900633
78,7.19001272621449,0.0554038680857047,0.857635245891288,3.02118666155669
84,11.2347335777988,0.363135987406081,0.969800649210811,3.79322298106727
93,9.01823591944978,0.104500935762189,0.677906788187101,4.17731624896187
32,4.62066340744019,0.0840180347440764,0.812083119759336,5.85942870231443
24,1.80391803263214,0.319852327684614,0.584981298074126,3.21834176891536
41,3.93084448301138,0.0797839732840657,0.770350317936391,2.71836008809251
37,4.99158471477384,0.0754731236124334,0.269284407841042,6.41792171935228
14,2.08604675882076,0.116854482796043,0.284981549251825,4.71025861621646
57,6.71216334097923,0.0982023957030199,0.720285553717986,5.70827887706673
28,4.23626879365103,0.290786825569373,0.336487316759303,4.77129454138795
30,3.53834330082545,0.31677845189229,0.0631386344321072,10.1431915200905
21,1.14425666829797,0.0179249761858955,0.669674823526293,2.64054189246788
86,5.60066910026682,0.433371339437968,0.115534165408462,3.81123146756109
61,4.46922518151413,0.125932910409617,0.0452103933785111,6.44085428706135
66,4.42237611665118,0.463701219276941,0.249540998600423,2.55035839837086
91,10.8923239182893,0.218229845621365,0.92855036794208,3.69067380176737
8,-0.454487717998113,0.0178415715591581,0.0302877046633512,10.7935307435787
97,11.3511944135829,0.326923919365484,0.684921600623056,6.62936568128446
13,4.68632392146818,0.167909766198136,0.953252164879814,4.31669770662621
12,0.3519366128086,0.176177345904264,0.0155192154925317,6.86127754879953
52,7.88735589102968,0.058701383182779,0.991554043022916,4.0311060491408
83,4.99115468719162,0.924070887943936,0.0578084231819957,3.74782256209663
76,5.12046377798829,0.84835782642932,0.124296301277354,2.59593222395802
95,6.51753519158972,1.04836225969003,0.715185830602422,1.97430599985478
25,1.51777162078326,0.0967862773686647,0.015698526520282,6.63047417205899
30,1.91588573391497,0.132078460417688,0.0515513638965786,5.45452521419317
32,2.93289819552188,0.0163154329781418,0.0906701933126897,6.45194387463124
39,6.26841376070075,0.0622399307032973,0.931603742064908,5.84972723177335
30,5.74706892163462,0.371198665329671,0.79738032608293,4.50889810812968
65,7.12243191119478,0.564768769281143,0.911262989509851,2.52801543581738
4,0.491677993146757,0.118906809017062,0.021165985846892,6.78070459962948
74,8.39649380940639,0.862816801252675,0.908516607480124,3.53962681026585
85,6.29926265980082,0.31152127519131,0.08567278762348,4.09293414121823
22,2.67620553277322,0.121717697824351,0.70225833915174,3.16680656089383
59,8.20973096888259,0.0845876404406873,0.779453967465088,5.73200911927611
18,3.51786666729141,0.233399561828676,0.293129000114277,8.06412370584351
61,4.45693751090352,0.0252537444466725,0.0448690473567694,6.10072153150953
95,8.06903426677917,1.01234438777307,0.699569535674527,2.56625009649277
0,-2.4214932473342,0.177356122356658,0.231527019292116,3.48682762774537
96,10.6353916638774,0.103924928233027,0.965027794241905,3.55122242354961
14,1.07110638692978,0.00186139863240868,0.376942776609212,4.43526300853899
70,6.36046699054258,0.57585737245732,0.640859817620367,2.56469636663331
75,8.23413159701496,0.459045503733164,0.475256123114377,6.04188232908578
32,4.83153302167398,0.0957938153296709,0.72054592333734,4.94393791543447
73,9.0971577758349,0.0827712371263376,0.765821972163394,8.98507515787204
41,1.85001807913759,0.424705114660269,0.00630330899730325,7.38580050459328
21,5.03053707515172,0.47634219189868,0.253715141676366,6.51398506385776
28,1.33352169416622,0.300800500427115,0.532784115755931,2.99990925166051
26,3.68863274732994,0.129226738534652,0.108757406938821,6.67170372169279
60,5.46052445955336,0.102821130654775,0.864061022875831,3.50862418991916
67,3.97570682404125,0.381185164654112,0.0403214723337442,5.81901156253938
66,5.33773980999591,0.0513388086523122,0.285108925774693,4.55225596483884
61,3.81634752900953,0.0574966262960407,0.0315436848904938,6.14923943435297
37,2.3062119008712,0.0327676263081307,0.235890254378319,5.54472462074085
87,8.49641174043965,0.23011713355754,0.606604027794674,4.51303360401287
15,-0.399263139067278,0.116954825149777,0.399676030967385,3.36157341562602
93,11.4896263080117,0.0957968404766069,0.84113832633011,5.72384044122576
28,2.73297827746397,0.0509317811811343,0.0879084011539817,5.52464915656036
22,3.37059896644206,0.118007093435153,0.642036933451891,3.1410943863331
99,9.2386682446464,0.569542263674303,0.183643845608458,5.45249607058499
56,7.40503396273421,0.0458883702801068,0.397812348324805,8.08357707727827
31,3.77364859252787,0.120360728236847,0.816558258142322,4.53302077993991
21,5.4984953633647,0.548220923604602,0.456260428531095,10.9256229846916
93,6.30490583602628,0.0545897815609351,0.299001394072548,5.66023062894563
43,6.82472583629238,0.806436274581322,0.369093808578327,6.81533661838342
71,5.24280201869214,0.0964114872040227,0.628438458312303,2.02950754892749
5,1.06252199573836,0.120639454689808,0.68212517327629,4.19860370116668
58,5.33867261687795,0.460738475210676,0.780804864829406,2.94560970254088
40,4.18333992966637,0.131201412645169,0.530916654504836,4.06548577818977
38,3.84600100776575,0.339385941148478,0.0940236779861152,6.70279608238231
70,6.67141693669413,0.0573877485003322,0.911984401755035,3.35878093006501
96,7.72762979667369,0.608445343064302,0.345627995440736,3.65068883515677
35,4.82636726718128,0.0526196751743555,0.670923871919513,5.78290291365161
96,10.6980973588984,0.985588995660056,0.529144933680072,4.62967967934833
46,7.19171186526873,0.139630865189247,0.940369277959689,3.21978878284553
11,1.57929497088152,0.111094762105495,0.552213718416169,4.88249174894078
99,8.8176878869073,0.240663220396939,0.715913533233106,3.03277346229406
14,5.24757498627797,0.31365222087011,0.691709431353956,6.10878054305537
6,2.32991403151435,0.0162560080253492,0.264792966190726,6.20397558687085
4,-0.51413945277549,0.190137459420341,0.125396173913032,4.49732975741402
59,4.06804558786755,0.486962647011958,0.146496134344488,3.84143655038512
67,6.00303084315043,0.691201119186515,0.84198400657624,2.63901585017009
17,0.877870173397191,0.0167922769905999,0.732047030702233,3.25943855090342
59,6.04093457086942,0.152766395337738,0.142545620212331,6.99408219594562
92,7.45681349315853,0.181690338522869,0.565596931613982,2.62562468634661
35,2.90178604433564,0.155318483826704,0.0773944964166731,4.31760083048058
37,2.46044086277736,0.0557696447940543,0.0291678318753839,5.90439475953842
96,9.74800945449323,0.179844817834649,0.973040690412745,1.80019301848724
40,5.52263013465413,0.140965485014021,0.71827617730014,6.74916713152714
68,9.1182538636001,0.484475424957877,0.550030781654641,7.77280789046376
35,3.82197368627421,0.0302697568920441,0.0750189966056496,10.0609180003771
98,11.3909119054137,1.30674813354487,0.525285601848736,6.40278437804496
83,5.30794694554337,0.243289702794257,0.0414554222952574,3.96014000149187
60,4.65133653338169,0.278093164942889,0.0331402383744717,9.28017573254494
40,6.3232935415915,0.233107401746067,0.28589161625132,8.99578130425944
35,4.98899280107915,0.350593238678953,0.848560396349058,1.99844940767968
30,1.12301036109113,0.0386141088362598,0.326821187045425,2.6323643179354
38,6.52478986555543,0.0337350865897507,0.908550498308614,3.90582303640979
5,4.52717312312431,0.0381433223374188,0.386769605567679,14.295680641273
73,7.36385490960219,0.163646209519356,0.355007572332397,7.07252703824926
27,1.78655182710932,0.220325965414615,0.00837695715017617,9.06620697299143
11,0.764046978698937,0.0272616833695175,0.714734639041126,4.61948747788074
64,7.63525464400396,0.205574082432988,0.234938537236303,12.4012016127139
25,5.8126193547049,0.184004453170577,0.291701152222231,9.54579642701338
25,0.372169139156087,0.0131070843497378,0.384503911947832,2.58200998372909
61,5.91445177435586,0.546822456145817,0.110081483842805,7.69453401468635
29,2.09800576223662,0.023562710499391,0.502230458427221,3.57073049566531
70,6.67522654986547,0.0987744085723534,0.447121914476156,6.20187126972703
93,10.798626603001,0.336470572733063,0.455171015579253,9.1041000979955
81,5.68312305719141,0.0916851949709087,0.763371509499848,1.64178784511465
33,1.97670603768767,0.166987248579971,0.629300340311602,2.9026134144439
18,0.0690559781341591,0.29365314691265,0.560876007890329,1.3330444392844
90,6.65173198509102,0.0867215705802664,0.757782752159983,3.10396826427858
60,5.01334968364403,0.108861534507014,0.482753982767463,5.51228311801304
38,3.72879088762202,0.307665572025555,0.715180479222909,2.80466765531178
69,8.17856837973825,0.206878956396003,0.737000789027661,3.4908094708468
67,7.71255477320728,0.533517794186407,0.412783354753628,7.70283902663675
80,8.33517758624378,0.0820027887821198,0.295868020737544,5.90596222997231
73,4.68655170421848,0.0599234549281872,0.0818967067170888,3.94381716788814
39,2.70484012997034,0.0601526912068948,0.351623874856159,5.88669394101649
80,5.96862041715226,0.0769713035551831,0.4469738334883,5.50789126568607
38,6.1452882103229,0.6603570212295,0.769506639335304,4.78696141812384
49,5.7340753682532,0.410180465199976,0.318193953018636,6.379821654046
19,2.72817140949955,0.118606152995735,0.474508220329881,4.89668397620604
92,7.40861834324433,0.111745363247101,0.883375939680263,2.58428991225147
85,11.6256705633606,1.9446998782232,0.930385740939528,2.39606306728978
17,4.45126460672007,0.0210089477359371,0.847763548139483,5.28027152848564
23,2.67814821636643,0.223976446305144,0.792513641994447,3.60736247646104
85,8.97406621518179,0.166654477710836,0.9873584988527,2.02362084777889
80,8.71358313400634,0.161558635998517,0.3298848005943,6.1518092152506
24,2.45427759281462,0.186099904346022,0.430162772070616,2.80702371432262
55,7.78942323253967,0.872412543472342,0.773204716155306,5.78557837341309
90,8.06986972443164,0.342795217864889,0.645716928644106,3.68493081856945
68,8.38828264665046,0.617011820400292,0.754455406451598,3.8739357103193
63,8.79935879815935,0.187642160559747,0.938208536244929,3.14018436355637
48,6.97491000021905,0.141673701233231,0.891262221615762,5.08990764278477
12,4.92843775740137,0.0581542003847091,0.777024943381548,9.60168174882143
42,5.29741487890961,0.033918745117262,0.468096962431446,6.08791013663601
95,8.84597243864299,0.133754535927437,0.619804044021294,4.51493629091712
24,4.63853527890641,0.0553954219212756,0.916329114465043,4.30015389512722
4,0.682340517348564,0.00555598717433854,0.0404660284984857,16.0137971483492
44,2.88571226184053,0.361494041492647,0.251503403065726,5.11088367390841
50,5.65805655317825,0.118130897521041,0.919899075524881,2.95677967119429
17,0.862912192505934,0.134965585893951,0.0451405041385442,8.44153230297033
15,0.367567930275097,0.00234777047891121,0.171598536893725,7.82205950603681
17,3.83156480060658,0.286873995315957,0.136714419582859,11.234001748678
26,2.73674291651929,0.358560033020838,0.141318571288139,7.38828604318674
95,5.81052224194373,0.170495035476051,0.520864731399342,1.82243028550434
9,3.41540367532456,0.347529128638512,0.724118743324652,2.83314915739109
62,8.65125858772385,0.0900158502627164,0.593054008437321,8.8723364796143
84,10.3661813023637,0.614259838560754,0.480155554367229,6.69417073726528
44,4.89497521004568,0.0367700153728947,0.294322892324999,11.059139559591
43,6.19903567796821,0.247346728436551,0.755970504134893,3.36655894473294
53,7.13344218329702,0.0414269008906558,0.53375498089008,11.2640532027964
97,11.7223357204049,0.427101323316791,0.680021580308676,5.66824345422047
46,5.42538470147508,0.108717089984566,0.401897311676294,7.22005002775046
71,5.31058361076885,0.699548078903315,0.42189994151704,1.93463990045693
76,8.94091508172299,0.230937675616424,0.865833275718614,2.80671796851147
22,2.70019746418671,0.0577950329752639,0.657415570924059,3.69024163780108
42,3.37186018301643,0.0244632205625753,0.262950778240338,4.43877643306681
43,5.50307443710118,0.270925900941398,0.285277210408822,7.65660167446705
38,5.84477108470858,0.0664639972383156,0.950076445238665,3.19401665368485
14,2.04983174748738,0.102104043937288,0.813765904633328,2.25244400875583
30,4.93734072559835,0.179430248510272,0.46676130220294,7.82201971676095
52,5.62772464244184,0.0901829252252355,0.626933864317834,6.38699110986729
23,3.95975237247003,0.0184199153765244,0.334800262469798,11.00719019306
96,7.30595121793983,0.0821761930128559,0.187114909291267,5.42727039756003
14,-0.72564043860121,0.0624637511791661,0.01886116550304,5.96723611670965
82,5.52127016751047,0.301680338558483,0.0751811964437366,5.21475005179631
94,8.28688086731832,0.519681636223054,0.89372325479053,2.16063012771481
20,5.20914104780187,0.0172949709231034,0.765821883222088,8.97397135055698
94,5.60267243042093,0.267064065196294,0.320962320780382,2.50350296508739
88,6.9883860464737,0.806922031524491,0.119056828087196,4.87299806371413
6,1.59135886490798,0.249797373766753,0.0477302097715437,5.48674224954471
36,2.24159318415434,0.249963837199587,0.295670107472688,3.10428557213334
73,4.29105124432119,0.090982156173279,0.0903733833692968,3.86911558587181
51,3.51844470287214,0.0170808862894773,0.232695697108284,5.26721395910713
3,4.13874038265231,0.189809774503785,0.965841890312731,2.69423908006239
68,6.18859176318074,0.0795315376017243,0.571106587070972,6.67316007059933
78,4.73576213453057,0.268747978797955,0.588554502464831,1.19887207874952
23,2.32192601806105,0.41843613933534,0.103773609967902,6.90256267051639
4,2.99295356723083,0.0114571970343609,0.653993260581046,6.76862623739406
26,5.28335032897208,0.184414650070223,0.975151966093108,3.06810109089428
31,1.71872081653991,0.0661523529561237,0.0131288862321526,6.26507722027045
40,7.0870743173106,0.309956433473829,0.973756061168388,4.13056849277839
86,7.91496715883188,0.124274006584812,0.524551661219448,6.44747828797571
75,7.73578426171201,0.501081212868399,0.835748977260664,2.70062581966464
55,3.02665855723808,0.603398589851493,0.015655069379136,3.96887232395616
4,0.379065150345369,0.0944427287793805,0.216040565865114,6.40160965650181
35,6.24639341633526,0.345621488745067,0.489610988181084,6.52119088139025
86,5.46165640549419,0.06290898041334,0.480491202324629,4.5284587075955
53,5.41169065779899,0.222264865868467,0.256012088619173,8.38187372729311
69,4.42405766455571,0.211303677166554,0.0190079512540251,7.96497688469967
64,8.11666358083655,0.0488593976683251,0.648946332046762,6.74469088314984
33,6.2413190319009,0.310101034264982,0.852019146783277,5.51399733708897
57,6.42012598919958,0.793928489047003,0.803304729051888,4.09290006494789
26,2.93572969469973,0.202225077886808,0.586361667141318,2.41074252806001
49,2.92471150993551,0.0245792062314794,0.344270747620612,4.39171944880963
15,2.1230513061534,0.0808862308040261,0.654122449690476,4.71455920706026
4,3.2250002763934,0.266004873252437,0.440597773529589,5.92671597361845
34,5.67343014499931,0.479291017146266,0.267495052888989,9.89260915824414
13,1.77614814915751,0.0367479820810159,0.429727689828724,5.30933177155934
68,8.91368226155365,0.752313189166498,0.947333842283115,1.89594335168356
46,5.75475552801412,0.580237485902542,0.569625423057005,4.60909397520315
30,2.85487397829315,0.0371819728752598,0.727855669334531,2.2951762785021
75,7.92593120363356,0.141097758547403,0.945178740890697,2.13931712644153
69,4.85056644689057,0.0953219952551934,0.513057880336419,4.5837078935314
28,2.78443972981521,0.288026298899654,0.660563778830692,4.0694595050652
34,6.34766457755832,0.324452373654324,0.964871187927201,2.17979440704615
37,5.42865815103371,0.116058966494165,0.844297553878278,3.11659071179821
31,6.37589135174847,0.494760248323387,0.74963216111064,4.34959678654026
51,4.67595296120028,0.37894769523055,0.725838137092069,1.42481216770841
39,5.01262443565081,0.179076756047739,0.364055127603933,4.78098350040478
96,7.77757075883904,0.103841624804772,0.0941638494841754,7.1268593888995
34,3.51115905305771,0.212663060730332,0.837130404543132,1.48931229413421
70,4.92337476844484,0.19350422022167,0.317187933716923,2.69939357308697
78,8.93980016274289,0.244605954352498,0.959859521128237,2.88714576751138
99,8.42510041027399,0.713639633688045,0.260741518111899,3.25631498806309
0,2.5490502616843,0.118932623066939,0.199648585868999,11.3425363920622
65,8.05520942057988,0.922669131415915,0.65466747363098,3.2854673804922
59,8.23945282250281,0.18116260691427,0.515972842462361,6.58137267093354
11,0.646522483248337,0.0114036748113607,0.685876242816448,3.57005675822305
69,5.01031115288277,0.168608290958218,0.288589051691815,5.31029132621632
46,3.66595150059188,0.0437044324353337,0.384481247514486,4.16512062246019
33,6.47729568502973,0.210586698252243,0.373017431935295,15.3837146036084
33,1.8305362561231,0.209544648391343,0.0253712991252542,5.19406287263616
44,7.52979837015496,0.0438672191302378,0.959788131527603,7.32363510792495
43,7.26297294715756,0.599926844673389,0.989344652742147,3.30035121811342
26,4.50407875859591,0.12991558003705,0.333467111457139,7.50314967749364
69,5.42065850071793,0.165415000985377,0.814347424777225,1.64428291565345
94,8.75501207394018,0.910156664851696,0.313624136382714,5.62646507370309
32,3.8096887770386,0.110566785672135,0.584580281050876,3.63660347390862
4,1.82634232219162,0.106154209640427,0.16151219420135,8.76652206825267
22,2.58665643814053,0.188871904693298,0.126637236215174,8.74629413152082
3,3.5451656259857,0.00678351837943635,0.332597966305912,8.32094395600056
56,6.09162991706435,0.301802800492126,0.671992954332381,4.25826415675708
67,4.36518433482072,0.0947967012035927,0.56013292609714,3.35508675048249
60,7.57259327670866,0.266351781774986,0.405362989520654,10.1785471523315
6,-0.0448670277040346,0.280842444507905,0.365800124360248,3.01963101335158
55,5.890393024741,0.200317157421935,0.671983493026346,3.72250224382004
34,4.60922491107964,0.198657084047398,0.609636977314949,4.82166360482185
23,0.636509941096032,0.0810646818135695,0.0067119225859642,8.54881261618444
35,4.53615118522153,0.152944661560468,0.441807905677706,6.18507600380516
40,2.51572056564301,0.0127240393845859,0.284627522341907,5.62747870718761
23,3.11195404955498,0.0520799179794267,0.83740915171802,4.28232226773819
6,2.67183868078454,0.0123488693253223,0.684698838507757,6.14502693487561
7,0.397972393048487,0.0754706761145033,0.322699615033343,3.61439869836311
2,1.56600459903869,0.0395752302138135,0.825709079857916,4.31224946225918
90,8.29232036398884,0.119649459607899,0.839815114391968,2.97293394545737
1,3.66021456487477,0.153405845281668,0.632584956707433,9.60484072899131
83,10.5583225756821,0.271241990838873,0.763177415821701,5.77591299856947
1,3.47877817816543,0.0443897633677634,0.325131910387427,8.77129793392868
87,11.2803808853779,0.490328408291048,0.387578927678987,9.72563423727174
34,3.17665286315826,0.0675890791462734,0.189465426839888,8.6919828151043
59,6.31932594075187,0.619730810137624,0.229657896561548,4.36237778201705
36,2.60526450941494,0.118934984435327,0.606037579476833,1.87334826679422
11,2.62841685385574,0.202113411316596,0.534910505404696,3.99558706967441
7,1.22412420947534,0.289530937973285,0.242358105257154,3.55992793298946
72,7.25520286908527,0.651270017590832,0.66594896861352,2.27336056505173
6,1.64776106793619,0.00216194265522063,0.270089696859941,5.38201049950722
17,4.78718084878397,0.0333319829078391,0.377790635451674,21.7956753090401
25,0.703576152280412,0.0180717090843245,0.0175696928054094,8.30679164065536
95,9.55860411881419,0.361906084535116,0.646738504990935,5.09339000814222
99,9.56406921079212,0.129181025084108,0.700908527243882,5.03242816401347
59,6.50827947241514,0.109963488204876,0.811585493618622,5.51555036063245
80,4.96233375592735,0.314584885480556,0.633554179919884,1.20463552159111
52,4.14546431869098,0.0792909832671285,0.765270377742127,2.4725288426113
81,11.0730377228412,0.429629552622742,0.740279507124797,4.4856355072646
45,6.07946459284568,0.303526435502547,0.21747146663256,8.36560029084105
37,6.86173528556715,0.489344347424753,0.484738251427189,5.33057578200597
15,3.8178273964595,0.00861281820277631,0.654545838711783,9.74624503871419
83,7.79395866613596,0.500609183197326,0.46592587349005,3.14224196896541
33,3.72033847155253,0.010453387321381,0.420889361063018,4.69667117801873
48,4.22559874417146,0.574863999692858,0.703731677960604,1.25534434975245
4,1.23717852019684,0.331000148773867,0.446161600528285,5.74203121063964
97,6.88039363287293,0.642992660837406,0.479649584274739,1.68564876070064
3,2.46059569110457,0.0180618501250888,0.285419423365965,8.00057527759922
58,4.91699007827907,0.0403708422090858,0.865157653810456,3.71044398173088
69,8.02484287014038,0.14160894008819,0.897036501439288,3.31993462501783
69,6.77197340550925,0.0505885773885772,0.776734584243968,3.59892981646009
43,2.6872047011539,0.151743969065137,0.0570688198786229,5.90741718289308
12,-0.375706208335934,0.0639253223780543,0.482093090657145,2.75652281396972
98,5.92696630022628,0.157062163460068,0.227766303811222,3.10492364958059
20,0.838376531159286,0.0154537221820269,0.0352228693664074,7.37341301213381
72,6.65472927861413,0.0485385436331853,0.584775912808254,4.97029822550305
70,4.54873173249294,0.326240696235302,0.543802029220387,1.68564022753888
77,9.64214583921125,0.164117175154388,0.405632561538368,15.8760612013812
42,6.84155815955265,0.684972735556001,0.806667363271117,3.82211621077423
81,5.82185328218035,0.155560745042749,0.522279693977907,2.90985611085092
49,5.77133943691292,0.0324537205742672,0.236045860685408,14.0888311975868
48,4.00411478183288,0.260247033303968,0.643274697707966,2.56685392998221
17,0.869773281251099,0.143613567110151,0.256303006317466,5.88209410867868
76,8.75515899705453,0.146884121248973,0.52652665739879,5.92740969003431
0,3.6072880812598,0.00230938851312736,0.735798623412848,5.85332221355862
40,6.9271610925351,0.172878682613373,0.906727454159409,3.23090164171748
18,-0.0882818535487582,0.322805865191597,0.225765085313469,3.81434463843118
18,5.03576482304503,0.131123607246975,0.574166873702779,5.96997031185766
4,1.89726794188424,0.0180905169108883,0.830561114475131,5.0457303494914
15,-0.1213261903325,0.000708402367308736,0.122708905953914,7.91112463904057
19,2.18090557813433,0.293287595956329,0.103491715388373,8.39149142596366
97,8.04758349252891,0.118628695607185,0.784619537880644,2.88409543474325
46,6.45022824333481,0.104206131538376,0.978333754232153,3.31969750781636
31,4.24043757829464,0.103714312775992,0.375705410260707,8.13555842440884
20,3.61139843535345,0.175501754729751,0.628698305459693,3.6373244479571
77,6.41139555509767,0.290792488249692,0.0872932749334723,5.58962882725727
23,3.90993466981806,0.119461876922287,0.843059522565454,3.74540436021597
59,4.0024302843865,0.0335606115404516,0.130733648780733,5.93211098070046
90,12.4677158211556,0.257199501613756,0.996107443701476,4.65367427255726
62,8.12572329907507,0.15850858669728,0.991146777989343,4.08818590567785
18,0.622189556495927,0.0386238857153755,0.17969001387246,4.37145716291348
8,4.65752752348716,0.221888032088742,0.48593410779722,6.78301096283032
3,-2.45913995536826,0.170658071292564,0.531825379934162,2.59632912304344
46,2.35664132254549,0.1508631616598,0.302816011244431,3.99251491851891
82,4.99602910892471,0.437427913283414,0.0604746998287737,3.84504682810468
56,8.44891145024962,0.171026482712477,0.551662661368027,9.75088976801121
91,10.9876101614345,0.765183148782016,0.909909286070615,2.870755011431
80,10.4701177302279,0.730325923487052,0.729400974465534,4.40326750889514
27,0.803350705341741,0.02083106145447,0.158986959373578,4.87331204259914
12,4.45892934700571,0.0791778213674022,0.741915677906945,5.24404967927197
46,3.04352686446036,0.295791596396568,0.0174005199223757,4.68559188467601
42,4.27936503381598,0.096430707606487,0.608616889687255,3.48760197919439
46,2.34678995725899,0.116926335380413,0.140054794959724,3.32353722135876
5,1.32162098550175,0.194024006359953,0.231702160555869,4.75090371489665
80,10.3299421324881,0.211736974295902,0.65494945878163,4.7239059618317
52,6.61675311094359,0.154188410029747,0.691197534324601,4.24432519407589
29,2.01379550089622,0.409174598732448,0.110548094147816,3.54606110847291
78,5.70601547077215,0.237129212812263,0.0579157713800669,4.17195501272311
97,10.5965534364747,0.618294756362373,0.816004849271849,4.2652660805737
91,8.14571808948229,0.0986868339043113,0.171780841657892,6.92257579516073
28,4.84209647454389,0.0112578209955245,0.705473348032683,8.09830959782128
37,5.01620403563791,0.0242768396856263,0.531963213579729,6.36398471616561
32,6.60647719908743,0.304295572684943,0.454741119407117,6.45339954533305
88,8.73851867999576,1.00749436155298,0.160297537455335,8.10806817375216
86,8.9467378168273,0.1216379677644,0.764488258166239,4.35417259330596
46,4.10264355694855,0.0292784235207364,0.597452913410962,2.9337704217319
26,1.07317491699682,0.00744411908090115,0.190005499636754,8.02711801422119
84,8.26842236850501,0.309604521131817,0.622975136386231,3.26535655342603
85,5.09302735287466,0.721969975400769,0.671165167354047,1.99151749892852
57,3.37150982036306,0.276785763435739,0.152672569034621,4.43136927208496
20,5.36420640218652,0.0561227230355144,0.413898235652596,9.07696515103416
70,5.25332018626048,0.104865900124423,0.0447021028958261,5.53213797408584
27,3.02633856872763,0.0188740991288796,0.154265270102769,6.45213928804116
94,11.2964380132134,0.202171644651073,0.857407379196957,3.54323551905383
14,0.123451383362735,0.0199087061919272,0.0057222789619118,11.3752053049778
4,-0.266051783242773,0.124309920938686,0.383009983459488,2.64728036580586
41,3.02978413529327,0.0193580774357542,0.0555995600298047,5.88580287800293
71,6.54455204595087,0.0646930313669145,0.711043886607513,2.64220669902685
26,3.90100888458819,0.427762111627913,0.30005423980765,5.90191002825194
98,6.10915474956018,0.452729962279505,0.150333012919873,3.50228021133604
76,10.5734364958913,0.928052396926672,0.684477539267391,4.98354630449023
71,6.77168889475504,0.271481850173998,0.701946408720687,3.80167160495538
63,5.30159547228126,0.196480085829946,0.204029018059373,4.75314881594848
89,7.66427759337449,0.988093640338827,0.786136743379757,1.29722530526207
90,5.98523508677933,0.551398820225156,0.279867500299588,2.64703031435495
72,5.63590926682697,0.100633225636557,0.0598481518682092,9.00010574680952
38,6.79245384594251,0.0891794312046841,0.730082174530253,9.47008922795816
8,2.31316021625811,0.370793233604586,0.157686724793166,8.27020484991104
78,6.11550778017784,0.0629110381705686,0.742170095210895,4.65604395426223
41,2.35813493948563,0.0894532901002094,0.510120501508936,3.06398466558177
83,7.61648743665168,0.706569772171688,0.643309156876057,2.99485596189178
67,5.42396909563362,0.0624257760355249,0.8493224196136,2.54958907528681
31,2.71165209495363,0.129202284091707,0.769494962645695,2.07908159109361
48,3.90644645857717,0.402205098399377,0.0929149952717125,5.71884183485064
99,7.40963118571774,0.246240309429097,0.112940102582797,4.55172435455381
20,0.702622824553194,0.0110205141325155,0.454257312230766,4.91932288139846
79,6.52575935276115,0.201660211653191,0.467349161859602,3.73933999997772
40,6.29162006427087,0.0779880478512496,0.625750415259972,7.89132044530914
30,6.41844567681217,0.121973106728167,0.896697491407394,4.18593171193951
32,2.64321582539845,0.210951050034466,0.703571029240265,3.26831469666201
85,10.037657474712,0.4579696903032,0.783675381680951,4.95429863610382
95,9.45623293000956,1.71377914715419,0.205663475906476,6.44390938957439
0,0.0437442683457219,0.0143713492863799,0.074524367460981,10.4391396064503
30,1.55190890457407,0.0052200586221845,0.0731217483989894,4.69560571598134
62,7.29476296891296,0.208080589319164,0.625427434919402,4.99953336212321
91,5.5032355276713,0.0825085409451276,0.125305688707158,4.54862643948174
44,2.71393316082256,0.102115907814829,0.0317346930969507,8.65643650580221
26,4.8788508059797,0.0114925737725571,0.702455169055611,6.416598307654
26,2.1759147749975,0.175965653239469,0.292000207817182,4.27107537869271
41,5.60894073497154,0.0397098227404058,0.504465197678655,4.9528547135179
47,5.49396059597205,0.286738333980295,0.0915935407392681,6.99582608977369
62,8.75804445787786,1.07164064824997,0.923822061158717,3.76461289588352
47,2.5371056898804,0.11938517249655,0.174489302095026,3.65261218355014
17,-0.306962287613795,0.202130821345516,0.14992128754966,2.67145334256747
39,5.93051542264483,0.217993806318721,0.230956839164719,6.92496790019826
37,3.22981339284724,0.227213707375832,0.609441316919401,3.33346666750765
79,4.97019831871056,0.0369687803322449,0.130961979972199,7.8330677521586
96,8.21888531706288,0.249889457767923,0.395430406555533,4.16239537267962
19,1.29680990624699,0.184759198841863,0.267425077501684,6.00960273296655
78,6.59496494145627,0.331490124332461,0.16782999667339,3.81264053878603
86,5.58067522245155,0.0555633277418309,0.0466951283160597,10.3131125171906
61,5.18203516010661,0.506266579942262,0.525104084983468,2.76027976932643
90,8.65051073193998,0.570144355306432,0.469089384656399,3.54431867131736
89,9.30594487926724,0.926124093965561,0.941553221782669,2.9721175980037
3,-1.21743191857551,0.111599252209999,0.550471717957407,4.13997090616822
29,4.05537095462022,0.379343494751906,0.414775155950338,5.37794768964977
32,0.897405214025405,0.315151806444603,0.0819903982337564,3.51346411479998
20,3.93528384157099,0.0518493924755603,0.298928602598608,6.37744293951416
31,4.23362532151984,0.0982524906285107,0.89954879693687,2.56426306119509
73,9.06785829990985,0.720356106958074,0.798492139670998,5.71337630206764
3,3.15984307002093,0.0657087567960843,0.198670186568052,8.21093917248133
78,8.61190778869737,0.782732354435039,0.932748353341594,2.57635722267587
8,3.10424428821831,0.144734622095712,0.117159405024722,12.2051801056593
65,6.77820799317652,0.796456152531219,0.422781829256564,6.16172413395306
39,6.03861971764356,0.045871022157371,0.9740959207993,2.86812042777794
95,7.88302282218237,0.306409951521757,0.162311079679057,6.36175942657231
86,6.70104253563102,0.467534161643477,0.225448191165924,4.77075754775246
20,2.47016311285238,0.0805438880079073,0.827411195030436,4.19134441394442
79,9.71514130263468,0.415792431374934,0.821572622284293,4.12661120933606
78,7.82025051205069,0.934074205443065,0.783712481148541,1.69801908373538
57,7.21491044357534,0.0406949630068343,0.957571094622836,2.99919044273931
35,4.64543200456051,0.132089007413015,0.421685489593074,4.6207238870734
16,3.02594515347088,0.0236545054679481,0.135407416149974,7.98962910203421
20,2.0539684646351,0.270810098143968,0.225209432654083,5.70553504273204
45,7.74678146964142,0.164091128390282,0.44345393916592,6.48868459368408
91,6.64512056343622,0.0742668529828897,0.309944529784843,4.23189969128688
17,1.6819584077966,0.155211131437682,0.558651845669374,2.93903002823928
80,5.69638985087757,0.410957288907325,0.651309418026358,2.5953457507441
61,5.33253326367845,0.677771149637336,0.587940907338634,2.0138139024704
9,0.271048904360379,0.0619013856630772,0.196330928243697,7.3805533176594
4,-1.5354248212102,0.0616506789810956,0.00450812978670001,7.83211765362976
57,3.7755049618052,0.0375947744044933,0.737581884721294,2.32770198187795
54,6.76446186112748,0.0565029678400606,0.847841569455341,5.54038195616898
87,6.79857179491368,0.222760832159522,0.643438227009028,2.85998403699494
41,6.53508639688945,0.137089989497326,0.85791883431375,5.37084465033931
4,3.45407851040076,0.32266531860337,0.637474811635911,4.8771702442555
93,8.88994642800372,0.237113558394804,0.637254983652383,5.35106765968848
74,6.96648153554224,0.133469548192807,0.335317941149697,4.49166463642308
86,7.40066795472848,0.0597935686819255,0.395228809677064,6.42674164676286
13,5.15448367976083,0.191772282698741,0.475710126571357,5.79940354550444
56,4.55653649955913,0.139100128202699,0.642439312068745,3.36597265143104
7,-1.25085622900699,0.132993432111107,0.00777976913377643,6.37469830508714
34,4.40626643105382,0.339674680017608,0.449329760624096,5.5451309731046
60,4.11793776484782,0.071744337095879,0.0452445419505239,5.76578457723793
36,4.41980969348719,0.110633769305423,0.57728782761842,3.64530034265979
74,8.1752654128964,0.81916848379643,0.634954490698874,2.72112189438408
23,1.98962710370643,0.0109684517374262,0.571019278140739,2.7877305295253
74,7.70217176982152,0.401355863062149,0.772063612937927,4.4971862825495
84,10.6863593811095,0.486521493622518,0.987967088120058,3.62820294574175
72,7.32838034153968,0.162008483661339,0.441359213553369,4.81837898346291
9,4.42636151622364,0.0253368121854924,0.628932924708351,11.9939465225234
40,5.02067420793325,0.101910841884091,0.121437861816958,9.8063188142012
64,7.95352139355702,0.377747431842095,0.700860309181735,4.11762621008257
5,-1.49725777440866,0.0200041804928333,0.360555477207527,2.75545884525195
96,8.46599600792398,0.226023982966992,0.50161670288071,3.1936085781371
3,1.34705535344652,0.244164978609163,0.681956076761708,2.16328883049106
20,1.14992933870506,0.238809100128272,0.117649719119072,6.64336116756621
88,8.24638721443122,1.10312776726888,0.910849191481248,2.43934653445582
17,2.36952110398014,0.0290136059047654,0.494084887206554,6.24680642764695
47,3.61343897797269,0.0203798218264915,0.600608145119622,5.04888887779033
39,5.02332850681956,0.470429059562689,0.658360761124641,3.03432741395556
23,2.84479532579817,0.0362646283930007,0.683705080999061,5.03265413779316
26,0.801119781680508,0.26215002288923,0.0448233620263636,5.67436638313823
55,6.92406944839644,0.123576504178345,0.941691547399387,3.56124218821056
11,4.72314465617436,0.0198554084636271,0.9249150918331,7.0334362434046
8,0.235201918793899,0.00687998929060996,0.227395201800391,4.21864172978758
5,2.05521975278457,0.0544426420237869,0.282810453791171,8.10851735126081
8,0.760819472679374,0.0853935134364292,0.500904080225155,3.19803499003367
95,15.0796681247223,1.28961948122485,0.872437492245808,5.0348707801545
71,6.55880838927309,0.209201679338772,0.803528155665845,2.08527784003395
88,11.7306439010723,0.426746559308326,0.626291246386245,7.58987442881158
41,4.53789848264358,0.230724744466554,0.857869720086455,1.53962567003139
12,3.07858716195408,0.0598208057062482,0.704584517516196,5.62171505991861
86,5.81849253766541,0.194955542879675,0.0434470120817423,5.58957614732296
42,4.26784382992178,0.549628419438293,0.402409839909524,3.24080139380506
68,6.26884534297874,0.416771495228118,0.499242898775265,2.98082700734831
68,6.3504689660861,0.429608228648961,0.140292404685169,5.09059975169432
15,2.44601104626491,0.0849968952825293,0.360813841456547,5.31254993899748
6,3.90904332610522,0.168210306321271,0.452967669581994,4.95239414840418
37,6.49436698240927,0.156721648527309,0.96706317528151,4.2844248021633
11,2.60829767197121,0.0696645816788077,0.324271322228014,6.97273180515413
1,2.11332470673985,0.0483960775891319,0.824672128306702,2.86198747306256
33,5.02580445642312,0.0505990375531837,0.325873593566939,7.30695066185971
62,5.87757696582869,0.10648515180219,0.821132539771497,3.29984725745685
40,5.92423045909116,0.0498776562744752,0.280137107241899,9.59240705297496
44,3.49940345841902,0.171506888233125,0.360132797155529,4.78115619178767
66,7.8971601354935,0.246951726021919,0.859677150379866,4.51047313285652
86,7.98328666370469,0.1957738075766,0.819342095404863,2.63460851586334
13,0.518352226748437,0.0810391079867259,0.00923179090023041,6.65941747423451
26,3.59222841734745,0.155300499638543,0.638345108367503,4.05375499919738
29,1.95101914011322,0.00814784201793373,0.633683989755809,3.57968093485154
7,1.54581955061394,0.0201952430652454,0.0542224533855915,10.647432148244
26,3.45182806321083,0.00930219807196409,0.0647501097992063,18.4874924984349
36,1.31460402771647,0.0666975488549761,0.0856118698138744,5.20607117054341
4,2.85625370186665,0.0390254389001783,0.733288634102792,4.58897444282285
55,6.66313636938845,0.343508837035599,0.963147358270362,3.20778454956916
21,4.77661864291373,0.448852712733156,0.959841657197103,2.7602966698249
33,5.69709650120337,0.0281149831357704,0.704058555886149,8.85111904135339
51,2.94996001899684,0.17982796958678,0.531218057032675,2.29136237992941
48,4.25160952421827,0.198152421963143,0.0896111666224897,6.64710182720294
54,5.96617810962514,0.125383507926017,0.852520890301093,2.26379878022264
27,2.92716091300583,0.470894775332368,0.562893109628931,3.3162865686353
1,-2.63969013692936,0.165640848339535,0.398521301336586,2.31523391951614
10,4.70547170524074,0.0845555230043828,0.985445567872375,4.22430889562911
11,2.11795367793437,0.18381253768571,0.143079713219777,7.28850066192869
21,0.269435788451212,0.19761991034143,0.435160934226587,1.81751199444494
42,5.31400706405451,0.0663820842746645,0.325763056753203,9.27679214890739
70,7.9915778549445,0.0612256382496033,0.822344324318692,7.09856765143766
31,1.76516366629112,0.0516754101836867,0.298050600569695,4.30944151991846
21,4.41073540437494,0.098391227889806,0.298048308584839,6.54965257209297
76,5.68038491090409,0.341931497900489,0.132801296189427,6.81715270601458
84,7.0076174054057,0.224283733860332,0.835908364038914,2.50814362117002
48,6.20318206281782,0.356194089145815,0.266836123540998,7.65152617623834
58,4.36780054908115,0.0220915749669075,0.072846531169489,11.2939541377455
54,7.97504758527992,0.132834022864699,0.656405044021085,4.75287430919762
42,2.16811182183394,0.249640034501183,0.0927828878629953,3.94395497409075
45,2.79642227906519,0.126713389181532,0.0418532732874155,4.42134648823109
0,2.09271005363827,0.127883784589358,0.108525861054659,10.0053470202876
78,6.76483764343534,0.349310636499381,0.108297801343724,8.36052241951927
99,6.8079599597545,0.293900166627693,0.685561713064089,3.00939099568794
22,4.47316736325653,0.174137588623494,0.36074537737295,8.8819898677878
11,0.219024780904299,0.0151552404450348,0.0726962457410991,8.88744892207631
17,-0.17323815616992,0.130288137355819,0.260977277997881,2.4035720037354
53,6.82453299105013,0.419209052787578,0.907757719280198,1.93986570053563
58,5.32635535685178,0.146526360418648,0.170897058444098,6.05137239608705
91,13.5861179694042,0.537712080838317,0.996131784515455,1.26211471834096
76,8.56848424544265,0.769462810126587,0.430094502167776,7.46574102879666
57,3.03175095352762,0.202882798603002,0.236443733097985,2.99020596600969
94,9.39793162109283,0.384712486972517,0.978232940891758,1.1580874891729
24,3.7430781082248,0.0753445060690865,0.635962800588459,3.76312097804449
17,1.16449470807474,0.0936612788354978,0.645045801997185,3.30910526378284
10,4.64504827936564,0.028794460115023,0.903605982195586,6.09548504282996
80,4.70081872052077,0.38242849189732,0.0111829545348883,5.56009391282251
17,3.27208597528425,0.00870365754235536,0.485563330352306,4.9385387003685
43,3.13396423335144,0.468485038706517,0.633419137215242,2.23693501391836
49,4.18095013523519,0.206109043314322,0.171129930531606,4.29276590579362
19,1.48432087192235,0.0564997416222468,0.56766577064991,4.32687334753327
31,4.08918292937163,0.0774933050852269,0.854101681848988,2.17213477016058
45,5.95208073184178,0.182813910989764,0.183374106651172,13.2439611289033
81,5.27460207325171,0.0814164886251092,0.718942206352949,2.19112378232922
77,7.56420520564514,0.628420440914267,0.908385558519512,2.34129634045755
48,3.45239337995063,0.0989001673879102,0.483610783470795,4.77306923256012
1,-2.54297087392657,0.0534443196374923,0.0180662446655333,8.31671437054928
40,5.23858299488651,0.073821698082611,0.377920261351392,5.72518748413066
6,1.77767176028583,0.387550808437715,0.527564407326281,2.54931882355871
67,7.94126871988672,0.113314423337308,0.500214077997953,8.98618409531971
25,5.71217306404454,0.118458062759601,0.495989102171734,10.3887369919781
80,5.86769753154891,0.316286338249895,0.624946668278426,2.40828110611807
24,4.81573263343704,0.0420277701508477,0.451100869104266,8.4209842971274
46,3.33385960773868,0.014602547744289,0.769284857437015,3.81331621495957
15,0.913641888043471,0.0789753075969547,0.591412431094795,3.70185546156059
49,4.33306168323534,0.316804292601276,0.780204374343157,2.74190111074422
9,-2.23762228155867,0.228456296016204,0.000541054410859942,6.19384400116777
74,9.38270281291653,0.537710747709665,0.870931448880583,5.46942457823859
86,8.80792323751417,0.22029739570685,0.41770502878353,5.25620915982937
87,9.04056748198949,0.271922949225384,0.729536862345412,3.34047496663121
75,7.84279049600315,0.240896140214729,0.620584309566766,3.77264643108699
90,11.4394811217944,0.492629812543696,0.928926252061501,2.79323887136311
1,2.51855002329384,0.213881022074083,0.143767469096929,6.47804324774732
3,2.11264515255626,0.11587789680934,0.3710432338994,5.77925536594086
33,6.24664714369737,0.167304500355385,0.941880768630654,3.00901459039639
60,4.18277947905994,0.126924860524014,0.380078888731077,4.14270035045062
98,9.0877594818228,0.146109239547513,0.875412849942222,2.28949691844181
35,6.47299573911561,0.176173099649039,0.932755584362894,3.21646957361191
88,9.91713918934492,1.37272514069552,0.675941824214533,4.89382569008099
29,5.57465424594634,0.564781063670451,0.365784274647012,7.21200874292761
92,7.94517505741967,0.111563983024098,0.49775811471045,3.4267468642908
90,11.0514292723524,1.65309530233953,0.63682441203855,6.05541626570437
95,6.61835535576746,0.659517960742905,0.656242771307006,2.44682496197352
60,5.17754343659653,0.170531342504546,0.0648183636367321,4.9167041722304
64,4.84295141249749,0.0537306251935661,0.121862871106714,7.85571925462605
22,0.483622194109859,0.192407463524886,0.00201249262318015,6.3550785276805
84,8.78478061432444,0.527845656002098,0.25981024093926,5.97476941226293
81,7.06320788829981,0.0719266635132954,0.437243130523711,4.96556516388264
49,6.76396270405989,0.0503220557002351,0.601001864532009,5.88313103592264
68,4.10014818079471,0.170402990886942,0.508289783960208,1.65122181147583
98,9.37664632285891,0.938266364339382,0.445764466188848,4.51701036168034
87,5.62356996458685,0.873032636451344,0.424998141359538,2.05049746548889
26,1.7123063662032,0.122638828470372,0.683988970471546,1.3649501613969
85,7.12665773793165,0.370805001796639,0.639274211833254,4.64935897279253
69,9.19847426917759,0.413163839352733,0.813316504703835,5.0654913326238
41,3.40522865626354,0.0288643008745946,0.11411866126582,6.05581850856786
46,5.80315860970028,0.02234534547424,0.831535384524614,4.5937333636388
68,6.70593569599305,0.289680887701663,0.309088916983455,4.53732597395226
47,4.77711351826242,0.515814385355866,0.850655718008056,2.12751664961378
44,7.50749025673721,0.470376204678273,0.964652145514265,3.34667386072029
1,1.32964476758871,0.0437362194482411,0.833727387478575,4.50187800594875
16,2.37927189790394,0.0105250893393531,0.159958970732987,8.69019798188671
19,5.42690166856679,0.25861857504465,0.963980931788683,5.11909802100442
80,8.4793413794509,0.237789278373796,0.782502998132259,4.0172494416881
80,8.58894474499465,0.880870946108817,0.955575821455568,2.06334227670274
6,2.2146488684169,0.00351422629319131,0.179232268128544,16.8291660897026
16,3.08232466441976,0.0336085831513628,0.561090055387467,4.63149658831729
75,10.1592606308243,1.12512794596361,0.916276528965682,3.94295207899669
64,7.89070192294528,0.415927629431194,0.64900135458447,6.64386321299619
10,-0.470276887145392,0.0128657886525616,0.0401878952980042,7.11644462333792
1,1.56961963157168,0.0848570394694277,0.0796383926644921,10.4408142597488
20,1.50386787530384,0.243052375958043,0.100758323678747,4.60499938233382
40,3.80543885336698,0.397385076133019,0.27835566457361,3.74982717895341
6,1.38120232201949,0.0368773457134089,0.310079991118982,4.30156795798093
77,7.97772502071787,0.12350165734256,0.799894951749593,3.32337996895989
59,8.22879413704289,0.0487455163505723,0.900580348446965,3.53654898922215
28,0.471938421981801,0.0872342119691893,0.0781416497193277,6.14535360188237
4,0.957999790427397,0.310724064930084,0.117431180551648,4.12040652864686
50,4.04443072810178,0.195895660192448,0.430283481953666,3.18263881019393
82,7.41358232667153,0.0918643329059705,0.247627622913569,6.30374325620271
99,11.1044776853704,0.1298730293056,0.846567980479449,4.57769978689187
25,2.75739934000819,0.168469487805851,0.528905184008181,2.62631464447091
70,9.57384135201467,0.0960653434740379,0.447961694095284,12.9990653436551
4,3.55817027751956,0.00598788715433329,0.914795121876523,4.58909989304683
69,7.49685298660669,0.510712095980948,0.386373886838555,3.63833942534386
79,10.2058261927921,0.994972133490831,0.485637534875423,5.54231838790284
81,10.739751725795,0.193389102573249,0.834988119546324,5.73530289654365
9,4.76871457216434,0.0381296461446574,0.96776983840391,6.64995398436341
41,1.85954887037648,0.0105854572029784,0.287032115040347,3.47884886799347
79,4.94834612629695,0.08023265545305,0.152727558743209,3.98579919424149
68,5.31316635196876,0.401670170701251,0.168503095628694,5.23734067812533
76,5.53413374500392,0.0603995533892885,0.069371635094285,5.46290957102777
27,4.43069785549861,0.277442122333425,0.757358729606494,3.37638650816184
36,2.64312607199127,0.0304121463559568,0.11903612059541,6.74709512275453
52,4.31256467303721,0.0900998962310221,0.371956603834406,4.79085612288798
43,6.13570466758819,0.122422898886725,0.65313684544526,5.49570524138759
84,7.96704275956057,0.325823568030003,0.399912755703554,6.00737457643558
78,8.24885188381561,0.153351957444102,0.286426934879273,5.78447367192331
5,4.63677870478407,0.0915101629216224,0.941918011521921,5.17581601592773
50,7.31215718426615,0.231384497991165,0.878214080352336,2.91350163170569
18,-0.392407646626257,0.00276257970836014,0.258308173157275,3.86090357568448
72,6.09393596615941,0.767436332958651,0.838281048694625,1.45852820844377
60,6.71199707534325,0.0999592933803797,0.737448910018429,3.45987578876697
64,7.91695721749804,0.177549934004176,0.378367572557181,11.3198278962691
4,4.15135541362657,0.266282428743991,0.514326775213704,7.03753943619377
94,7.96656814278783,0.667598409081036,0.324493379564956,4.34154875954566
69,6.03012497915578,0.754714933848261,0.0706863927189261,7.56679457900959
3,1.69885537931694,0.0098245230037719,0.178327024914324,10.3714284991385
16,4.9545723798557,0.0952148241922259,0.866506076417863,7.61448706558071
68,8.24860088008278,0.167150804307312,0.926640601130202,4.17806471866018
24,3.88262865304272,0.0600563662592322,0.349346342030913,10.4510900580618
41,5.77334542408562,0.421759479658163,0.953940434614196,1.80885364036129
81,5.95581486452163,0.290048501210961,0.190491711720824,3.2843720841522
54,4.81118264837744,0.651987118149334,0.474356448976323,1.95730465383707
72,7.96443088023226,0.166019729338586,0.857517798664048,4.86853389074859
53,8.34387303135134,0.841053461613965,0.969487135065719,4.10754435238203
92,5.7494572752567,0.0529024073621258,0.369115754729137,4.42976153955864
74,5.6758306298676,0.0549879017053172,0.820713664172217,2.47591354305106
22,2.10582317234363,0.281753010338846,0.479045687709004,4.63831199844686
96,7.12844072448139,1.21473196900016,0.0711630540899932,3.27363015023081
5,-1.99127732863831,0.201597457508299,0.113091329112649,2.76494047270125
38,1.87310221657759,0.225584400108758,0.215557076269761,3.37619463396424
12,3.42143100594608,0.213966073292871,0.250173832289875,6.30215337259378
16,3.82519958494279,0.262921023870561,0.0785733924712986,11.3576141473486
28,4.4610256749239,0.160455169039778,0.900581437861547,4.22473668614948
22,5.10997634669436,0.537090446302825,0.162875006208196,9.52594619988075
8,2.64869929570817,0.109722510795109,0.660660656401888,4.90592375951881
93,6.66291884973096,0.462386164793229,0.449993476038799,3.22147648755642
60,4.32809004585621,0.287175182009789,0.214572228956968,4.98847103820917
27,3.82410284268608,0.0444080282468349,0.80539005366154,3.845004112926
55,5.26335414318064,0.386549349853253,0.856361553072929,3.18287636930222
24,0.584128564614259,0.164736091159284,0.0045503699220717,7.20899943373065
8,1.20488070672206,0.353029712547964,0.111574518727139,4.63603261167501
95,6.66528034501013,0.27272814498275,0.200481050182134,4.34967618221872
87,5.98606542416929,0.168210396077484,0.649985552765429,2.45438259448268
59,5.92371536951354,0.116434553638101,0.915296954568475,2.61071110210118
4,1.57326814154565,0.0176745259668678,0.811354391742498,5.23074154556295
78,7.06483990667167,0.519512699430293,0.185017972020432,6.75327325710988
48,7.53915274531356,0.420564634238786,0.511298853205517,6.13791922161105
1,-0.727948313336791,0.210174466239962,0.0217464833986014,10.3405679143621
59,5.50829727648867,0.435647335219328,0.85215551382862,1.97113977597637
71,4.47637269514203,0.350324575005085,0.0272889093030244,4.56115584879002
76,7.46197332887089,0.803620802196574,0.406295947497711,4.24829436518618
80,5.6923819920947,0.0653171095489615,0.753072114661336,1.77113486284565
92,8.01218212669365,0.120071665616706,0.42201322875917,5.51782404187214
84,8.04599321793119,0.0636708264937624,0.408031905302778,4.55660429888647
4,0.817138227796097,0.207955873560834,0.0445905465167016,9.63935331468686
1,-3.36737036372408,0.105870950967073,0.113206151872873,5.65622371775738
40,5.41379455572813,0.317025210697877,0.51593504101038,5.14937162124285
16,4.2275087952542,0.0234430525451899,0.881460474571213,3.54679585620253
15,4.4102509640087,0.0529547380283475,0.542728375410661,7.79731101807361
46,2.73013442101743,0.548631527895266,0.0899750937242061,4.82384017137743
41,2.09640972966195,0.251944635965644,0.359628285514191,1.81285229848741
54,3.00828157028028,0.523960641518933,0.533600894967094,1.89903808569732
72,7.05409928455718,0.235560819503168,0.890023815445602,1.92651367429554
86,5.61401739809471,0.265496956406835,0.086850869236514,6.31254030674655
91,5.6096961360263,0.213687794039699,0.329123397590593,2.19619153350683
61,4.73628602496298,0.169873477658257,0.360339136095718,2.94731046684586
55,6.64319360068506,0.544129828757318,0.199856241000816,7.48345390612467
72,6.34751356725086,0.586699512520527,0.38530310895294,3.89685280084803
22,3.18002493529212,0.0202549106907099,0.882605429505929,3.60991123675201
44,5.33775767479682,0.521200629589556,0.877567955758423,2.4908380750837
53,3.63916700482164,0.0975849500391632,0.409536737482995,2.75679590605637
24,4.11804074279752,0.0803699600510299,0.401696742977947,9.91751558392354
58,4.68370460883584,0.4856617427221,0.66503516654484,1.77948691175179
1,4.17861993917276,0.235284564540464,0.889991173520684,4.96927844373854
49,7.82744772796787,0.892532979256787,0.915047431597486,2.20133250991955
73,5.07831422430352,0.463219163806173,0.451349439332262,1.6495960494308
33,4.88841538398775,0.0587897119712654,0.276327076368034,10.8445094460431
31,2.80487455290537,0.0712310131639242,0.796452498063445,3.38764892915135
14,0.688980911099646,0.292525701447132,0.442080007400364,4.48897187419745
75,8.82019319112113,0.414234603905046,0.919337798142806,4.43937922677749
5,2.18349574502022,0.0285773393698037,0.751341103808954,2.98315478132145
66,5.58698138503907,0.307751976641569,0.329620376927778,3.49896926944941
85,5.77308775687303,0.121393933548639,0.08163130027242,4.49620544163945
56,8.41874418327295,0.192193148531234,0.381768353050575,11.8580218297577
76,9.65794009712289,0.368903033231024,0.391539646312594,7.60852401205903
35,6.60199620826853,0.365857150339902,0.986544609535486,4.14901963839046
57,7.64445431490681,0.154845844954252,0.805873933713883,3.70557479885664
6,0.561988416153653,0.0172303983387348,0.584335982101038,5.03193543609385
6,3.19900392508838,0.0536028580550581,0.63379441597499,4.52800902810097
90,8.60339897103492,0.750253274994803,0.274179526837543,5.17013986962404
76,6.15427173681055,0.393536178374148,0.86919362610206,1.24569195371656
41,3.12007801359282,0.0363362468779087,0.0556077098008245,6.47276378548212
16,4.29782454424341,0.491754904368377,0.421321683796123,5.49399179918992
66,5.04049386389662,0.394847563912577,0.430185209261253,3.8431099777501
47,6.83068727946103,0.6029604836052,0.86022975249216,4.51176336369404
5,-0.508532716380683,0.0639959365362301,0.327927597332746,3.79603501319521
92,8.53499195812604,0.123001063824631,0.895920914132148,3.29829944034246
34,4.13872574922682,0.054904185119085,0.0776169027667493,7.3219844503395
5,4.44752781475651,0.403887530767775,0.746464957715943,4.58376094515621
3,-0.475823171846623,0.192945162826785,0.0301168009173125,5.71332571599945
85,10.6361013212131,0.111041879048571,0.704034764319658,7.38042725980788
35,6.34554340552838,0.0741440971349582,0.990949767176062,2.55055601463362
75,7.131626764651,0.0770707974443212,0.914148497395217,2.57361135040387
96,7.73411502088901,0.691772623421782,0.680636693257838,1.30627155482229
31,6.06479223135416,0.0259696539650357,0.981456455541775,3.4688773166811
83,5.56572676538619,0.0890270961681381,0.0445063873194158,9.19754295249697
54,7.24020940887337,0.681469028318459,0.588437681784853,6.25356398259612
38,5.42368417472955,0.431950690669423,0.238049472449347,9.1183313126783
71,4.62302145214903,0.268070673093873,0.105347103439271,4.86958979503197
35,5.47379132333756,0.0199094176059589,0.233810259960592,19.6921118926449
21,0.4320527417377,0.0177525186445564,0.4884394032415,3.06821153720098
97,12.1560786306151,0.24508835094862,0.440378961153328,7.47215752595585
77,8.96679404436023,0.328940909856999,0.536345177330077,5.7462121408721
43,6.71323982682547,0.451939565181173,0.983338978374377,2.68253261624544
81,6.02728015049035,0.816291579934669,0.427909293211997,2.6038241266122
99,6.05852371311806,0.163815765525214,0.111532707232982,5.33537113980853
92,5.48659118511566,0.143044513766654,0.33524837042205,2.23144690037534
87,9.96953628267178,0.455880204194641,0.900000028777868,3.94795810927651
21,2.49809696009865,0.0253894413392452,0.147260445635766,5.82855238147292
78,5.4032496544086,0.843425068962288,0.0310988130513579,4.36074770946032
17,5.123002067327,0.170905314502306,0.604609244968742,7.8306580999076
97,7.79530251780024,0.348786139423366,0.19832769734785,4.12066240805583
59,4.72258772608807,0.408440576379603,0.0636823682580143,5.52747407430931
47,6.15396503783177,0.26547825661369,0.248476712731645,5.62887291004285
24,4.96727955667256,0.0978243801509961,0.509768811054528,5.12093717891425
1,0.165666667291831,0.246474272328171,0.0390370222739875,10.4642951341902
49,5.06503494436221,0.0477248278912157,0.644976084586233,4.19809518376148
55,5.59199208220528,0.0757383549353108,0.847388175316155,4.93122585423577
14,-0.0477656526174925,0.0961983512388542,0.284514896338806,3.13718363921831
0,-0.103325017874447,0.0055158413009683,0.412576080765575,3.56612422052326
44,5.24878526378125,0.253976250755343,0.744731645332649,4.8514787533916
2,3.13328914951121,0.0343705899859724,0.285387064097449,16.1459577951211
83,6.95193404413019,0.592686526911491,0.325183901470155,3.29773318948365
7,2.96804776250267,0.380980392431325,0.363549144007266,5.49590709262111
31,2.80353379525882,0.139750098111108,0.10596373071894,8.70182300526713
70,8.42381191332732,0.557597676726216,0.784621022175997,4.12712153661056
32,4.88937510043424,0.297739196558225,0.671546483412385,3.66292658848317
93,9.31950139085671,0.293955799647349,0.758249702630565,3.91199270612988
57,3.35410147796156,0.0895733799636225,0.354349977103993,3.32968179278287
71,5.44661921191008,0.682153914557928,0.579521600855514,2.8568324875736
25,4.19481246067679,0.0414580416399986,0.841153002111241,5.0483314396808
73,6.89306020521895,0.609658120759185,0.23000843077898,6.1459191212904
81,8.41264972653587,0.166148260235786,0.842512391507626,3.8313148332502
8,-1.29731226513848,0.000204898892725562,0.20111586083658,4.48878121919731
47,2.77590842540155,0.453610422534353,0.252113483380526,2.79043389609598
58,7.21679579794781,0.219958076243031,0.438933670055121,8.67985873789452
7,-1.99397739383673,0.081754915532656,0.121905230451375,3.16732293077176
48,6.4141044521279,0.0654345368378013,0.866704805288464,3.6084816956185
18,0.828890644936398,0.381502226981605,0.1158934882842,3.14598540689565
92,9.67638396711432,0.176132543467659,0.54185554315336,4.15286282770959
29,6.17677769212151,0.198572624929923,0.951209178660065,4.39442097737635
23,2.30823581046909,0.107668530428782,0.440208730753511,3.86180155313511
61,4.90520331588564,0.481900791150934,0.344031767221168,3.79712069612839
78,9.45478284808683,0.0829067885642871,0.603651508688927,9.8616483454648
58,8.71911024605767,0.0570048817899078,0.996123197721317,3.78466892509844
87,10.7516692581855,1.00242057204583,0.987120475620031,2.77733973732676
15,2.85768510374264,0.00900520046707243,0.788493182510138,5.70649026017137
47,7.06692143471313,0.247248306627128,0.910645734518766,3.54052532653247
83,5.19799244371329,0.34835366856069,0.141936949687079,4.19403610814356
96,8.91927376004887,0.486604876329607,0.526995373889804,4.97509198158144
73,8.07654767655345,0.403904690316444,0.972442959668115,2.940147045393
46,3.37625268131257,0.14588776580058,0.15079753822647,6.12052053363874
83,8.29779902079456,0.0731505604013634,0.305220336420462,7.57262014543146
0,-0.365148013643914,0.0835838125785813,0.244019345147535,4.96335122407815
64,9.01415645241828,0.328761000408533,0.966939307516441,3.59228740616184
31,2.03582008140977,0.0882975419517606,0.03570271958597,8.59226726619874
37,6.17124846707206,0.510414240395135,0.643503614934161,5.9634864998846
29,5.37885175977424,0.168887796811759,0.961075870320201,4.41104592952038
89,8.76931203671199,0.39435594154284,0.931566787185147,3.45202996873632
50,4.18565403958772,0.174052937318977,0.222331344615668,6.97057831393658
81,9.43873440079513,1.39698508000913,0.672543773660436,5.48975493840583
52,5.2700485545539,0.0468137032585219,0.171716223936528,9.81544222166248
28,4.86482405935774,0.0826904372560778,0.813644246198237,3.88494945496111
50,4.56381539288289,0.0420360929429666,0.073060488793999,11.3541818943108
78,9.5336067996022,1.22083464910938,0.963865517172962,2.90650132181638
63,8.90299093755132,0.233951725753698,0.984865262405947,4.68074203763244
53,4.81615429767501,0.104926626197994,0.10545935598202,11.0352259656219
0,3.62507205716971,0.0559115934797777,0.292251334991306,9.37800609577367
62,5.07768284920727,0.171119245700538,0.139933207305148,8.24492164008089
18,2.11499290374214,0.0760137444594875,0.606666499515995,3.00060428829993
47,7.47523630836818,0.147650513565168,0.357110952958465,11.0339953748528
48,2.92398911568716,0.376284807462766,0.42124361009337,3.72373908114917
22,4.73024408272771,0.0983785275602713,0.379387054592371,8.23823775104695
38,6.33550630431006,0.154265748686157,0.289803128456697,14.2440223063224
61,4.73359116601708,0.0767090449808165,0.84841742599383,3.20995392612541
50,7.21766182163917,0.312401722873303,0.437691362109035,5.66310387906877
97,6.50249174766576,0.112496418063529,0.80582467187196,1.46425005714591
63,6.95367077094465,0.0918207697012106,0.649869921151549,4.08657689245701
32,3.36713759382518,0.174916316159451,0.541993606137112,4.11153075261667
87,8.82022678474227,0.784608868840051,0.921482019592077,1.86144904873281
89,9.03401744499573,0.711774134322127,0.965064843185246,0.918314675730222
44,6.7694213482364,0.115497584920377,0.93079377966933,4.26758669513176
94,9.27652072919615,0.17074475903064,0.297005998902023,5.2650012158803
21,4.61556091259762,0.113914901274256,0.209717910736799,13.7584831662687
75,5.10211593671113,0.625215130565441,0.742612165631726,2.28075883043481
44,3.4473478564054,0.513952657559371,0.661978766787797,2.67926023093707
10,0.091538466966937,0.0523351564055862,0.0780549354385585,5.41649412688493
59,7.77692217308501,0.423494882394976,0.487214278895408,5.0027440017297
63,7.91268815821331,0.422730399736216,0.804560382850468,3.78450117544501
19,1.61988777390484,0.119445989956148,0.204669110476971,7.56118457222687
45,3.05008726193745,0.0482517324853688,0.578289258060977,3.48943503778142
85,6.58099647188862,0.194989219356997,0.0856124102137983,4.76162673755265
55,5.35993309001416,0.233398800891576,0.527759025106207,2.99729416438841
3,-2.15107888766244,0.227287132049653,0.00873289676383138,4.44328863234048
3,3.88355400632678,0.362748301124398,0.541587142506614,8.53248219878405
14,2.49018619661118,0.417456860633051,0.229823688976467,4.04864973153502
63,5.91519061098161,0.130045380395553,0.596222791355103,5.52047269185227
53,5.35933709798695,0.0342036829489538,0.734643195522949,3.87242862334833
21,4.47285473685482,0.208947476454753,0.156870653154328,12.8567488457595
63,7.43487755343569,0.689946726398701,0.215223414823413,10.1778773250606
59,7.91461717426821,0.672057154091233,0.323141325963661,5.63058028210668
22,2.1331680542271,0.133496815338731,0.285583877470344,3.98799870113136
45,2.23341895660268,0.0203576154891923,0.557835259474814,2.29785577120791
39,7.01937284797617,0.0526946583995596,0.930441383970901,7.39878089882179
50,3.79685952090766,0.393417855238026,0.605344431474805,3.41686727076095
71,5.94919245835164,0.1639081396861,0.468578282510862,5.8221144802608
4,4.33568076942682,0.0366657712541421,0.883289300138131,4.48427654606089
1,1.98398177170581,0.152790309279226,0.428900632308796,6.28171660418546
59,3.42416260330659,0.640174578378135,0.273133401060477,2.41982753570273
23,0.309250747798959,0.188338276552566,0.28918314143084,1.86314918220643
97,9.53579371017684,1.66507374811779,0.513011287199333,2.90217106849313
58,6.61025544386098,0.0521647577845303,0.944707453716546,3.55322620983744
20,4.01650660197128,0.443649660774922,0.809594599530101,4.24086885920717
44,5.09599881377966,0.276323583665046,0.0738090828526765,11.8793016262196
51,2.6592208506241,0.27468658912808,0.101759048411623,2.65403864888679
75,8.14432091697818,0.0909899327671155,0.983468263875693,1.87120755716832
67,9.24883252231093,0.0718829251127318,0.762697926722467,5.44305472154416
69,8.39778172066075,0.831121579739135,0.607436919817701,5.8925521221805
16,4.02286722328375,0.179480448160623,0.628463023109362,7.69378137266637
54,4.84675626842567,0.49287063020975,0.193076779600233,5.21645343423532
92,7.86138619494275,0.32180111388557,0.799819389590994,1.77998778794467
28,0.773032488891218,0.0370723984669894,0.0254584862850606,6.57997467650369
13,4.22210776276509,0.19922937475026,0.858730061212555,4.29997411190728
36,3.40788639590651,0.122373221092857,0.280060967663303,3.86784240227913
12,3.65025754914243,0.293775176618922,0.822170048253611,4.60422195110456
25,1.874339485569,0.432513415873655,0.203504118369892,4.17616947862767
7,4.03623755225254,0.428229329620904,0.145057083340362,7.17353706082261
81,8.05490164041906,0.947766029535285,0.949654994066805,1.18215652732354
75,9.83593896279131,0.732374431523395,0.396171202417463,5.13826548051495
67,3.96112808885497,0.303601811862293,0.220375785371289,1.94040918425987
38,6.73983302243616,0.49508665174008,0.94978232961148,2.75387743959425
66,7.99626734144819,0.572688992569381,0.564573319396004,6.34031199632957
76,6.3454362692698,0.144663160783239,0.784883680287749,3.21652914816584
65,7.17003971695341,0.144553474732675,0.957057213876396,2.40858272115203
69,5.56717768884563,0.836093164938402,0.507539363112301,2.30936288001728
42,4.17073120764999,0.0567307512974367,0.402144950581715,7.54361615658889
76,6.15006844207805,0.0710812206308957,0.749278814531863,2.79250689242001
19,-0.280839282574755,0.00965801312122494,0.108029909431934,4.01486771494009
63,5.58500923358638,0.0741639153566211,0.346760546322912,7.67734773158309
49,4.12275936566332,0.143622799310833,0.675648777047172,3.21833725426167
29,3.66256793102822,0.274982615042727,0.402129875263199,5.13747874088963
44,3.00281954393584,0.313996552712026,0.187116137007251,4.04611042054905
20,4.7399135528179,0.203628962780565,0.39770891983062,8.62021215455296
15,5.22201541076936,0.102262941538356,0.673666864866391,10.9816387945508
41,3.4979297886142,0.0195652243366957,0.385001193964854,4.51116082590284
52,5.49399559267879,0.393639110007739,0.674617474433035,4.21526031319791
12,-1.75657947102231,0.151615900686011,0.210643120808527,4.47663207936397
68,8.24184514557365,0.0800321169250305,0.988108031451702,2.50126415582962
64,4.53388688865215,0.271364254167977,0.78149049077183,1.59519665205085
42,5.98456056472481,0.0872907807352021,0.851843488169834,6.0394391162721
0,3.03614052116441,0.0895873683039099,0.122313400963321,22.2461675142367
19,3.393667686232,0.204164983228523,0.413098726421595,5.45529207025714
74,5.56610668971985,0.258309370108326,0.422015407588333,3.64585063538934
70,6.7515680366911,0.0631558426325649,0.324215984437615,7.68230957331175
12,-0.421667353136191,0.0701501108705997,0.0511905939783901,7.65415245254172
88,6.9851576916004,0.0823514233343303,0.196383883245289,9.02979400531339
16,2.50492603386865,0.0306510484078899,0.252526726806536,6.00463338947547
