K:5
N:3000
Gap:0.411966310408798
Rho: 
1 0.8 0.45 0.2 -0.3
0.8 1 0.45 0.5 -0.1
0.45 0.45 1 0.1 -0.3
0.2 0.5 0.1 1 -0.5
-0.3 -0.1 -0.3 -0.5 1
X:
21,3,32,5,1
97,9,29,5,1
57,7,35,7,1
14,2,24,1,13
84,10,41,5,1
96,8,38,3,3
90,8,36,3,2
52,6,27,3,11
81,7,39,3,1
66,4,30,5,1
68,5,26,5,1
73,9,39,6,1
72,6,35,5,1
29,5,26,4,2
5,1,28,3,3
79,5,28,4,1
84,6,27,3,2
8,3,23,4,2
98,10,43,3,1
10,3,19,5,1
11,2,23,4,2
82,9,29,8,1
27,2,23,4,1
71,7,30,4,5
85,10,39,6,1
50,4,31,2,1
37,6,36,5,1
25,5,31,3,3
47,5,35,5,1
46,4,24,5,1
62,7,29,4,5
56,5,30,4,3
74,9,28,7,1
98,6,37,3,1
81,8,33,6,1
79,8,30,7,1
58,8,32,6,1
18,3,23,3,5
98,8,28,4,1
92,5,27,3,1
18,1,31,2,1
92,10,34,6,1
98,8,42,6,1
52,5,32,5,1
12,1,22,2,4
47,3,26,5,1
48,4,32,2,1
83,5,35,1,1
66,8,38,5,1
72,8,30,4,1
95,8,30,5,1
68,7,40,6,1
21,1,28,4,1
83,5,29,2,1
9,3,33,3,4
16,2,33,4,1
32,4,23,5,2
16,5,30,6,1
3,1,25,3,2
33,5,33,4,4
47,4,29,3,2
87,10,30,4,3
14,2,29,4,1
33,3,30,4,1
73,5,34,3,1
68,5,31,3,1
55,5,24,4,2
42,4,26,5,1
4,3,30,2,6
22,5,27,4,3
28,3,21,5,1
3,0,15,4,1
81,5,39,2,1
26,3,24,4,1
89,5,30,5,1
85,6,32,5,1
74,4,33,5,1
12,4,34,6,1
19,2,31,1,5
8,3,33,3,1
29,2,26,2,1
74,9,31,5,2
62,7,29,5,1
8,1,26,1,2
49,6,37,5,1
12,2,23,2,2
94,7,29,5,1
30,3,30,1,4
90,9,28,4,8
19,3,22,3,5
45,3,34,2,1
77,9,27,8,1
53,7,29,5,3
7,2,32,3,1
49,4,35,4,1
24,2,29,1,1
20,4,34,3,5
94,6,30,4,1
75,6,29,5,1
60,4,25,5,1
42,4,28,4,1
90,7,33,5,1
43,3,33,4,1
12,2,24,4,1
58,5,31,4,1
35,4,30,6,1
61,4,30,3,1
48,4,28,3,2
91,6,33,5,1
33,4,27,4,4
8,2,22,2,3
42,5,24,3,4
5,1,29,4,1
49,4,33,1,1
92,6,29,5,1
57,4,31,5,1
53,3,25,3,2
62,7,32,4,1
62,5,30,5,1
57,4,32,5,1
81,7,34,4,2
76,6,36,5,1
81,6,26,5,1
83,6,32,4,1
93,6,29,5,1
19,2,24,1,6
69,4,25,5,1
17,2,26,4,1
36,6,25,7,1
46,7,33,6,1
91,9,31,5,1
35,6,34,5,2
79,5,33,2,1
88,10,37,6,1
92,6,30,5,1
87,8,29,5,1
98,9,30,4,1
1,1,30,1,2
18,2,25,2,3
60,8,28,4,6
4,0,27,4,1
90,8,35,4,2
32,3,34,3,1
7,3,27,2,12
35,3,23,3,3
74,5,32,3,1
77,7,27,5,1
91,8,29,7,1
56,7,28,6,1
83,5,31,3,2
95,13,29,4,3
43,6,29,4,3
51,3,35,1,1
47,5,31,5,1
15,1,23,4,1
48,3,30,3,2
26,5,27,4,5
91,5,26,2,4
71,8,40,7,1
24,2,31,4,1
96,6,32,4,1
92,7,39,5,1
47,7,28,7,1
75,8,33,5,1
39,6,34,5,1
47,4,31,2,2
1,2,31,3,3
50,7,36,7,1
54,5,30,4,2
7,1,28,1,1
90,10,34,4,4
80,9,34,5,2
18,4,24,5,4
94,8,42,3,2
14,3,28,5,1
76,8,28,5,1
29,2,30,4,1
88,8,36,4,3
37,5,28,4,2
2,2,32,4,1
95,8,27,5,1
11,3,27,4,4
14,4,28,5,2
55,7,29,7,1
53,3,33,2,3
85,7,40,4,1
75,8,36,3,2
22,5,26,4,9
93,8,39,6,1
10,3,23,2,10
50,5,32,5,1
77,7,39,2,1
92,6,26,4,1
53,3,32,4,1
13,4,22,6,1
76,8,36,6,1
71,7,40,3,4
50,4,33,5,1
90,11,29,8,1
33,2,22,2,7
52,3,33,2,1
19,4,27,5,1
88,9,34,7,1
12,4,30,6,1
1,0,20,3,1
34,5,31,3,5
74,8,32,6,1
19,2,25,3,2
42,4,35,2,2
73,5,28,3,2
42,4,32,4,1
86,8,32,5,1
78,7,36,5,1
57,6,30,6,1
71,5,27,4,1
26,3,31,4,1
49,3,32,3,1
87,7,30,4,1
39,4,32,2,2
55,7,30,4,4
43,3,25,3,2
2,3,22,5,1
1,4,21,5,2
78,5,31,5,1
67,5,31,4,1
42,3,34,3,1
24,4,27,4,6
63,3,31,4,1
78,6,33,4,1
95,7,28,3,1
39,6,24,6,2
75,4,26,4,1
50,5,37,6,1
66,5,29,5,1
65,6,26,5,1
26,3,23,4,1
97,12,30,6,1
59,3,24,3,1
82,7,26,6,1
78,6,26,4,1
54,4,26,5,1
79,8,35,6,1
14,3,28,5,1
88,6,30,5,1
81,5,30,4,1
78,5,31,3,2
28,6,29,7,1
70,5,28,3,3
63,6,32,5,1
84,6,30,6,1
71,9,31,6,2
90,11,27,7,1
55,4,24,3,3
26,4,29,3,9
46,3,31,3,1
24,3,30,2,1
71,8,27,4,5
99,6,38,5,1
52,3,30,1,3
9,4,29,3,9
7,1,25,4,1
89,9,37,5,1
80,8,38,5,1
69,7,28,4,2
42,6,33,5,1
14,1,28,4,1
36,5,30,3,4
89,10,34,6,1
64,6,28,3,7
35,6,24,4,10
5,1,27,2,3
19,5,32,6,1
88,7,28,4,3
33,3,29,3,2
72,7,27,4,6
55,3,35,4,1
27,5,25,6,1
11,2,23,4,2
17,2,20,4,1
97,8,33,3,1
89,6,27,3,1
85,9,31,7,1
60,5,28,5,1
87,6,36,5,1
90,8,33,5,1
26,4,27,5,1
19,5,30,6,2
46,4,27,3,1
76,5,26,2,3
60,6,25,4,1
53,6,27,4,2
44,3,33,2,1
20,2,26,3,1
96,5,33,5,1
78,4,26,3,1
13,4,23,4,6
49,4,34,4,1
46,6,38,4,2
35,3,31,4,1
15,4,25,3,19
75,5,30,1,5
99,12,34,6,1
10,3,26,4,1
24,5,29,3,4
64,6,28,5,3
56,5,26,3,1
29,5,29,4,3
58,7,29,4,7
20,4,28,6,2
8,2,23,4,1
6,1,28,0,5
21,2,32,2,3
40,2,29,2,1
17,1,32,1,4
58,5,27,3,5
63,7,37,6,1
43,3,29,2,1
45,3,36,4,1
20,3,21,3,4
67,5,24,4,1
45,6,28,4,3
75,7,33,3,3
89,9,30,6,1
95,9,40,7,1
11,2,19,3,2
51,6,36,4,3
19,4,34,5,1
3,2,22,4,1
66,4,27,3,1
74,6,37,4,1
33,3,32,3,2
66,5,32,4,1
62,4,29,2,3
83,8,36,4,2
58,8,35,5,1
52,5,25,4,2
12,1,27,4,1
13,1,25,0,8
37,2,28,2,1
66,6,29,3,1
14,3,25,2,3
90,7,32,5,1
15,2,27,1,4
98,9,28,5,1
80,5,33,3,1
53,4,31,2,3
59,6,31,3,3
84,7,33,5,1
27,3,23,3,1
60,3,31,3,1
3,2,24,2,12
91,8,31,4,1
36,6,37,5,2
32,2,22,2,1
94,7,34,3,4
49,5,32,3,2
25,3,21,3,13
19,1,29,4,1
28,3,30,4,2
84,9,39,5,1
38,3,29,4,1
35,6,32,5,3
53,6,38,5,2
87,7,32,4,1
43,4,25,5,1
89,7,35,4,1
77,5,33,1,1
92,8,33,6,1
92,8,38,3,1
41,3,34,4,1
3,3,26,3,10
15,1,30,3,1
77,6,29,5,1
73,6,30,3,1
91,5,40,5,1
78,5,31,5,1
5,1,29,1,3
65,6,38,5,1
51,6,33,5,1
43,6,33,5,1
99,7,37,5,1
91,11,33,4,2
30,3,29,3,2
19,1,23,3,3
74,5,26,4,1
24,2,24,4,1
22,3,32,2,1
15,2,28,4,1
53,5,25,5,1
53,7,27,6,1
93,11,39,8,1
18,4,23,4,4
41,3,33,3,1
31,5,34,6,1
82,7,29,4,2
24,4,35,5,1
21,1,33,4,1
13,3,33,4,1
67,8,35,7,1
99,8,39,3,1
22,4,29,6,1
82,6,28,2,6
28,4,33,4,1
18,2,33,3,1
75,9,28,4,7
44,6,35,4,4
26,5,33,5,1
64,4,35,4,1
39,3,33,3,1
80,5,35,3,1
98,6,31,4,1
46,6,36,5,1
76,5,25,4,1
18,3,29,3,4
86,8,37,5,1
34,2,26,4,1
17,5,24,3,5
49,4,31,5,1
76,5,36,2,1
23,4,27,5,2
5,2,28,5,1
19,3,31,4,1
61,5,27,5,1
97,7,35,2,1
14,2,30,4,1
67,8,39,6,1
10,3,26,4,2
64,8,34,6,1
41,5,23,3,4
41,6,33,6,1
33,2,31,4,1
4,1,19,2,2
4,1,30,4,1
17,3,27,4,2
83,6,35,2,1
42,4,24,5,1
39,3,34,4,1
96,8,32,5,1
72,6,37,2,2
58,5,25,5,1
98,8,31,5,1
27,4,28,3,1
30,5,28,3,6
68,4,30,4,1
88,8,41,4,2
14,3,21,3,6
73,4,35,2,1
31,2,32,4,1
91,6,29,5,1
58,5,32,5,1
14,1,32,1,1
36,5,26,5,1
22,5,23,5,2
22,2,31,2,2
17,4,26,5,1
40,3,27,4,1
19,2,22,2,9
59,7,32,6,1
33,2,23,2,2
85,9,35,5,1
68,7,29,7,1
46,5,33,6,1
86,10,41,4,2
66,6,29,5,1
56,5,26,3,4
58,4,32,3,1
5,2,32,3,1
9,4,25,4,3
86,9,29,6,1
67,8,27,5,1
36,4,28,5,1
42,6,30,5,1
88,10,38,5,1
37,3,31,3,2
85,9,28,6,1
29,5,29,5,2
63,8,32,4,10
12,1,20,3,2
12,4,34,4,1
84,5,28,5,1
78,5,28,4,1
34,6,35,3,4
57,7,30,5,1
77,8,26,6,2
47,6,32,4,2
24,3,26,5,1
57,7,36,3,3
33,4,23,3,3
85,9,31,7,1
75,7,28,4,6
93,7,38,6,1
12,1,33,1,1
45,5,27,5,1
62,8,27,4,11
7,3,25,3,4
8,1,26,4,2
17,4,34,4,3
92,9,35,5,1
4,4,27,3,9
30,3,34,4,1
18,4,29,3,7
49,6,24,5,1
36,5,33,4,1
64,8,27,4,13
21,5,29,4,1
79,7,26,6,1
11,2,32,4,1
84,8,33,5,1
88,6,35,5,1
85,5,34,5,1
99,6,30,2,1
50,6,37,5,1
25,3,31,2,3
72,8,35,5,2
10,3,27,6,1
32,6,24,5,3
98,12,37,6,1
26,5,27,6,1
59,4,24,4,3
8,4,27,5,1
1,0,31,3,1
72,6,34,5,1
53,5,33,4,1
70,5,33,4,1
54,4,25,5,1
69,7,28,4,3
17,5,33,6,1
78,8,36,5,1
24,4,34,3,4
61,5,28,3,3
27,2,29,2,1
4,0,29,1,3
47,3,25,3,2
57,4,33,2,1
34,4,35,4,1
13,3,23,3,5
25,3,27,3,4
30,4,29,5,1
26,3,32,4,1
51,6,38,6,1
45,4,33,4,1
64,6,31,3,3
0,0,21,3,1
99,8,30,6,1
92,6,33,6,1
34,6,24,4,3
64,6,34,5,1
77,9,29,4,3
94,10,34,3,1
55,6,30,5,1
55,4,33,3,1
63,6,32,4,2
30,3,25,2,5
11,4,22,4,5
77,6,37,2,1
42,3,28,4,1
5,1,27,1,4
72,7,29,4,2
38,5,25,4,6
77,6,29,4,1
54,5,30,4,2
11,4,32,3,4
64,7,33,6,1
58,5,37,4,1
46,5,34,2,2
46,7,25,6,2
32,3,29,4,1
9,3,22,2,4
87,10,33,8,1
47,6,35,4,2
30,5,26,6,1
17,3,29,2,3
69,6,37,3,1
62,7,32,6,1
92,8,27,6,1
68,5,32,4,1
1,4,28,4,6
64,6,29,6,1
40,5,34,6,1
40,5,31,4,1
6,1,24,4,1
32,3,31,3,1
15,2,23,1,4
76,7,39,6,1
84,5,38,2,1
31,3,33,3,1
44,6,32,4,6
47,3,31,2,3
99,14,35,5,1
92,11,28,5,2
53,3,30,2,3
10,3,29,3,1
71,6,29,5,1
73,9,34,4,3
89,7,31,3,2
26,6,24,6,1
61,7,30,6,1
50,3,32,2,1
9,3,31,3,3
40,5,29,3,4
86,7,28,5,1
98,6,39,4,1
93,8,39,4,1
45,6,25,6,1
23,3,34,3,3
73,5,25,3,3
38,6,36,4,2
37,3,29,5,1
10,1,32,3,1
50,4,28,2,2
4,4,21,4,4
72,4,27,2,4
84,7,34,3,1
65,4,37,2,1
1,3,34,3,7
59,4,26,4,1
48,6,30,6,1
60,6,30,5,3
30,4,25,5,2
2,3,27,5,1
15,5,22,6,1
44,3,32,5,1
26,5,34,4,1
48,3,35,4,1
79,4,31,4,1
5,0,30,3,1
85,7,38,6,1
71,8,27,6,1
60,5,37,5,1
23,2,34,1,2
61,5,31,2,4
62,3,29,1,1
5,4,31,3,9
92,6,30,5,1
91,9,31,5,1
30,4,29,3,1
38,5,36,4,1
7,2,29,3,1
20,4,29,5,1
58,6,36,6,1
51,6,32,5,1
29,5,33,3,1
39,5,25,5,1
94,7,29,5,1
2,4,27,4,5
5,2,19,3,2
20,5,29,4,1
23,3,22,4,3
5,1,18,2,8
63,4,24,4,1
0,1,24,5,1
17,2,32,1,2
32,2,28,3,1
49,4,29,4,1
75,6,39,5,1
60,5,30,5,1
95,6,30,5,1
58,8,27,4,11
47,7,32,4,5
5,1,22,4,1
13,3,30,5,1
25,4,26,3,3
94,8,29,6,1
34,5,35,3,3
63,6,28,6,1
25,2,23,4,1
77,9,39,4,1
40,4,26,5,1
64,4,32,4,1
42,6,25,5,3
65,8,30,6,1
22,2,28,2,2
25,2,22,1,5
31,5,32,4,4
67,6,27,4,1
42,6,35,5,1
35,5,30,5,1
34,4,29,4,2
59,5,24,5,2
33,5,33,3,4
61,4,25,5,1
86,8,29,4,1
49,5,30,4,2
28,2,23,1,3
58,5,35,5,1
77,5,37,3,1
1,0,26,4,1
48,5,35,5,1
84,7,31,4,2
69,7,36,4,1
11,4,25,6,2
53,6,30,4,3
38,5,31,6,1
90,6,38,2,1
22,5,29,3,3
29,4,32,3,2
17,4,29,4,4
37,4,25,3,2
59,6,31,5,2
22,4,22,4,2
72,6,33,6,1
15,4,28,6,1
39,5,34,5,1
61,7,32,6,1
91,11,34,8,1
43,3,27,4,1
92,9,34,5,1
82,7,36,5,1
80,5,36,3,1
0,2,32,1,2
55,4,31,5,1
16,2,24,4,1
55,4,34,2,2
49,5,34,4,1
39,5,33,4,1
88,6,30,5,1
22,2,28,5,1
64,5,29,2,6
89,7,38,2,2
82,9,27,6,2
99,6,37,3,1
82,10,29,5,3
59,7,37,4,3
44,7,25,4,4
31,5,28,5,1
70,6,26,3,3
56,4,34,3,1
3,3,26,4,2
72,7,32,3,3
10,3,27,4,1
82,6,39,5,1
54,3,32,2,1
87,6,36,5,1
66,4,30,3,1
47,3,27,2,2
30,5,23,3,10
62,4,27,4,1
10,4,34,3,3
20,2,23,1,5
34,6,23,5,2
7,2,33,3,1
69,5,30,5,1
48,5,31,6,1
7,3,31,4,2
56,5,30,3,3
49,6,25,4,6
13,4,33,5,1
76,6,37,5,1
34,5,30,4,2
17,2,30,4,1
21,2,30,2,3
94,9,29,5,2
8,4,22,5,4
44,3,30,3,1
84,5,38,2,1
36,4,32,5,1
87,6,38,3,1
24,4,30,6,1
95,11,32,5,1
34,3,26,5,1
99,10,33,4,1
52,5,28,3,4
13,4,29,4,4
23,3,33,3,1
87,8,39,3,1
3,4,24,5,2
84,5,27,3,2
6,2,30,2,8
96,7,35,3,1
11,1,23,3,1
3,3,21,6,2
95,7,39,3,1
95,9,31,5,1
78,7,26,4,4
83,5,33,5,1
6,2,33,2,4
43,5,30,5,1
47,5,35,2,5
18,3,21,3,4
65,4,36,4,1
16,5,33,5,1
47,6,30,6,1
36,5,35,6,1
5,0,24,4,1
89,6,28,5,1
40,3,33,3,1
57,6,30,3,4
61,5,28,4,1
3,4,32,5,3
62,5,25,4,2
75,8,34,6,1
96,12,42,4,2
73,8,33,4,2
87,6,34,5,1
53,4,34,4,1
20,3,25,3,2
74,8,31,4,1
65,6,30,4,1
38,6,28,4,3
42,6,28,4,3
33,3,26,2,3
15,4,30,5,1
36,5,32,6,1
31,5,29,4,1
62,4,24,2,4
17,2,33,2,1
55,3,35,3,1
1,1,25,4,1
79,6,34,4,1
91,7,37,4,1
23,3,35,2,2
17,4,25,5,2
13,4,29,4,1
82,9,30,7,1
72,6,35,3,1
13,2,30,3,1
51,5,35,3,1
82,5,29,5,1
86,5,37,3,1
83,6,34,4,1
91,11,28,6,1
3,4,31,3,13
40,5,34,4,3
33,5,27,4,3
28,5,25,4,3
73,5,32,3,1
48,5,36,4,2
88,9,37,5,1
21,4,24,3,7
74,9,36,6,1
81,5,37,3,1
81,6,30,4,1
83,6,35,4,1
71,5,31,4,1
73,4,37,2,1
77,8,30,3,3
32,3,24,4,1
37,6,25,4,6
5,3,27,6,2
6,3,22,4,2
38,2,26,2,2
90,8,38,6,1
69,7,26,7,1
19,3,33,4,1
45,4,28,5,1
79,10,41,4,3
57,5,24,6,1
6,2,28,4,2
96,8,36,3,2
99,7,27,3,4
33,6,36,6,1
85,5,26,5,1
74,6,29,4,1
87,7,32,5,1
11,1,23,2,1
36,3,31,3,1
59,5,31,2,6
73,5,33,3,1
15,1,22,2,2
4,1,16,5,1
18,2,20,1,4
27,4,33,5,1
71,5,26,5,1
91,7,32,3,3
77,7,33,4,1
97,10,30,7,1
43,6,29,3,4
27,2,33,2,1
74,8,39,5,2
58,7,35,6,1
56,4,28,1,3
17,2,31,3,1
15,2,33,4,1
23,3,30,2,2
32,4,32,2,4
55,3,23,2,1
83,9,32,7,1
4,2,20,4,2
76,5,36,2,3
51,4,34,2,2
72,6,28,4,1
49,3,31,4,1
1,4,24,3,8
71,8,30,5,2
2,1,32,2,1
88,9,28,4,2
40,5,25,3,11
74,8,33,5,2
61,6,35,4,1
25,5,29,4,2
26,5,28,4,2
95,10,32,4,2
55,5,27,4,2
14,3,26,5,1
3,4,27,6,1
15,3,22,5,1
69,8,32,4,2
56,3,34,4,1
4,1,27,1,7
20,2,30,2,3
61,6,32,5,1
88,10,33,6,1
33,3,31,1,5
51,6,35,4,3
89,7,28,4,1
29,3,27,4,1
36,2,29,1,3
74,6,30,4,1
86,6,29,2,2
15,3,31,5,1
12,2,31,4,1
56,7,35,3,1
27,6,27,7,1
13,3,26,5,1
78,7,33,4,2
98,10,35,4,5
34,6,29,3,6
88,5,34,5,1
55,6,35,5,1
7,3,33,5,1
67,8,36,6,1
37,3,32,4,1
42,5,31,3,3
25,5,24,5,1
46,5,33,5,1
50,4,29,5,1
20,4,27,6,1
35,2,23,3,1
73,4,35,4,1
5,3,20,3,10
30,4,35,2,6
76,4,31,3,1
24,4,29,5,2
11,2,21,1,3
74,9,39,5,1
27,3,25,3,1
39,4,30,3,5
61,6,38,3,1
99,9,36,5,1
34,3,22,2,11
48,5,26,3,7
22,5,30,3,4
37,6,26,6,1
41,3,30,2,1
92,12,39,8,1
27,3,30,3,3
36,6,32,4,2
97,11,44,6,1
28,5,24,4,5
10,2,27,3,2
6,4,26,3,4
1,2,19,5,1
66,4,30,3,1
53,6,29,4,1
35,6,32,5,1
60,3,29,2,1
13,4,31,3,6
24,4,34,4,2
43,6,25,3,9
52,6,37,5,1
56,4,31,4,1
29,4,27,5,1
72,6,34,3,1
69,6,29,5,1
87,10,32,5,2
71,6,35,6,1
26,5,32,4,6
67,7,29,4,4
4,1,28,2,1
77,7,35,4,2
65,6,25,5,2
18,2,29,2,2
62,6,29,4,2
2,4,22,5,6
95,8,30,4,1
27,3,29,4,1
34,3,31,2,3
25,3,26,2,9
50,6,29,4,1
12,3,27,3,3
15,2,26,3,1
87,6,29,3,2
16,3,26,3,4
93,10,42,7,1
71,5,31,2,3
98,6,31,4,1
39,3,26,3,1
16,3,31,5,1
31,3,25,4,1
62,5,27,3,3
58,4,24,4,2
36,4,28,6,1
10,3,34,3,1
40,6,26,4,5
40,6,29,6,1
77,6,28,6,1
14,3,33,5,1
47,3,32,4,1
99,7,29,5,1
54,5,28,4,1
46,5,36,5,1
79,9,31,7,1
45,4,34,5,1
54,6,35,6,1
89,9,36,5,1
59,5,37,3,1
49,4,30,3,1
81,8,37,6,1
40,5,29,5,1
11,3,30,3,3
50,3,36,2,1
6,3,22,6,1
89,6,30,3,1
10,4,25,7,2
55,6,24,3,3
33,3,32,3,2
49,6,30,4,4
48,6,36,5,1
13,1,23,3,1
31,3,25,2,5
90,6,27,2,3
84,8,34,4,1
81,7,34,4,2
50,6,30,3,7
81,9,33,6,1
4,3,20,4,8
12,3,27,3,3
41,2,22,2,1
60,5,27,3,4
66,8,39,4,3
76,4,28,4,1
85,8,36,4,1
29,5,29,5,2
85,5,32,4,1
68,6,34,3,1
79,5,31,3,1
89,7,32,5,1
10,3,30,4,1
34,6,27,3,8
20,2,33,1,2
39,4,30,2,4
21,4,28,3,2
58,7,33,5,2
89,11,32,7,1
17,1,29,2,2
39,5,28,5,1
45,4,27,3,3
11,1,28,3,1
30,3,27,2,6
14,1,24,3,1
34,6,27,5,2
43,3,26,3,1
97,6,34,2,1
8,4,25,5,4
16,2,30,2,2
93,6,35,5,1
36,6,35,6,1
74,6,32,4,1
82,7,35,6,1
97,9,35,3,1
40,5,27,3,12
58,8,33,6,2
99,10,29,4,2
79,8,29,4,2
37,6,28,4,2
62,6,27,3,6
40,3,28,4,1
6,3,23,4,2
43,3,31,3,1
89,11,38,4,5
4,1,21,3,2
47,4,34,4,1
95,11,30,6,1
66,6,26,5,1
4,0,18,4,1
63,8,30,5,1
23,3,30,3,1
40,3,31,4,1
96,9,38,4,1
36,4,23,6,1
10,2,32,5,1
9,3,30,5,1
23,1,19,3,1
20,4,30,4,3
48,7,35,6,1
9,3,23,3,2
77,5,29,2,2
73,5,38,3,1
45,3,29,4,1
77,4,30,2,1
17,3,30,4,1
55,4,34,3,1
8,2,20,4,2
92,8,42,5,1
89,5,26,5,1
20,2,24,4,1
79,8,31,6,1
76,5,27,5,1
11,3,33,3,2
62,4,29,4,1
79,5,28,5,1
70,6,29,3,6
76,5,31,4,1
78,7,28,4,1
22,5,30,5,1
61,6,30,4,4
41,4,26,2,2
9,1,26,4,1
61,7,25,7,1
30,6,27,5,6
37,6,34,3,3
5,4,34,6,1
14,2,26,2,8
57,5,33,4,1
62,6,33,3,4
66,5,38,3,2
63,8,27,6,2
42,6,25,7,2
87,6,30,5,1
20,2,26,3,1
54,5,28,3,3
44,7,29,4,14
95,9,33,4,2
8,1,23,1,3
55,6,30,3,9
74,7,28,6,1
8,1,25,5,1
19,4,31,5,1
9,3,23,4,1
5,1,31,4,1
52,4,32,3,1
97,7,38,5,1
58,5,27,6,1
1,3,22,4,2
76,7,36,5,1
83,7,36,4,1
33,3,23,4,1
82,6,38,2,2
80,6,32,5,1
15,4,31,5,1
27,5,25,5,1
50,7,29,4,9
46,7,28,4,5
46,4,28,5,1
29,2,30,2,2
29,4,35,2,3
93,6,33,4,1
72,8,31,4,5
49,4,24,2,3
82,8,40,4,1
48,4,35,4,1
30,5,25,5,1
77,10,37,7,1
1,2,30,2,2
55,7,30,6,1
97,6,30,2,2
74,5,37,3,1
70,7,29,5,2
86,11,37,6,1
72,4,32,1,1
87,8,28,6,1
9,2,26,4,1
85,8,34,3,4
49,6,37,5,1
66,6,33,5,1
37,3,28,2,3
77,5,36,4,1
48,5,34,5,1
46,5,31,6,1
94,7,31,4,1
52,3,29,3,1
55,6,32,5,1
59,6,29,4,2
88,5,27,1,5
59,7,30,5,1
26,4,31,3,2
55,4,26,4,2
26,4,32,3,3
83,5,29,2,5
92,10,34,4,2
29,2,27,2,2
60,4,29,1,2
32,5,31,5,1
56,6,26,5,4
91,7,34,3,1
20,2,28,5,1
24,4,30,5,2
90,5,32,3,1
14,3,27,4,4
20,4,22,5,1
1,4,27,5,1
66,6,33,5,1
18,5,29,4,2
89,10,29,5,3
2,0,22,1,2
19,3,26,4,1
94,5,29,2,1
61,6,34,4,1
97,10,38,5,1
0,0,28,3,1
51,4,28,5,1
73,5,31,5,1
99,7,27,5,1
75,8,37,5,1
15,2,23,4,1
51,5,28,3,2
65,5,31,4,1
46,3,35,4,1
53,4,35,4,1
23,2,25,4,1
17,2,23,4,1
98,6,41,2,1
92,9,36,5,1
98,6,30,3,1
13,4,29,6,1
80,7,36,4,1
11,4,32,5,1
50,3,24,2,3
12,5,27,6,2
6,4,31,4,4
8,3,22,2,9
7,3,30,4,1
54,6,35,5,1
86,6,27,3,3
30,3,26,5,1
10,2,20,5,1
88,9,28,6,1
36,3,27,2,2
95,11,43,6,1
76,8,34,4,2
70,8,34,3,3
40,6,36,4,4
56,6,28,4,2
49,5,31,5,1
59,6,38,3,1
3,2,32,4,1
56,5,31,2,1
31,5,31,5,3
4,0,27,3,1
8,3,29,5,2
23,5,24,5,4
57,4,23,4,1
17,5,34,4,2
49,3,31,3,1
99,7,31,2,2
98,7,29,3,1
72,4,29,3,1
29,2,31,4,1
86,6,32,3,1
84,8,29,4,1
94,6,31,4,1
80,6,36,4,1
62,6,39,6,1
9,2,28,4,1
6,1,31,4,1
61,7,27,5,6
76,5,30,3,1
53,5,32,3,4
10,4,30,4,4
27,3,25,4,3
9,2,33,3,1
56,6,29,6,1
60,7,33,7,1
55,6,37,7,1
40,5,31,3,1
43,4,31,3,2
61,7,34,6,1
53,5,26,6,1
32,2,28,4,1
59,4,25,4,1
72,4,34,3,1
33,3,22,2,6
1,3,20,3,8
87,8,29,5,1
24,5,33,3,3
97,8,32,4,1
69,8,33,6,1
71,5,36,4,1
18,3,27,3,1
29,4,27,5,1
75,8,35,7,1
98,6,27,2,1
13,2,25,3,1
36,3,24,3,1
52,6,28,5,3
59,7,31,4,2
5,1,30,2,1
99,9,36,6,1
61,7,31,3,2
65,5,27,5,1
33,3,32,5,1
87,7,35,4,1
65,5,30,3,1
66,6,28,4,3
63,6,28,6,1
84,10,38,7,1
55,5,32,4,1
69,7,33,4,1
17,5,29,3,4
58,5,27,4,3
12,3,33,5,1
64,8,26,7,1
64,5,28,2,2
86,5,28,3,1
83,6,32,5,1
14,1,22,4,1
11,2,29,3,1
48,3,34,4,1
4,0,18,2,4
95,6,26,3,3
58,6,33,4,1
93,7,33,5,1
21,3,27,2,15
93,9,31,5,1
53,7,29,4,2
54,4,33,4,1
93,8,38,6,1
67,5,35,3,1
44,5,31,3,2
29,5,31,3,5
78,4,33,5,1
57,4,31,3,1
45,5,36,4,1
47,5,32,2,1
70,7,37,4,1
49,6,32,4,1
78,9,39,4,1
70,7,27,3,6
39,6,27,7,1
72,9,35,6,1
71,4,24,4,1
12,1,30,2,2
81,9,36,7,1
95,7,32,5,1
95,8,35,4,1
16,5,28,4,10
66,4,25,4,1
10,2,32,4,1
88,7,30,4,1
66,8,34,6,1
85,5,30,4,1
81,9,31,4,5
19,2,25,3,1
92,6,34,5,1
61,4,30,4,1
59,5,36,4,1
65,6,26,5,1
34,3,25,3,3
93,9,41,3,1
11,3,31,4,1
56,6,30,4,2
18,3,24,4,1
73,7,34,5,1
3,3,32,5,1
6,2,21,2,18
46,4,30,3,1
81,5,38,3,1
59,7,29,3,5
80,10,30,8,1
42,4,26,4,2
50,4,25,3,2
32,5,29,4,1
78,7,27,3,2
68,5,38,4,1
1,2,29,4,1
43,6,35,6,2
14,1,23,3,1
56,5,27,5,1
25,4,30,4,3
12,2,33,4,1
82,6,31,5,1
12,5,23,5,3
21,3,27,4,1
18,2,20,4,1
53,4,32,4,1
4,2,28,3,4
69,4,29,4,1
23,3,34,3,1
76,7,26,5,1
34,4,34,2,2
62,6,37,5,1
46,5,26,3,1
17,5,29,5,2
75,8,30,6,1
65,7,27,6,1
83,10,34,4,1
90,10,42,5,1
19,4,25,5,2
57,5,38,2,2
78,7,27,7,1
53,4,27,5,1
32,4,29,3,1
51,4,29,2,4
30,2,25,1,6
43,5,23,5,2
18,2,26,3,1
28,6,27,6,1
37,5,24,5,1
25,3,29,1,9
34,2,30,1,2
78,4,26,1,5
66,4,34,2,2
86,7,38,5,1
21,3,23,4,1
89,6,29,4,1
56,7,28,4,3
41,5,35,5,1
85,9,33,5,1
13,1,23,2,5
9,2,18,3,8
22,4,28,2,5
93,10,32,5,2
18,2,22,3,1
13,3,21,4,1
57,4,35,5,1
27,6,31,7,1
27,3,28,3,3
98,8,31,4,2
95,7,41,3,1
20,2,28,5,1
60,5,30,4,1
73,4,27,4,1
85,7,37,5,1
29,4,30,2,6
58,7,29,4,8
51,4,34,4,1
71,4,29,2,3
98,8,31,6,1
13,3,23,5,1
98,13,31,4,3
34,3,23,3,1
21,5,32,4,4
69,5,28,3,1
58,4,36,3,1
29,3,26,5,1
21,3,29,3,3
14,5,28,5,4
39,5,23,4,8
0,0,25,3,1
33,5,28,5,2
29,4,30,3,2
90,5,30,2,2
83,8,27,6,1
5,3,30,3,3
96,9,34,6,1
66,7,27,6,1
54,3,33,5,1
10,2,31,2,1
48,5,28,6,1
14,3,21,3,2
42,5,32,4,3
26,5,26,3,8
81,5,25,4,1
67,5,36,3,2
64,4,30,3,2
10,4,27,4,3
11,3,25,6,1
51,6,28,3,10
77,5,26,5,1
65,4,24,4,1
11,4,30,5,1
86,5,35,3,1
25,3,27,4,1
26,2,32,3,1
64,5,31,4,1
73,6,26,5,1
87,7,35,5,1
3,3,25,4,3
17,3,21,3,2
75,6,28,3,2
56,4,30,2,3
28,4,27,4,3
48,3,33,4,1
71,5,33,2,2
41,2,33,1,2
11,3,28,6,1
13,1,28,3,1
2,1,29,0,8
78,9,29,5,1
83,7,38,4,1
65,5,32,2,2
73,8,30,4,4
84,9,28,4,2
80,9,36,5,1
74,8,33,7,1
62,4,28,4,1
34,3,34,2,2
25,5,31,7,1
46,3,31,2,1
53,5,37,4,1
4,1,18,4,1
47,4,31,3,1
13,4,28,3,3
97,8,30,6,1
57,5,34,4,1
57,6,35,3,4
55,4,34,3,1
95,9,43,4,2
92,7,35,5,1
71,6,31,4,2
19,5,25,6,1
20,3,23,4,4
89,7,31,5,1
77,8,37,3,3
25,4,30,3,1
45,3,30,1,3
34,3,30,5,1
3,2,31,2,2
1,3,28,5,2
18,1,33,3,1
27,4,26,4,3
22,3,29,2,9
4,1,25,4,1
30,4,27,5,1
69,4,27,3,1
93,6,40,4,1
27,4,23,5,1
16,5,25,6,2
14,3,29,4,1
59,4,33,3,1
48,6,29,4,8
61,7,29,5,1
14,2,29,5,1
35,3,34,3,1
90,6,34,3,1
59,6,26,5,1
74,5,25,5,1
49,5,25,4,2
29,2,33,1,4
82,5,25,5,1
75,7,36,3,3
5,2,22,2,7
2,4,22,5,3
29,3,32,3,1
73,4,33,2,1
38,2,29,1,3
6,4,34,5,1
87,6,31,4,1
64,4,35,4,1
34,2,32,3,1
86,9,40,4,1
37,5,23,5,1
8,3,26,4,1
29,5,23,6,1
31,6,26,4,4
68,5,26,4,1
88,6,40,4,1
76,7,31,6,1
79,7,30,3,2
3,3,28,3,7
91,10,43,5,1
45,6,25,4,3
37,5,23,6,2
24,2,33,3,1
88,8,28,3,3
45,3,28,3,1
64,6,36,4,1
27,3,23,2,15
1,2,27,3,2
20,5,34,4,1
10,4,32,4,4
8,2,23,3,1
4,3,23,5,3
6,3,25,3,3
60,6,25,5,1
26,4,33,5,1
99,8,30,3,4
42,3,33,3,1
7,1,26,4,1
90,9,29,4,2
84,6,32,2,2
6,4,24,3,23
52,7,34,6,1
18,5,30,4,1
17,3,24,5,2
41,5,33,5,1
53,4,30,4,1
19,4,29,6,1
33,5,25,6,1
61,5,30,3,3
80,6,30,4,1
4,3,19,6,1
8,1,22,2,3
72,6,31,5,1
74,7,29,6,2
18,2,29,3,2
67,5,30,4,1
78,7,28,5,1
59,3,32,3,1
88,6,39,3,1
48,3,27,2,3
31,4,32,4,1
86,6,38,3,1
85,6,37,2,2
67,7,32,3,2
97,8,31,4,2
23,5,32,6,1
83,8,39,5,1
77,9,31,5,4
24,3,25,3,8
91,5,30,5,1
73,6,27,3,2
18,4,24,3,8
48,5,26,4,2
85,5,26,4,1
32,3,27,2,7
85,7,29,5,1
38,4,27,5,1
2,1,16,4,3
57,5,29,3,1
67,4,26,4,1
83,6,34,4,1
88,9,31,7,1
20,2,20,3,1
30,4,24,5,1
84,10,33,7,1
86,8,29,4,2
79,5,29,2,1
43,4,25,4,2
7,3,26,5,1
56,5,35,2,5
65,4,28,2,3
28,3,22,4,4
7,4,28,5,1
79,6,30,2,4
12,1,31,3,1
66,6,32,6,1
52,6,28,6,1
15,3,30,4,1
17,3,30,3,3
48,4,29,2,3
12,2,20,5,1
11,4,31,4,1
4,3,31,4,2
84,8,39,6,1
38,4,27,2,5
67,5,35,4,1
73,5,29,2,4
16,5,30,6,1
7,4,26,6,1
44,5,35,3,1
31,3,22,2,4
29,5,28,4,8
61,6,35,3,1
48,5,26,6,1
41,5,29,4,1
34,6,36,3,3
46,4,27,2,2
56,7,27,4,5
79,9,38,6,1
20,3,31,5,1
41,4,29,4,1
66,8,35,5,2
48,5,27,3,2
38,5,31,5,2
50,3,30,4,1
27,2,33,3,1
22,2,33,2,2
31,3,33,2,2
9,3,22,3,4
61,7,29,6,1
65,5,35,3,2
50,4,24,5,1
89,7,34,3,2
40,3,28,0,2
0,4,24,5,3
69,6,30,2,3
21,3,28,3,1
9,4,25,5,2
70,6,27,3,2
97,7,29,5,1
50,3,34,2,1
21,5,35,4,3
75,4,28,3,1
18,2,24,4,1
11,1,21,4,1
60,4,30,4,1
49,6,31,5,3
88,9,31,5,1
86,7,30,4,1
0,1,30,2,3
48,4,23,2,5
80,9,32,4,2
74,5,27,3,1
6,3,30,2,6
37,4,31,3,2
61,3,29,4,1
34,4,25,2,2
13,3,29,2,3
49,4,32,2,1
49,5,32,5,1
89,5,27,4,1
57,4,36,5,1
82,7,26,3,7
75,7,37,4,1
38,5,27,6,1
49,5,26,4,2
31,3,30,4,1
10,2,32,3,2
81,7,36,5,1
82,9,40,4,1
47,4,31,5,1
16,2,28,1,4
29,2,28,3,1
25,6,28,6,1
0,2,25,5,1
82,7,30,3,1
59,3,32,4,1
58,5,26,2,2
97,6,33,3,1
82,6,32,4,1
97,7,27,3,2
64,5,30,2,6
7,2,18,4,1
47,4,30,4,1
74,8,37,7,1
58,5,32,5,1
91,9,41,4,1
0,2,27,3,2
83,6,34,5,1
47,4,35,5,1
14,2,33,4,1
38,3,33,4,1
32,4,31,5,1
8,3,32,2,2
26,2,25,4,1
87,5,26,2,1
72,6,28,6,1
89,7,39,5,1
0,0,32,3,1
72,6,39,5,1
38,3,27,3,1
96,8,36,4,1
27,4,30,3,1
52,7,25,5,3
45,7,28,4,7
67,7,33,3,1
92,10,33,6,1
50,3,31,3,1
58,8,26,7,1
22,5,35,5,1
63,5,32,4,1
99,8,30,6,1
64,5,30,5,1
74,6,35,5,1
89,6,26,5,1
53,3,36,3,1
65,8,35,3,5
4,1,21,4,2
13,3,26,2,10
42,3,23,3,1
96,6,27,3,1
33,3,33,1,4
52,7,30,4,3
93,7,31,5,1
93,6,40,4,1
25,2,27,2,1
2,2,26,2,2
51,3,34,3,1
72,4,27,2,2
29,4,26,4,1
74,5,28,2,2
36,6,27,4,3
16,2,28,2,1
3,2,28,3,1
68,6,37,5,1
81,7,26,6,1
2,3,28,5,1
24,5,29,3,6
16,4,34,4,1
66,6,25,5,1
60,6,33,6,1
37,4,35,4,1
12,4,33,3,5
4,0,31,4,1
42,5,36,4,1
57,7,27,6,1
79,8,36,4,3
19,4,25,5,2
56,3,31,2,1
23,4,28,4,3
36,4,33,3,4
18,2,22,5,1
0,1,24,4,1
36,6,26,4,10
38,4,23,6,1
11,2,25,4,1
73,7,34,4,1
24,5,30,4,4
60,5,28,3,2
54,5,34,3,1
22,2,26,4,1
75,8,39,7,1
77,6,27,5,1
72,5,31,5,1
58,7,34,5,2
0,2,23,2,7
46,6,32,4,2
49,4,30,4,1
84,8,29,7,1
20,2,31,2,1
77,6,32,4,1
17,4,24,6,1
33,4,25,2,12
2,4,31,5,2
90,9,37,7,1
2,2,31,4,1
61,4,29,3,1
41,3,33,2,2
6,0,26,2,1
53,3,26,3,1
94,10,31,4,2
69,6,36,4,1
18,2,33,2,1
66,4,33,4,1
19,5,23,5,3
3,2,29,3,4
97,6,35,3,1
5,4,30,4,2
89,6,38,5,1
13,2,25,4,1
85,7,29,6,1
72,7,27,4,2
74,6,30,2,2
5,4,27,3,8
93,10,33,5,2
48,5,25,5,2
57,7,29,6,1
94,13,36,5,1
48,5,26,4,1
71,5,32,2,2
66,8,30,4,4
93,7,28,5,1
81,8,36,3,3
62,5,33,4,1
51,6,30,5,1
9,1,16,2,2
73,4,28,3,1
1,4,23,3,3
12,3,29,5,1
85,9,42,7,1
49,3,34,3,1
87,6,30,3,1
94,9,35,4,1
65,4,28,2,4
41,3,23,4,1
59,8,28,5,1
97,9,31,3,2
9,2,28,2,1
83,5,35,2,1
93,8,32,4,1
58,4,27,4,1
26,2,21,4,1
76,5,27,4,1
60,5,29,4,1
31,3,22,2,1
51,3,25,4,1
46,5,32,3,2
49,3,31,3,1
33,5,34,4,2
15,1,26,3,1
74,9,31,5,5
54,5,26,4,2
30,2,31,2,2
63,7,28,4,1
82,7,39,4,1
39,5,29,6,1
17,3,29,5,1
60,7,34,6,1
30,3,30,3,2
90,7,30,3,2
99,10,36,5,1
29,4,31,5,1
92,8,31,5,1
73,7,30,3,2
41,3,23,1,5
55,7,33,7,1
95,6,31,4,1
5,2,17,4,2
26,4,30,5,1
44,4,26,4,1
61,4,36,4,1
88,10,29,8,1
96,9,34,3,3
31,3,29,3,1
1,2,20,5,1
12,2,24,5,1
96,7,31,6,1
21,3,32,4,1
38,3,27,4,1
87,7,27,4,1
74,7,39,6,1
88,10,36,6,1
78,5,27,2,2
34,3,26,5,1
11,3,21,2,5
41,5,34,6,1
18,3,28,5,1
62,4,33,5,1
52,5,31,5,1
44,4,32,2,3
50,4,32,5,1
51,5,30,3,3
76,6,27,6,1
40,5,32,3,3
87,10,41,7,1
51,5,32,3,1
38,3,33,4,1
50,6,31,4,3
59,7,26,4,3
3,2,26,3,2
7,1,32,4,1
97,11,29,5,1
3,0,31,1,1
77,5,35,5,1
31,4,23,3,3
0,4,30,6,2
54,6,27,6,1
85,7,34,4,1
63,4,31,2,4
91,7,38,3,1
59,7,28,4,2
14,2,33,4,1
54,5,25,5,1
43,6,35,3,5
1,2,23,4,2
8,2,28,5,1
2,2,32,2,2
16,4,22,3,4
81,6,35,4,1
29,3,28,3,2
3,3,31,4,4
90,11,38,7,1
33,5,23,5,1
90,7,28,5,1
8,2,26,4,2
80,6,27,5,1
99,7,38,5,1
51,3,35,2,1
54,7,38,5,2
82,9,37,5,2
84,6,34,5,1
34,3,25,5,1
57,7,26,5,2
65,5,32,3,2
23,5,28,6,1
55,7,38,3,2
66,5,35,2,3
33,4,31,2,3
58,5,36,3,2
55,7,36,5,1
14,1,28,3,1
87,8,33,6,1
39,3,29,4,1
75,7,34,6,1
15,2,28,3,3
50,4,31,4,1
52,3,28,1,3
39,6,26,5,5
94,10,35,5,1
37,3,34,1,2
6,4,33,3,2
98,8,29,4,3
12,5,24,4,5
14,3,30,4,2
34,4,35,4,1
83,5,26,5,1
15,4,33,4,2
62,4,25,2,3
76,6,36,3,2
43,6,32,6,1
52,4,25,3,2
13,4,32,4,1
93,6,32,2,1
22,3,29,5,1
80,7,28,5,2
17,3,32,4,1
66,4,36,1,3
77,5,32,2,1
91,8,29,6,1
69,4,28,5,1
47,4,27,4,1
20,4,25,5,1
64,4,29,2,3
87,8,27,7,1
94,7,28,4,1
87,10,30,7,1
74,8,27,4,3
32,3,27,4,1
57,5,24,5,1
53,6,37,6,1
79,6,30,4,1
14,3,27,4,2
4,3,31,5,1
58,5,36,4,1
5,4,31,4,12
33,6,24,7,1
25,2,28,5,1
19,4,22,4,4
42,4,31,5,1
99,12,35,6,1
10,1,30,4,1
1,2,32,2,4
9,2,28,4,1
67,4,30,2,1
12,3,31,3,1
16,5,28,6,1
44,7,25,5,2
28,5,33,6,1
79,6,28,5,1
6,4,30,4,4
94,11,31,5,3
20,4,35,4,1
36,3,35,1,1
60,5,30,3,2
88,6,28,4,1
13,2,28,1,2
21,2,33,3,1
68,6,28,6,1
22,2,34,4,1
66,8,36,4,1
86,5,27,3,1
78,6,31,4,1
93,7,36,3,2
42,4,33,4,1
94,10,29,5,1
22,2,26,2,3
5,3,20,4,1
88,6,39,5,1
14,4,34,3,2
36,5,29,5,1
51,4,24,4,1
59,5,35,3,2
42,4,23,4,1
46,5,32,4,1
24,3,33,3,1
14,3,27,3,1
43,6,31,5,1
4,2,31,4,1
43,6,25,6,2
73,8,40,7,1
12,1,26,2,1
29,3,26,4,1
94,8,33,4,2
30,3,24,4,3
5,2,22,3,3
62,7,36,4,2
33,6,28,7,1
50,4,30,4,1
21,4,26,3,4
76,6,26,6,1
3,2,26,3,2
75,4,33,3,1
58,4,31,2,1
65,6,26,6,1
47,3,31,3,1
23,3,21,4,3
10,3,30,6,1
22,5,26,5,2
6,4,29,4,1
68,6,28,3,6
43,6,34,3,6
99,7,27,3,3
35,4,23,3,13
26,5,26,5,4
9,2,29,3,1
27,5,27,5,1
11,2,30,4,1
52,5,27,6,1
52,4,28,2,1
25,4,35,4,1
26,3,28,2,7
31,5,25,6,1
76,6,37,5,1
97,14,34,4,7
49,3,24,4,1
82,10,37,6,1
39,5,34,3,7
54,7,35,5,1
2,1,28,4,1
65,6,30,5,1
82,9,37,5,1
37,6,26,4,5
84,5,31,3,1
61,8,31,6,1
79,6,27,3,3
87,5,38,4,1
95,6,40,4,1
5,3,23,6,2
58,7,33,3,2
42,4,27,6,1
34,3,26,4,1
67,4,30,3,1
19,4,29,3,5
42,3,29,3,2
71,4,34,4,1
65,4,27,2,3
31,3,28,4,1
39,5,28,4,4
63,6,27,3,7
14,2,29,2,1
16,3,32,4,1
16,1,21,2,5
41,6,25,4,5
66,4,35,4,1
80,5,37,1,2
9,1,26,2,2
55,6,38,6,1
1,1,28,2,1
70,7,35,3,6
16,1,28,3,1
56,4,34,3,1
14,4,33,5,2
47,3,29,4,1
82,5,39,3,1
55,4,28,4,1
8,2,28,4,1
89,7,31,5,1
60,6,38,3,1
5,4,27,4,5
27,3,28,5,1
72,8,30,4,1
28,2,23,3,1
4,3,28,4,1
57,5,31,5,1
55,7,35,5,3
1,3,30,3,2
75,9,33,5,5
56,6,29,4,2
14,4,28,4,6
84,9,37,4,3
52,6,38,3,2
48,6,29,3,2
58,6,35,3,1
19,4,27,6,1
35,4,28,5,2
33,5,26,5,3
38,4,29,4,2
81,5,25,5,1
64,6,32,6,1
56,4,35,4,1
68,7,39,4,3
78,9,35,5,1
42,5,29,4,2
37,6,32,5,2
20,4,26,3,2
74,5,36,3,1
14,3,32,5,1
16,2,28,4,1
96,8,39,6,1
8,1,28,2,1
83,7,34,3,1
52,4,31,5,1
50,5,33,6,1
10,4,31,5,1
29,5,34,4,2
0,2,19,4,3
14,2,26,2,5
15,2,26,3,3
89,7,36,6,1
16,4,31,6,1
83,10,34,5,1
18,4,30,3,2
74,5,25,2,5
4,1,26,2,5
0,3,30,3,5
15,5,31,5,2
91,8,33,4,1
44,6,28,5,3
49,6,30,7,1
77,5,30,3,1
60,6,32,6,1
94,8,27,3,4
18,4,34,6,1
97,8,39,5,1
12,3,23,4,2
70,4,31,4,1
66,7,27,4,4
90,8,42,6,1
50,5,34,3,1
10,2,21,4,1
90,9,41,4,2
13,3,29,2,9
2,4,28,5,1
1,4,23,4,13
14,3,24,3,2
10,4,33,4,2
44,4,36,3,1
99,9,42,3,2
15,2,28,4,1
19,1,26,3,1
10,1,28,2,1
44,5,25,3,3
80,9,33,6,1
86,6,28,3,2
55,7,34,4,1
98,9,29,5,1
48,4,28,4,1
11,4,26,6,1
72,5,37,5,1
88,8,28,7,1
40,5,37,4,3
1,3,26,3,3
97,11,32,4,4
29,5,24,6,2
73,9,34,4,1
27,5,33,4,4
82,5,32,2,3
61,7,37,4,3
92,6,37,4,1
64,5,34,2,4
64,4,31,2,1
69,5,25,4,1
28,5,31,3,6
79,7,32,4,1
4,3,30,4,3
1,2,31,5,1
70,9,37,6,2
0,1,31,3,1
4,4,24,4,4
94,5,32,2,1
76,6,31,5,1
40,6,23,4,2
30,3,28,4,1
52,3,33,2,2
24,2,22,4,1
76,8,28,6,1
30,5,25,5,1
31,5,29,6,1
32,5,34,5,1
66,8,35,5,1
72,6,36,5,1
14,2,26,3,2
8,3,34,3,2
54,7,30,4,6
29,4,31,4,1
49,3,27,3,1
38,6,28,4,3
15,3,28,3,4
36,4,30,4,1
23,3,28,5,1
86,6,39,3,1
96,9,39,4,1
92,5,26,2,2
27,4,31,5,1
19,2,31,1,2
90,8,33,4,1
90,6,35,5,1
95,7,30,2,2
2,3,22,5,4
13,4,34,4,2
49,3,32,2,1
26,4,23,4,3
82,6,28,4,1
69,4,25,2,3
42,3,29,4,1
73,7,27,4,7
91,9,31,5,1
65,5,35,5,1
36,4,31,6,1
49,5,32,5,1
32,5,35,4,1
95,9,39,4,1
83,8,28,6,1
17,3,25,5,1
35,4,32,3,2
42,6,28,5,2
15,1,30,2,1
2,2,23,4,1
65,4,27,4,1
7,3,21,5,2
60,6,31,6,1
63,4,28,2,1
30,3,31,2,1
86,5,33,4,1
58,6,26,5,1
7,4,34,3,10
43,3,34,4,1
82,9,30,6,1
16,3,26,5,1
45,4,31,5,1
25,3,21,4,1
73,6,28,5,1
21,2,21,3,3
95,8,32,5,1
49,4,24,4,2
34,2,32,2,2
17,2,28,3,1
28,6,23,4,11
96,9,35,4,1
13,2,27,2,2
86,7,28,5,1
32,4,35,3,1
79,8,27,7,1
59,8,32,5,2
74,5,34,2,2
48,3,32,1,4
94,8,35,5,1
60,6,31,4,1
46,4,32,4,2
65,6,35,3,1
61,5,32,2,6
47,5,36,2,3
0,2,19,3,5
84,9,38,6,1
55,5,30,4,1
74,4,28,2,3
3,3,30,3,2
72,7,33,4,1
85,5,27,4,1
81,6,33,5,1
64,7,30,4,2
75,5,31,5,1
8,1,22,2,5
55,7,28,5,3
8,4,27,6,2
87,8,38,3,2
4,1,28,1,5
42,4,23,5,1
12,3,34,4,1
35,6,35,3,5
78,5,38,5,1
63,5,35,5,1
34,5,26,3,3
99,6,36,4,1
82,5,31,2,2
65,8,26,6,1
19,4,34,4,1
89,5,34,5,1
10,4,22,4,6
13,4,31,3,2
76,6,29,5,1
20,3,28,5,1
41,5,29,5,2
9,3,19,3,13
39,5,25,3,3
15,1,28,4,1
14,2,26,4,1
40,6,30,6,1
31,3,28,4,2
94,5,39,4,1
25,2,26,2,2
32,5,31,5,1
55,3,26,2,4
17,4,35,3,2
0,3,31,4,1
82,6,38,5,1
71,4,24,1,4
25,3,29,4,1
32,2,31,1,2
10,2,25,5,1
99,6,31,5,1
57,3,27,2,1
84,8,29,3,4
75,7,37,5,1
96,7,30,4,1
74,7,37,4,1
26,4,26,4,2
30,2,30,2,2
9,1,28,3,1
38,5,34,4,2
87,10,29,6,2
70,8,36,5,1
94,12,39,6,1
12,4,34,4,1
77,9,28,5,4
52,7,31,6,2
30,2,26,2,2
86,10,41,5,1
56,5,25,4,1
58,4,32,2,4
56,7,26,4,2
64,7,36,4,2
50,5,29,6,1
4,4,22,6,1
36,5,30,5,1
89,8,37,4,1
30,4,28,4,1
88,8,29,5,2
16,4,29,3,3
10,2,30,1,2
52,4,24,5,1
11,1,28,4,1
22,5,24,4,9
16,4,23,3,17
91,11,43,5,1
93,9,31,5,1
56,4,30,4,1
4,2,24,3,4
86,9,27,7,1
10,2,18,2,3
6,1,17,4,1
60,4,35,5,1
17,4,23,3,14
16,3,31,4,1
6,2,19,4,2
98,9,29,5,1
13,1,24,4,1
66,5,25,5,1
71,8,36,5,2
24,4,25,6,1
26,2,28,2,1
59,5,30,2,6
37,3,28,3,1
93,12,42,4,2
90,7,31,3,1
8,2,23,3,2
85,7,38,5,1
11,3,27,5,1
1,2,29,3,1
43,3,24,3,1
23,5,30,7,1
97,7,33,5,1
99,13,29,8,1
21,4,27,4,2
25,2,24,2,1
86,5,27,4,1
61,6,30,4,3
95,8,29,3,5
96,10,41,7,1
3,4,29,6,1
60,7,27,4,3
52,5,31,3,2
26,3,28,4,1
79,7,35,5,1
76,5,25,5,1
60,4,31,3,1
9,4,30,5,2
7,2,31,3,1
65,8,28,4,5
22,2,32,3,1
71,4,28,5,1
13,4,23,3,6
34,2,29,4,1
17,2,32,2,2
71,8,32,4,4
90,7,34,3,1
97,8,30,4,1
21,3,26,2,1
38,4,33,3,1
92,6,33,4,1
88,6,33,4,1
40,5,32,4,1
99,8,41,4,1
91,7,31,3,2
61,6,26,3,3
73,5,28,3,1
69,5,28,5,1
19,5,23,4,7
75,4,34,2,1
3,3,23,3,3
56,7,27,5,2
82,5,30,1,2
63,8,35,5,1
54,4,29,3,1
56,4,36,1,1
50,4,32,4,1
55,6,28,4,2
84,7,29,5,1
80,7,40,4,1
81,7,38,4,1
99,6,38,4,1
54,6,33,3,2
60,5,30,4,2
90,7,29,4,3
78,10,28,4,14
28,3,23,4,1
85,6,28,4,1
49,5,30,3,7
43,3,31,3,1
54,6,28,6,1
36,5,25,4,4
67,8,37,6,1
48,4,25,2,3
79,9,32,5,2
30,2,26,3,1
68,7,29,6,1
79,6,33,2,1
42,4,31,5,1
52,3,33,1,2
38,5,29,5,2
47,5,33,3,1
43,4,33,5,1
10,3,30,4,2
94,7,41,5,1
36,3,29,2,1
4,0,19,3,2
1,1,31,3,1
10,3,29,2,5
94,9,30,5,3
10,5,22,7,2
52,5,34,5,1
64,8,31,7,1
49,4,35,3,1
17,2,31,0,4
5,3,24,2,3
33,5,27,3,4
83,9,32,4,2
35,4,29,5,1
15,1,22,4,1
41,3,22,3,4
90,9,28,3,3
63,7,32,5,2
92,6,36,4,1
62,5,38,5,1
80,8,28,6,1
92,8,37,3,3
5,4,24,6,1
48,3,24,4,1
99,6,38,3,1
71,7,27,6,1
12,4,34,5,1
69,6,28,5,3
72,5,36,1,1
93,8,38,6,1
64,5,27,5,1
69,5,28,2,2
70,8,31,5,1
70,4,28,3,1
59,4,36,5,1
15,3,25,4,2
9,2,25,2,3
21,2,30,3,1
28,2,30,2,1
25,2,30,2,1
10,1,30,3,1
19,4,26,3,3
79,5,31,5,1
69,8,33,6,1
84,5,37,3,1
87,10,27,7,1
51,7,26,6,1
97,6,33,3,1
47,5,32,6,1
92,8,29,4,2
47,4,24,5,1
8,1,32,1,3
38,5,27,5,1
54,6,34,4,2
14,2,33,3,2
44,3,24,2,2
90,9,33,7,1
70,8,40,6,1
73,4,29,3,1
57,4,33,3,1
40,6,29,5,1
28,3,28,4,1
54,6,29,3,1
69,7,30,4,1
77,7,26,4,2
85,8,36,5,1
35,6,23,4,4
68,5,29,5,1
39,5,26,4,4
27,2,23,4,1
13,1,19,2,4
24,3,28,5,1
12,4,26,3,4
87,7,36,4,2
20,1,31,1,1
55,6,36,4,1
20,4,31,3,3
86,7,27,3,4
25,4,29,2,2
71,5,25,3,2
85,6,29,3,1
60,7,36,4,1
9,3,28,3,2
10,3,27,4,2
71,6,34,5,1
16,3,29,4,3
92,7,38,4,1
35,2,28,1,2
48,3,29,2,1
89,8,33,6,1
72,5,27,3,2
20,5,31,4,3
71,6,30,4,1
67,7,28,5,1
9,4,23,3,4
9,2,32,1,7
18,3,28,2,3
16,2,22,3,1
25,3,31,3,1
81,6,38,5,1
59,4,27,5,1
76,4,28,3,1
74,8,26,6,2
14,3,34,2,6
77,6,35,2,1
63,6,29,3,3
54,5,35,4,1
34,3,24,2,4
46,6,31,7,1
76,6,26,5,1
49,3,33,1,1
16,2,26,2,4
21,4,23,3,3
77,5,35,5,1
51,5,27,3,2
67,8,30,5,3
77,7,37,4,3
92,12,41,6,1
50,5,27,4,1
0,1,26,1,7
39,6,29,6,1
27,6,32,5,3
82,9,35,7,1
79,4,33,3,1
62,8,28,6,1
20,4,28,4,4
35,3,27,5,1
73,5,30,5,1
34,2,21,2,6
64,4,34,3,2
20,4,24,4,3
62,4,24,5,1
70,5,28,5,1
66,6,38,5,1
89,6,37,4,1
70,4,30,3,1
26,3,28,3,1
42,5,30,4,3
46,5,28,5,1
36,3,22,3,3
69,4,27,2,2
23,2,27,2,1
31,2,28,3,2
84,5,33,4,1
52,4,31,5,1
24,3,34,2,1
60,4,30,2,4
76,8,29,5,1
55,5,30,4,2
83,8,28,5,2
79,8,37,6,1
24,3,34,2,2
12,1,20,2,2
86,6,27,3,1
33,4,29,3,1
39,5,31,5,1
6,2,29,4,1
66,8,36,4,4
97,7,28,4,1
67,6,28,3,3
10,3,26,4,1
70,7,36,5,1
14,4,24,6,1
44,5,27,3,3
64,4,35,1,3
35,4,27,5,1
91,10,34,5,1
10,3,23,4,2
68,4,27,2,1
71,7,30,5,1
36,6,31,7,1
17,2,22,3,1
47,4,24,3,4
12,3,28,5,1
90,11,33,4,1
40,4,33,3,1
53,6,32,5,1
70,7,31,5,1
54,5,29,4,2
8,4,32,4,1
65,4,30,4,1
84,8,38,6,1
51,6,25,4,9
63,7,36,4,3
89,10,42,7,1
73,5,32,2,6
96,5,39,2,1
61,4,29,2,1
66,6,25,3,7
37,6,36,3,3
35,4,24,4,2
91,7,30,3,2
13,2,27,4,1
6,1,32,2,2
8,4,31,3,6
2,4,31,4,3
74,9,29,6,1
72,7,29,3,1
21,5,31,6,1
70,7,37,4,1
74,7,29,4,1
99,9,32,6,1
53,3,23,2,2
19,4,27,3,7
96,7,27,4,2
97,12,33,5,2
80,7,38,6,1
52,7,33,4,2
62,8,34,6,1
20,4,27,3,3
76,6,26,4,1
54,4,31,4,1
12,2,31,4,1
10,2,28,3,1
97,7,33,5,1
4,0,26,2,1
95,9,31,6,1
17,3,30,3,5
39,2,25,4,1
43,5,35,5,1
8,3,27,3,2
3,2,29,3,4
3,3,29,4,2
82,6,33,2,1
90,8,35,4,1
86,7,35,6,1
89,7,30,2,3
83,7,33,2,2
86,7,31,3,5
32,3,22,4,2
51,6,30,5,1
27,4,32,4,1
94,8,34,6,1
91,10,38,6,1
99,8,32,4,1
59,5,27,5,1
85,9,38,5,1
6,4,24,4,3
46,4,26,4,2
28,5,35,3,1
86,7,28,4,3
27,5,31,6,1
5,4,25,3,4
62,7,31,5,1
56,4,31,4,1
86,8,31,5,2
33,2,34,4,1
26,3,30,4,2
21,5,28,5,1
17,4,30,5,2
27,5,34,5,2
72,5,34,4,1
96,10,36,6,1
96,5,34,4,1
38,6,28,3,9
52,6,35,4,1
40,4,32,2,6
99,10,33,6,1
90,8,28,3,5
55,7,27,4,4
74,6,33,3,1
94,8,33,3,1
60,7,32,7,1
46,7,25,6,1
10,5,32,5,1
36,6,35,4,6
98,8,32,5,1
43,5,27,4,3
72,6,27,2,3
3,2,27,3,1
86,8,31,6,1
99,6,29,2,3
68,5,31,3,1
76,4,33,4,1
37,3,33,2,2
79,5,37,2,1
32,3,21,3,2
29,5,32,3,9
51,7,34,4,2
71,7,28,4,2
25,4,23,4,3
63,6,38,5,1
90,11,32,5,2
98,7,31,4,1
66,4,26,3,1
71,4,35,4,1
0,3,30,3,4
36,2,24,2,1
9,3,27,4,1
76,4,32,2,1
58,4,29,5,1
58,6,29,3,6
43,6,27,4,3
62,6,31,5,1
86,6,29,4,1
72,8,34,5,2
2,2,24,4,1
90,6,38,2,1
11,2,21,2,2
84,9,32,4,1
20,1,33,2,1
69,6,31,5,1
51,7,35,3,3
48,5,32,4,3
23,4,22,3,2
32,3,32,5,1
36,3,27,3,2
49,5,36,4,1
36,2,32,3,1
88,5,36,3,1
69,7,30,6,1
87,7,40,4,1
33,6,33,6,1
27,2,32,4,1
61,4,24,5,1
17,5,22,7,1
24,3,21,4,2
9,4,25,3,11
50,6,34,4,3
55,4,27,5,1
75,7,38,6,1
83,7,37,3,1
36,6,36,7,1
95,9,30,6,1
15,4,25,4,2
69,7,39,6,1
78,5,34,3,1
17,4,23,3,21
73,8,38,6,1
75,6,27,4,1
23,5,28,4,4
24,4,33,4,1
94,6,36,2,2
26,4,34,5,2
39,2,33,1,1
1,1,29,3,1
14,2,29,3,2
82,6,31,4,1
39,6,25,5,2
66,4,36,3,1
33,2,29,1,3
10,3,26,3,3
99,9,32,4,1
96,5,31,5,1
23,3,34,2,3
69,8,30,4,2
12,1,30,2,1
27,3,27,4,1
78,7,32,4,1
32,6,35,7,1
19,5,25,6,1
15,4,29,4,2
0,3,31,3,4
9,1,32,3,1
78,8,27,5,1
10,3,23,5,2
16,2,33,4,1
24,3,24,3,3
81,7,26,4,1
98,10,33,6,1
1,1,26,1,8
20,5,35,4,6
98,7,32,3,1
63,7,29,4,5
59,5,37,5,1
22,3,28,2,7
3,2,29,4,1
8,4,31,5,1
83,9,34,4,3
67,5,33,2,1
32,6,26,6,2
98,8,40,3,1
30,4,34,3,1
49,5,26,3,2
69,6,33,4,2
8,4,30,4,5
85,5,36,5,1
51,5,32,3,2
94,6,38,5,1
62,7,31,4,2
57,8,31,5,2
21,3,32,3,1
82,6,35,6,1
94,9,32,6,1
83,7,36,3,2
5,2,29,1,7
86,9,27,7,1
88,5,35,3,1
68,4,30,2,1
0,3,23,3,15
65,7,31,4,2
44,6,30,6,1
95,8,36,5,1
56,5,26,5,1
23,3,25,5,1
48,3,35,1,1
73,6,30,4,1
57,6,33,5,2
48,3,31,2,1
75,5,28,3,1
35,4,33,2,5
41,6,26,6,3
84,6,27,3,1
1,4,25,5,2
12,2,20,5,1
15,4,32,4,1
77,10,36,5,2
17,4,28,3,8
60,8,36,4,6
47,6,28,5,1
12,3,29,3,4
5,4,27,5,2
73,9,37,6,1
76,4,36,2,1
56,4,28,2,2
41,6,26,6,2
78,7,32,5,1
20,4,26,4,3
29,4,33,2,1
97,8,29,3,6
33,6,32,3,2
74,4,32,3,1
73,6,30,3,2
79,8,28,5,3
58,3,29,4,1
83,9,42,4,1
29,3,32,3,1
10,3,33,3,3
20,4,22,4,3
86,7,28,4,1
2,2,23,2,6
10,5,24,7,2
55,7,29,5,3
34,2,27,3,2
78,5,29,5,1
80,5,26,4,1
80,5,31,1,2
44,3,28,3,1
69,6,29,5,1
88,6,30,4,1
86,6,31,4,1
99,10,41,7,1
25,2,30,2,1
3,4,31,5,3
58,8,30,5,1
68,4,32,2,2
73,7,29,5,2
17,5,33,6,1
71,8,39,7,1
43,3,31,4,1
93,5,33,2,1
68,7,28,4,2
29,4,31,3,2
59,6,25,3,2
96,5,32,3,1
98,6,36,4,1
8,1,29,2,1
44,6,29,4,3
27,4,22,4,2
49,4,33,4,1
4,2,23,5,1
57,4,24,1,5
86,9,34,3,2
65,8,29,4,3
42,2,33,2,1
28,2,31,5,1
47,3,35,0,1
43,3,24,2,1
11,3,34,5,1
52,5,29,5,1
27,3,31,3,2
25,4,26,4,1
99,9,32,5,1
18,3,21,4,2
27,2,30,0,2
60,7,34,6,1
2,4,32,3,5
67,5,31,3,1
19,4,32,6,1
9,4,34,3,2
94,10,31,4,3
44,3,23,2,3
56,5,35,4,1
12,3,26,3,1
14,1,31,1,1
32,3,32,3,1
23,4,26,2,7
68,7,26,7,1
88,7,29,5,1
66,8,40,4,2
65,5,26,4,1
55,3,31,4,1
62,4,28,3,1
82,7,30,4,2
51,5,25,3,4
49,6,34,4,1
42,6,32,4,3
55,5,28,4,1
91,8,41,3,1
99,8,40,5,1
95,8,31,6,1
6,2,30,3,3
80,7,40,5,1
58,6,27,5,1
7,4,23,5,1
22,2,30,1,2
28,4,24,5,1
66,4,33,2,1
54,5,29,3,2
12,5,26,4,5
51,7,30,6,1
13,2,24,4,1
62,6,27,3,8
80,5,30,3,2
96,5,41,5,1
