K:5
N:1000
Gap:0.300258500200659
Rho: 
1 0.8 0.45 0.2 -0.3
0.8 1 0.45 0.5 -0.1
0.45 0.45 1 0.1 -0.3
0.2 0.5 0.1 1 -0.5
-0.3 -0.1 -0.3 -0.5 1
X:
48,3,31,0.561120661592212,0.118231963133439
91,5,30,3.12974988209094,0.116877140244469
5,1,26,2.62408500566243,0.114016746388452
70,4,27,2.39953990266821,0.31060337111235
31,5,24,5.55100215177943,0.553780423911446
54,7,24,5.27676906715472,0.368338119683272
67,7,29,9.10344989455247,0.13286874035839
50,6,33,5.08123389397772,0.0817480972036719
18,3,24,0.455381506274031,1.54775699592176
87,7,30,9.7002176773714,0.00675592210609466
39,5,31,5.86453331828813,0.0717507514380877
15,5,23,8.44521117016993,0.149848747299984
65,5,23,6.16648162524769,0.0595331749645993
26,4,21,3.57623545791818,0.342782602867785
47,4,32,5.66278725441678,0.0340352503117174
66,4,27,4.36158995576101,0.185232654203403
24,5,27,4.60557064900492,0.671717886315817
21,5,27,5.42468453319761,0.56893831255489
2,0,22,-0.0346119962866442,0.398245060347848
11,5,29,4.67840730449392,0.51580847983942
96,9,34,4.65502292776818,0.377456177987062
87,10,35,4.71696613443962,0.248694120065073
16,4,34,4.96163610355347,0.191919434003069
1,4,32,4.34762278055132,0.161219089175574
36,5,30,5.915529757534,0.080187451094389
15,5,25,3.85180731446083,0.812481863382173
86,5,34,2.13435692608968,0.0627319932185142
57,6,34,4.21943678196875,0.0887583720032126
71,7,37,6.32671045088323,0.163641577586532
41,3,24,5.57089765665207,0.127275209524669
98,6,34,2.01536208000701,0.195207361819896
15,3,31,5.15499290483002,0.131004058742157
92,10,36,6.96084483849097,0.13465055252891
3,0,31,-4.24756628510362,0.416310119421637
4,3,24,6.48812046701427,0.0774560413556173
67,7,31,3.57818138790451,0.264672728244889
58,5,28,3.52617625750342,0.176913615804113
40,3,30,5.86679693444404,0.0173678875435144
23,4,23,8.30169053318806,0.123931572539732
21,5,22,11.5496140685288,0.298730990838933
43,5,36,3.26082275983616,0.15294328421397
94,6,33,2.46134842972756,0.0607813852191498
76,7,32,7.27883968814738,0.036580128595233
10,3,25,0.405239446510903,0.930159858360934
35,4,31,-0.0399031402201526,0.504575428997582
10,1,32,-2.06116819607464,0.190849172872233
49,5,37,5.38995591778144,0.0646229063068147
4,2,29,3.06813940518135,0.13654714229051
71,6,24,3.39079067254496,0.677540552305216
13,1,27,0.728022614397033,0.116329026641324
38,4,21,4.65658804653803,0.175836777839783
71,9,26,12.9517966421356,0.0827884809114039
8,3,26,1.92336781780382,0.828691702294064
84,5,27,3.83587829184924,0.185182132310214
46,4,23,7.83347108893803,0.0872403472894803
37,3,34,-2.21638084988814,0.328563336479196
24,3,33,2.5843495723129,0.261511930486861
57,5,28,1.65959119471644,0.277602367558259
21,4,29,1.66551131750484,0.357663877147033
64,4,25,6.098471022156,0.0292082645464689
95,10,36,10.2808629178013,0.0740192350931466
55,6,32,8.11293147548049,0.0552285426529124
67,4,35,4.32423659493614,0.0160661336267367
54,6,24,9.01457463241587,0.127148269210011
45,4,32,5.13002253379796,0.0589640841353685
39,6,31,7.64567852424703,0.35271475787968
95,8,34,6.34866253526796,0.0420189051020908
66,8,37,8.40107112240123,0.175442503289062
12,2,19,1.89929585803778,0.552302161665791
60,8,27,6.00715102150073,0.466037477811283
48,5,31,8.66331476212944,0.0370903806760907
59,5,31,1.03152235553359,0.215133078618649
86,10,29,5.26058232405419,0.299157491176131
90,7,31,1.48961772122161,0.412388410398221
93,8,32,5.96320331038659,0.138031742884777
5,2,29,5.62282597418576,0.0429109750882666
81,6,35,6.41507637245258,0.0795726899523288
8,1,17,-1.95806748804885,0.454969157909459
62,5,33,2.89793030708547,0.25087201896936
33,3,22,6.87659354884687,0.0128818481462076
97,8,42,10.033300792289,0.0149133465019986
91,10,30,7.68398872080097,0.358445449245578
33,6,36,6.95792877598191,0.263811084664169
70,6,26,5.4923624911425,0.0799667559969491
18,4,22,5.93122268706752,0.296283636231649
15,3,23,6.37893892755925,0.130280566782652
70,7,32,4.49716119957463,0.489399262217289
24,5,28,5.50105582335351,0.494587205795056
20,4,23,3.70182488584981,0.326631671971384
22,3,32,7.68396757428544,0.091204097145237
70,6,26,9.11807473041465,0.0135296233929694
62,8,39,8.57013462613004,0.0890076884783734
65,6,34,5.83272258100435,0.0316528264665976
37,4,24,7.00377771767754,0.0456174183636904
40,4,32,8.33047697691037,0.039969694102183
2,4,25,3.86556948096335,0.943184284279993
30,3,23,1.92195256967542,0.426608091237926
9,2,19,6.67106173039641,0.140914751746865
51,7,33,9.79376170672258,0.045116264932303
15,3,33,5.65819471551363,0.127687545493245
61,4,26,4.34120451982782,0.067669336861003
61,7,30,8.93215148316828,0.0836691163713112
65,4,32,1.1052406287613,0.101363236317411
53,4,22,5.10722706629145,0.279124401266429
43,6,28,4.04539141833568,0.550018636012608
14,5,32,6.19324267025044,0.360936955062157
59,8,37,4.96750872550671,0.254526689638126
89,8,34,8.07308603804436,0.107125252769813
10,2,31,4.32530092989883,0.0272142012157143
47,7,30,7.92618947298193,0.109812645823695
1,2,31,0.647335570043381,0.6524946312105
48,6,29,3.61681174093266,0.541841641502613
30,5,29,9.6961988961857,0.0662805628962815
39,5,31,3.61137889401608,0.174750596156104
50,6,26,5.98439127868687,0.100161558599211
99,7,32,1.72977338142617,0.241987304984334
15,4,25,6.45869143739018,0.299657376698033
58,7,32,5.37688527693384,0.566265468661408
85,6,25,6.67500377312025,0.123400246840902
38,4,35,3.36031455890506,0.0969115073094144
44,3,32,0.0337369127909319,0.072804473573342
10,2,31,-0.114349633966252,0.337335078500885
51,4,35,6.68831793315124,0.0360344313318233
13,4,27,1.7263476279967,1.02298820525745
47,7,32,5.68680766576063,0.392717514631754
97,12,33,5.76519121096742,0.167362341657281
70,8,26,10.6510546795294,0.164895074325614
34,5,32,6.39587090775827,0.175124215650114
78,7,34,5.3835578621951,0.198898674549946
5,1,30,-2.80280493537811,0.992966116819173
11,1,20,-1.58370691725595,0.372952014652497
22,4,27,4.09465178037453,0.512890966588116
9,4,27,4.01873855607666,0.652426797861073
29,4,26,8.05016851472334,0.118419042788446
57,5,35,3.30430692859206,0.149321780190803
34,5,27,9.54362845026683,0.0335515688639134
14,2,23,1.4202607226823,0.188944644749838
68,4,26,-0.333604962785822,0.248032132618803
72,9,36,5.45344405762201,0.391269132972891
6,1,23,-1.14632794904492,0.807394657242012
82,8,34,11.2927583113784,0.0150270619096828
27,3,31,-1.88824426778548,0.359040956156443
72,8,27,10.4224983091555,0.0561747764004394
79,5,36,5.24921859710379,0.0267222649446209
60,7,33,6.15971919981012,0.120172530296259
78,5,31,5.61875312704914,0.0317239897558466
38,3,33,4.08324074217038,0.0113569381393955
88,6,31,6.2804944448128,0.0149905636805192
57,7,37,11.7824961431015,0.0415134960785508
98,11,33,6.19942376681423,0.174777991978192
95,6,27,4.10590857918968,0.228066702364805
99,6,38,1.73842697662123,0.0533180260150712
55,4,33,6.78234551161488,0.0487816663226113
88,6,26,4.23771406080323,0.0776789811717343
10,2,19,3.60885490978431,0.374325964787986
96,9,35,3.0831291657126,0.318920172282678
55,3,22,4.98712804974188,0.037605264224112
41,4,26,7.46038847276516,0.089594426099211
77,5,34,3.53349142450484,0.0213744500936492
26,4,25,0.938035441887553,0.542477170365273
46,5,33,2.17640244545997,0.484331110005683
78,7,30,6.75055553756076,0.0357921207657164
25,4,34,2.28645064993233,0.25994260719962
0,2,25,1.90985162755313,0.256618052943352
13,2,28,-0.94676507588605,0.300562090928409
95,9,42,8.31527405240542,0.0313710668903825
2,2,28,5.02211430601787,0.0791217318577845
82,8,27,5.11988336438003,0.341054476321417
77,6,31,8.50944735027404,0.0155140680027889
41,6,34,8.78475858291409,0.0435041291639209
86,5,38,5.58629535486401,0.0151184574933723
84,9,36,5.55273585670251,0.145128014613874
94,6,35,1.29694084550624,0.188748867240477
68,7,33,7.36419070426142,0.117132471408695
71,8,31,9.11782615089373,0.0453007788164541
90,8,28,10.1023401679976,0.0700299220262511
5,1,29,-2.59478566336152,0.45541470076651
28,4,27,8.07493380533504,0.139809781801887
24,3,28,6.46658079088983,0.014998146565631
50,4,32,2.85704054977067,0.0967420399935315
89,6,32,8.41624050940238,0.0115791927950301
38,4,26,4.92907028829707,0.263800730219784
95,6,35,4.41537912908192,0.0356168061261997
98,7,29,9.68525373412488,0.00153703091915528
55,7,25,4.24052753169628,1.03739533335307
1,1,30,1.45083466929029,0.39863487202223
70,7,34,9.83134023406257,0.0480410327436402
30,4,33,4.88301095264032,0.0983709494007656
26,2,27,3.05285020388909,0.0509519414044917
65,4,32,6.45078185544094,0.0210441416442229
35,3,32,2.50063230092693,0.378273304996497
26,5,30,2.9856342075229,0.343670597522262
38,3,30,4.85067828399462,0.0356091376161203
81,6,31,2.75138847808289,0.296077662158553
97,11,36,11.534669862319,0.0147304764250293
74,5,26,2.58031368818181,0.214129808532021
46,7,36,11.8297835684093,0.0785622771363705
54,7,34,6.91635318538887,0.291620889435265
99,7,38,2.24768331114481,0.135494475136511
7,1,17,3.91466281150319,0.246466258102586
19,4,27,7.59464084608074,0.0368227893295346
57,5,29,0.795842024448072,0.631473924787251
50,5,35,6.84299022583951,0.0508222753414884
53,3,32,6.12335943038874,0.00451779365539551
0,1,20,3.36529333052437,0.20493824033879
59,5,34,1.6218674504601,0.19861732570193
80,9,29,6.1054742302774,0.642103633346194
28,4,22,2.65380567740537,0.584985224964255
91,6,29,1.47382575463606,0.339867804887447
1,3,29,4.31985173301757,0.453511014559722
80,5,30,6.22575063986207,0.0181654957123101
66,7,30,8.63071226148247,0.104058810363504
59,6,25,7.08037499895323,0.232314388722855
47,4,35,4.40619287903632,0.151640486903489
49,7,28,8.1557266012027,0.245629368579576
84,9,27,3.68079902901125,0.407801005872539
40,5,27,3.60813611701088,0.53376707943731
90,5,32,6.27138722572055,0.0132354904392147
72,9,33,8.63637232376542,0.121584820352311
91,7,36,9.1246591792873,0.0393317382549867
84,5,31,2.22353792699019,0.119770869263448
90,6,28,8.69303644124506,0.021933685255108
14,2,27,5.15069805886091,0.0285410097567365
82,10,38,7.57060170532605,0.0728804901009426
55,5,29,3.29851452507974,0.321709958825934
13,4,31,2.0549639839614,0.938343537453205
86,9,30,4.68360549700524,0.249787503610107
24,3,31,2.74101737488464,0.0510249750223011
98,7,38,6.79385310625054,0.0458760939072818
38,3,31,3.57098127084118,0.13999661966227
62,7,29,4.21760210817721,0.726460499646974
37,5,28,9.81742884885963,0.110305522335693
20,3,32,2.27771081533369,0.518698295091695
45,6,29,11.5833745728821,0.0214438034669216
96,7,39,2.87457446818166,0.0455273713450879
71,7,36,6.16846361850409,0.0442007947713137
5,4,29,5.3123249549307,0.599781930880779
86,9,34,5.60228618351313,0.445444293764836
20,3,32,1.26720809914005,0.33907428033531
86,6,26,3.43719612087061,0.199970636763685
31,2,29,3.921480755725,0.125003351713531
97,9,42,2.5955536769081,0.525355028422707
25,2,30,3.22380316654869,0.0289407989475876
9,4,22,7.79953446324742,0.498156751950687
51,4,25,8.18981694769624,0.00494428727101688
22,4,32,7.60320942428421,0.00690760820290552
85,6,31,3.9759438793469,0.239502367785874
11,2,30,3.09344492674332,0.107399001019076
76,5,36,5.23793884034429,0.00283820426557213
12,2,23,-1.16595066233645,0.78744843411715
32,4,35,4.27815072383817,0.0619961675256491
21,3,22,3.20644870282118,0.119949965388514
20,4,31,6.57148440812965,0.21587393292107
2,2,17,3.26583720219385,0.683640422733659
59,5,34,6.27611983726309,0.0468190726222968
71,7,31,5.53233183576216,0.205931042310524
66,6,33,10.2689239441392,0.0287700636104866
99,6,38,-0.301055216812181,0.318808822882104
46,3,27,5.76055647593874,0.045811458196279
87,8,39,5.04072884267725,0.268060092105272
67,6,35,3.64492026076084,0.0738062300952151
11,3,24,1.85865231399517,0.79110686598432
71,7,30,3.68958840335916,0.266976539500731
76,5,30,2.90117279381391,0.0807833895087242
95,9,31,6.37272840700204,0.273805100879829
75,6,32,1.76745485078733,0.127933797426522
70,5,28,3.15028082865363,0.164489164133556
94,7,30,6.34882875012806,0.0279269342628767
58,7,29,11.7866971601488,0.0582877303556048
36,4,22,2.89739537920001,0.306723925485915
66,6,32,8.64818135308628,0.0648888826835901
98,7,37,4.79737902740171,0.0503825021442026
84,6,29,6.61797763815517,0.0248848871560767
8,5,24,10.652117242591,0.0891474720556289
97,13,28,8.1720367885824,0.45971486668796
69,7,27,9.14845090830097,0.0429886834463105
28,5,22,6.45683066305279,0.440605329328632
44,5,30,8.03356528824163,0.177548827576006
87,9,32,8.37091078013906,0.19403975114256
35,6,30,3.92852006618933,0.58934805560934
70,6,37,7.1657105044933,0.0332694618264213
18,4,25,6.58201340547319,0.411046890804589
3,3,30,7.85670210955113,0.0680073837283999
95,6,31,6.30754600600892,0.0121565762674436
18,3,25,5.01449190074675,0.109264079581428
75,6,34,5.37219801812652,0.00954718596767634
92,11,45,11.3289240755078,0.0413673438597471
40,6,28,8.81299798111563,0.0732141769258305
37,3,22,4.768303113108,0.0757004712941125
3,2,29,6.33569411930068,0.0527224298428139
91,9,27,6.77749684836281,0.12544316414278
7,4,28,4.62087446456923,0.941036847490042
18,3,32,6.40718574493061,0.0820481121180322
37,6,26,7.13170378590961,0.2695833285784
12,3,27,7.55146815073687,0.0919323970630788
15,5,23,6.68293762500023,0.566889207630411
47,4,30,0.472423830625374,0.485159582437432
73,9,26,8.5677278353815,0.475906504762775
23,3,21,6.86158974230796,0.221206546983424
72,9,32,5.66174433568372,0.38903908378759
75,5,32,4.18761685843699,0.0839769156882539
93,8,33,4.13256474834278,0.171731115551665
70,6,35,7.39084164341585,0.0136470206216544
61,4,33,5.93401822745642,0.00397101758100356
21,2,21,-1.69908327099615,0.997845554709313
88,8,40,4.26487460127456,0.128460537490153
88,5,32,5.2834808164631,0.00747760350350291
72,7,30,9.88760956582289,0.0290490498300642
5,3,20,5.55851023060191,0.613999157646829
55,6,28,11.6052133949311,0.0187609314452857
40,4,28,6.19791898742693,0.13269496592693
53,5,32,7.23952598670223,0.0335144185228273
76,4,32,-0.279787282642369,0.337635860767889
9,2,24,-0.634664323001503,0.712203532950147
66,4,29,-1.3832906802587,0.170114264823496
63,5,31,0.25884241491893,0.59252699135446
90,8,30,9.06479171241919,0.00855705281719565
39,3,28,2.3428168152592,0.108350806636736
84,6,33,2.67961391000122,0.183743042824787
96,6,36,5.38605598579237,0.048527774125512
23,4,22,1.82597080523116,0.411753687986589
32,5,24,6.8505110071044,0.229274266621771
78,9,34,10.1573345352305,0.0249398846031292
97,10,35,11.0665198312847,0.0592192392796278
19,3,33,3.13876286103728,0.164356649620458
24,3,24,0.776678324304048,0.198663291191352
55,4,34,5.08051206319255,0.0175563943339512
58,7,29,5.50768754176477,0.475536384598768
22,5,28,8.88267577914557,0.164027507184073
68,6,29,3.58043269279886,0.656809138568276
78,5,26,2.89412726796844,0.0947182809468359
54,7,37,5.92568500978519,0.31854503856853
98,8,34,5.58683245745961,0.117172689293511
22,5,30,9.40939895919098,0.15108175156638
31,3,21,-0.632045929060682,0.501795738448805
56,4,26,0.670152684247963,0.375767737878922
10,1,26,1.65040064312928,0.158113175188191
37,6,31,5.82316120687438,0.20647785415754
17,5,33,7.39062348851476,0.24771108290993
40,3,31,3.4075804232845,0.0843010166427121
51,3,27,0.361570152061264,0.389464937130413
73,5,29,6.59482127070513,0.0858467527288732
82,5,35,6.59280779832327,0.000990083091892302
28,5,33,7.18143755455963,0.141085714916699
70,5,37,4.22224159540938,0.0206350948428735
45,6,31,9.07606986521409,0.280110705400559
12,3,26,6.22041523047369,0.384570628895216
92,8,38,3.15574365906418,0.289589522628787
3,3,23,4.33419053058011,0.775851048633396
36,3,24,0.579213602943264,0.19312616692737
98,7,33,5.15994506745156,0.145156031474471
75,6,38,1.72167001425881,0.22356083219752
85,8,27,5.1773837745914,0.430280923822379
44,4,29,5.93095653747504,0.04341632546857
25,4,22,7.88369091449494,0.226035164192992
19,2,27,6.16368407866869,0.0430813927669078
18,2,19,2.65200121484634,0.182434639448544
68,7,38,6.612160242289,0.0928074028342962
53,6,35,9.37922730132334,0.0215733107179403
82,9,28,14.9758995726728,0.104962533456273
25,3,26,7.4811047949315,0.161865544272587
71,6,39,9.65563909181829,0.011329070199281
46,7,28,6.71015694436757,0.435412189902222
7,4,25,4.97577066300249,0.357860673197961
9,1,25,1.3017790916145,0.23101823360956
68,5,28,7.31107628870048,0.103860329953022
57,6,29,5.15418224060341,0.533018077226514
29,5,32,9.39690016481024,0.0307530499994755
77,9,36,10.9319241062134,0.0368680424289778
51,7,28,7.94421913519147,0.0919736701762304
35,3,28,5.14421584752935,0.0306407231712752
91,7,30,6.3238343632935,0.0995242778444663
46,4,27,6.03425858685417,0.0113151475015826
10,5,24,4.14254983469466,0.869649806473047
27,5,23,5.98697516499458,0.404297868218363
64,6,34,4.89581937603666,0.320411555458534
26,3,21,3.05442792755432,0.29161452850208
54,6,36,5.28414719089101,0.231893674957018
58,5,24,5.28742485024424,0.0874495675088838
1,3,27,2.5831651210805,0.184327202372927
44,3,29,2.57993885880059,0.0947650148300454
88,5,37,4.19648218918918,0.0127027238486335
71,6,25,5.03863351855674,0.0909545532194898
3,3,33,7.69077259092244,0.114589761476964
29,4,24,4.93527396649764,0.178439053696322
45,3,31,0.143186998616599,0.229171847336039
84,6,32,2.89847514777541,0.173713848217133
62,4,29,1.36605432038291,0.166154434205964
95,12,32,12.9811870450997,0.0706305847270414
72,4,26,-0.571130543862747,0.229951836391094
23,4,33,1.26852838280675,0.815586151513171
30,3,31,7.26279427039491,0.0351225500155131
61,4,34,5.11968166609804,0.0202016181796438
26,2,32,2.94215453830139,0.133388475514948
37,4,30,7.53465505403295,0.037193499166564
35,3,25,3.40210383139884,0.166777274571359
53,4,25,0.555512914418465,0.468060938154763
33,4,24,0.862474958559302,0.694039891248161
47,4,34,0.720625774557734,0.128112200137211
88,10,27,10.4446439398328,0.0766793842194602
11,1,25,3.45486084926825,0.138948675128631
1,3,23,4.97528650239491,0.274409033813256
64,4,36,5.37529272620917,0.0203223575372249
2,3,28,6.21838703348008,0.0990776079706848
4,3,30,3.10825314839294,0.188179248617469
75,5,38,3.80496031665433,0.0494516707258299
99,8,34,8.19980003275743,0.0287852896846575
74,7,28,8.82676898805572,0.0235137742711231
9,4,23,3.22432298820382,0.783506695139122
12,2,25,-0.491680681864199,0.767251774626684
18,2,23,-1.1554688611025,0.287623170985583
82,8,31,10.8409142605444,0.00489995726634796
77,6,26,5.78830305073684,0.0863619165872675
11,4,22,5.00290352610613,0.464679987614459
90,6,32,4.29806410858035,0.120536980568431
99,9,45,3.41427474610761,0.272610625008795
29,3,30,3.03524302738964,0.146313926205039
17,3,33,7.33955318287036,0.0061759205023346
82,7,27,8.86249394295265,0.0289778222614345
28,3,24,5.01009668981686,0.0989036512328312
89,7,27,5.43680285285307,0.182495818695727
24,3,28,6.6275541245302,0.0352061371086165
93,6,29,3.50658656435612,0.322564905370044
28,5,30,9.00072413999229,0.0450209486298263
92,9,35,10.6750335252232,0.0850503882393241
37,6,37,3.42317297953947,0.534140661049764
21,3,32,2.24796961635769,0.10767330462113
6,4,24,4.02247163711888,0.802553532603097
2,3,31,2.07041503889187,0.651690457450384
24,2,28,4.1551965833459,0.080012240447104
13,5,30,5.00025628831001,0.770077384966326
44,5,23,8.66892832203371,0.156726767541841
4,3,22,3.12641387975873,0.207298660007907
41,6,28,6.46905008338227,0.518113341627127
63,5,27,5.80707888653687,0.121524225795524
21,5,23,10.712074813772,0.0916200777282938
0,1,18,5.96192748577204,0.114044606219977
53,6,35,8.54489307462905,0.0504718589873217
6,2,30,0.772794415753669,0.449469841995692
90,8,29,5.72739666631001,0.323619923543859
63,4,35,5.21540028987408,0.0686417249962687
78,4,28,5.33672683506301,0.0648082359482622
84,5,25,0.709162497817275,0.200774331100959
12,5,22,7.91739138748614,0.208665564412925
59,4,31,1.60025143987714,0.0662524393898755
64,7,32,7.9245714449552,0.050143395550549
91,8,35,8.71672985147675,0.102777443709783
32,3,25,5.49653985184863,0.036918660858646
53,6,36,8.70008907939707,0.0260365104966377
57,5,34,5.32214808990904,0.107454309007153
69,7,28,9.68064190448979,0.0401673887741397
90,7,30,2.26038737944402,0.139192276983522
26,5,31,2.66233050754428,0.455093828008926
67,5,29,6.05773253578138,0.0293744738446549
23,5,24,6.04126033859187,0.683086704896921
59,5,29,1.82093170193113,0.889314185571277
9,3,33,1.52310186580117,0.400522038785225
42,5,31,2.39353625724841,0.169147423584945
68,6,30,3.60771606154158,0.124676164006814
88,6,35,2.61831149258141,0.131089332027949
76,5,33,5.12310725019418,0.079782119486481
2,2,22,6.91346836664545,0.0428498010151088
25,5,23,9.3092612418492,0.201115145854969
83,7,30,9.63573037981534,0.0109523117635119
59,7,30,6.92124887805389,0.461001315598792
16,4,28,2.16391922492884,1.78370499134737
9,3,25,7.38940211900675,0.203371708000769
96,12,37,4.72533553109476,0.254100583483207
94,7,27,2.38196432072323,0.294276572287756
75,8,28,8.06688371712345,0.0635636314982548
78,8,42,6.58436483923469,0.170309788663872
41,7,27,10.1810310290582,0.0963354175910354
2,2,32,3.47708427148784,0.319121282304379
36,3,35,1.74584266302472,0.0774352765874937
54,6,24,10.3476526309612,0.0828201688127592
2,3,32,6.94354088756265,0.0432548238895833
10,4,24,5.3625023869857,0.571402404908785
24,5,23,8.96439466535544,0.255419248704541
44,4,31,0.80537219534331,0.203770806425276
40,5,33,3.5070830621596,0.16500286757946
71,9,28,8.29341332745578,0.145568350562826
6,3,28,5.70832384351861,0.189348452015522
70,7,30,3.8164957762568,0.238819353039119
10,4,33,3.48105740677621,0.428770426639772
45,4,33,1.23013131935099,0.343526847417209
20,2,33,-0.970162040328039,0.617892737003201
88,10,29,11.0914190148395,0.23984313289516
46,5,25,4.005590746239,0.244010902232233
29,4,26,7.92094191776669,0.0418148048920557
67,6,26,7.35835731720947,0.0833568281959742
30,4,29,4.95204553447352,0.134117912292471
68,9,27,7.31647963951368,0.405402315759516
56,6,33,8.28098265804788,0.0968113799314273
65,4,26,4.18561024700352,0.141752286232077
21,3,33,2.84226201014851,0.156604239833541
38,4,29,1.19015634469128,0.759526992174697
10,2,21,3.95153562758877,0.302687129228118
77,6,32,7.19844553217041,0.0380121287621367
50,6,30,9.31569688614183,0.0391339409029724
43,6,33,4.99352936780397,0.120734810130671
78,7,39,5.62769719184366,0.0995188255265149
78,9,39,12.6424073427568,0.0153067277278751
62,5,33,5.83367009920118,0.00531848732030336
99,8,41,5.01100863780182,0.17218577733729
82,10,30,9.33133971750333,0.322223741550672
39,3,35,1.83200960650608,0.23972402066393
7,5,22,3.41736243435634,2.1937800750192
36,3,28,-0.236986048689619,0.480800732483572
34,4,23,7.70771000501441,0.150126320193522
4,1,30,1.61750303958166,0.29045167354748
85,8,40,7.25514206213487,0.0276579967978223
92,9,32,6.01003083492144,0.146953812800348
87,9,31,9.52687988519245,0.02842823183164
3,3,33,3.255302665783,0.193095471848061
2,0,20,-4.12696114960706,1.279199820404
77,6,30,2.96701995774924,0.0866999216515043
13,2,27,4.96948980608048,0.11110669944901
69,5,35,5.97347148126983,0.0196329065365717
6,1,29,-0.113440218996248,0.153725900221616
92,7,34,7.66185430828374,0.0101094791898504
93,10,38,8.40782388297473,0.0845349165130623
46,6,30,7.84673592809836,0.198719082459818
67,6,35,2.02889386871942,0.158222269383259
1,4,23,3.59060077186235,0.973109272868367
50,4,33,2.85525798689854,0.195744463791421
1,3,21,5.92543119508633,0.370197161338151
26,3,22,2.34474554482027,0.197611750588544
58,3,30,5.42066115744703,0.00596640515141189
7,2,28,2.83807611680193,0.24017335856076
15,3,28,3.90826221341586,0.143299840856344
70,5,33,8.15863929861018,0.00837862554938287
2,3,21,4.83249090711562,0.341559747689146
98,10,30,11.7694375660595,0.0821644004900008
64,7,38,3.82023527087518,0.153370979358442
95,6,29,2.17392906023799,0.137624562995009
21,2,30,0.856727878181429,0.070379062788561
98,6,36,4.22813176103187,0.103247764054686
97,9,33,11.7996562473058,0.0396041877102107
49,6,25,5.53233738522355,0.934931506772813
32,5,34,2.91335777549033,0.510567750295109
63,7,26,11.3170853025021,0.0942975812358782
30,3,27,2.04545912819003,0.439088415799147
98,7,32,7.77733931199917,0.00761875111475392
0,3,27,8.84198781734655,0.0528138785198833
52,5,35,4.37229195076115,0.182439316492741
17,1,31,3.07022142042721,0.132733482639282
22,4,23,6.70854459359116,0.11190033168532
30,6,26,6.40217813315979,0.785880129742336
62,6,26,7.99919022911731,0.10319995530881
28,6,23,4.88492086871769,0.396281996720886
51,6,29,6.55113823936988,0.316559873045164
1,2,22,3.92405258912935,0.144812741084024
71,5,31,3.77507969237783,0.117309343905621
27,4,29,5.50882582654562,0.303111289151687
62,7,38,7.14245809105352,0.113674841006286
55,6,32,4.52100800622251,0.539276736291283
46,5,30,4.47139324363336,0.259625620551388
67,7,34,11.0715525288796,0.0459574549458921
60,6,28,3.21070230800609,0.309832287941802
15,3,26,5.85825070511772,0.184899257718328
78,7,26,5.72946421586122,0.116056115715764
9,3,30,4.8653351651162,0.184459044904825
70,4,24,5.26518773104506,0.0356108678532484
97,6,34,2.91568245938799,0.237051109074357
40,4,35,3.91385085696964,0.0747708013514057
80,6,31,2.51641484746836,0.515145562102503
3,3,33,2.55117016431902,0.39261538859219
39,6,25,6.14511224913485,0.48058556015009
66,5,30,5.91473355675207,0.113302761188406
29,4,24,2.98547866372623,0.56863772353732
88,6,28,1.39186494363404,0.639343597429031
46,6,33,5.68098292814252,0.110236868145876
11,4,32,5.50225260990282,0.170934754307382
97,11,37,12.5572462121403,0.00174449015890444
46,3,35,-0.771254481852907,0.424094481838352
21,2,31,-3.56160310410957,0.60335568009519
23,4,31,6.72158644161814,0.14386402699165
15,4,25,1.86926587402957,0.943874532397439
9,3,27,2.12428383783948,0.241347572866075
54,6,34,4.79821557183415,0.172825059271418
66,8,31,10.0658628855288,0.0375144791476094
48,4,34,6.60343791672793,0.01143161021173
35,3,34,4.34157270700144,0.0522615204099566
4,2,25,-0.305056258620501,1.26752428377146
22,3,34,2.99008021564291,0.0919675249606371
6,0,24,-3.43470575513416,0.817242961334896
82,5,27,5.36759874785998,0.173516402739149
80,9,41,10.2311523675227,0.0789611069284726
92,8,26,9.31558265815167,0.0875876654172316
13,3,21,4.92670207625725,0.199574958106488
30,3,22,0.910422241372206,0.821478102314186
0,4,25,3.79964773417728,0.769163457634759
2,2,19,6.21481932911651,0.103277946938761
78,10,36,9.76402239243778,0.0592770617356544
82,8,27,6.58467165608155,0.113437877542393
96,8,29,5.71141020293566,0.0801359337056056
70,7,35,3.44097523439892,0.538666061321552
82,6,25,8.61304830555961,0.0290992519206984
85,8,42,5.34149359328732,0.102188042597845
72,9,28,10.0782582132579,0.0455370791023597
7,1,27,-0.230348838103316,0.247558303864133
93,6,41,3.94613793862824,0.1349784177728
60,8,28,5.28396088469889,0.510728670263147
62,6,28,2.67541417335978,0.318551584136415
77,8,26,4.92226791881279,0.822413902687741
59,5,25,3.08109092916059,0.533880575440169
46,6,34,7.98004193356043,0.0254469601204619
90,7,37,5.60955859166756,0.0216521099826678
62,4,31,5.34141929370978,0.0970565314139523
4,3,28,1.4848349274344,0.895990801456958
60,4,27,5.99921127064161,0.0708308202332226
61,7,27,5.41072966135288,0.221044235153797
0,0,25,2.66742724245793,0.236442023179236
60,4,28,3.02383092495756,0.0864010440418497
46,5,29,3.94515366971014,0.229971978570077
35,6,34,9.15450049142164,0.0450598796596751
70,4,23,-0.547802749294738,0.483312895966178
58,4,32,-1.88277362173081,0.231037341280583
13,4,22,4.32032292288562,0.367682727514936
38,5,24,8.88386430834745,0.239164266606443
86,6,29,3.31734573133917,0.151293689385056
87,7,39,9.20979785280017,0.000530656663118283
48,6,28,4.56813468251679,0.530188630883508
94,6,31,6.03004327080185,0.00424940523225814
15,2,21,-2.12345525119524,0.906910312490415
28,6,32,4.17570444820579,0.453341570196158
51,4,28,3.27143896856394,0.10593054164201
96,5,31,0.981945359457289,0.125019958708435
37,4,34,5.90490936335035,0.0410497775301337
58,8,29,7.09884880179383,0.25451157054745
87,8,31,10.4977003751266,0.0141871882369742
26,3,23,-0.954911340595889,0.392470677362239
45,5,32,1.753883648093,0.517726379891342
38,4,25,3.59033402152943,0.0828264839947224
54,6,29,10.1883303449191,0.0400751990964636
50,6,30,7.55694445395722,0.153051685425453
3,2,31,-0.348047651482871,0.446784868349737
71,5,30,4.91537841198258,0.139429918373935
2,2,30,-0.576634237045536,0.315801717330444
66,4,35,6.20807238761548,0.0158942894777283
60,7,30,7.42776334483366,0.323552715115923
60,6,27,6.49331492131775,0.108024296967146
49,4,24,3.82064078811341,0.0988617723342031
61,4,29,3.96930601693474,0.182642454736608
67,7,28,3.04884582469,0.91615514591673
5,3,30,7.20584641923885,0.0517029449993847
25,4,29,5.17362080551285,0.343648873724717
65,6,29,5.29465323264304,0.123610580805689
90,5,32,-0.770432018283374,0.489433407762504
1,1,24,-3.28786409925953,0.453955629353827
60,6,30,4.27688939367235,0.378009757471687
17,3,21,-0.000331937345764644,0.489838772432363
44,4,35,4.63116190107507,0.109456531703472
9,1,18,-0.258263126687659,0.5358424481353
90,6,33,7.90413546695031,0.00496056512929499
83,5,34,1.79952065223762,0.178643958148419
82,9,29,10.5302690847142,0.0956985840982873
88,8,38,11.1190954132324,0.00238689256366342
95,7,38,5.26952415812036,0.00668310944456607
75,8,30,6.72080992085955,0.248429533549327
20,3,30,6.54884355737709,0.0394881846150383
31,4,34,2.20757669565759,0.119496240477117
55,6,32,2.19123943128052,0.396297751904881
36,3,31,2.83760834014704,0.0737530691353622
59,8,39,4.14501017564064,0.217133414688262
15,4,28,2.72277231680625,1.00595134631136
80,5,27,-0.373078251936347,0.525261635426235
17,3,29,0.607036279115439,0.366850986590093
20,3,32,4.40202198873673,0.231561392302367
22,4,28,8.25865633567323,0.0298820561729372
93,8,34,4.87255564776102,0.152383738197386
74,5,27,3.17890302685313,0.0866358106723055
16,3,26,5.25873604297359,0.048905577743426
64,6,30,10.5773141239144,0.0256678721634671
87,9,27,7.79025714071561,0.433180964530861
49,7,24,5.21449345215414,0.499874022768295
54,4,32,2.83823086275361,0.176243753627616
10,3,31,3.5174138740317,0.0631392674986273
99,10,37,10.6633545050533,0.00447028770577163
0,3,27,7.75748251963547,0.0976337221218273
88,7,36,5.65308877086958,0.0238277376623634
5,4,31,5.4873871575208,0.227118561732325
60,7,37,6.98856895962948,0.300939795084971
85,7,29,8.02827350760226,0.123684678925201
27,6,33,10.6807113798075,0.0721977305365726
58,5,29,3.50891134994295,0.189271094260495
13,1,26,0.943566608125612,0.218563546648923
70,5,34,-0.419655763823084,0.363250851988489
24,4,30,4.74476209986386,0.0880991775856328
26,5,30,11.5197396422349,0.048182048843776
62,4,23,6.1389213379718,0.0436130028838995
63,6,37,8.19816916588855,0.0255776561168485
83,5,25,4.7715896496029,0.206906369411129
76,5,27,2.16852840194012,0.375188525279468
42,6,37,7.46432433126941,0.131386001361534
88,9,37,9.48850888555593,0.0198893533198503
61,4,31,5.44623298068615,0.0365326553591301
35,5,32,3.79344352866328,0.271698049491945
64,7,26,4.77256457160155,0.229273083664733
70,4,33,-1.29856957810938,0.186259848576982
86,9,34,4.89709198738671,0.224922953810637
39,4,23,2.02209329693529,0.274599452750022
31,5,34,5.67405987099,0.0439596821580616
11,4,25,2.22452027536563,0.488715694730586
67,8,34,9.21900762322826,0.0263198065866279
23,2,32,2.88535882352858,0.0946183239575475
24,4,27,6.89962107888416,0.0999979669213912
96,6,29,2.4258521711958,0.317584437773305
31,3,25,6.47117344746834,0.0368883962510154
51,4,32,-0.159364631161816,0.436615300809449
49,4,29,4.46383740436654,0.0425813009257903
47,5,28,8.62111698320205,0.0103022978873923
12,3,27,2.0428231037149,0.29915577591278
12,5,26,3.31921679786135,0.615751389848226
12,5,32,7.71472154641332,0.22614244509276
53,7,25,11.7580544189817,0.140789868509944
13,4,32,1.93104481806846,1.08191530915521
39,3,28,-0.217113846224361,0.457204863873726
6,4,28,9.30226389838041,0.150355974095874
31,4,30,1.97885624300805,0.328683182353827
5,1,28,-0.214112116655879,0.229113156896758
59,7,32,7.90000524229558,0.0434709788097476
76,8,29,10.740623963894,0.128310652915388
29,4,27,6.64680259687229,0.0463007247308269
44,6,36,7.55766439173883,0.171206676634029
77,7,38,8.80716215454082,0.0200340793235227
25,2,30,-1.53598452733404,0.578186005788082
29,5,24,8.94158953265284,0.354170137064016
6,2,24,6.61363026517394,0.110899520572275
46,6,25,4.32167172568118,0.385714206789833
21,2,22,3.65849560725356,0.0731457497296382
54,5,34,7.8766808454171,0.00229483668226749
99,10,28,10.2853886080113,0.156105509961349
82,5,34,2.293199513728,0.262130410632792
30,3,33,3.75341267982668,0.088301611833176
41,5,29,5.61606689529589,0.127080372096364
46,5,28,8.74667569811085,0.00805971829686314
23,5,35,7.00628706472177,0.199293496490071
38,3,22,6.91675786424271,0.00716041505802423
77,8,26,8.10848306620746,0.155379629926756
55,6,24,4.47837043744349,0.592197206305498
30,5,28,7.84591898276118,0.32281800614551
32,5,27,4.44517363504062,0.219703453582454
2,3,27,3.0024613458984,0.198432775669473
49,4,28,3.48927385582977,0.0341240844757112
87,7,34,6.33239304188584,0.0784860490821302
90,7,28,6.12021582790892,0.153099965653382
8,2,30,2.2888156267883,0.0735610987758264
59,4,29,3.36069727922585,0.142208377248608
3,4,28,3.47367357296378,0.823213439392758
37,3,28,5.43344438535576,0.00478854656505609
70,6,30,4.30796269195181,0.191128557537425
71,6,37,3.29538196634716,0.280511897512454
97,10,36,6.82658562229464,0.0566303917723381
12,3,23,2.66600410625255,1.15411872131037
21,2,26,5.25901999779734,0.00567342729335768
11,3,27,1.51628448071215,0.230073289702389
61,4,31,6.45874910449988,0.0294491881504655
71,8,26,8.6443026760077,0.0570065615365853
40,4,33,5.4388075663951,0.0822374406197603
10,3,20,2.22059347069999,0.706883677561534
24,3,33,1.46579940405996,0.17764570795812
36,5,35,6.21046578682196,0.102381323697045
80,6,31,1.55016573505479,0.117162020062096
76,5,31,4.51964628924299,0.0229529647349741
96,8,40,3.03269583563349,0.400694165278083
36,4,28,9.18514884217641,0.070446603698656
91,7,39,7.60648067514449,0.016430375748314
44,3,34,3.42144795710404,0.0056150077143684
79,10,27,5.96681181560874,0.733218800234509
17,4,27,11.0102714637968,0.145130287157372
60,4,29,1.00541832701589,0.38183064564244
52,4,35,6.30730176424083,0.00735873787198216
48,6,28,4.14071780009728,0.308979447454888
96,6,27,0.63100881529734,0.650038915189141
5,1,25,4.53045788943024,0.0393397405277938
42,5,30,5.41267716321696,0.412747645729637
69,5,32,4.41154085703507,0.0969083101954311
64,4,26,2.40838168793632,0.185064201699086
71,7,29,11.4366898150974,0.129804256488569
37,3,26,2.72974222627796,0.172679383889772
36,6,34,3.71831628663905,0.310649839219379
44,5,26,2.15471739673957,0.801394481169892
68,5,32,1.02410167050709,0.454073940848416
76,5,27,7.0762987951103,0.0679156385594979
88,6,38,-0.208554934684765,0.262108536426652
28,4,30,3.41092783960841,0.436130349968976
70,7,33,6.57678897229863,0.115912509849295
12,4,28,7.42248234618633,0.167440825141966
97,12,31,4.46608241268131,0.476275926900512
46,6,28,12.3854313990704,0.04345441411715
30,4,23,3.6340583583933,0.208432695119384
76,6,28,8.34956301814082,0.0012220679782331
18,2,20,1.6114746151052,0.316718338046897
89,7,35,6.72283059125888,0.00857315148415562
66,4,26,3.413053951939,0.167210560524836
6,4,28,5.66783707693569,0.376333482542491
67,8,33,7.79608643925278,0.0834917314350605
9,3,25,2.61435168579921,0.465195796897119
98,8,29,4.37376394765112,0.149796314537525
83,6,31,1.19942664996906,0.488797428996718
56,3,33,1.532118212663,0.0817784208338708
44,3,21,-1.39731907336276,0.399629069936878
96,6,25,1.79783788005834,0.29586343326487
12,2,23,3.97129257290915,0.291558657762337
35,3,25,3.30846142133648,0.351600082570171
91,7,28,5.39348294634104,0.215865003167394
28,3,32,3.15796473276008,0.040884658228606
24,6,23,8.96529988939194,0.339123831120062
4,2,28,1.47676410691682,0.668953976096743
74,5,26,3.73268728344143,0.0805694424780086
90,9,40,5.71424492904893,0.215880440352549
27,4,23,6.40656950073304,0.234229036829177
19,5,30,2.97809078713489,1.16380966914104
96,10,30,9.1930077752398,0.202063546272668
48,6,30,3.54430034781582,0.495375312378115
16,4,32,10.1362836242306,0.0299953701905906
31,4,28,3.0654988525523,0.196374886154181
22,5,24,9.11871972630786,0.145405943039805
23,4,25,4.18110994389452,0.371908924055702
6,1,29,1.92604930543381,0.180107160228047
35,4,32,6.22256394487935,0.151950566796586
19,3,20,3.01116808269547,0.439526906681663
53,4,26,6.17694456923812,0.0284555895486847
73,5,33,1.84995196001636,0.23342979698323
98,10,38,9.20188990747826,0.0239253589468036
30,4,28,4.0658658918115,0.219872442529279
84,8,34,6.7139542522925,0.137409732793458
27,3,32,5.76349119526878,0.0110345417633653
92,5,27,7.11914102101249,0.00400728418104815
85,10,29,4.49246110028117,1.10339930533776
88,11,31,11.8516643664643,0.0466627434629829
22,4,31,2.88845902758284,0.743872428270889
26,5,35,4.72624360446609,0.165809849975631
68,8,33,8.75407381196385,0.0305216867842777
16,4,21,9.42455493933768,0.101568541722372
54,6,35,7.63267119869752,0.100291363778524
88,10,38,11.7503266917126,0.0924759922781959
43,5,28,7.17181366338247,0.265779720348042
0,0,31,-2.28495962674104,0.548453798037036
18,4,22,9.421967364233,0.157079242402688
41,6,37,6.96519057305384,0.0967009542509913
83,8,39,7.02395843114986,0.0902277528821882
48,5,26,4.73322783308097,0.421662284505969
36,6,23,10.9825022588512,0.289536308719519
27,3,24,-0.370770940722742,0.198277795909646
92,11,36,6.94796703543435,0.375627876496925
94,6,38,2.96680946187727,0.0142556715290993
13,3,22,3.08591905614519,0.54028315513038
40,4,28,5.01032602927745,0.113183187870505
1,3,31,7.03117003347345,0.140421654796228
28,3,21,2.03414425377088,0.414581322759101
26,5,31,6.28719640609364,0.446957322282201
44,3,23,1.22509649504703,0.131287498632446
3,2,21,1.43871404964122,0.993637514713794
55,6,28,7.3603152209382,0.0719454430509359
94,6,37,1.38769158033933,0.165070036775433
91,7,33,1.78800894546783,0.221589930345047
9,3,28,7.62528091473361,0.0596349107299784
3,3,24,6.74696266893552,0.313358190924603
75,8,31,4.4182523163679,0.250685515083659
77,8,32,5.81775962877742,0.444255734307176
13,3,23,1.74134932624759,0.819591472547559
7,5,30,9.61926226932647,0.209378524905744
42,6,36,7.08428041041472,0.0527337556231451
24,2,30,-0.769063320807115,0.110247381059593
46,5,26,6.23718092735649,0.0552887215161986
20,3,33,5.25493519153637,0.0932509099366143
74,5,36,3.45407388854153,0.112561463727616
15,3,25,0.0586458731464425,0.409580719634736
57,5,26,6.58112929062945,0.0936736697331071
48,7,24,5.24475835800803,0.430533837506032
40,3,33,4.56420271692467,0.0856384342302236
46,7,36,3.31480224490502,1.06238379043745
82,8,27,8.80389692926308,0.138936782022938
32,4,29,1.43922637100758,0.2345945618476
5,2,22,2.06282825158276,0.573281569466379
37,3,24,4.37842307174894,0.208978357155727
20,3,31,6.26866327260287,0.129420656361617
20,5,31,5.39737532439747,0.188527952195374
47,4,29,2.4844903247005,0.189514844429214
18,4,33,4.3814119911609,0.31038998857953
4,2,30,-1.20340463354758,0.661399974921876
70,5,33,2.90870285983791,0.297990992421958
32,5,33,3.94347936321738,0.24491408926631
6,1,31,-0.619675515138992,0.384663761106736
75,6,28,2.42477333724226,0.179472722335461
47,4,30,0.219617510295654,0.235798673599263
50,3,22,5.69821324908633,0.0399327596929148
91,6,31,5.49462007238592,0.0228218823904172
36,6,34,7.36028566374121,0.122375773033127
11,4,32,8.56906384578309,0.179378364676972
71,7,28,6.41172710732977,0.0578290562843904
42,6,31,7.71784794074271,0.192239593936804
45,4,35,5.87507906252131,0.115610528970137
68,6,24,5.4045596310251,0.479730619562274
29,4,22,7.51951521102057,0.134991555591114
46,5,34,1.55710604362332,0.250088416029441
53,6,26,9.08665011304397,0.14096723718103
24,5,32,3.39521968010259,0.35080946467579
97,8,31,8.02183498342846,0.0619677187642083
76,8,29,3.81090325028949,0.337998239778656
39,5,33,4.95862503450432,0.289677322133187
35,4,30,7.71129809032666,0.101136949262582
57,4,34,4.54936318956026,0.0780895553847705
90,7,39,5.6943792744986,0.0978663300629705
12,4,28,2.45963429916701,0.709411212732798
51,4,35,-0.301769229033024,0.135876401560381
11,2,27,6.57245998244074,0.034122087768958
33,3,24,1.54454119598077,0.454930840970433
33,4,26,1.08265331835677,0.812312191310239
45,4,34,5.20081874764759,0.139285457669757
20,5,29,5.01494680181075,0.29090417222001
34,5,33,9.30905351996812,0.00995868619065732
67,6,25,3.47637379285227,0.480968740282065
71,8,35,6.84852483535642,0.163866973831318
27,3,22,5.11589691172809,0.226384717727754
12,4,27,7.12568798228817,0.372137033261278
42,4,26,7.04927486751434,0.117949781240895
80,6,31,1.87647187261424,0.19076857412115
20,2,20,-0.0768236439305703,0.712959634787533
54,4,24,1.55795632608937,0.598693563105697
58,5,37,5.19316458457082,0.0149918139371191
66,4,29,1.84020209085141,0.267617337860841
42,6,33,5.40156735619987,0.624044490480954
62,5,32,2.7476543918326,0.0812866110345283
78,9,26,12.3443363603232,0.137349966331385
99,6,41,0.16962071131258,0.154420888400637
91,6,36,1.41210075298045,0.117229211002957
6,3,23,2.42225368080327,0.306899740583006
74,6,26,2.63767350115759,0.500357104624477
13,4,29,6.09061280744634,0.09790044437082
35,3,33,4.80202462481085,0.0184688773006201
46,4,27,1.21290234569549,0.249975929026234
48,6,34,9.30185816591876,0.062368368303372
9,3,31,0.913987920342441,0.759029040068791
53,7,24,5.13888319099131,0.610039267191821
72,4,31,2.84499314912379,0.024627001141198
84,7,33,3.66345090484885,0.0611685479859937
44,6,30,6.40304378751582,0.0790990509558469
87,5,38,3.41213958187156,0.0151114293363944
5,5,26,11.291593403227,0.0859475104371086
6,1,29,0.92288603163435,0.0554221049083468
27,5,22,9.88608287218795,0.206989486225623
57,6,29,2.97756431604292,0.356242568151867
85,6,38,8.4617853206825,0.0022015082898757
26,3,28,2.46364288723468,0.251177980786863
90,6,32,1.5773457156914,0.310216720205474
20,3,24,3.30037060550058,0.322945515381846
26,6,34,11.4858949863693,0.125057892990299
25,3,30,0.63606597201944,0.309448620293963
40,4,26,1.26686228516092,0.585333453465159
36,4,22,8.91321316310418,0.0353701119175566
59,6,35,10.2655097316996,0.0191982780189522
74,5,33,8.13397094777591,0.0373925931053236
64,5,29,5.80274846393735,0.0627824987758466
75,5,29,6.91716040964853,0.0678723364835605
49,7,30,7.54181593761225,0.461635289227074
9,5,34,4.35805989865128,0.246257635987106
0,0,27,5.03070429078392,0.0260683638377461
39,3,21,4.48040778570125,0.0620125867426395
69,8,34,12.1162829990227,0.0523182082688436
90,6,29,8.70366663315301,0.03549473953899
59,4,24,7.29975538931544,0.0956176115432754
49,5,30,3.1102179002853,0.151229177834466
81,5,28,0.503136273062473,0.132725744741037
47,4,31,4.09863039009482,0.0475979362381622
28,5,24,10.554323385534,0.0352672949666157
57,5,28,1.58765172860991,0.381605324210814
84,8,26,9.23503814019373,0.0817876472515622
42,5,30,4.9729191245771,0.260084275378588
7,5,31,6.58750065399766,0.128626087331213
31,3,31,0.776519835405466,0.390901411316917
80,10,34,4.06641644655916,0.396591864039606
22,5,32,6.38274202049985,0.242290680821681
98,8,37,9.56013647271173,0.044860503335239
85,5,31,4.76694277733202,0.104189735837281
3,2,28,5.45850904786765,0.0236744997290049
97,7,30,2.04195268672551,0.230808065346023
12,5,28,7.13530918010375,0.325520076312798
51,6,27,3.06146248232188,0.595382013565899
82,6,33,1.61272306013914,0.368403787348519
92,6,29,4.26676216251708,0.0126284849694208
88,9,35,7.27351006137215,0.197440508564753
65,4,30,2.9526684982325,0.1102925601881
45,5,35,2.16901407334151,0.501770126612342
2,3,32,2.09870411110579,0.265895536158907
9,3,20,0.968659582177801,0.587028827952379
85,7,29,7.07021242059495,0.0221158725919613
41,3,31,-1.27359252453354,0.347236682878942
60,7,25,9.2801928486035,0.0632481202483177
99,7,28,8.31293556230238,0.00979478189609181
25,3,22,5.60838679047076,0.0895168059505522
79,7,31,7.00382586214574,0.0370822352860984
68,8,25,14.5975531237657,0.121020308638368
63,6,24,4.65788437468143,0.174499674159189
23,4,23,2.89063280856451,0.436153648865825
17,4,29,4.30600132847961,0.109422180918045
56,5,31,4.0692984515656,0.370576762247414
84,6,28,3.07989595951574,0.206948590177284
