K:5
N:1000
Gap:0.383196047713501
Rho: 
1 0.8 0.45 0.2 -0.3
0.8 1 0.45 0.5 -0.1
0.45 0.45 1 0.1 -0.3
0.2 0.5 0.1 1 -0.5
-0.3 -0.1 -0.3 -0.5 1
X:
6.02272042688565,0.276723883938983,0.552633638028055,5.1305171843834,47.0810260206002
2.58694162242851,0.0175708301831037,0.0391643466427922,3.04266527689226,51.9118346733328
2.2858000619976,0.0310006152139977,0.717627222416922,1.97464067927071,38.0835851358128
7.6993538923438,0.279532199249345,0.853219366632402,4.95490441584001,24.5582027287433
9.78720856716988,0.349853565895414,0.402356806676835,4.93499395857198,30.6078652965304
10.0802663531926,1.61875581312786,0.825548658613116,4.51622482250685,49.6045127118931
7.28433381076646,0.441294896395362,0.759738915599883,7.82850111127036,28.6268867344731
1.79344105406702,0.0738034155219793,0.0473086785059422,9.22771913208833,25.4267265418166
6.67842697086363,0.477647291941053,0.353933986509219,4.26809895526396,48.3514229818681
1.17974221675535,0.00492643041070551,0.0340850029606372,1.17532058847586,51.3373000668722
-2.34524995434314,1.48521503433585e-05,0.600051695713773,2.89977528033663,29.1015295682716
6.90035849749528,0.120386400380424,0.847188046434894,3.61655706032105,23.1317330839263
2.01831944244976,0.0770768893416971,0.0193524919450283,8.53378275725857,35.9128125604718
2.74600335779398,0.0240239648062988,0.0870622212532908,4.73526015073837,27.0582656754214
-1.51286957261724,0.0256010970159683,0.261467780917883,2.81872808461867,46.8631417617824
6.82389561584714,0.251904037283773,0.622746630571783,2.39794855885249,47.9359457647996
0.925484410346658,0.134577936376445,0.238724494120106,5.88867647105515,40.2790414853025
8.38495923117776,0.598834108995432,0.54851912194863,11.230197817648,22.2170957379807
6.32610923362477,0.367789158110923,0.927593796513975,3.11457101830235,40.095446990708
4.02274345618873,0.361222617772824,0.775694154202938,4.0489985083496,66.4018622575029
2.16293893249856,0.00995720166247338,0.493077054619789,3.37114941705366,27.4397935976019
2.605200187785,0.0511090432580821,0.440303651150316,2.5465210807894,67.9155136634846
8.10018103424125,0.169827257748693,0.829230667324737,3.75045572781908,18.2025960730329
7.20998874168788,0.159610183211043,0.901421295246109,2.51243870362678,27.8847346739815
3.42323245199824,0.12011007941328,0.0370323846582323,6.12282628507613,53.7377444075946
4.79927915108922,0.361225731649852,0.157759370282292,9.97872169230943,43.1980925950753
7.87283562561476,0.984685340378076,0.992444867035374,15.5196964394883,18.0282201568088
1.48735052332458,0.138930305955,0.149407742079347,8.22894298933154,36.8038245896988
5.06439944649416,0.329376681930128,0.368535078363493,8.54952024059514,32.246978166645
6.36919247995313,0.556984597381471,0.628680517664179,5.90874789520972,41.2839021108596
3.93668606851802,0.0804377845488489,0.292359452228993,5.56949887837568,24.2124521026492
7.35275821104106,0.161401316290721,0.478087348397821,1.72885322378716,52.7155388367166
5.16835614212158,0.109390170267338,0.568816178943962,2.39707797951309,60.0331475964403
7.74550844194094,0.21337755219796,0.22835404612124,3.82610002593425,29.2511045573753
-1.74860929963862,0.0274566051084548,0.0641343253664672,5.43802195093241,50.2953231896706
6.48023656867606,0.138308349647559,0.488237033132464,3.28168882904886,40.5990347938715
9.0032014679299,0.19120478396185,0.59520795289427,2.84817324835657,43.4155890366156
5.2997846615341,0.189493657079268,0.715175257995725,6.87046688119346,23.8914279510135
5.37287881715051,0.0593373429617082,0.699775767279789,1.30656295948112,35.2465198645491
8.35873127826313,0.7785520851192,0.99729322316125,11.5130570408713,25.4195898543668
9.64328095438652,0.559436005043024,0.507322391727939,4.50083008592807,32.3995532336311
6.35747160615161,0.46755940558151,0.735694409580901,3.93704459361213,45.070888813924
8.88660054771358,0.232126888110045,0.764307186705992,6.43986800800499,19.4794609863822
0.0305851881550838,0.0102370207896456,0.110520713496953,4.74302000143855,43.0458444640884
5.86344712729449,0.212694435239463,0.803510489175096,2.32589219297184,38.482936219232
8.81129081011971,0.490405797006047,0.896364509826526,3.04663116312744,37.6222127493691
4.46067350777269,0.13173749903217,0.306052265455946,2.66984182667495,75.4132880900687
-0.520953967105222,0.000869863648876658,0.6432818940375,0.967553764181938,64.0975971285501
4.39762680611317,0.0693839227315038,0.440473382594064,3.4952211520794,38.2634644501018
9.26863377208397,0.665344464381985,0.8609205391258,4.79539409014416,38.619819505944
7.99529096416655,0.371722029650715,0.351450835587457,6.99576983702038,19.8087584897024
11.8935437508362,0.369812326019114,0.446208970621228,4.9379876392228,25.6083103969808
5.9690175909016,0.0728974248049781,0.140083470148966,5.80500012302688,28.6037696357743
6.88924407578906,0.331081141241568,0.483987817540765,8.58715895457875,21.9134173968989
5.16569220038825,0.0587346305837855,0.74970324896276,4.62746295158465,22.2274681568308
3.35693122607666,0.144215456093661,0.0610705181024969,7.85503592611996,29.5560675553968
4.35909081991295,0.137791246408597,0.0877068717963994,3.55191227016615,56.0327858705809
5.16477280081683,0.198983163096684,0.244363051140681,9.08555085618249,33.5660178841865
6.98412305052902,0.55442750248557,0.709396542049944,4.39873093874871,43.7311396314862
5.43782147463084,0.192313707957356,0.888032207265496,6.7414269479854,28.9556299792436
6.20076687351348,0.383748541162835,0.951337183592841,3.61351237430582,52.204720871651
5.91557672519191,0.533577095904496,0.762571286642924,11.7493562790799,25.3081025783989
12.7270621663751,0.534146706076497,0.730211842339486,3.42782427670966,51.6150575987865
-0.143113333867181,0.0162399797421951,0.260201656725258,5.17109814106647,40.3896347026562
2.06366839528419,0.00546629342716187,0.170147054828703,4.09430042108178,30.7477162732204
1.67487175636425,0.010797103631035,0.346671427134424,2.17318396792139,59.3842239350795
1.96308374455041,0.0049330453710094,0.0138257080689073,2.57721613696202,35.7380420685946
1.21867749507192,0.0234840305056423,0.0283339174930006,2.525375787572,62.8821742430896
6.40411162080465,0.590546403514379,0.943814835511148,4.42151207461217,59.9476253596338
3.47015137961944,0.225677501865405,0.294004478724673,3.54858875331652,105.040247488688
3.03876601225501,0.0912384494562043,0.839419631753117,3.2213399162652,57.7042720266444
2.57920730853742,0.138098150142469,0.632301090285182,3.76042086664635,58.1943332168487
6.31014040090848,0.207084864833134,0.187769352924079,7.50152953424706,27.6630606570982
4.00265416501145,0.170845718239434,0.0732003003358841,9.72594623220488,24.4346023566158
4.29665351049774,0.312953578996214,0.140198622830212,4.49395541966466,77.9401552797336
7.30432310106386,0.132393374224193,0.205092122312635,2.71409875180204,36.5605239910055
0.989811702391973,0.105676748324186,0.0227563434746116,5.64787502693342,51.9847133630782
3.1378805524151,0.0706279559325913,0.499938482418656,4.30997652990647,46.3487830416518
5.29193436198763,0.086287290090695,0.292055280180648,4.97123441103005,35.4454217210467
5.43590574311507,0.249455048874161,0.813318914268166,6.46882874599751,20.7805820544014
6.69838774665958,0.286901172007176,0.615127714117989,2.54475397941886,58.7161208769599
2.4791853849265,0.0291560382139574,0.203084173379466,2.30305205406728,50.7097349426763
2.75688073066912,0.0176287444628495,0.140904557658359,1.84302442215328,39.5021353716567
3.68610004833034,0.0233879642607992,0.122744224965572,1.18609180155376,52.5035075074956
3.97242024180393,0.227568450054619,0.0826824540272355,8.25254848102937,30.0452597270451
1.09478536030506,0.01354248806656,0.661509675672278,3.75808744488372,23.5953651876124
5.42319781891489,0.408600334057069,0.847782066557556,8.37039089858688,28.437864776916
8.11167685967655,0.423768404384559,0.385710226604715,4.51473106475904,35.2058090241504
-2.11929168841696,0.00283500231055074,0.0165549910161644,1.72555574350864,55.3923627997762
5.18384458686435,0.503815067445344,0.388100718613714,14.6629025708765,33.5206540290128
7.51026455826178,0.270981225640255,0.979317922377959,3.26828765158989,28.779511504507
4.00222641922433,0.318545464415777,0.475034153321758,5.06906985348343,53.805364957327
4.4143442126302,0.405663650461888,0.911496963351965,6.20100270346111,43.3454461436899
4.01761991858149,0.0883947646943852,0.683012066176161,4.26407859464433,28.7931878192575
2.39584340972703,0.141636824817397,0.635879703098908,8.97395940898769,22.5649528573196
5.45733534480259,0.423129505456841,0.716446375939995,7.02114777816414,33.3151299002691
2.35907556658588,0.0377546159262798,0.34735249215737,2.15501270538841,68.2257030417875
1.82370279900541,0.01066327188164,0.0206199763342738,1.97988168099621,57.4681468151536
4.0776078679819,0.363686552250242,0.267005278263241,7.73801916338918,43.8702023733455
2.01489435281364,0.0303314030170441,0.0267809275537729,2.76867263270374,62.7634961965619
6.15049781919321,0.15598741476424,0.341081860009581,4.13938505691944,39.8517471321493
6.15503584199836,0.130114366766065,0.147928667487577,3.71427909054577,39.172141977706
6.98002779740574,0.73903703228196,0.294289644341916,16.5114786039354,26.9347653307967
0.400303484992437,0.0353748950874433,0.331407804042101,3.66033699500734,60.4448653126263
1.06224844583142,0.0561081289779395,0.550077835796401,2.99978497895,64.8978615782054
4.53058844001164,0.396369090748435,0.123990656342357,7.32754306422718,48.9475973202324
4.20388579096732,0.355872699256438,0.153628942091018,15.3641945535428,36.8942627384934
7.62199376034697,0.193370505225587,0.346306687686592,2.55193549026917,55.9181506945331
9.95012159427059,0.622951937342221,0.848025832790881,3.87910861248147,35.0947676287081
4.81496732131005,0.138190448400564,0.780716409441084,6.46014027855274,31.189855120671
7.65262063500516,0.479700128526843,0.920586100546643,5.93656395068183,22.1808356721385
-3.04305624248335,0.0763011611589448,0.179811218986288,3.144114908532,68.2134573474108
4.73313221958682,0.449627952810632,0.185808706795797,4.95606251308557,54.1944282146342
5.56702002990797,0.306672127906907,0.757421323796734,4.65809423756133,46.476697187114
10.5349393867416,0.321711070592257,0.983112426009029,5.61262058981151,16.3070203636457
6.19674666230124,0.407395588213062,0.586777983698994,6.05281105900591,27.837835876917
8.90604103666323,1.21468089187617,0.821758502395824,4.07943702979006,66.2953544640591
7.03925310555194,0.431169319411224,0.24046522541903,9.3623106758155,20.0717014574486
6.11973282961861,0.102600887534209,0.279624531278387,5.92365073879187,29.1775930982523
4.79480917573639,0.158429882256314,0.917256307555363,2.63063614293379,44.0500973051041
1.24399263970608,0.0797761486610398,0.0245907730422914,3.46670690015405,88.2730415957632
2.15999125217423,0.0101165254600346,0.0758237564004958,3.25498357447529,30.114155863388
4.57903562060689,0.254000889825377,0.777525001438335,4.14802563840798,48.9574387439301
1.12116473943452,0.146974305427136,0.0895286691375077,12.6090123790854,33.280368668189
0.0486244669435134,0.0156576908193529,0.733100109733641,5.09158855595989,33.2440737437368
2.35581304712177,0.0182103000115603,0.541025769198313,1.20427980099503,57.7890110817433
4.64379424576715,0.0660120086977258,0.655305224005133,2.99844042423551,37.4704318723623
7.84367672680956,0.627317417847151,0.631038763094693,3.93345980502579,47.1206991629854
0.308936669740955,0.0368773851722624,0.275076173478737,2.70154546128692,61.7337616257236
7.99410178072382,0.172293397248723,0.697340667713434,2.76315338290914,44.8364583958148
4.76547585470005,0.36562574606151,0.616719557205215,4.53779780951233,56.8955044836348
3.63227540582098,0.0517211258411407,0.447281176922843,2.0519798105506,51.3839929015102
1.12836424169667,0.00520876224618405,0.0283344234339893,1.37812629300464,58.2868386134063
3.78005272375668,0.285108027503568,0.863957222783938,3.51454597758714,61.1901967528292
0.76306957827056,0.0711088017560542,0.779111177427694,2.91521980242433,78.8792362681079
5.03005620349968,0.283422525961626,0.743086102185771,3.25824212030203,74.7185852234276
2.12098714025329,0.0355320876872331,0.0410691904835403,3.1852803716628,50.4978030984913
9.28201048939247,0.988965900124569,0.308927739970386,16.5810279060017,17.8055319347389
3.11944314019434,0.16184426646214,0.454647249542177,4.78029750436618,56.7387812185571
0.451674626617232,0.0829176509287208,0.0977405714802444,4.18251041295282,52.8796949000293
5.45577719447846,0.0733432958368212,0.77702168142423,2.12849959476274,35.3542334012134
6.21823673807345,0.222935070831752,0.447646917076781,3.13200313544985,36.7431706346816
6.33985433332129,0.257612838269314,0.710324269486591,3.47929702810919,38.8260067922451
6.51474559068861,0.660781864511007,0.80185750965029,4.36832371109291,46.1525446822963
7.32842530398481,0.357167498187578,0.865582904079929,4.92415093476403,37.3901653442912
4.70140632883606,0.202225541219789,0.852760261390358,5.34450865625306,38.1476690700021
4.19718069177594,0.0335332620581536,0.214714536676183,2.10091146964422,35.7426798115961
8.85313694977301,1.03335720062593,0.789486280176789,5.08843099084297,53.3610303136068
5.61501986966898,0.250343453594226,0.749531711917371,8.87013782463271,19.8396803212785
-0.182889459221791,0.0527289813617244,0.734117656480521,5.18334443128244,31.5544853877939
0.975580343989591,0.0199744535192599,0.0622607313562185,2.68822416290761,54.3004376694653
5.89448519923735,0.57834144156406,0.821377499960363,5.72440577460237,48.1507519667294
-0.540961118110817,0.00648991938214749,0.559881207766011,1.72628880969025,39.1052664110935
4.02733579372773,0.227221275083652,0.712238444015384,5.26303818217325,36.5169816540124
1.01335756216761,0.0589972884627059,0.293016412528232,4.89904390766957,44.4610324375213
7.5641673484981,0.749751707496953,0.990274140611291,9.38881486069585,26.1848039181733
-0.247647524445941,0.0634501502441843,0.522592934779823,6.71499642715581,49.0609715516529
4.37797736820347,0.342719708791676,0.674136188579723,8.03858195247909,37.2968335418073
2.68661315054737,0.143877345753274,0.560331372544169,5.47816151960316,36.293214175591
4.58019884034205,0.0592849897375051,0.320996586699039,2.92013251605761,35.7518422864901
3.16490464125557,0.0577835362602371,0.0348544400185347,2.27610803979401,100.021252565117
4.51183169795015,0.353045240082703,0.239884192124009,7.69277943997992,33.5766594256247
3.38623047446704,0.0633497686152388,0.752797985915095,5.11640674130274,34.0858727527561
6.15188017415503,0.185122941205597,0.771810717415065,3.97613700549691,43.0708757084882
4.27154329027867,0.2006876598113,0.277878824388608,3.77486341408334,49.1877070053803
8.8415432186504,0.239191368677396,0.429245573701337,4.09938843454444,27.5787285702869
4.67726156349343,0.0484239847928528,0.241151004564017,4.34026828405792,29.8421917542914
3.16266506048928,0.0842689063865776,0.831164261093363,2.40621727000505,59.4958936307315
1.83453316379326,0.00448267420092782,0.225443849340081,1.03250690285475,58.4202379560722
1.0035534795451,0.0205854083178565,0.00622959993779659,3.4450978218042,55.8789661495503
4.4453040031982,0.141477761764969,0.429248172324151,2.54061299594541,46.5623927627911
0.662222024690909,0.0139113048790023,0.369631411274895,3.28896793988406,39.9762336898298
0.559363848308932,0.104041018858654,0.175379470456392,4.92956576845718,46.5038205275852
6.68478779234015,0.353946042619809,0.247537940973416,5.82644434566739,49.1877826585853
7.45509992134554,0.128594562760554,0.225165492622182,3.62062672675838,36.5618068969336
2.45939824869109,0.0597653283039108,0.0594633114524186,3.13908823577676,79.5374271465706
2.06089875020072,0.0117291588712599,0.457958563929424,4.33725809520386,35.2986527343117
6.28989093716081,0.358503519348718,0.814065519021824,5.26020038219231,34.7925155273376
7.28851878217847,0.134208163828589,0.825554369948804,3.87840829747502,19.962108527828
1.92833918724754,0.0713515464449301,0.626545409206301,2.91895076056199,73.7834316014337
1.23251617285859,0.0458792695675832,0.0815251660533249,7.93716154880157,23.4065131209242
6.95608895119472,0.109963551396504,0.129603322595358,1.62238922770375,44.8832042994752
4.27109730171356,0.240696605284441,0.603459534235299,8.33332181686306,27.7527954462551
1.47614334152743,0.144837209722027,0.0229952866211534,3.63758819740759,67.5782594993312
7.9521071340546,0.818408830049348,0.864146678941324,13.1703423744538,29.1784164275136
5.69888307050919,0.283274705045599,0.166526079177856,5.20435699958457,52.0039165159335
1.72414356930344,0.0154391711850933,0.740586427040398,1.61132765490102,42.1956060295591
3.12890112725971,0.150417962344363,0.0664974304381758,6.70419628110404,57.3829314017323
3.27783144506067,0.1942266287976,0.554878030205145,4.70929546792219,40.514498706547
6.88467430303671,0.476731013951308,0.92732825060375,9.98719409191595,16.5076534335029
2.62960654875842,0.0804716690909117,0.0465523228049278,6.89337590400009,42.8207524626697
1.70858341672346,0.116765163144078,0.835798840038478,6.12489945586015,44.0762538241162
5.86608036018462,0.183425987385813,0.914026284823194,5.22796516128025,18.4001402552123
8.03286077930563,0.394978501347309,0.901760997250676,4.11276482930918,29.4572611615807
3.52074639604548,0.19415411496382,0.747574085369706,5.66461227425012,32.7818133687917
7.94798949659879,0.201576866897497,0.939974413486198,2.31566895970596,32.6956628910678
9.51309759267872,0.637276897641057,0.471990421414375,3.90418915429484,36.58092443104
5.70773869065101,0.26282531650618,0.119991648709401,3.61488671591792,59.9472224009412
1.97359772577085,0.0791174893047885,0.252661641454324,6.14042438414936,43.0813877255148
6.48327685064966,0.144877579063177,0.939462353242561,2.7769740145593,45.2385895906026
3.7131921430327,0.0382471720806311,0.359872648958117,3.08361563380267,40.1343506363181
6.02318349023294,0.611588789584273,0.916315604932606,9.19407603046077,37.190840680073
6.83159901798436,0.383925844894207,0.723906955681741,7.16375808827635,20.1994125283703
4.0424878219981,0.0784659114286976,0.842590092681348,4.69363565908379,37.3057323980289
5.02805552952782,0.129558912012726,0.119586717803031,4.1851116873519,35.7522609212466
7.00183335171571,0.161677191027248,0.882804367691278,2.75590808178624,45.3428581826437
7.69972135283278,0.824290724429202,0.941597358323634,4.17135012355342,47.4005419683558
7.66891923292582,0.175203171781007,0.383069372270256,4.2794765313691,30.495871148784
2.49797168906484,0.0712087553692982,0.653687961399555,7.53016521922863,22.9715820250253
3.62265362289873,0.153276702854782,0.575390840880573,5.88877130121469,28.1678805818075
5.70734768329045,0.199697060732845,0.790440713986754,7.29655155954301,31.1426651334854
6.85099885127069,0.513433669207102,0.610614073229954,7.86892594584502,33.9285258426833
2.11471230369312,0.0458366217790172,0.613189296796918,5.67629720373707,31.7776953368414
1.6013313352369,0.0464240072760731,0.302387631731108,4.65537144066914,42.4028116885778
2.54692991398757,0.085453145338717,0.0964855356141925,5.25285653448135,49.9301378023657
7.10378227088355,0.504355276913798,0.33502659550868,7.46104177204668,29.1609326650147
4.57478926665319,0.138249030903795,0.402361314743757,3.1849528060167,60.5687135258208
5.33791229158957,0.21105470204607,0.656345713650808,5.24885403754407,36.0905192939957
5.36612997403729,0.480227749308056,0.890857101185247,5.98467210143246,39.7862784041535
7.23899662158396,0.521879695790047,0.385488025378436,5.01405933238181,57.2914777161692
4.10036856698158,0.0992063238518313,0.52268810546957,2.77369619639843,40.2553025941175
5.9625054842432,0.516694919185197,0.383356482954696,5.23060109811602,47.2748192456998
3.13854475464796,0.18895220545933,0.541105048265308,3.50656823305101,52.6441048494255
3.24641881658573,0.0424116983407068,0.677261274773628,6.02002822939985,17.5993540521874
1.2148203789281,0.135450953268446,0.618057433515787,3.78859220700375,59.3281500718579
2.27009012312917,0.0269921995932236,0.0403706827200949,2.66723823195419,44.6601208067181
9.50616557728814,0.739167099776578,0.925129915587604,4.82018928604194,26.0893767577017
0.327382857439094,0.0166923468121003,0.0196588467806578,2.45294514397095,49.1642810545301
3.1325518190241,0.0728976153768599,0.310888545354828,7.31255432177424,22.775210239424
9.90028758302447,0.311963948876339,0.33249034290202,2.04346311274293,53.3982467987112
3.69746141727253,0.128241606173106,0.34449208364822,6.665703874313,29.7259854956164
8.90022798370524,0.726316861766291,0.93276444892399,5.72169415628033,24.555454350421
5.36003933221047,0.392443904166526,0.658184034051374,6.27329074094809,30.0371115266241
5.13086394378851,0.119231562595814,0.883491600165144,2.32010786079687,34.6044485063685
6.55190312962864,0.502000711837268,0.669943265849724,10.5367872628059,21.6411521583005
-0.45895201918497,0.00206104388944845,0.395350283244625,1.74602033249688,37.1597283748955
7.62699877773808,0.276213326841224,0.784355849260464,3.06393241818874,40.0337852160549
11.0839478587082,0.749124710147167,0.914823934435844,6.67151173883471,23.1192583567773
6.70254553130422,0.50471079207719,0.955375723075122,6.05294304550891,28.4188799541917
3.71177347319539,0.0875677061267197,0.58906505513005,5.53283352691787,40.6382934945425
7.55994016447725,0.21365385648573,0.902798724826425,4.18000884836067,29.3798695856309
9.12433826452862,0.193719612191173,0.5549574973993,5.71122990594974,16.6577857288814
1.97738110210357,0.065325031176069,0.148619469255209,6.14324834476766,44.9676165218816
3.94473634500384,0.0285725032979432,0.366020278539509,4.49812402828259,28.6573997431982
7.00924218158348,0.175981688768345,0.891368054552004,4.44122999914999,23.2437766388248
3.90936617491186,0.069891595787322,0.625233507947996,4.56790142625059,39.6549522780504
1.49391548311658,0.0100967527832836,0.572333004092798,1.66537482107056,45.34956798636
7.73687984045848,0.621582989895675,0.448628545505926,3.64756024238117,60.8304199855807
4.2973029317576,0.151620477307164,0.906655619153753,7.18646404864854,24.6844654000638
4.63941708760686,0.0419003580775012,0.0334841446019709,3.03600513972412,53.5166047644215
4.08258011671091,0.329385880370367,0.746595008764416,3.53405646239092,69.0065789604362
5.97217810757141,0.0683293085312471,0.142871497897431,1.73389700817458,43.8634625377829
4.04346141728508,0.0523556952830404,0.603748439578339,4.64958415656557,29.1335887009908
6.69147187237543,0.703199863391829,0.85347825451754,5.81533782585788,35.5370347143407
5.28765906990303,0.185565701908174,0.476181040750816,6.16453685862332,35.1875728214624
4.23043767048252,0.10176664008759,0.646252609556541,2.32952500011585,68.3251482862484
6.11514535695993,0.290807806410569,0.946009923471138,2.94716455099615,46.1242794546353
6.52375983230577,0.459044811202202,0.765824278118089,3.6526933709761,49.9715798245808
11.6911838406605,0.299466441840607,0.251408591633663,6.81235116239528,27.1962884261535
9.38940774811755,0.194804014829972,0.924129648599774,4.21596452924176,16.6452665549468
2.3753999762312,0.0266176147852093,0.155074870679528,4.22364703936442,40.294517743747
6.61179672429955,0.698103096294117,0.413979225326329,3.9600407503027,76.0313125974007
6.25742954594862,0.56929541515761,0.467427417170256,5.05519611536541,48.4497911858899
10.9561428574566,0.399147949362616,0.478178051998839,7.09199794631295,22.7183620943162
5.89079697488025,0.372155240496218,0.585413343273103,4.92851750311995,44.0160866369029
9.45817423948293,0.6165775921812,0.991022734437138,5.81217915784099,26.7927041920675
2.20398086378677,0.176059823705557,0.0508439149707556,8.11102041800594,43.7977050894763
1.71540578671305,0.00217501832686791,0.0845057400874794,2.47285770587667,45.6939221549067
-0.333402288487022,0.00897843768630846,0.217834106646478,5.56297909904177,19.7105875674063
3.89434904303753,0.0233810901895959,0.31649132585153,3.56822563675092,28.2508304175385
7.01164597597989,0.111930103506893,0.266987940529361,5.89386101932947,27.155699046096
8.42101146764991,0.174459768670123,0.715918980073184,5.87160133163945,15.0908998498116
3.31700100865639,0.0339026862056926,0.622311968589202,3.67950835549481,27.5078868096326
6.10561658248485,0.112288748146966,0.525823739124462,2.96002701582048,45.6035096798253
4.99790537668187,0.0606072755763307,0.147697354899719,1.80931752868484,40.6639640513805
3.07161978656462,0.0234650240934223,0.222142315935344,4.28396615002217,28.0678472832255
1.89873578825101,0.0926929749548435,0.32003810396418,4.59324272674699,40.2535912746689
7.90956250635672,0.163003465626389,0.144814564147964,3.2063578948011,29.6945698209364
8.93373657636874,0.730105483862472,0.995465165004134,8.94052261164281,23.6948704765719
3.9786801566162,0.308866505500603,0.495514220790938,12.0075899925994,35.8245659504734
5.10322591083128,0.206462366402349,0.871703146025538,6.52636166722743,34.7618123557045
3.86351839321151,0.312726197753775,0.370599515736103,7.11578011481304,59.3851877858614
5.3903626560878,0.34372814115018,0.685287936124951,6.06208074267816,29.7672063967203
4.29852580890695,0.0649864015867934,0.881837309803814,2.63653657967153,34.0238750743271
3.54783366574623,0.0383801487041637,0.163151535671204,5.96719845945088,26.1289701388332
2.93858777753413,0.0289993413025513,0.630404407856986,1.76210002817809,53.5185350110287
1.79689963007241,0.0559042547829449,0.648385058855638,6.65413157729306,36.2903455099278
5.80046120831902,0.265233446411321,0.732519110897556,6.38528518253375,26.7479943194608
2.82956218143494,0.0329640387634306,0.573360771639273,2.1414816280912,58.4309993122314
1.45597315445008,0.0396079713273021,0.137631970224902,3.06716471169289,60.5003435132486
9.70316615645845,0.212704638008702,0.933827918721363,4.49250246651087,18.3558180822763
5.77139322186607,0.510256498099721,0.255355143221095,9.78920085139285,29.729236791158
7.20244678637285,0.229541503040688,0.221792348194867,4.23476861328345,33.4805433606667
5.81081761560818,0.45596054473654,0.469752649310976,6.54307982622756,45.0764521237756
3.98822044614749,0.216352992562689,0.428826434304938,9.85256461846268,32.8013177065537
4.64510097803174,0.0401163904652953,0.819529053987935,4.98315471871726,23.2901729800646
3.19506135152235,0.0528454027951331,0.195067606633529,1.94118352727645,53.4653133152409
10.7439808324288,0.544901565741795,0.975882568862289,7.38060923211522,15.7779683427795
8.2669621978087,0.408427512287027,0.910629170015454,7.28699631822943,22.9655976401512
4.13176507130784,0.0273444172926247,0.309689560206607,4.75051699003998,30.1009341079028
3.52721721815042,0.0826253042323515,0.207908528391272,3.99265192813581,39.9606433153744
3.77520813210276,0.266632964557197,0.838657865766436,5.28618974824223,33.5524492291972
4.05956016720065,0.0553273849654943,0.750785177806392,1.83833962585472,52.9830618986954
0.615143370008926,0.0222232671243343,0.0683242988307029,3.55038973967393,59.2894122531306
11.2930061241888,0.383415105731642,0.458234339486808,6.06324089450329,27.4954556518936
4.61069547083878,0.101604865049012,0.818052255781367,3.43949042983674,44.2881183849278
1.81233192712169,0.0112883145128354,0.131812013452873,5.27127079612997,30.7906348948864
1.64707526962535,0.107932272424824,0.271316536702216,3.60664674127853,64.8944827857756
3.07187177818977,0.11986076051835,0.870317054446787,5.84452441712044,40.6879586937492
3.49413591925341,0.126694347709417,0.187474637059495,3.30359081876253,74.8359082710533
4.08532663978937,0.0558584163663909,0.574075604788959,1.74728760270685,55.3053608331239
2.97226168004919,0.190458616696972,0.549839074723423,3.34034844008196,55.2647454936651
0.968604599793639,0.0012343742095146,0.408623543567955,1.73033407743663,47.6869447170912
8.46506473532429,0.160696441074833,0.164455219637603,1.95339528638034,43.4870581633488
8.96703434320845,0.291922542954537,0.495421274099499,3.33951348552093,34.5511178411835
2.2075318760073,0.0294707083289206,0.297673272900283,6.23033605959434,20.6598231896519
9.50895982783299,1.13905900570102,0.656723698368296,6.5419232859162,30.7327433310791
2.46070848174893,0.023537122644484,0.459157392149791,1.96226348724284,46.2377738594068
1.09149852210826,0.112562345340848,0.133848163764924,3.42609685042312,76.1185116501353
4.65969242362733,0.0791599880636025,0.540381665108725,5.68264152551271,29.3207439259903
6.25783739052686,0.147502935025841,0.623053251998499,2.63137000289368,38.3824736340117
4.30853840956081,0.163698268705048,0.0980896467808634,5.3385147052295,33.475900431721
13.3703398791867,1.21313973927969,0.938921057386324,7.58498569429718,27.8116865751936
6.14603950795917,0.160347136086784,0.348390746163204,2.43552680565211,65.5807352918007
-0.819050968421157,0.00923161674290895,0.0235935808159411,3.29507853080529,36.0124953055018
5.28248507363944,0.0696921775816008,0.179312634048983,1.75763642561963,55.1273073140737
2.43982613704425,0.181425148467579,0.755992392543703,3.71309994256467,75.0335633822179
3.14807151498573,0.166098995017819,0.636097678216174,7.07515797256616,40.4421030520664
10.1655372494258,0.226451915911141,0.329968307167292,6.48954550506224,27.3186404338314
6.35154312373715,0.427006876089622,0.771434414433315,5.77603776051472,39.6665649883234
1.99381965751792,0.0501102640992031,0.673898492008448,1.87458686891687,47.5757896787228
4.8684373970299,0.12757995177526,0.888094083406031,4.49175062298918,22.2891315677155
6.96194771183209,0.23143302189098,0.482582122320309,2.19139484117756,62.4874657539047
0.382703681959415,0.0261590736918151,0.718371734721586,3.1371220876347,53.3521065156347
6.0790318431632,0.167162621277384,0.354535939404741,5.63867374807932,33.6895248064727
0.756634870486492,0.0123862170148641,0.199072633869946,1.48233697089726,54.7144107878689
4.02846131635348,0.346903863991083,0.235573607264087,11.6679608582974,35.2130432801521
9.08695816639425,0.614793510610396,0.381258236477152,8.24687868972904,31.5764718812798
1.86027326457016,0.0114701220279632,0.0160918952897191,2.69003384946214,41.7475986416186
7.38126249192883,0.346463385027576,0.169173352187499,3.13134342740185,63.1030699782818
4.30610414565494,0.0376884224486651,0.604298926191404,1.87911314438092,43.5761122259145
8.3476988492838,1.04518524271654,0.427659268956631,6.15446832034442,40.4756477046358
9.71259434201087,0.596365864822799,0.788266101852059,7.02798092023811,21.2886223467287
4.54367500318805,0.166030001710169,0.18992598936893,7.35151628075701,34.0538213474208
0.192195258389543,0.00499889405909926,0.00179652334190905,4.61555912816441,37.7847188809453
6.1835766163948,0.465811031849539,0.7419067916926,9.84974616068496,21.6646232519413
9.01611934123423,0.449025368709416,0.695950059453025,7.31277533192585,24.2281325506618
5.66415885048738,0.500524464973664,0.297383447410539,11.0812381642754,25.2626266246458
4.21165484671786,0.108748620375991,0.861014244379476,6.01845740177027,20.4279074100854
8.03373291245897,0.150552882696502,0.897027803119272,3.62856002619246,27.9091869370585
5.7960741157112,0.246897336919254,0.83348139654845,5.27888003422807,38.4210699486654
8.27394802854595,0.993256167921812,0.515763835282996,5.68437869933963,38.5702843630326
1.25336087527691,0.00481162668598706,0.651469922158867,2.57660331454901,28.6092346820851
3.80829334403078,0.0859100477963414,0.148206611629575,7.56887995590599,27.2755096140749
-2.19524630728593,0.0370142826577649,0.353433382930234,3.54661418892019,54.1991358124414
3.3754197394098,0.0255816920151942,0.57907429500483,2.38296197760924,39.7553773006318
2.76230474746759,0.0185817300023755,0.400206742808223,1.32549859383503,51.126375750244
-0.646340463374044,0.00613432970061761,0.0214180818293244,4.13072309165259,44.0770384059285
4.52867530534082,0.298719983071762,0.736953045008704,3.42187351101683,44.368561090312
3.60638061516991,0.0944963373476639,0.809957383666188,5.07119613017721,37.7543699778633
3.82906150778032,0.317270830961618,0.470716464798898,4.53446561444817,47.5986160325103
0.0165442681473769,0.048767612199299,0.0253547634929419,6.17936557132654,34.7001826553357
10.7970329218695,0.481527857461429,0.583143970230594,6.20379977627372,27.7658574814854
6.13591344660656,0.295106401423666,0.46986588742584,6.47814469693835,32.4459613522639
6.49325443104573,0.271690807993266,0.476023632101715,5.22512442638765,41.5721486120644
4.35941861548807,0.28365861949392,0.699842882342637,8.35824810227746,38.6527853366636
4.20159612113106,0.072812877362594,0.169970754766837,3.42731711794973,57.103643304171
8.53348642234899,0.236632825796235,0.979077367344871,3.00728798626814,22.1344957419325
0.207182360293853,0.000838555744849145,0.00372572150081396,2.00229909872216,57.4237523772796
4.49670722397694,0.136008945992216,0.572585475398228,4.30350104247809,29.1305562265386
7.20582937290999,0.844112870913006,0.329601173754781,12.5535658335878,43.1610052312351
1.01280870999504,0.0132235715864226,0.33111622557044,3.47361780441127,31.8606452991985
0.341833940884798,0.0305190293232862,0.00798023748211563,6.07499973087666,32.648686442873
6.20381198648634,0.382196566534644,0.735443759942427,6.84207299327326,35.9523972822414
7.49919332918367,0.338882649772543,0.828476303257048,5.21945035290811,35.5991164388768
3.72785791447051,0.0503669219324365,0.449382553109899,3.93652902777155,33.2085250238972
2.08581294443136,0.0186490679077833,0.524040108779445,3.68885579514935,28.533229535492
0.204824986361675,0.0547989785602363,0.260919663356617,6.06812289267541,42.1458226483159
0.170235832863486,0.0235253701684996,0.580130180576816,1.90144073719159,56.6296375667233
4.47440267855305,0.0484122111229226,0.697221786016598,1.45426694249693,61.4396758730128
9.05029372938626,0.748379815350433,0.951899690087885,3.80751834054541,55.8000133721766
8.5790684541007,0.393281442474959,0.988992636790499,2.64375105221277,42.4677657627316
1.49336999798584,0.0304840854369104,0.41974142100662,3.18143523713,52.3241067463069
1.70256606149412,0.00748614175245166,0.00656653381884098,1.9307297275616,69.0269715170002
6.18116420225392,0.377044870031482,0.954151426441967,8.19295979030526,30.506919777884
3.25262587016491,0.218498191172228,0.721755207283422,3.63221491869567,76.2692947676904
0.982298155981175,0.0546181357931346,0.275423422222957,5.11430334562992,37.5121345732009
8.19084662729882,0.671244333001012,0.992746191332117,11.2279310306533,20.9719530017082
7.91904956571197,0.888420355919391,0.989050487289205,11.5115281334551,24.1910021396227
7.05474738398791,0.57678152012282,0.980476830620319,7.97404721542796,22.6717691049278
4.34367167249848,0.330865849031809,0.279344792477787,4.11237526937903,67.3437229218835
2.73717549698315,0.192205980642441,0.694605054799467,3.30839093459845,101.038048020709
-0.197165834203833,0.0361113569317206,0.0098421226721257,2.99175559961639,56.3275188896345
6.04482192170102,0.593559671048542,0.190351889934391,17.3121518805744,24.5963269210838
8.69645266999514,0.89619015664199,0.982611468061805,10.2448455820545,17.9412332537502
9.00108354086055,0.324363115000281,0.953638960840181,2.51606059848068,48.7887615282754
7.07933560647466,0.367055690360671,0.957137780962512,8.40653001772266,18.6312159462768
-0.872041517289922,0.0992414411232349,0.378211801638827,7.93643549059826,33.3995085896398
3.59468529141536,0.0663944745996548,0.563967645168304,4.0102333453799,33.2667460956752
3.49925504917042,0.0755949039012194,0.0515501638874412,5.25325884033431,44.9122119704504
5.44425141837803,0.0662679121596739,0.080974122742191,4.25576042418632,27.5688089896334
0.593692276600092,0.0792853373568505,0.335331453941762,4.64877185870322,50.7022379843809
1.85557889053998,0.0490308720071254,0.676500440109521,3.9251413747135,52.6097994298406
0.199869878518356,0.0167038379004225,0.743118144571781,3.8841099164104,24.071247275051
8.23632050813971,0.927213100198299,0.799165911739692,8.05045113645336,27.6357366486488
2.55049333472103,0.01843270775126,0.370857063448057,3.85549238988243,35.0861682492234
4.60591403111842,0.156905176932923,0.161453058943152,2.7279037315147,73.5802808675004
2.48547755149516,0.0717712306650355,0.338897453388199,2.62237604104084,53.735332311084
11.2920551503472,1.24958526249069,0.378990476252511,10.2198869724175,28.3995179997525
3.72036161124222,0.0521623034728691,0.0684059853665531,3.34112263992405,54.1642597433832
0.959757394973069,0.022357528173376,0.419985679676756,3.60948104652867,32.4315746973449
6.4219233291965,0.203106739176484,0.470865822862834,2.55623421018281,39.2181105293309
4.9932370179595,0.466867612188166,0.912744978209957,4.40490011179061,40.1829594473469
4.74867958261729,0.268032924940798,0.885850628605112,6.45215167874568,40.9028154454783
4.87998171769049,0.132552330731414,0.362908452516422,7.29348149387317,17.235196973476
-0.0315572189592093,0.0245279881150334,0.0212518405169249,2.79958479776252,55.4668284700865
2.89778232910745,0.0185405526713451,0.0989669903647155,2.42328354510436,39.8187616262991
1.60366559461453,0.0398374834263556,0.180358656682074,5.01779577526349,37.2604887644963
5.77649666964582,0.201228593206025,0.332402008585632,4.9724111586559,31.4973749137246
5.51250199237217,0.151345421676524,0.866553224856034,6.7688468887121,27.048608693194
3.86628630888749,0.127442284720019,0.867040837882087,3.12870225699084,48.8413566334342
2.07225576463703,0.0491818532813856,0.021021437831223,4.80111718771299,56.4438569883944
6.75785691669371,0.2944999942451,0.540196941467002,5.04145098308135,29.298508958991
9.02042735283571,0.586396007042069,0.735129108885303,3.74537680274337,40.1582566103589
2.32064379435307,0.0113296825438738,0.423065016278997,2.68686893838824,39.685019205197
9.00965935234728,0.212117885461751,0.399522066349164,5.05504268556969,21.8749436709862
1.11450480332026,0.0793285728432238,0.0214865759480745,5.83842223895856,43.2376467115329
4.20413620736402,0.138535876758397,0.848505516536534,5.80976333166851,23.0139493985591
6.59397063473124,0.478223210179663,0.633718181168661,3.82830843718222,64.4810713285698
8.73137666867899,0.982500535849124,0.988549276487902,10.7096169627341,20.5313633193529
4.25259558725369,0.0729740440146998,0.710490924306214,2.69841060476486,41.5277386408863
4.85165606701955,0.176599660412151,0.831858302466571,3.8419872105408,30.6187424022047
5.91166083905322,0.0973061366239563,0.687466881237924,4.49258495557501,22.7409261345277
7.50898943092312,1.05081004363703,0.975220319116488,7.58897514929296,41.2830650638689
8.2749212751058,0.371251698715814,0.877473773900419,6.39738403096854,18.5950132532487
4.17481822822308,0.171502051060088,0.581206830451265,7.71223192607349,23.2259666623823
4.47950935836574,0.193503982376981,0.517469963990152,9.1231174367817,26.298679584503
8.98530070746554,1.19350877118515,0.762374470708892,10.9676952545042,36.9534720825016
0.258472005595356,0.0545118728186935,0.381692792056128,8.54902710335477,29.2518595545158
8.40647397176655,0.760961847485348,0.878367063822225,3.55885314826639,40.584893545252
3.99537390431498,0.0485335369594395,0.0749796673189849,3.32641049951203,44.1722526349165
2.2138276264557,0.160158139653504,0.837107622763142,7.64518342302061,29.227724842766
4.35628533930495,0.0536977689035838,0.375320519320667,3.10036079164568,43.530953991072
3.69447568145847,0.16302829911001,0.536100890021771,5.42955455470844,41.9030780960177
5.82858125823515,0.0784595095323034,0.904128747293726,4.83454625518122,14.2302444697791
7.85899830646369,0.530655830601388,0.579776735045016,3.44354053717018,65.0997195543215
2.60178420735003,0.135869961814024,0.728348939213902,5.14532946289618,52.3396695545755
4.36585289841344,0.179310012598264,0.916402922477573,6.95331352917622,31.2758090147269
4.18000815954978,0.112930609844625,0.679419402033091,3.13349740324225,44.1143999870681
7.24388039164389,0.96950173884967,0.676128477556631,4.65568240848833,53.5698429130833
4.55098364676509,0.0866822666721418,0.395975745050237,2.3144735015859,49.4095557578051
3.69513017271582,0.0347220038529485,0.12689456040971,3.15585816476999,46.0205858287375
3.41092848887876,0.120228871639684,0.190532913664356,3.0256245821718,87.1332859928416
6.80190586469105,0.557775999853546,0.639031572733074,7.23720284460014,34.4756366034161
3.73788035831059,0.24386516282216,0.219241249375045,6.1998303724795,49.5755362177327
4.68563749598513,0.115923659177497,0.105495910160244,5.0418967278213,42.5839416705457
7.04696819288426,0.60430388289147,0.232557840179652,3.76184493450488,53.5261294404718
10.6529365181714,0.826115123885584,0.800390417454764,7.80146646140227,22.0419822028572
4.28120886321499,0.1549033181509,0.0796604696661234,6.03832417029114,42.7232611905549
4.89008179593657,0.224898252858523,0.195028006797656,3.5059280196818,55.6483332074719
7.25266428073,0.558463054211968,0.536992998095229,7.77051116816921,24.3284972133663
9.80153807032796,0.498017429818815,0.985972242197022,3.81337803933787,27.8661968343295
3.7623989335715,0.177518997610671,0.450091916369274,3.61306050706285,62.3752310031224
2.64090160597471,0.0977762410184368,0.841282365843654,3.01080582092953,42.5578124051913
3.25004030102379,0.0403915274655446,0.634919866221026,2.96429801807037,41.0647365096456
6.13257917169666,0.0784089805092663,0.850451739970595,1.49662649109035,48.2187476579111
6.03471157861001,0.251635902632899,0.632718855049461,3.64618989321403,39.5043651976669
5.84098002428087,0.301327335172075,0.886851287679747,5.33779547022195,23.1352229895758
4.49055065445531,0.389694571196864,0.22089571133256,4.21652421098504,82.5721379638903
4.62353028636804,0.217114561630005,0.560782075161114,7.26678371818497,29.9600250565622
11.8651424844038,1.48121144986692,0.588852762011811,10.5626686447915,35.0649267438084
5.13483898393543,0.485177832634604,0.421970141353086,6.28033331907095,40.0082067256435
4.06902878294968,0.122455924516544,0.0473278451245278,5.03809170814752,35.669423093359
6.29960647205967,0.660280063251191,0.77172839269042,9.15617476702483,38.1630387536503
5.44855305823147,0.0599271778992646,0.144730246160179,4.65333879475276,25.9330621454678
4.6956724430368,0.0430687053193079,0.389783256687224,2.79518936414547,28.5425159063585
6.13103960250876,0.236533542618829,0.936031472869217,3.29006194397558,47.8252159617063
3.83161008132519,0.0547521578465614,0.557705796090886,5.47483891972452,35.531635346369
4.96301018769798,0.0875163414748386,0.321706995600834,3.83133189175325,45.861214823163
4.79714812949712,0.119565562743256,0.376039907801896,5.15625521627792,31.3739771004165
2.36431035369692,0.043476278601802,0.671872493578121,1.93370601796552,66.690446505846
2.25358810174293,0.0665348112815991,0.270605170167983,3.60338273590155,57.0026864451389
-0.78877037894453,0.0485979642253369,0.0144295578356832,7.58017081321876,44.9804876368632
8.25465090812152,1.16309579176115,0.961863439762965,8.75568200208468,24.198920893898
7.65262513048354,0.183748049620732,0.388765695272014,5.15400736142682,31.3300791796006
9.32122446011975,0.676750360490912,0.359138996805996,9.2222659158207,27.0976771531192
3.93178819242257,0.261044687694612,0.748893889365718,9.34898483520585,29.2389613742995
3.26095210524141,0.01637231442146,0.662523644743487,1.17510191417866,54.9552133738007
7.30581439873875,0.71621607867479,0.454650024184957,11.8976936490263,27.0618160096556
3.48262393002585,0.0524818609130386,0.119234661571681,2.13010472490897,44.6126541271574
14.5904093437679,0.449358345230957,0.829743804642931,6.82948298721115,15.1042129896462
8.9798794056738,0.817470258505906,0.377236601198092,5.2421415071818,38.1181548515021
5.39844299599022,0.417898123131549,0.659506163327023,6.06241630360875,51.7844807425507
6.88416070338875,0.516298398354507,0.351915473118424,8.62371172365233,43.5577392994754
12.005374707619,0.341723207606676,0.835242641391233,6.41812378439794,25.1782941324023
7.12792360178129,0.499381347538388,0.541595570044592,8.18244519543731,35.8709075162437
4.18956424839888,0.0541295755303338,0.244233778910711,3.50780047987499,41.8882662179933
10.0740867653041,1.53095414853635,0.605848740087822,15.6246416026787,25.1915122025368
2.5555141105789,0.139355677412823,0.495894673047587,9.00423955039682,41.2295860363724
6.41335815671976,0.224467188575047,0.581788888201118,4.31524263592807,29.3260380356539
5.69344970202426,0.161176777561195,0.284328054869547,5.7713243808423,31.6590221961469
3.2190598819693,0.0849197893403471,0.412573496345431,7.37616641896637,30.5770328868958
9.85994025554174,1.32360331287705,0.829073502449319,7.24409716325946,44.7123305460113
6.61951121060378,0.0876502493629232,0.565057825762779,4.37174657355671,25.3597379054123
4.89923077107989,0.091755818692036,0.866100640501827,2.20772477849758,50.2911500301602
6.80066051171273,0.493112056029445,0.499119088752195,3.40820235686165,58.0025971992626
12.1366511877891,0.353639936609238,0.740913674468175,3.83967739468912,21.2868269898421
6.63827333264928,0.195769411734048,0.676511406432837,1.95007825299481,40.653292514455
8.02647086407823,0.193616589753631,0.289779027923942,3.46068486377474,46.2172723799565
5.71711240303984,0.242247694072239,0.668784541310742,5.96299908392831,27.5921904683386
1.28110187448399,0.141443273518234,0.0575941952411085,6.76567949861569,55.0429392588152
6.18722405467515,0.172614185838029,0.748662561411038,2.64344478590592,47.0822199879438
3.36325960547562,0.0590720943873748,0.112480271141976,3.4042816292616,50.6875206000888
8.11174884357371,0.746636817365599,0.549375453032553,4.92806769131134,37.5190044090854
5.97909304007624,0.60442416599595,0.783165883738548,4.3564239589803,56.7816855074573
6.01186317741956,0.443733089410946,0.886919307755306,9.75731690134758,32.8671981153227
4.87791640879207,0.413301865083581,0.221203729044646,8.78585065736026,47.4482548052374
4.77755339633179,0.457585472592568,0.893636423395947,11.6694573198962,31.5810968178346
0.375101153800786,0.0123560564825311,0.0081215959507972,2.0707580365825,56.4262156483846
8.79065911890402,0.213517551299858,0.289152288110927,2.33182591751913,59.4611520305887
4.7942531241402,0.0441891291782492,0.742406955687329,1.58520757000787,35.2995457959769
5.19170334346902,0.362378999104208,0.393699836917222,10.5144445520311,27.8179652184202
1.22367158136608,0.103881552233361,0.828593282261863,3.28230285087811,59.5676576963706
-0.202585975573784,0.0529924790953623,0.306225070497021,7.70943181311726,34.960508312505
5.60934263314121,0.297332369095712,0.62834171555005,3.92323420850945,41.2378876242543
7.26618721757713,0.920386706892044,0.618590199155733,9.63064726823291,25.060451375444
5.94771065022775,0.104167673853226,0.831557902274653,3.7496671965759,37.4941541578595
4.57430974355934,0.166034288005903,0.767817893065512,5.03197253889115,44.0255406550657
6.45407007457912,0.102322083897889,0.320422116667032,4.04358918354916,23.5288471844432
0.482614908393589,0.0748090881163187,0.0912231607362628,6.22131077378169,35.5128548384401
4.13977699911632,0.373147917446408,0.363145834533498,4.73364064817964,50.0904282569033
0.915341499738368,0.00229453616836415,0.379214469343424,3.51109589035765,24.4877859917592
7.21906173948112,0.651003647896553,0.324458050308749,6.80758110769697,34.8330584257368
4.09101716499826,0.121541659580544,0.671831158222631,6.40193825000057,31.177837079576
8.46594289044694,0.242749718705866,0.270486489636824,3.51147132484548,41.6989804176781
9.09982418057809,0.283128497180271,0.579031948000193,2.10219942636583,47.3438682222884
0.442215879689527,0.0268218921264634,0.645039715105668,6.6946275764302,31.9589398529056
3.61086729353556,0.164627821184695,0.720372897107154,6.07545373080747,32.1558057062409
7.04461551746283,0.241402264673936,0.277866991236806,3.66363540017319,54.8496760243209
7.78806731007105,0.515438631155944,0.429756172001362,3.41898306979729,54.9082304985041
7.38555680517369,0.308953250282186,0.474990813527256,3.40876189090061,35.9910677899846
0.593162727276646,0.00127436406910419,0.612035862868652,1.10625004238273,63.8215871954682
7.4767527223462,0.559738758454257,0.436508943093941,5.01101605891749,33.186320860969
5.57285001023881,0.163081547361799,0.694548036204651,4.64728666653159,31.7643247876655
7.68020750378165,0.530371696926263,0.365772809134796,7.73222901245548,30.4395621654185
2.53888130780783,0.142622718238272,0.776503394590691,7.83235124200332,40.4960858091001
5.58274211380595,0.0839677781332284,0.577883009565994,2.98523235120232,32.5847713038812
1.25696193626046,0.0358408651590228,0.763808501651511,3.05615978966136,33.5598686549585
-0.828020903513358,0.0517324833199382,0.693093290552497,6.75561792711916,39.6150536785736
6.58717489569957,0.504304152892387,0.397424555849284,5.08186264184281,52.2821909761969
4.28993429194857,0.0821725672576576,0.126694152131677,5.576704742337,29.9943683617279
6.61867474000225,0.584769157195622,0.557127413107082,5.82966217194442,35.9016909408164
7.92248177156359,0.196396024421531,0.359734764555469,1.9485040487639,55.6986543878949
3.13890797978671,0.181751047127866,0.430902733933181,4.25675828990261,55.2028304724571
6.96865732759684,0.666333684768879,0.258158815559,11.6064821770027,39.823655213676
1.50353664587936,0.00549062261507435,0.264128571841866,4.13871342231301,36.3046720533869
6.17694798801133,0.178951099126794,0.232496610144153,4.01225869413996,37.1299961168246
7.36365428113254,0.154041218571365,0.615836576092988,3.34781005903883,40.3711366620456
9.85799853176031,0.227196020126276,0.891799102304503,2.86967904732525,31.4068688184366
1.9211457835515,0.116343095083721,0.259401119081303,9.90219943898521,32.7967909017759
4.62033639207718,0.0400021231528062,0.465163884684443,1.81825130937041,47.5494380749639
2.26330693688927,0.06357769090175,0.0919501504395157,2.36541401451958,57.2584638716266
3.87582478006016,0.318893232174037,0.782832241151482,5.98739165300066,49.9386266167637
4.02112889882554,0.0278636520659344,0.769853886216879,1.49471525627332,42.2824732121819
6.92044563209636,0.241745436320755,0.861483841668814,3.92428384378977,36.3218209564724
8.54163183938811,1.24422199106613,0.982955547515303,5.99235074558743,50.6528857624577
6.62737461481311,0.343425568415526,0.242021081503481,7.27629173244558,27.1943680197919
8.7262365189597,0.404085529947138,0.934920219006017,4.10841905516111,23.0987169361395
5.43841432035112,0.254104488984424,0.388242448214442,7.35711860116165,33.7773627959935
11.812259590736,0.297249404919437,0.54653056897223,4.80093299008265,27.7952136451804
12.130432748496,0.366848194019353,0.273094397038221,2.17212915585406,53.8133211662324
8.96889043300051,0.792435541706991,0.993051221361384,8.67849959304018,27.7804007889622
2.36277526045654,0.0631681705126539,0.467244039988145,6.50038612737372,25.6789527675392
9.33889530676905,0.493898531866676,0.911774181528017,2.99461693288644,53.9442310346821
6.51967640962581,0.200609259995374,0.296993432799354,4.24547635697649,31.9107762455587
-0.67455099638425,0.00721683353185654,0.403900495264679,4.26165376161474,38.1233576919582
6.83116086381878,0.267607406469736,0.944478618446738,2.16964634525724,40.6172551108706
5.29246994930555,0.340753217450085,0.735256281448528,5.28523796896433,32.0346807138071
0.469353538855059,0.079081742327009,0.0170703534968197,4.39973109867726,50.7289915997191
1.1052621106372,0.0441335847135633,0.712172016035765,3.63738450400135,34.0917364759702
1.25256785201413,0.0544333052821457,0.0699094678275287,4.87539224545911,54.8668914618825
0.944172497133211,0.047677205008758,0.21646540123038,4.75007099833441,49.2207214926664
4.09403305715009,0.113800031132996,0.388056495692581,4.27713206952084,37.6368459904267
6.59554496623732,0.0862875229213387,0.778904173290357,2.35610405897605,30.7103368946659
4.32331122200487,0.0341532422462478,0.715208811452612,2.58374942916721,29.4921580401561
9.16431916191677,0.278220339900556,0.705009849742055,3.03224595320039,36.7629689469077
0.808559896316449,0.0572912242827588,0.3845930097159,4.84338452044398,33.9243317077848
4.45828221303279,0.0661275171441957,0.486869524698704,5.91789647332693,24.3451824495427
-0.482028747895292,0.00391715799923986,0.000441467622295022,3.18586613127505,35.1800361075076
0.914969435753987,0.0130380726186559,0.180769735947251,1.4337383116801,62.9113668428501
9.59222663102356,0.377361061961806,0.721476553240791,3.97946999743947,35.2233947114963
9.91396794494819,1.11838955891536,0.333411843748763,15.6142771212046,33.6872985939949
4.19429277862423,0.318700016232881,0.561635120306164,8.82127990234281,38.0733978268826
9.21239688350275,0.330065595674071,0.943181902403012,7.2060822085962,10.4248853963742
5.2201529626602,0.0997624938322338,0.167338928673416,3.75130162209057,52.7757018101553
-0.804273840073873,0.0592525654938072,0.338694402948022,4.01726736969555,45.8128559347566
5.65320136128339,0.378715051782733,0.829336705151945,7.97317428097604,33.4766753821641
2.44860878106553,0.024182810375324,0.694976703729481,3.8781835395321,33.5201355583046
2.71607698018255,0.0613230395829305,0.0197738814167678,3.43268020855316,57.3147864670478
8.08321787650865,0.302150320251215,0.548273804131895,2.68860491164584,50.5041987902341
2.76416624896082,0.0365608572634631,0.127061084378511,5.40616960469034,25.4755311306063
4.73477033960702,0.225444369960693,0.258135893614963,4.32630533933877,45.3045948009238
7.27083759729353,0.159616116783582,0.495066767791286,5.39043729448602,26.5320032776755
8.26425315027903,0.237590860797302,0.649111073464155,2.92818980464489,36.7399159266569
3.18566909443516,0.0739504332887009,0.521927610039711,3.34081624484381,52.3233414010462
3.36752992303533,0.282090162847865,0.522822734666988,5.67475012304439,60.2512539727468
2.25362520369375,0.00613993374544789,0.127470984589309,3.77327834974138,25.1322966422476
3.80212237694219,0.0477238381920122,0.134417933644727,3.31028502166411,37.8979135469112
6.21494659820516,0.187368998293507,0.253332181135193,3.94888933581494,45.7250993660421
6.85310909451394,0.202334393646109,0.771185527555645,3.93090154336425,37.0170654563853
5.38343499706618,0.0535741473816621,0.0850674249231815,3.94358164650159,31.1832648192109
5.28239055703452,0.195324581338766,0.320035664131865,7.24578201512302,23.4012753047279
2.8559829051601,0.0730236248346046,0.480128689436242,2.85084591760741,65.1589245512123
6.63827434585316,0.440437322637737,0.650424188934267,3.83379101961207,56.5444739902447
5.99887297038863,0.205462263653728,0.121871406212449,4.53807010004601,52.4790198389788
3.05763369616565,0.0141457932803425,0.184258630266413,4.33928554647482,36.5133142662448
10.9236993086314,0.639314705464649,0.8740513054654,4.96945747306075,24.9812249296879
5.07184578696395,0.425894841530776,0.842612774576992,3.718748704085,42.4647657739878
-0.0676060110252479,0.100632110494189,0.33377475081943,10.0201393394349,32.2990719714454
7.16507191557861,0.330161789887327,0.934996546711773,3.70561546931874,43.129886652845
6.35751928495376,0.117881745449267,0.433360402006656,2.21456627112446,41.0063488563897
6.38468067935996,0.561376585127944,0.561959626618773,14.3891216921374,29.8650775675661
10.0337788535571,0.515408993677652,0.974863717798144,3.55537775957927,29.0525341351212
-0.410639094005521,0.0763048412045464,0.0112785201054066,7.43603029061128,36.6977607666992
6.88063287419261,0.855539521160436,0.646165408194065,21.3168702222644,32.4894454905894
3.53937934721763,0.0713720475323498,0.147193122887984,4.29139269600564,50.7565143879722
6.36711020465567,0.522723451972666,0.975306259701028,4.94642845915012,48.8754320246811
6.66297767920484,0.317053545255888,0.83975162380375,4.81777768213356,31.4545079441697
8.0514435987877,0.200753946545276,0.275528503581882,3.11518203491814,49.1746743772764
6.76877692080427,0.161918558413163,0.191269364673644,5.62703299734191,25.2661596228304
4.33602438013902,0.0755407453980297,0.619784932117909,6.67798400410037,15.4121360442592
6.26289560979045,0.404286654601235,0.550805528182536,8.17370858348874,35.6608150337259
0.644245226627987,0.0329619706837613,0.159964803373441,1.91273153331133,75.3707423605442
2.48749736843164,0.135288635850884,0.761322997277603,7.11391710810389,29.1810930836963
3.36536123953882,0.092360013183787,0.389448209200054,6.94629330394394,35.9472296792628
5.5626878915767,0.35520251279459,0.347682697698474,7.62823795234704,44.733896498453
4.19143049768534,0.0778340859105811,0.704067793441936,3.9337733376825,27.5604204134062
2.33764123081359,0.116177805815823,0.0601541234645993,3.19866988515066,90.0845903682061
11.2377300675213,0.630492648543948,0.603613869054243,6.89863767415549,22.6730715746534
2.04394126649448,0.0258140884106979,0.19460856821388,1.81108415382754,71.8948425557009
0.0346801541489521,0.0810171431746998,0.484676245134324,9.06129101834647,28.7613466874741
1.82021862286006,0.0332515389891341,0.0685075011570007,3.19044348270452,44.9950191377673
11.8744836273962,0.801244581076217,0.87684271694161,10.7314270553059,14.530225907708
5.36270368643371,0.106680744211189,0.423350861761719,4.99293890414861,33.2826754532185
5.16933873405507,0.476481530328697,0.947183202719316,8.27215460418871,23.6475658070149
6.96980186466981,0.862874254542303,0.915345669258386,4.34950924026687,48.2312779020421
4.7639246238623,0.147810108959675,0.299681205535308,7.47239215127373,35.3515833112112
7.60775307497918,0.66912743910172,0.727447133045644,9.62885227814829,23.8046936818336
5.45158857085085,0.476721214657459,0.965949499979615,5.67940194266718,38.6081773106721
2.70447599551147,0.14942225755658,0.334220094140619,4.40118836553791,67.6266167459874
7.00266559546858,0.117657856317237,0.830166742904112,3.13157370530584,27.9931929729501
3.70692078793561,0.231559442345727,0.461824144469574,4.45660586377247,67.3887312503367
10.5994983064987,0.537569922006545,0.870827632723376,7.81163809315063,16.7835753869439
3.56382454521347,0.133568780729547,0.0628430915530771,7.59941212344679,30.8975000394547
3.16939566660598,0.0396141273522712,0.0491945946123451,3.77019465990466,43.4531864061282
5.9941418259075,0.418920974226153,0.807710405439138,4.71399907103833,35.8844936022175
4.38908042458851,0.333309947735372,0.414861315861344,4.431099722257,60.4837978255007
-0.478905764457942,0.0376842647846547,0.078739995136857,5.20012384405634,55.0734646750851
-0.182210934400449,0.00119064508491347,0.365922116907313,3.35477891446947,38.4074240056397
3.90171642700205,0.0864779489347711,0.0620926434639841,7.13750660869312,39.6202820292585
8.1954618964931,0.246588377970013,0.892154127592221,2.18037881373809,35.186147992135
10.1632878502306,0.892825202932572,0.572667491389439,6.34603250670376,28.3630247300874
5.63023078233331,0.564186807442846,0.321042347466573,5.52505640859749,61.6910479436873
2.31744689188303,0.155790980090387,0.281163579318672,8.9870777888583,39.7571995224444
10.0811791233818,1.22937276626105,0.835536446888,4.4728440769602,43.5238895635276
9.35879220380107,0.370776165721423,0.938962034648284,6.40979114021112,16.36950232324
3.62827243272963,0.0204031901666895,0.207952958531678,2.80784319667623,32.2617912159608
5.42812414014815,0.493926962816572,0.161816835636273,6.92478481941915,49.8859370541569
3.07080943525745,0.0162907695001048,0.635785881429911,2.84593884662519,41.2725570870263
4.34843525239942,0.252612063309307,0.841225043404847,2.96949928826493,60.7223188785307
-0.21907976599713,0.0363002449739724,0.127572204219177,2.28799947898435,110.828036832774
4.33042546609498,0.0391002604737878,0.0553828177507967,3.67654510057982,39.1462629206008
5.18195275926821,0.138722593994893,0.498949259053916,3.3354974882292,35.7766025345058
2.86287919493238,0.0267403085017577,0.110285625560209,2.34932843929577,42.5453737847458
6.83427313894513,0.685949545787805,0.596305145183578,5.86740176775481,36.6843928145088
12.1266103679052,0.307311865956265,0.927001460688189,2.53347780007025,43.1974324455252
4.89634118185192,0.172184220165946,0.770835007773712,4.78141003225816,30.6138716814673
6.86489781873801,0.360420032437457,0.73574760556221,7.14787366670605,28.899356789876
5.60084345623637,0.319521618996489,0.917042683344334,4.44130069369939,29.053158718892
3.00696711209772,0.137330692843534,0.816125586628914,4.44198547380331,36.0959422274963
10.2012228248827,0.349716727600849,0.333299936028197,5.7945988835342,34.4934869302687
5.66594317851524,0.422275308498597,0.640227705938742,4.04461314731959,52.772231994213
0.00797304927291442,0.0565264467149973,0.188967350870371,4.98157211620865,63.1096664430414
5.28373497657002,0.116264116679039,0.779359188862145,3.17399707335497,43.0083392993897
7.11506501695015,0.448009616208679,0.956301999744028,3.13740900811575,44.9802862895993
6.89308462959753,0.498941028003997,0.96792258345522,4.81719140040642,31.1266629100847
4.70172897946707,0.406585272846228,0.38023416348733,11.0445561001611,28.9059482943777
1.28853615751111,0.156250470899977,0.785671987105161,3.96490348444538,58.4438105085582
6.41982715049268,0.384178502929813,0.723816277226433,4.06600078807041,39.7606214769967
2.28532245785607,0.0269370158416005,0.637971456861123,2.3262819457851,47.8389550215766
7.3640393613605,0.274252458930689,0.426785301184282,2.92906352098889,37.5365140943562
7.29759145294895,0.27555306557447,0.160407706396654,2.95570796107581,55.8930934992731
-0.738564214132706,0.0651614124171949,0.214565696660429,4.25922250726088,44.5960508818699
-0.736772539742794,0.0403001706581563,0.191016759956256,4.95305708580759,35.4367836206696
3.85870083867255,0.133390616509132,0.574712631991133,3.63108603122857,55.5673533992216
4.50649147140055,0.0547519271494821,0.191087358631194,5.66444091796083,23.3796399383235
13.6823751872682,1.09337129903244,0.602215810213238,10.035707599292,27.7121853076684
3.80905497482618,0.0295194138282241,0.262251738226041,2.65335194942274,40.5376227091077
6.04121782869226,0.265758264566514,0.754087045788765,4.0356665119618,34.975500876117
9.9720349117025,1.0273822149668,0.972424440551549,6.89261159102491,37.5289409926044
3.60638795703974,0.0487056906264896,0.0311961022671312,6.02548751016334,33.3135745299125
4.13013995004579,0.0510682616150007,0.260122107341886,3.53940900124569,38.4569460901227
0.370080774390464,0.000918103498406708,0.542110068025067,1.49746084888743,40.9972788797245
3.06479572435925,0.189280370076724,0.355441067367792,5.53293463539975,39.5620861809891
4.85098955201431,0.382841676918274,0.45798160484992,5.35683986926133,45.9030999341968
5.38700543811413,0.128922928241082,0.578364113578573,6.98118234434554,24.5209556382674
6.78077457529119,0.327464808932248,0.257949665188789,8.0133408349735,21.3558708317308
5.7204291685984,0.542025963278645,0.387973093194887,3.98578960913846,84.0475653014336
5.37030982462694,0.137694450560957,0.575024063233286,4.51086394457807,32.8773339128475
3.84988941984878,0.262461239228699,0.404810196952894,5.63819246305892,36.8932974749139
6.95605632619821,0.862140165599895,0.29410548065789,7.47656667003177,40.2008422221795
5.65823106796291,0.410374856296825,0.560643271077424,8.73642046155765,35.9804820283544
7.99580348982878,0.322831601825285,0.257443327223882,4.04704749441431,42.4051419640501
8.86627713521672,0.724268132584666,0.900913230609149,7.43689720225703,27.2497353051231
2.54290079295419,0.0139482511440292,0.6664779484272,4.82278336814384,23.9813015321943
8.67966165504468,0.819439001339388,0.588909088866785,7.27632151956246,43.8741282124454
4.12559770550429,0.0521037640397094,0.553508908720687,3.97911229716108,30.4857307309201
4.63018079703018,0.206445931679311,0.0915969435591251,6.16251543825186,31.1127965748232
5.10729468132099,0.215591257660392,0.917865497758612,7.27253351986274,28.1113563354742
4.95154764661764,0.0925718564540148,0.560279976343736,3.34224976224053,45.5237171478915
4.88459626000938,0.419380484118887,0.918665766716003,7.60340389710919,25.9740239412224
7.88567185664294,0.620295986035997,0.639243555255234,6.31040808131693,40.1549427901074
4.45532365713939,0.310910602122727,0.936624399386346,6.5758223303879,37.3188246522326
-0.879731586808529,0.100667300634086,0.43699597963132,6.028944791204,37.4615164658472
10.1990766271272,1.11987848594142,0.806924722157419,11.1597298008743,23.6941921024905
-0.798298151314485,0.0137815407942981,0.421582958428189,2.26781722260657,48.8263779487991
9.1690567973666,0.711761951017794,0.953558100620285,4.65140303858796,45.0278757999583
8.85421485873712,0.543238373907441,0.268416237086058,7.20538801901387,36.0086501321935
4.97956040075796,0.087907979497686,0.376560303382576,5.19363113411842,26.7348263188224
1.76707405102988,0.00489696755539626,0.312752227997407,1.13502142332413,53.5201152729887
3.29068788275577,0.16561758168973,0.221063157776371,5.43409548551296,54.0188951006795
1.94997532236489,0.0458512310664782,0.430657152319327,3.87208859882121,45.0143394560986
7.10934122172979,0.497753006385124,0.729962394339964,10.0268346247212,22.5618468846085
2.23458651450382,0.138440716662444,0.843864744063467,4.15446049432831,61.4049407032429
9.22774641876477,1.12317882937597,0.946085238596424,4.40149428822546,51.2280683163011
2.47526957263035,0.153275282355025,0.436802892480046,9.90513706523392,25.8111408935247
6.23220205799223,0.136912702349946,0.403913410846144,4.02186228269214,27.6666439670033
4.61734109864838,0.436196845469481,0.865732072619721,8.22863396978651,37.9532974668312
3.66056710556201,0.0530311830807477,0.0548333320766687,3.34023144724576,47.6161014186092
5.08563402677559,0.281675870752636,0.505222417181358,3.43731822983654,54.4303905921001
7.08340657005167,0.123158305650577,0.376567889703438,5.94843966308867,20.4320023188709
2.24450711995074,0.0092861612677973,0.304113018093631,1.55353791206798,45.312855857447
4.83649290411563,0.203010239860717,0.873006189940497,8.7532491629061,17.1600380875434
6.56697232498233,0.120596558204852,0.704982263734564,2.78051757381515,33.1360845296127
3.34384658566122,0.139084820286371,0.448785439133644,5.07792275042952,37.3306591020156
6.76310142443371,0.113171458244324,0.37865983392112,2.09591186096414,41.4767993838371
1.58147691266613,0.00201579555863817,0.133374242577702,3.76554504364533,26.7560906285743
6.31272996489156,0.0958971580257639,0.784451892832294,2.24135784005653,31.0136725464364
2.29690627699163,0.0139524493762786,0.0629308226052672,2.48711512097796,38.4194619732554
6.8599704083338,0.276382222354315,0.82604813342914,7.17063403351713,22.7288908596051
3.29214396965609,0.0450771634932607,0.0511778017971665,3.95328042791112,51.7982910410263
7.23512296313897,0.459702605138819,0.82869768072851,8.88634711172811,23.479122850661
3.64938253715584,0.153672504704446,0.104265790199861,4.11470723106049,55.9901746215828
4.19709409900055,0.0550011124686117,0.718878895742819,3.12443580160298,30.1920601370617
6.34328587637495,0.489719342419362,0.510606247931719,4.73826294266547,42.269296148174
6.27979223594331,0.101440497557633,0.482070985715836,2.27601241556031,47.5154724016629
7.00925101600995,0.223416198034513,0.578257508808747,3.1357881029811,45.1596544057418
6.01623484370013,0.41834169667404,0.649748088791966,3.40500147240739,65.6824051049571
8.37915276822731,0.475462824550873,0.589931550901383,6.74278675018193,19.7369009461697
5.66844306813708,0.10738871328067,0.270783649059013,4.26289717365037,27.38516765676
2.74529317870572,0.0377684830504443,0.269705530954525,2.450637455924,39.3489644592368
5.72224952790548,0.117972030653618,0.429669277975336,5.2050612577635,24.7198447018255
7.33425259808422,0.295006264714785,0.159332432551309,4.70374382709769,34.094557938142
3.56137638045265,0.154602499795146,0.695675201481208,8.93878408578419,28.937828517072
6.16445934997187,0.311301198078993,0.138824715744704,6.09106957736098,47.6727633628939
1.00506948615533,0.0128319839714095,0.686872847378254,2.13926692988101,43.8940359397812
11.6853517722645,0.50262490750984,0.503812150796875,6.89314156170528,18.9810552185721
1.44917171916249,0.028084991300374,0.0509610651060939,2.02723649815759,70.8181822137371
4.91353619366145,0.0885910007636994,0.215928146382794,4.50732061211727,27.2785707066941
6.51374658925938,0.509068398249751,0.346628518775105,8.03888656960715,37.9000350326357
2.66940194980193,0.028033284470439,0.545480504631996,3.39259686110617,42.4031227050826
3.83630115726662,0.140843751840293,0.685515434714034,8.53251249418066,30.5309873041037
6.69317512602065,0.329345120106566,0.89952064701356,8.36945758327674,26.1576628062752
-0.86958884043516,0.000502218207396177,0.405945311998948,3.07504085745354,25.5206235163052
2.84624177857973,0.0519499010990904,0.106926151085645,2.11725178090189,50.1773125708871
2.71463525071097,0.0860030678476135,0.765828866278753,4.06702141523381,39.4861560988062
4.39835860297621,0.275719122950661,0.114131330978125,8.50035060274458,43.8286336341751
6.65885893458483,0.739565094890905,0.755731235956773,5.98486047900124,51.7644621748148
4.07562607227371,0.0296601670561358,0.488315569702536,2.89971388040719,31.1622911327527
7.59514746325003,0.154584584175609,0.603977202437818,2.18936031002759,46.7876610992717
3.00443862187025,0.143670327728614,0.455694619566202,4.10622503070538,62.252229144867
-2.94856650380047,0.0153060727197589,0.0129894185811281,4.00005344537637,49.402866289513
5.06847842884084,0.221971856885332,0.254561756970361,5.69509657444342,31.6787283915707
8.48087009569687,0.407949701115466,0.389512961963192,8.13873922299843,30.4732577993838
2.395744897873,0.10185150085557,0.543602805584669,3.08229382327335,48.1921191579557
5.31092765527959,0.136638106661849,0.652221439406276,3.38687048020068,36.083204631131
11.2583585457433,0.247873115109953,0.584759188583121,6.3022504823782,19.8918946612512
7.34768320208316,0.288332973829213,0.570967830950394,8.06184414939099,29.0263154630653
5.39682577814107,0.143568819505163,0.87050134409219,6.18923229585227,26.1037378457752
2.75066658370878,0.0302048888768606,0.139614862622693,3.44336259473846,55.0250599941663
-0.0974425246055377,0.108484801254235,0.213335815584287,5.06081984058229,49.3082990647047
5.64507483872794,0.304080671154636,0.822097660740837,5.75027092685932,29.2037598858229
6.60827569801336,0.134244952816516,0.435454424703494,4.22461863832295,34.9798526496555
3.5608960675892,0.263952795883133,0.364953626412898,3.76276532402728,63.825846438773
2.93621440032468,0.0796668719778355,0.102799135958776,2.99047826881153,74.6798137327164
5.44874828623719,0.163984941784292,0.354278279235587,4.12852244475762,29.7234641403099
3.25057553074555,0.161588115151972,0.0471716874744743,6.42652166177028,59.5589098713477
6.89271706854362,0.634530942942644,0.345294330501929,5.15023524489511,39.9137908457699
1.73151600392214,0.140116064809263,0.0480986163020134,4.71796151108815,70.5297678148942
9.10069758474633,0.99945103511551,0.59933296777308,3.89992037731159,62.489568944715
7.5169497841741,0.183601313320257,0.392002083593979,5.60855644095484,26.8882341001133
3.34022811017566,0.0555310626649343,0.622786954045296,5.13173298606972,23.9584101533582
3.78945350933213,0.278669621029334,0.446079862071201,5.72423825272797,52.6688109326634
4.89487863620543,0.151275371550582,0.623524273978546,3.18856056458185,36.719895353091
8.82588282472843,0.444478869417167,0.896663451101631,2.87903004809843,40.1302197007032
10.7516768546843,0.80285918708415,0.546691583702341,11.3884059287938,23.1364405406326
1.11165505451762,0.0225463988026604,0.0335275670513511,1.84254863628789,82.2315780002862
7.99575642619523,0.518540047088123,0.51953478786163,9.26744637327825,33.0009825874196
-0.524845808759453,0.0788385421037674,0.0101107817608863,4.26827629773211,88.9851611065755
4.92492262357655,0.324026747685789,0.838286652695388,4.318863838587,49.8455758383224
8.99018906896065,0.255886738410893,0.938333984697238,5.17062616811572,11.1494341392361
1.86172207279818,0.0907265651611157,0.347821238916367,3.47639937082448,50.1888589536274
6.91901228642738,0.333866410179737,0.257414007093757,4.71955596611995,30.2318534504963
6.0634782831086,0.115218391617289,0.613703146576881,4.51860621009649,23.7993588735836
6.22128596109849,0.095944483531639,0.70360111980699,1.94225768675215,39.4654257766715
4.06653413058025,0.0470727146979345,0.24618539144285,1.87104470177424,72.9324634992159
1.84704184901207,0.0407633107388392,0.456414657412097,3.50535208678796,55.4658132207412
11.2254606781585,0.241270058777857,0.348478298867121,4.98529744264338,26.7986857775731
4.39941380653975,0.0759181418138052,0.760716272750869,5.80451814314375,20.8930779117513
4.97149860806779,0.178826242074736,0.438551182858646,6.90752159780777,38.0645652918842
12.1116074695349,1.37843514645571,0.998197702690959,8.50320013521539,32.460582458241
2.08267543240217,0.115424720510165,0.283463074825704,3.97584057316547,56.1311442628698
8.18287875109197,0.602052486935789,0.345688821282238,5.96738213611302,49.9414430718926
3.60616965889379,0.0228782078484073,0.0152574735693634,5.05873034282245,27.6193862008052
9.16380863279115,0.238705689729716,0.641883255913854,3.98788360410953,18.8557854772454
7.46470658175867,0.537473029891187,0.528343614656478,4.57660841416239,34.726457095195
3.19037523599152,0.0262021729722619,0.482822226826102,2.42285705072775,42.8219591092271
2.56388343324491,0.211953814506323,0.876016655704007,5.46891880534576,42.3225001466603
8.4886140459912,0.268010792760321,0.771420964505523,4.74806367705203,18.63874702331
2.58156005901236,0.0182436406612396,0.401682499563321,2.96707449174384,41.7332722681332
6.80603157366559,0.397759662454432,0.438347368501127,4.95169576090021,39.5503023784735
5.54164565991923,0.188284600448106,0.299499865388498,4.29421820890233,39.111696569053
6.89175457496651,0.38906407447294,0.590464166132733,5.42106511098289,33.1179915574297
3.53781487933117,0.0177300865396574,0.52717507421039,1.09001720772177,61.0443069981827
4.44555943355235,0.405630023197687,0.23609401518479,5.14983084224218,71.5988783949129
9.16118934798437,0.365657714174545,0.490652181906626,7.74739759705978,21.1192326399317
6.67778357082006,0.143078790744767,0.678269018884748,6.21635120508602,16.4116585800918
2.86873251348213,0.235438220192421,0.144383839797229,5.76963253893256,76.2316112114447
4.07186783153564,0.16596458456479,0.140427947742864,6.35531996265409,44.6341290296199
1.43645292371109,0.0227170760044828,0.729348685126752,1.70974686771012,51.5497040959628
7.87214273692776,1.06164294940637,0.895871056243777,4.00861573946162,68.035957789541
6.54745645941814,0.7718482490842,0.28482352453284,23.8503771008822,35.0674498289494
2.21143471440372,0.0413979676713453,0.0306768617592752,4.34065947374852,37.1126922797455
7.29323231313532,0.146338157355785,0.281719167716801,1.73397100467044,49.7777856091553
1.37134802063582,0.0231658491636252,0.746991171035916,2.13830033905059,51.7978178196368
1.61698958259755,0.109164866269566,0.231701525161043,2.99801747349199,74.0569503850078
2.66699603435816,0.0651306256186217,0.0678905169479549,2.78094391892836,68.7329814562374
5.82332939841521,0.116314343758859,0.532050715060905,3.8596865855588,24.8237232319772
2.71428048219678,0.0548829401377589,0.660182834137231,6.98670833570563,25.4473129222039
6.39691498923746,0.150012219906785,0.408634452149272,3.35539732945957,38.4669353169302
7.80455539165992,0.398825307821339,0.952963975723833,3.78821341921752,29.9150985896323
7.53079531998418,0.164156238432042,0.613159008556977,2.29306157719117,45.3659186083281
9.11077128088475,0.400864034714759,0.90392468450591,2.98833803179276,32.4811814927571
-0.220195148161713,0.0427856197572297,0.0152826821431518,2.85562833740366,104.218114699212
8.15943875559949,0.39250178307057,0.549794328864664,4.69387380483558,24.7768962757001
8.50625550560892,0.255149439432401,0.637001123512164,4.5286951534072,28.6166309035653
9.34690620017228,1.36276328230376,0.993727626511827,8.68600381801603,34.1525074355371
2.02597755994541,0.0882820470724255,0.291970139136538,3.65109405920079,72.3647311400801
9.54872593144003,0.237990924845192,0.839861687505618,3.47862767372945,26.0369851331175
3.91518102450025,0.199193108567075,0.184801936615258,10.1131459612463,39.2978605902169
5.56923563424629,0.272642164713445,0.60883214068599,3.64925358603527,43.6704624905272
12.9874936556601,1.36732250118727,0.585737494984642,9.86144600620323,36.2142602682956
9.05937847059833,0.29354034270041,0.441519785905257,3.11480133850615,29.9889782567311
6.59613050899834,0.143916554865427,0.722653814358637,3.88669020248589,29.5955699325166
6.66276274429872,0.164040750823915,0.91564248339273,4.22233167098466,22.9378985970708
7.95122301803309,0.854760626288963,0.75652497750707,4.77681746279913,60.6246761636416
3.07621049464601,0.0223229236435145,0.312897618394345,3.79263100271493,28.5680347511943
5.40806775483176,0.144580559339374,0.325169616611674,3.39559410964514,48.9240907669366
8.75491899651226,1.11172593099283,0.808993915561587,7.26965001522394,42.2054831216127
4.66171574351741,0.0376538280397654,0.0981057370081544,3.04279549529919,32.0520268185303
9.98464418801832,0.781158020677877,0.690623595844954,4.12214906308423,53.2210059792301
8.92438630162852,0.272113218006888,0.96934820828028,2.31294327760337,46.1721002112647
3.83136298463073,0.126523698563688,0.236873071175069,4.70665007365245,41.0966260338916
4.40704661093678,0.112426258274354,0.836205835686997,3.52089814967368,47.7629523034185
7.93521583640375,0.742039842489076,0.957748988643289,4.3632904795562,37.7747605098958
9.2513490378513,0.441804707029319,0.617745220893994,7.34495037796017,21.3876268745064
7.80503881053475,0.213515078769734,0.282039150595665,4.12775432321155,27.8599771930116
3.76501947614963,0.0892219736963264,0.705572545761243,4.9715804066402,28.3252928697492
2.12627725751748,0.181658417674455,0.792574335588142,3.36772892184113,57.4037210110791
4.00555001456123,0.119695977159271,0.457978658378124,7.64394267289236,28.2522705263532
8.08089704164734,0.595636222014362,0.810635007219389,9.3320554574932,30.3728434769169
4.27438298279283,0.0626175224315375,0.0439613426569849,4.47141161885908,31.5556194753044
8.23227526488492,0.403377498944706,0.590880520176142,6.69543955952241,27.0507958115506
7.50844047192912,0.212753375050354,0.960365047678351,5.97996369536067,13.317223439369
2.02781203456539,0.0318507496267557,0.27433364582248,1.86372603833805,50.1559423413803
5.89283681079824,0.215584079064952,0.877256878884509,4.46050621656037,38.2305165979287
6.16024675600665,0.259463415703479,0.659444757737219,5.33369840759032,23.2223732662656
10.1601520098959,1.2662380183952,0.721251531504095,4.37933109321586,43.0164883839237
1.81365767624679,0.137990765622817,0.374144859379157,4.50721570731664,73.6797517012552
1.88047136943058,0.0347845487438449,0.415150716900826,2.61766542062413,62.3534626598043
6.55135854185161,0.759245611116344,0.985599376726896,7.16182871754474,32.3539622840117
3.37155117742905,0.0223243612720469,0.580463912105188,2.33315492988416,44.709531377448
13.9251606250702,0.464189258383072,0.829861992504448,4.72045447389791,26.1030735192108
1.0263433439178,0.0177477871035508,0.327484353678301,3.60968017249439,37.9685542713316
0.945258563258251,0.0859793862327933,0.256439780583605,4.31369951104739,49.59174976282
3.26127726154776,0.138008221401833,0.0684161309618503,4.1902542938347,67.1191501330026
1.71937542840855,0.00998683051688867,0.0680377522949129,4.31978579668041,34.4860691706238
1.04247503724737,0.00180431296829738,0.675840142415836,3.1954034194119,24.7625120828338
0.239736184037376,0.0125340667513677,0.565051852259785,2.18954860699149,55.5190864290092
4.61017896475433,0.152110115846446,0.689654892543331,3.98646303870045,32.3476675950053
9.41670728857143,0.405972872374064,0.730047146091238,3.88158899668804,27.0292736116192
7.29620160241873,0.254197359540242,0.546421176986769,2.66428864420002,53.2913386052879
6.84738365645262,0.464180416872209,0.840450750663877,6.10463404596752,30.2520733333403
3.15862817309019,0.126874595764093,0.214545431546867,5.90518989516435,36.5288858738538
2.34655201960081,0.0207993996380834,0.707697693724185,2.68973102183383,32.8985807202646
6.23473609502508,0.132113648927771,0.780533401528373,3.6253917331484,28.4313997599177
3.27043351794121,0.02937753484,0.0665152862202376,2.44467666463945,45.9178892590022
2.5769381193258,0.0369964424753562,0.109608213650063,6.17036939520396,30.1488492094691
12.0558012856335,0.617731019357377,0.979813425103202,7.15466510317894,22.2938538821506
0.551635489226436,0.0043803530279547,0.534137501846999,3.27750996175084,35.4443075513985
4.60427061149305,0.082891215919517,0.104034313699231,3.94790079027541,39.795446611864
6.19568092463933,0.258754841077852,0.771862618857995,3.04153004447499,59.0455196398365
7.37053150066252,0.311527859409082,0.626576733542606,2.3127345344155,53.9825247427589
5.94763184501509,0.290800020553845,0.476472444366664,5.94882633375611,42.2238740837242
9.59270760920809,0.738158956128073,0.745232986286283,7.74280267355991,26.7328254456214
3.39817274685756,0.0258203527191654,0.299909974914044,3.54367909988677,30.9176685288
-0.214997995363093,0.078048795927316,0.0270040903706104,3.64709532107908,77.8827526504924
7.31028095246836,0.26402453155443,0.561802011681721,5.69912347429251,26.8816937818761
4.05977330736288,0.166550519643351,0.847331529483199,4.1372926195882,52.4309153400907
9.28899193844943,0.364573989413628,0.304274516180158,6.81363399670953,32.8446361540041
7.13419347210542,0.525007285611862,0.617610382847488,10.0069081136572,29.1382917427729
0.27460778051373,0.0329862338257954,0.461323784664273,6.27036002898896,24.4948962258528
4.29541477997151,0.348884396124457,0.415164253441617,3.84172824071418,89.6724130446239
3.70804163944689,0.07252811691736,0.106796901905909,3.92770411851166,42.4501544898356
8.18554127862184,0.684068475352758,0.583610769128427,9.6642321002812,29.2457577166844
5.60433182606866,0.266145637946877,0.740799664054066,3.41773007456357,62.1341899448551
7.82894689925372,0.931233753863365,0.904318628832698,5.3838969461853,34.2019499525172
10.9360156370239,1.10437985223936,0.944788557477295,4.95949246350908,47.438949965327
-0.334226911593903,0.0225975781213492,0.728109704330564,3.30101400629769,35.1738445880939
4.75630244729308,0.445003809386349,0.776597403688356,4.36411826521034,50.0778914268136
3.51312800069208,0.126996129285544,0.134310647612438,3.65151350304447,63.8183327293359
4.93568087792479,0.259463211783331,0.620863673975691,3.25797151608322,44.2830062169466
7.40178469046077,0.969742556515724,0.830690531991422,4.89080730713416,47.551928501139
-4.31404225523908,0.00106607231412599,5.98281621932983e-06,2.0722040355471,62.781838535882
5.90539545907531,0.152360812411644,0.286186263430864,4.12557988483482,44.4078771054281
0.800787681749634,0.0175579495262355,0.0857502596918494,4.62064786619328,40.4243523085208
2.78290274669123,0.165737422009855,0.372140428051353,3.81920350057609,49.1553160010419
2.32215265554029,0.113032538443804,0.130575348157436,8.99817958587512,35.2351473779314
4.62580941632065,0.049765640636906,0.365555422147736,4.52757061461365,25.6537424644181
7.84923937079381,0.618229565644795,0.889652816578746,4.28455816954315,41.6854779084385
4.97330093186292,0.145133139682002,0.37468538316898,3.61666400311445,43.9422016490329
8.67834928923426,0.246680021479218,0.747108773561195,5.15479823524509,27.0885798856431
3.94641520133328,0.185419174352786,0.283996193902567,5.14129215085685,35.4452442670996
5.09050647333995,0.0775165733719922,0.719130947021767,4.42439597164917,25.2971587323161
2.56509514850856,0.0189110167557374,0.131332257995382,4.62732495708287,32.7662700351741
8.05643785027848,0.826705655041051,0.333120489958674,6.85248881928141,37.9779940427909
6.96112504520793,0.433699244146651,0.330095354001969,7.03164958913185,39.0955059461885
5.40087342557389,0.0594623427605256,0.573257436975837,2.30709779685394,31.6428490108953
7.58177467199364,0.250075855663017,0.869963420554996,6.52730626150709,10.8756497103461
5.94245600947693,0.388515481238669,0.913829248398542,8.72672033379313,21.8406555873012
8.48172756035809,0.171009608078748,0.410503012128174,5.59623595428366,26.0452153037516
6.1845119770752,0.233203809882974,0.742918423144147,7.11058386306096,17.3532000176408
5.04549824750241,0.080580173005945,0.500385549385101,5.68894855916824,20.5572638526516
2.23296544493821,0.0433143060654402,0.809766171267256,4.69375539772157,38.1698260843755
10.3023076762103,1.72585153151165,0.998101868433878,4.0452594976801,46.3728557440512
9.34529848810162,0.335285054742101,0.894346175715327,2.31101819638929,46.272570239613
-0.42909737731156,0.00116830080301269,0.0115825310349464,3.1298707027651,43.5237271279243
3.479142636271,0.231710990995391,0.868499307893217,6.05921531148386,46.6103821435273
8.19660105701757,0.935754345211774,0.523381951963529,4.20226022655568,76.7097137199535
4.59163970684395,0.0478329968173057,0.165708305547014,1.71037806502436,49.320196758612
4.80887452154197,0.060308798472426,0.269383320817724,3.75074741069152,36.241676578241
1.80022160567976,0.0364751743618399,0.288072656141594,5.04329241775959,27.575807991499
8.87442028584163,0.339615014138374,0.532901678234339,3.8367384629575,40.1234893557202
9.16306980220849,0.451333572601384,0.933060974581167,4.57188488010451,20.6412274660394
3.18464927540806,0.0180362794781104,0.331155673135072,2.07036698761061,56.0016456245984
6.13684389126302,0.0946251208745997,0.276608413551003,4.33804736665931,37.2292240489435
7.75524218363148,0.646839182035152,0.677488582441583,10.4157250758859,22.1309016954975
10.5067777301682,1.20628467661546,0.997915985994041,12.9249134845747,24.3935797511873
1.52785002948367,0.0219883871031925,0.0744945576880127,4.11417940323092,42.562287958365
4.44199363096638,0.141256089671515,0.484073757426813,3.84364354755116,46.1191163342717
3.03338073955736,0.0662843368700288,0.556129029253498,2.01218958790389,58.2114363850139
6.38606995501281,0.307262441831383,0.512504235142842,3.26771072711158,52.8723290045027
-0.516637388712172,0.0154491113498807,0.322186360368505,5.84707344560241,24.8269061586598
3.26150992951406,0.131249880534597,0.772151686483994,6.37462315413295,35.3923150106392
9.29694046160177,0.823596205520344,0.52401065081358,5.5252301331261,46.841209889123
8.03091871734991,0.495670395882285,0.231749669648707,3.96502404751347,49.6964344574463
1.81472663131815,0.0369411271531135,0.248020481783897,1.96434475768064,49.6400576079839
0.141041493173516,0.0164354840526357,0.00553290639072657,1.78242733423145,55.7985052790707
-0.443832527565492,0.0946689230622724,0.751005691476166,6.58864590851899,47.0403860637425
2.75166320848469,0.0491877719759941,0.519308651331812,4.69554987285099,32.9177735500319
7.90310588927702,0.502589930293566,0.882045714184642,7.83029891303184,16.6903785450044
5.5941143599277,0.0680516195716336,0.618084302637726,2.1718806577349,32.5217919353219
6.13740427673349,0.125687762745656,0.757329465122893,2.94084715657371,33.609389482
1.2046512199164,0.0342037811642513,0.653244936605915,2.24701998513128,63.4690942618075
5.53032904037758,0.170044640777633,0.557966903783381,2.71047114407477,56.2858548048905
9.56817068840906,0.210864446581084,0.805992756271735,4.30895898304998,17.7322148957176
-0.552827994503605,0.0702168554804679,0.769677731906995,3.3487027196506,46.0469199092053
12.18092017206,0.935744782391578,0.821504967985675,9.63740493321402,22.7379156811318
3.54427065708221,0.205797228801894,0.0846511917188764,7.05047769211135,40.2683339376251
7.87705262901877,0.746792252810122,0.268474731594324,5.38007077103461,43.9042894870875
3.57255582543333,0.229525983323085,0.0972863337956369,6.47664108134675,45.3790851246963
3.1669070060063,0.102217206382193,0.15679679135792,3.28974262363968,52.9308222960118
4.18582297784643,0.0625790418661751,0.599246948026121,3.29195890460576,36.880261352946
4.92503007034963,0.0970925155561417,0.831244435394183,3.19378364163844,26.5786315129301
8.10551430621429,0.251478676208037,0.9342855096329,4.70898389807488,24.7374369426149
10.3883756813032,1.73760973931032,0.649979558773339,10.1856011709996,34.0211555060102
10.1190527946033,0.93964992970565,0.472385929198936,4.99311886667018,58.5764060868228
3.17914523504741,0.0697424918180332,0.168446678901091,3.32267597593914,41.7857617251232
4.8443927190111,0.413265171905464,0.517786598065868,10.4414344156216,34.4559561807247
2.11833797356096,0.139031889964826,0.06863172352314,10.6157294585049,40.5270950738695
