K:5
N:1000
Gap:0.176292155004698
Rho: 
1 0.8 0.45 0.2 -0.3
0.8 1 0.45 0.5 -0.1
0.45 0.45 1 0.1 -0.3
0.2 0.5 0.1 1 -0.5
-0.3 -0.1 -0.3 -0.5 1
X:
91,5,2.49220187343009,0.241729842775422,0.178216239903122
93,8,9.83960823104791,0.591883945809557,0.205654426245019
28,3,6.67721886845723,0.132073347573169,0.0905212711077183
83,6,7.95784219702336,0.124744867091067,0.533178958809003
64,4,5.66292508710907,0.0937922826269642,0.0723134006839246
51,4,4.05492463110379,0.0224853242980316,0.714185740565881
73,7,4.20441600229901,0.34297998038933,0.423632622230798
13,3,6.66090333679417,0.181868544769216,0.340172962285578
65,8,3.70900678979491,0.284327197725418,0.573099577799439
70,5,4.64998790864199,0.130064174416475,0.48059436888434
45,5,4.25166679133928,0.147887992789038,0.859306933125481
71,7,3.86050821760252,0.178528520500961,0.758482729783282
93,6,5.22232017234314,0.469248110873109,0.124103783164173
25,4,8.26687921425217,0.200088277215812,0.561532946769148
46,3,7.95708829701566,0.0680444230092689,0.286136179463938
94,8,3.65771222059481,0.87726176292041,0.104712298605591
97,8,9.84435925815764,0.198503001016752,0.12183020170778
11,2,5.06897100804967,0.253619854049425,0.20220509218052
47,3,3.71282169395722,0.0898368355119601,0.126400095410645
56,7,6.28849820872271,0.14169946743641,0.724245266523212
90,5,4.37687739290016,0.111418015664166,0.17836375022307
13,3,6.02753609285045,0.0458787635434419,0.665484522236511
98,7,6.86305814656988,0.0701977822463959,0.442464901600033
94,10,7.32227788527712,0.187460711681026,0.642013380303979
8,2,6.32261590682256,0.00271902640815824,0.853579170769081
51,4,1.52556414271065,0.017760356888175,0.866118079749867
39,3,4.85356667959262,0.144909172784537,0.471948805497959
90,8,6.79617795770318,0.0896062524989247,0.960480391280726
44,3,6.30785261186124,0.104831409874947,0.0798972463235259
83,8,7.15629908986692,0.168161961599253,0.407536750892177
73,5,6.93848399236079,0.11935818369966,0.1542002200149
81,8,4.91697552315908,0.235097935645583,0.749416364124045
38,3,5.62530321568875,0.327999561316076,0.180858613923192
68,6,7.65521456265725,0.0872953263797328,0.780382046243176
0,1,2.41400005465324,0.00102644052822143,0.786127320956439
83,9,3.81561803309716,0.501227189765728,0.455146431457251
0,2,3.04703260690767,0.202756312279548,0.181694803293794
20,3,5.3915515088705,0.0313498957629658,0.846109459642321
90,8,9.85078613892032,0.471527386772174,0.278695496963337
61,8,4.46844639350105,0.23262088520741,0.710683027748019
37,6,5.94090029996049,0.178112681944597,0.750819030217826
43,4,4.26970062980282,0.448082376250482,0.142100181663409
3,1,-4.00704844972435,0.10751531762071,0.785727649694309
97,9,6.26775874883961,0.1889088882494,0.645370782352984
43,6,2.26034194074879,0.796176092210741,0.251061322400346
95,9,11.9274893642785,0.0699181212955752,0.84826900344342
88,10,8.07940977750199,1.0804383130114,0.038355928612873
63,4,8.23041117766077,0.0254254370229319,0.515275017824024
97,8,4.26776916039399,0.100980188324392,0.808006282662973
61,4,3.01754206481833,0.183276360260329,0.115453046280891
33,3,5.50347894464417,0.00927229135972588,0.937521578278393
34,4,4.64703210289914,0.152726883767173,0.661114300834015
39,6,3.60287210368518,0.207864804881367,0.779341201996431
78,7,11.0233905044909,0.466570123348223,0.0946063764858991
3,4,2.17047165237598,0.581098329264064,0.367246225709096
74,6,5.76782596935292,0.331659126084972,0.0859042590018362
67,7,8.51200451082914,0.07729252288118,0.877977614291012
17,3,7.23715379343548,0.059291173964661,0.627014613710344
26,4,4.9088544639288,0.0283605031430076,0.930893558543175
51,5,9.21921538277244,0.162437021150254,0.123041256563738
67,8,5.67769193278949,0.236296389008614,0.940376906422898
98,9,7.32609182606803,0.100362716475502,0.812261554645374
75,6,5.05309354985768,0.237888341991904,0.339778576977551
56,6,4.69707480392605,0.582426687205368,0.392954169772565
84,7,6.0064233428191,0.546281217888062,0.0951935525517911
18,4,8.11089399090046,0.0724730545189232,0.765441698953509
27,3,5.61803372819441,0.182885246443778,0.251368328230456
82,8,10.4803917722498,0.432279783189003,0.286546990275383
69,8,8.31521335581554,0.293651648786593,0.24218435655348
24,4,4.89651641361605,0.529957276846783,0.166690756799653
4,1,1.02837157650451,0.186604390577268,0.368510894477367
14,2,0.862815201658102,0.0118014929614898,0.831085043493658
21,4,2.69217938345344,0.154401493491605,0.739644012413919
47,5,6.24602304664925,0.619673160338932,0.0134376871865243
19,2,5.84754281733151,0.107485688873567,0.0620767537038773
71,9,8.73619828179257,1.23846517169947,0.274714965373278
0,4,-0.277499519315986,0.166329067433253,0.958248288370669
37,3,4.08903792874809,0.0667557282140478,0.618039635475725
51,6,4.7692801093802,0.124670802149922,0.495839260984212
0,3,3.01465079419554,0.513928844572461,0.320331165799871
58,4,7.03232199542018,0.131730252760462,0.024093234911561
15,3,3.90892752518348,0.374991862082338,0.507579211145639
35,5,0.70128276454977,0.192742748641151,0.969157531158999
64,5,4.3441588409522,0.0761760505847633,0.350349842105061
77,6,9.25784759779419,0.176378566539454,0.0636619625147432
56,5,3.16916535734981,0.22843972708911,0.336101626046002
23,5,4.38644080321132,0.701144007923913,0.525245514698327
8,1,-0.874556152425273,0.00190760591067374,0.942082514520735
8,3,-0.523632838559808,0.371690493056035,0.833074240013957
30,4,4.60168110309828,0.215489509870386,0.511147000826895
66,5,4.36384208570131,0.299834321940991,0.257441501365975
0,2,5.78004542137251,0.0658982350723818,0.830336586339399
20,4,6.61517555369429,0.0957979543600231,0.537135802907869
93,9,9.8178502937214,0.110768681624904,0.762513243127614
92,7,5.30085513413502,0.166316306218505,0.334032648010179
73,6,7.57328563464036,0.290320293134152,0.116404080297798
33,4,7.44311434458302,0.0208164340816573,0.74002056568861
51,7,10.5549884263344,1.1181938702354,0.269872297765687
74,5,2.56858267631411,0.267724547302586,0.226039639208466
61,7,7.07774307450844,0.542682067482753,0.202850436093286
62,4,2.05431380898733,0.0168529943330213,0.951359306229278
21,4,6.86611620403297,0.0658449766970722,0.980292773339897
21,3,1.33087258065994,0.179946042586792,0.731179059715942
38,5,5.42882504930525,0.223213051668111,0.684731799643487
94,6,8.82899502098276,0.0344135629711673,0.632294091861695
96,9,5.12713366104772,0.151834790827706,0.771270244615152
73,7,11.2307270848961,0.324699043052945,0.10000012582168
73,9,6.90516029043507,0.883915664109975,0.228470430709422
53,4,6.75706913295479,0.0524842798477039,0.418740693479776
0,2,-0.44720036597265,0.293006583339277,0.429072693455964
60,5,3.3773980630038,0.0409246600465849,0.610840507317334
83,7,4.05107497185501,0.086953220074065,0.619788683019578
75,4,2.48387561739179,0.0697223738534376,0.223763223970309
45,5,2.42277329026002,0.172635865281336,0.92725439905189
53,7,9.4866968621435,0.463876491458566,0.343760553048924
53,4,0.513601930120736,0.111201339957854,0.327585985185578
0,2,5.57706828775194,0.00940864848889132,0.961286452133209
35,4,-0.140423907115716,0.162390962592326,0.933796968543902
61,5,5.0062155499693,0.211228266115043,0.126319317845628
82,6,3.58873167661871,0.264904630176311,0.211657227715477
35,5,5.80317493286857,0.445844457929438,0.322221303591505
41,5,3.35575566298592,0.484323931836939,0.45744369411841
57,6,3.48404048728644,0.121465707266663,0.880504162982106
58,7,7.25336246239547,0.175558857376429,0.523842453258112
71,4,1.46189412675937,0.0596435681154231,0.693556910613552
39,4,1.85051577705851,0.27402774709158,0.391818105941638
91,6,3.24064473406392,0.0375379417091608,0.863494800636545
96,9,3.94085694781656,0.0985044481838353,0.862685369793326
23,5,8.21866994736816,0.110342290950939,0.944209013599902
72,6,2.89164295956056,0.81882671102498,0.0804116954095662
90,5,5.84755768331796,0.132592531270348,0.371628657681867
60,5,1.54687956562529,0.244915707200346,0.302477446151897
63,7,8.73203721493168,0.112020138301887,0.797607654472813
93,7,9.75675335651461,0.320438256011087,0.118393226293847
85,9,8.28550912327247,0.345770858450535,0.563606374897063
57,7,9.01483034683519,0.0972690323833376,0.614218999166042
82,5,5.32119614923159,0.015115431160666,0.34398827678524
11,4,-0.480462391897678,0.559968697148969,0.237409366294742
76,9,12.0582200870911,1.07503682089256,0.134429644793272
62,5,4.90539222760166,0.148088207817636,0.313470047432929
14,3,-0.0956182372714443,0.290188247560266,0.710420979885384
8,3,4.46328547165834,0.0856663095701795,0.954591974616051
46,5,2.99003999935008,0.195582912293005,0.424922413891181
77,10,3.7760275715969,0.440162162741131,0.894623114960268
73,8,4.87488034188189,0.607400728323254,0.573249749839306
81,6,6.11430581977215,0.0102035468521026,0.893312251428142
17,2,1.87691220018669,0.113848551758565,0.344810991780832
94,8,9.13619798746489,0.0957033420775148,0.460524891503155
29,5,2.46492957161846,0.28795249153741,0.805261809378862
14,3,1.37368867920898,0.353479035467951,0.391743558226153
71,5,3.51448021639866,0.0210471217287704,0.474285071948543
32,4,7.48090830261019,0.309947386976278,0.314074592897668
77,5,7.84981531586191,0.12001684110146,0.30649317195639
39,5,0.0812378098809878,0.869875026139093,0.547628085827455
67,5,1.0804440818424,0.292994254491034,0.115590674104169
77,7,4.06188057328841,0.132263696053997,0.82520509371534
18,4,7.51739225893482,0.548411625871593,0.239013900049031
2,2,6.11164956350973,0.275298133249137,0.2654308618512
13,1,4.28183152696176,0.156422085361555,0.415448866318911
68,6,4.81009553092918,0.578642558208363,0.31493684113957
93,6,7.81275598461814,0.0228648219271127,0.865634625544772
55,4,5.30133613212791,0.0594108981313184,0.236290834378451
60,8,2.22119448981584,1.69263600874553,0.226119281258434
19,4,0.349132003243342,0.0773611733920217,0.983319314662367
53,5,7.36776186852931,0.0277708646524432,0.586333869490772
17,3,6.14903911498974,0.115624318132177,0.853558455128223
45,4,2.68265812881419,0.419072229394174,0.107728252653033
31,5,3.1221957732491,0.819082818883372,0.245787384686992
11,2,4.84083071537065,0.00136024062521756,0.938364007975906
18,2,1.680971033238,0.241879108118567,0.0192205067723989
72,7,6.76127038272331,0.91570326729936,0.318001365056261
41,4,2.51446310017472,0.114436675900276,0.47647207393311
41,6,2.28385929851387,0.218150681365856,0.572038550628349
48,5,3.00590928936641,0.0781613795552403,0.92542614438571
42,4,3.60015209703618,0.303432100724802,0.0251009329222143
13,1,-0.698786855126308,0.114041961845942,0.678909936221316
82,5,4.59423880763237,0.209491591201826,0.19698411389254
59,7,1.6508041241709,1.05439913570782,0.215718385064974
79,9,5.43980686226092,0.301241697965863,0.86932004452683
76,7,5.28511573258701,0.709601020994472,0.0164508074522018
91,10,5.83658588969005,1.27033466961723,0.275334154022858
86,10,7.70258789788636,1.36888724232191,0.0768932127393782
31,2,3.96154334208764,0.0451982803208467,0.332732059760019
25,4,0.231888419573357,0.707419663913445,0.332225148798898
74,8,8.43245472254377,0.479677807053036,0.667875312501565
74,6,4.43480736739894,0.0377303816944014,0.946051294915378
91,8,12.5779245516529,0.164660926093347,0.726574436761439
79,9,12.2543116756744,0.314018952184099,0.760159662459046
13,3,2.71402979784007,0.203725979652929,0.530267536872998
28,4,8.43043468084018,0.354246234280802,0.144605219596997
19,5,6.90794644733786,0.716531866225754,0.209572155959904
78,7,4.90548004585816,0.493405000592886,0.292342206463218
12,2,0.727606287857053,0.0279697398162946,0.980166650610045
12,2,1.59949343255271,0.168046910664998,0.486685219686478
7,2,4.9035839797777,0.0279717407190813,0.564176719868556
5,1,5.15951688560156,0.000743894255720079,0.511490748263896
53,6,1.94094441464343,0.729970056521607,0.407205651514232
11,1,3.18610522005526,0.193279115369928,0.0199293359182775
74,4,1.33809779052497,0.0331967432284728,0.794664614601061
73,8,6.23487732724613,0.517733570632941,0.441563143860549
88,8,7.94914306361479,0.364065482804474,0.114788589533418
51,5,6.81911709085951,0.19860257160731,0.321382105117664
85,7,6.21095249575288,0.0546699671540409,0.577122671529651
44,5,5.59738698586435,0.490127139238125,0.165079338476062
15,3,4.09104911525997,0.221353275537767,0.580232708947733
44,7,3.92249056238484,0.170149166602641,0.948706022230908
96,8,5.11881277604061,0.0569492472693408,0.582438324345276
48,4,6.23196144188295,0.0379633588017896,0.388318139361218
25,3,7.34689523991344,0.0399356149323319,0.739685517270118
25,4,1.47299139182406,0.0262334219878539,0.961324559524655
54,3,8.79393456204071,0.0540392402326688,0.0451930686831474
64,5,1.30686660318994,0.026370504677344,0.970983648905531
33,6,6.61691345698147,0.428146610015488,0.582755177980289
6,1,5.48584916611933,0.035607112847069,0.51220139558427
45,3,4.59395303074427,0.0432144208539394,0.192660220200196
83,7,3.38613793661469,0.236805114184906,0.407727639889345
57,7,1.45537474126753,0.258071032459716,0.926411842927337
35,4,6.93757664855885,0.167966182227246,0.574198266025633
54,8,5.05867213857257,1.04713862103628,0.360413340851665
89,6,7.38402559863279,0.0716910639312118,0.64066422614269
48,7,3.70265509742422,0.352234851375903,0.755533325718716
17,2,2.55788655786305,0.0131058423238191,0.778456903761253
54,6,9.09108965145976,0.261032609533195,0.562407861929387
96,8,8.2984713698672,0.153338160947897,0.235839103348553
31,2,3.13292063719586,0.132774010766298,0.0308637660928071
82,7,6.66585124422428,0.0767833366990089,0.864321674918756
30,4,2.62699344827647,0.398787259568876,0.352187439799309
18,2,-0.512843735705848,0.0412710474338382,0.739923971937969
4,2,-1.52390995873732,0.0150046310442444,0.869457402965054
24,4,3.78805446629325,0.409242242758808,0.360724863130599
35,6,6.71613494436192,0.253362806045319,0.816141484538093
15,2,6.49781195131476,0.0335675348160448,0.687893819296733
30,4,5.63513013730801,0.0484146857634187,0.952970046317205
1,1,5.70925371707996,0.106791642001669,0.277374002384022
99,6,6.78110339898767,0.157528381794691,0.201582632493228
80,9,3.72424702533985,0.262425639423284,0.88484097761102
8,4,-0.361169321890722,0.1168270658236,0.986493383767083
86,5,6.48831145410379,0.197074719228524,0.236593118403107
55,7,7.00368393590179,0.200494417677376,0.653371487278491
42,3,4.28819937785846,0.025732459500432,0.675892999162897
6,1,0.489048293408882,0.00062603410333395,0.863090778468177
56,5,2.78651286921444,0.184045370890501,0.81187836243771
7,2,5.76641591686369,0.23643198305622,0.0500771459192038
21,5,4.19499730834027,0.136111030122265,0.943676076363772
54,7,8.22553867788985,0.824828659378528,0.228227078914642
48,6,5.31136137824404,0.16539865010418,0.611996388761327
15,4,6.13575166492318,0.414395482411959,0.195464361691847
14,3,2.73272304436251,0.0435159724438563,0.962645842460915
49,3,3.38391291023568,0.0145882852375507,0.562921826960519
94,11,13.8790578385788,0.148436507326551,0.874892769847065
33,5,7.03022924332789,0.624953920862677,0.292410971596837
18,3,-1.16368812373379,0.252359617490995,0.649019641336054
26,2,2.65031897920171,0.269668114361096,0.358373364200816
53,4,3.73051702079964,0.201501619991589,0.275099008576944
2,4,0.393594259790444,0.123574331053533,0.999076392501593
79,7,3.80098868387178,0.0534864233298757,0.574003859888762
11,2,4.7757257286266,0.117167203996737,0.472324463538826
53,7,8.89401784133042,0.936228313896448,0.0810536730568856
57,6,8.07743998798598,0.310341574939641,0.450164094101638
61,5,6.41768025614708,0.0203860436969095,0.912959975888953
71,8,2.25658094974682,0.471612917703992,0.378025175770745
12,1,-2.47234354182171,0.0132581968791783,0.974235605215654
31,5,4.1925876464102,0.254064028373662,0.427840331802145
94,9,5.25099356784973,0.691600528048509,0.305111110210419
50,6,6.23268457592038,0.909713198843986,0.297868614085019
13,1,0.192910466239464,0.0017054008387025,0.848657661350444
86,10,12.8509100583871,0.173484661480551,0.638897697674111
20,2,2.56573002393708,0.0719545562150758,0.68540567252785
92,10,6.59801545979783,0.282965239825401,0.754238245543092
88,8,9.74103793098095,0.292926707061681,0.358628852292895
13,2,7.29184232576091,0.0716960554709658,0.296018190449104
78,9,3.32606396560789,1.24106253639542,0.433142215711996
45,7,2.82254200936928,0.123324873973615,0.838124830741435
13,2,5.73927000428638,0.287270162011239,0.103906228672713
88,8,9.74493679536593,0.194320386221069,0.48580731311813
33,5,5.84180390651741,0.0762021876623598,0.932276937412098
31,4,7.93469918328328,0.258293262672353,0.149636822985485
40,4,8.58616908302422,0.261304060059203,0.261740053771064
47,4,1.62928133333398,0.101075854036026,0.71665290882811
36,5,1.29080327453681,0.0680776041028852,0.982037530746311
46,6,1.8741625453333,0.858991567003441,0.0948778323363513
4,4,1.86541698737671,0.310895597318861,0.677333181491122
18,5,5.54531576846426,0.481533290797329,0.716011642944068
98,8,10.1130741787692,0.125926774926484,0.168110899860039
32,3,-0.485381830928643,0.413972571471191,0.08790870802477
17,1,6.46265811326396,0.0182475009244856,0.350040124496445
48,6,5.75552342080098,0.224361582415852,0.567275054519996
1,3,-0.00860889182146352,0.410480353960252,0.180055105825886
33,4,8.23154476325173,0.0415382977807894,0.695922393584624
2,3,2.03265662163422,0.372757003546646,0.410572361201048
86,8,10.087681394979,0.0808890347834677,0.843014703597873
73,8,7.2733769404254,0.851151779252005,0.379255539504811
31,3,7.26946506971207,0.0577720200445389,0.223795428872108
38,3,0.120301903539628,0.0538197224618391,0.693850868148729
33,4,2.68656349493205,0.143864515470341,0.490497072692961
8,4,0.250772759590536,0.399956713800983,0.694578029448166
75,5,2.53694122414729,0.108130232896656,0.215094100218266
60,5,8.44834615942278,0.187406826791907,0.41718826815486
14,2,4.64045926966035,0.0748880234314129,0.709443168947473
3,3,2.41188384758709,0.129486903198995,0.905442965915427
48,5,4.99406831867315,0.0799354598810214,0.86752344458364
44,4,6.75038956447473,0.09506826242432,0.243722091661766
6,2,6.13342618449379,0.00738941004965454,0.845351020339876
32,4,1.39015677112649,0.101778167649172,0.895628134254366
87,8,4.14652862595555,0.165640811552294,0.700318675953895
93,6,7.36132303740477,0.102981112333344,0.17688471544534
39,6,4.13846424112476,0.193552278603844,0.892552375793457
15,4,2.57488387965807,0.133131428039633,0.98237212584354
31,2,4.54579472890427,0.0907623999519274,0.142000924563035
30,5,3.2028221942469,0.193459307531568,0.842071327846497
10,1,1.07437660347404,0.109521962353028,0.529236596077681
97,6,3.8034131440754,0.0548238862554928,0.214489032747224
49,7,7.56095634340524,0.323838534643084,0.613316891016439
9,1,-1.80803173778736,0.212822590333512,0.318416161695495
21,4,8.01616088125633,0.461971919962621,0.0354182193987072
93,7,3.85615658945171,0.232913064061406,0.613734740298241
29,6,8.99462077016423,0.203288264710091,0.539205106440932
65,7,3.36191560071884,0.354902113766825,0.626901394221932
90,9,4.48012957583183,0.232536504267457,0.866814514854923
99,14,8.39582838545619,0.698406012686801,0.257254395168275
43,3,6.97806532350513,0.109362908522598,0.528054852737114
39,5,8.6171924645347,0.392827381659989,0.104275809135288
14,3,6.59150439931719,0.115175604471005,0.538961235666648
27,5,1.20665539843396,0.423206395074276,0.869764595525339
56,4,7.18596774525926,0.0494099551578984,0.381404742365703
93,9,9.82660449163575,0.537017713748741,0.301484944997355
35,3,1.3872711142594,0.194507685013789,0.313981386832893
84,5,3.29091650234726,0.0738798854872584,0.277179657481611
72,7,7.03380022327277,0.51957541562379,0.0381164546124637
75,6,10.01774681989,0.411947763038284,0.00779280415736139
92,6,2.42251542791924,0.0660888558131285,0.669819406233728
0,2,-0.446858262019365,0.362235263969103,0.392700317781419
16,3,7.81351472983199,0.0349682449582095,0.919970531016588
39,6,5.7289206077027,0.730794176417303,0.239006570773199
67,6,9.24390645145579,0.156216144678183,0.242690581129864
48,4,1.96804762844615,0.430015021448439,0.379297346808016
53,5,5.20125397558137,0.063117686775513,0.93930603377521
31,2,7.23308647702979,0.102594753727317,0.0108298084232956
81,8,8.40244782932296,0.308611803910437,0.359018124872819
29,5,3.92499868672587,0.272042710280589,0.712250487180427
40,6,6.85526345515702,0.161579430568963,0.677109076408669
9,4,1.69957254282821,0.572059913972551,0.7450837851502
79,8,5.20307254894042,0.103444224638137,0.880245009204373
35,6,3.1704876177555,0.544184923606151,0.566027777735144
4,4,7.25946358270885,0.670517071584398,0.602623891783878
4,4,-1.22795183157979,0.189457273518035,0.904310615733266
95,10,5.5470707697364,0.254845717911351,0.786849441472441
37,3,5.59832226937882,0.0426366307074204,0.295081263408065
80,6,3.56612075620178,0.357735147213048,0.341233361978084
91,10,13.8409646463354,0.208081289416853,0.563957490026951
44,3,5.00892326205853,0.206087270973924,0.0707973320968449
57,7,6.6518429124368,0.158206401043572,0.928317871177569
7,3,-1.27656214638166,0.297133391945365,0.723494470817968
16,4,6.92647357622025,0.526872085433055,0.377646781504154
73,7,8.49110316887924,0.659993324779655,0.0388305694796145
47,6,4.38803221237775,0.566830254594022,0.437789387768134
68,4,5.05570182193392,0.243736168359149,0.296700034523383
95,8,6.8283357202847,0.921352782699853,0.235349524766207
49,4,8.89348751577903,0.0457638732800013,0.816056346287951
47,4,3.12844951103157,0.0527907782234251,0.655697515467182
56,5,1.10152103525526,0.454291706883764,0.314776478800923
65,7,5.99414370612861,0.147625366225839,0.923447547247633
27,3,4.0200907125848,0.37715785296396,0.302044411189854
97,6,4.14310309134432,0.116247822064906,0.436061908490956
64,7,11.0367897607786,0.102959516923875,0.689741745358333
58,6,3.30594405016916,0.0855518422322348,0.960721805458888
61,6,4.54826589629213,0.253836544804973,0.264803594676778
92,5,9.93039848723785,0.0620811179359572,0.131007900461555
39,3,7.27377983164916,0.0351080760803487,0.592121254885569
28,3,8.04424281649691,0.274243591808456,0.126629364443943
9,4,6.8593230050012,0.209797966516319,0.679200809448957
32,5,6.28109667902054,0.665945699872607,0.37990736705251
75,9,8.07681649976171,0.323627400434318,0.770308241713792
10,4,7.23662111908435,0.625118695633644,0.109842682024464
71,7,2.03403571454945,0.535797863705753,0.209567120065913
96,6,7.67346039409018,0.111007399274968,0.4014209411107
20,4,-0.552634662290428,0.21062009577403,0.665049234172329
10,1,2.08437744803911,0.0549421128816903,0.695077557815239
5,3,0.694870098226728,0.528361170254279,0.689351649023592
82,10,4.34082284306468,0.672068173499936,0.288462748518214
58,6,8.57914972487257,0.0401363718961727,0.715826901374385
47,4,2.40237836702696,0.38454561352492,0.355556985596195
36,6,5.46642997180585,0.912412406358511,0.254477799637243
28,4,6.07165549139137,0.232645835716951,0.108990251785144
59,7,3.7316990754504,0.13148815499153,0.788701898884028
81,7,8.028867503974,0.306902086584571,0.428413206944242
9,4,-0.555783221302076,0.066422576433979,0.986264277715236
96,11,9.28303142722054,0.491061267887658,0.574965490726754
16,2,2.13375860287641,0.163265507319011,0.570432491134852
8,0,-1.75946685175969,0.00926139438174214,0.885319510707632
86,7,10.4083042448367,0.407762056433569,0.00756995496340096
52,3,6.71645576633797,0.0230370750739402,0.295775370206684
65,8,2.1048769105382,0.345881030651483,0.825607311911881
22,4,7.97787312893796,0.315263445711437,0.190769230714068
72,7,6.97160853708728,0.2587085616525,0.621231532189995
49,4,7.76922867913019,0.0451718060066923,0.381583323469386
96,7,7.82587610087383,0.514881241579956,0.0968100000172853
90,10,10.2231525716509,1.37483873630042,0.240738925058395
55,3,8.51153154196307,0.0643828814896154,0.107222578022629
7,2,1.51500387346051,0.264986593964252,0.504558296408504
2,1,0.967815115362537,0.00446847643739202,0.656383508117869
51,7,6.7560330492038,0.398860969559705,0.805014624260366
63,6,4.87955536349089,0.0552564628887922,0.889549133135006
41,7,1.81669642342442,0.383578529560423,0.896532833343372
87,9,7.27927878703834,0.27615759683654,0.599369699601084
10,4,1.40734264195757,1.11094572109388,0.618086154572666
98,7,6.67682878195815,0.275231193797006,0.142927850596607
26,4,3.50309295445615,0.13916903664358,0.470267218304798
8,3,6.37997639117385,0.0814260942861438,0.48520166776143
38,2,7.17257773780184,0.00256878770812546,0.448471421375871
12,2,6.34849497114728,0.346390521143305,0.0669088300783187
58,7,3.63390238315691,0.464992554831762,0.760625669499859
24,4,2.41558611484259,0.196938416278708,0.95311199571006
72,6,3.97434888495611,0.132453263573288,0.448027335107327
14,4,3.95094048359704,0.100987229631739,0.928191032027826
15,2,-2.11484025861369,0.263714645280245,0.436359438346699
25,5,7.35060989629048,0.297236848844889,0.636855792719871
77,8,4.5029416127385,1.15966340613769,0.362748032668605
42,6,3.95115736583518,0.612877823006988,0.158752301707864
6,4,5.89800690006832,0.173521937226654,0.787691409699619
11,4,3.37341424140551,0.284329356382343,0.532079274766147
48,5,4.92251081259432,0.284528675801825,0.587872771313414
97,11,7.03234173976016,0.159846121096052,0.716242655646056
81,5,10.3559604284113,0.153992536128499,0.0213277558796108
54,7,6.45727408318051,0.58354030384228,0.232434441801161
7,2,4.4672387566647,0.178900522035159,0.109820181271061
46,3,4.55166793035666,0.00846810677089422,0.576569348806515
33,4,2.39251088682114,0.0485274555093906,0.908242701552808
68,6,2.72127351033254,0.0524152966681868,0.895506104454398
51,4,0.917108264821095,0.336188202247697,0.211727228481323
51,3,3.3049960973903,0.288950990176502,0.00918837613426149
54,5,7.13681622118451,0.119075730419849,0.41355778509751
44,4,4.66168934231557,0.0663120232056826,0.443665550556034
8,4,-0.0308403196215252,0.299335015927184,0.745813438436016
93,7,2.9158050097455,0.588687185253925,0.0219377444591373
1,3,2.07530368457245,0.0321425432366247,0.910417289938778
41,5,2.18941435180547,0.72567099514873,0.449332292657346
22,4,6.63795513337624,0.224474292005155,0.807877254439518
9,2,4.30801973747239,0.284185166925865,0.0515851259697229
48,5,1.55089364804416,0.0849995809840038,0.824480091920123
65,7,7.66360367477969,0.10862868395634,0.768409961368889
92,7,4.89551833424326,0.134481285931543,0.361243348568678
36,3,3.9098399099696,0.133461063727736,0.513568930095062
85,5,10.4947954098822,0.0597922953311354,0.298647798364982
30,5,6.32982734203953,0.626196738766664,0.517458043061197
46,5,4.91670051612634,0.36258322275106,0.203768972074613
14,3,-1.51533666464297,0.453952723627395,0.492087047547102
80,9,8.11366116604378,0.445525141411877,0.367603262653574
66,4,6.08801341848424,0.158592914752289,0.233800602843985
6,1,0.647148843885047,0.0233681352992548,0.861765999114141
43,6,4.53613710629865,0.15903667814564,0.97980107483454
39,6,7.28559008502815,0.412504629210985,0.419606378301978
69,5,8.87714068652323,0.0818276019999757,0.0961478063836694
65,5,2.79271031444151,0.100659600228668,0.346662257798016
40,4,9.09969440132845,0.0447398712858558,0.580475479830056
30,6,4.45024884500357,0.203529724772483,0.968295026570559
25,5,3.15674693414063,0.164736310951412,0.697250159457326
67,5,5.04564492259059,0.120031191659492,0.153409332968295
89,7,3.52537396928568,0.306170865650031,0.21282919915393
84,6,2.49609000238035,0.105610190748946,0.749844840029255
39,6,4.92253936839798,0.833644878077221,0.0737277958542109
7,4,0.876691298547869,0.134388265199959,0.977200985187665
82,6,5.76952305527779,0.288710074488747,0.0115556726232171
7,2,3.10723137901697,0.192056099640879,0.510297123109922
11,3,3.02475200923751,0.292818308846561,0.580688034184277
63,6,4.4444075515037,0.0700101333204657,0.685862911632285
32,6,9.41456128252421,0.135144079453312,0.532106013968587
18,2,-0.417246370360814,0.00378731559709289,0.803060359787196
39,3,0.374106817531435,0.091967344051227,0.342001307057217
86,7,6.36166817415851,0.620807484226459,0.174429893493652
34,4,0.0386141125248685,0.0503758715931326,0.830735506257042
0,1,4.54731365322074,0.0861082413466647,0.50326816434972
91,10,4.47017157033124,1.70179038811336,0.0214044167660177
95,11,6.54662453810212,0.830434508579683,0.177106466609985
49,5,1.07280010194056,0.133127056527883,0.622097785817459
46,3,5.83895884470369,0.177709246509451,0.304705717135221
59,4,2.01301234280012,0.0463832842825184,0.714340650709346
90,8,4.35313479104675,0.432691794059358,0.175158779136837
17,5,1.99245446964756,0.315722067131403,0.540406442247331
78,8,5.44493476810171,0.273490299195008,0.834904696559533
23,3,5.40872447922521,0.1147762730252,0.124066110234708
57,5,1.41041735963331,0.444436397848135,0.0175508321262896
84,7,5.293326597169,0.336273649464104,0.331933035049587
13,5,7.62470031850637,0.409093551348796,0.443932177266106
89,7,5.67366134528313,0.0541007736335555,0.655043669277802
45,7,4.91859863062885,0.279900801895962,0.9319617676083
89,7,7.38695562710997,0.110883161272987,0.277812756830826
24,5,3.83392031138524,0.987989285442621,0.194629923207685
8,3,1.99313598270763,0.315658107156608,0.519674357259646
4,2,3.89079447805652,0.0360198069849963,0.696565292077139
97,7,3.24286269657901,0.466899455038315,0.0285577869508415
48,5,7.96589903236243,0.170326773193665,0.435590954963118
84,9,3.31721156978199,0.231913732723428,0.730461994186044
41,5,2.93401552429027,0.0926910342326733,0.702903798082843
48,7,3.97174395779361,0.649595934400493,0.26002187631093
18,3,4.65295009877891,0.107160521438345,0.195147193735465
75,8,10.6760657120492,0.456256595419204,0.0971642194781452
30,2,5.17023084418532,0.0146169071085751,0.731492707505822
16,2,7.06502544030899,0.0464407857170654,0.15402697538957
3,2,5.8716113188532,0.0417302066593041,0.640805086120963
13,5,7.7768897893768,0.294997773355547,0.658255327492952
17,3,5.95300497574199,0.0243403108324856,0.580297401174903
51,5,8.08384722475507,0.0177768713328987,0.768782308325171
81,7,6.46650200790097,0.50459083446995,0.0702990530990064
11,2,6.19533658303886,0.0187653410248458,0.830219665542245
89,10,12.5262674109186,0.511001799234605,0.301739388378337
57,6,6.32967824572036,0.207543923043388,0.341594979632646
14,3,0.483471276549841,0.0313351608347148,0.997195143718272
90,6,4.52002526611516,0.397001677859586,0.0168075130786747
25,6,5.11307598496409,0.506378048544234,0.606546527706087
15,4,2.04659311960631,0.753066323619891,0.698118188651279
76,5,4.80528509783279,0.198184118828479,0.0637751342728734
23,5,5.58487812032167,0.153761147288606,0.923505720682442
30,6,3.02177406697768,0.46059360227185,0.890293888514861
51,4,6.80591494474011,0.00757649471722155,0.917033791309223
33,2,4.80980007718714,0.145994589664042,0.0750082663726062
15,4,1.43470746897455,0.301047408709976,0.816674189409241
26,3,1.14801991118397,0.0549159506335855,0.713228627806529
35,3,5.64360240364839,0.0257174620627866,0.572291210759431
57,4,2.51902189652393,0.0397665918436839,0.884150833357126
80,7,9.23003191032975,0.21240413431534,0.0722825024276972
93,5,3.23484033417771,0.0142481740331277,0.484671756159514
83,5,8.46706038163388,0.0126725175398683,0.674868462840095
12,4,4.58955114637452,0.18780398647182,0.937788142124191
64,5,10.0164748311854,0.287265451148826,0.0104658994823694
69,6,7.12518099737107,0.252716683214522,0.427319736219943
3,4,7.04724370405216,0.07433304032784,0.967817126307636
92,6,3.6777959017513,0.026431458680886,0.451742368284613
47,5,1.57515683676559,0.172213038778864,0.681692459154874
26,2,5.77117715611273,0.0585616094973922,0.22060313494876
85,8,12.7980548450349,0.0832163505453929,0.732167724287137
22,5,4.07071240244249,0.74106364693017,0.133047709241509
79,8,6.54333153645927,0.278246539933226,0.643512215930969
64,4,5.82569640804326,0.283160025941882,0.103339227382094
42,5,2.1938518330205,0.663460735665792,0.275035701924935
9,3,4.24357714740711,0.0995207786327228,0.749650950776413
0,1,4.20079575037944,0.0063432278111577,0.66311933612451
53,3,7.23958300960437,0.127039737184532,0.0613690374884754
52,5,7.05412474515604,0.28096635176357,0.103978072525933
21,4,5.78280172842496,0.0358128984225914,0.961264207493514
71,5,3.23307628502735,0.0604468492659631,0.719115186017007
96,8,5.5605007031284,0.281259981672022,0.229606573935598
51,7,3.98961527488373,0.320933860716152,0.865045224316418
17,1,1.17857041505572,0.0191862544743344,0.470342078944668
56,4,4.13154647459194,0.13005111028906,0.337547664297745
75,8,3.30864994963176,0.352213158326472,0.5869043066632
66,6,3.53660428062285,0.491596579065031,0.266166548710316
22,2,5.23265547044207,0.261547075806859,0.0408379202708602
34,5,6.15370809946248,0.29955217706852,0.424699574941769
31,3,4.49791389513395,0.206458813965994,0.239952705102041
90,7,3.16490641396291,0.284515894473273,0.534549603937194
19,1,2.72560136137937,0.0611380460904911,0.522815035190433
68,4,1.77395078992711,0.0341923520042736,0.453222166979685
13,2,1.55270909604932,0.0314607152249664,0.630776658188552
10,4,4.94298546736379,0.0631185553502291,0.939848620444536
9,3,1.85191760959475,0.258977108725052,0.28884963132441
91,7,7.80083189440855,0.459142134969539,0.0166810117661953
27,2,4.89927384298734,0.0040660718209051,0.934938699472696
88,8,4.65776516615186,0.450578925178802,0.438545232405886
77,5,7.30073904612364,0.159939174889587,0.0224992625880986
79,5,1.52009066163713,0.00942111244331186,0.748497357359156
20,2,5.12474732496407,0.062806872301735,0.264783251099288
4,2,4.04961824707338,0.016590257640928,0.827363931573927
3,2,6.02833852533344,0.0219642971754949,0.960641475627199
28,3,6.37896675967142,0.00309649528935552,0.846411394421011
34,2,2.48590638703329,0.0344211537632698,0.840587131213397
73,6,3.56297253969796,0.0953192887827754,0.858676696196198
25,5,8.76268808715096,0.213583371232419,0.530469603836536
51,5,4.96867362902791,0.111756958259467,0.712296901270747
75,4,3.89821097211394,0.208808848391029,0.2592198245693
63,8,4.61074721463632,0.367821554453633,0.526257303310558
20,2,1.11151295469997,0.00230427205546014,0.722000856418163
99,6,8.17853098519478,0.0197923701489344,0.292641479289159
0,3,1.29029126138593,0.311586332529083,0.460025600623339
20,3,2.22925279642694,0.178183219385076,0.725273675052449
63,7,2.20230649232868,0.239495691134337,0.700829704292119
1,2,-1.6330653088233,0.29659505233981,0.469744089525193
2,2,5.23272766506715,0.0336909214811294,0.926107364473864
60,4,5.13495183900757,0.169086936744861,0.0855451999232173
57,4,8.79207640672427,0.183921544336456,0.0161578117404133
24,4,3.88670260855306,0.0962495795683935,0.636520736385137
91,6,8.5096533758951,0.15682644455228,0.0901255779899657
67,7,3.14653716070439,0.462506399934596,0.205655029509217
64,5,7.29601105722401,0.031322787865065,0.771981521276757
20,2,4.39538775344998,0.33299598818526,0.11486610211432
48,5,6.84629356984173,0.543736324148411,0.0100794122554362
98,12,5.4639850449088,0.196733285895291,0.756454374175519
99,9,4.46000849047152,0.898080640855099,0.0247481763362885
45,5,8.85322979084849,0.473691092317408,0.100143142743036
71,8,5.88801658451777,0.48141717489571,0.447896320139989
31,3,4.08342255433267,0.00258781132288277,0.70796461426653
83,10,3.61422412658122,1.17596006852793,0.47490504803136
43,7,8.77443347362351,0.623676249558626,0.157879527658224
99,10,5.20042353934474,0.368507209205474,0.585792370373383
80,10,8.63657973940633,0.168142730370164,0.86834999686107
48,5,5.02117034720257,0.0833959122142778,0.477985099889338
53,6,7.07200914677236,0.285204527190629,0.262378184124827
34,4,5.62168287911154,0.0507816646890535,0.653823343338445
5,4,-0.733143025896211,0.634519100623363,0.858876738930121
45,6,7.85738107222915,0.382242381148096,0.312267341883853
49,4,5.26555945965317,0.0640498778084293,0.738245307467878
28,5,6.6732544372599,0.168330989545211,0.560527109540999
77,6,2.76235704272637,0.70841382222485,0.0479618394747376
30,4,3.74705691280693,0.609506184241758,0.288939629681408
51,5,4.93261444084769,0.314436637320298,0.268632235238329
47,6,1.81521047242778,0.432666597401208,0.809710792033002
76,5,6.2464121127598,0.199990291630186,0.177615676308051
16,2,4.91084839300871,0.00460951843797039,0.759448935044929
44,4,-0.412290182494092,0.200842343027446,0.115179840940982
52,7,4.02657438074305,1.1702539519708,0.20682435715571
47,5,5.3807914401516,0.429514721014953,0.431390300393105
52,3,7.4593616678519,0.0590983846632568,0.112955551361665
68,8,9.86690205339434,0.113168201898213,0.651166532887146
35,4,1.10631285012297,0.0641902398783714,0.837127034319565
83,6,5.92437597241417,0.0390916575136475,0.656268649268895
92,7,4.0709484708876,0.176639423371939,0.464966671541333
10,3,3.06606702053888,0.0466787326907482,0.940628407523036
20,2,-1.64860946669201,0.269254325458513,0.379097366472706
48,6,1.42258435774731,0.103937854734988,0.834799118340015
32,2,3.92453607070505,0.0363868286367506,0.670732790138572
47,4,6.2101662103047,0.0115538092795759,0.915006417781115
58,4,8.44181975959819,0.0383190178545192,0.747625665273517
22,3,2.82630955467548,0.318070191181007,0.166954251239076
73,4,3.08433518417664,0.296577659192237,0.013642605394125
15,5,0.963915447822468,0.129940349026583,0.999864014098421
69,5,3.21297324848838,0.391825932014125,0.239052964840084
26,3,-0.500164026428187,0.0713688635695224,0.931488116737455
42,6,1.44344631908746,0.0898219235241413,0.996089102933183
72,7,9.07953803004773,0.619470639588469,0.159613144351169
47,4,9.47474317684335,0.0869545976165682,0.375064208637923
33,5,6.33177471193557,0.139448475791141,0.747553845401853
24,3,7.10917123032364,0.0773531275335699,0.34100499888882
21,5,3.58079352921136,0.334581475694406,0.849842653144151
24,5,6.43695623126295,0.356089279500252,0.670742920367047
56,3,7.41560433850093,0.0128596957074478,0.675888040103018
71,7,11.336417935644,0.731073891636252,0.0259594211820513
10,2,-2.12931892535159,0.186838936515826,0.654048347612843
51,5,3.71724002758587,0.0510269303340465,0.570635754615068
85,6,8.94163889172374,0.0665251376340166,0.382370521780103
71,7,2.69494499546663,0.241252217198464,0.483014535391703
31,4,2.82362746167298,0.109221271472052,0.931571205845103
11,4,5.61841574846596,0.0771524790907279,0.991565948119387
57,4,7.36485053990992,0.0453246326651424,0.633765875129029
83,7,5.45678755105601,0.338246637944806,0.200822780374438
52,6,3.71360297770435,0.232828323103873,0.854975309222937
69,9,8.96421006177577,0.76517046797545,0.44103442505002
49,3,4.07160552061016,0.138954635476694,0.31767938612029
35,4,-0.151941702380668,0.112068613641895,0.803349143592641
96,9,10.0322662531065,0.124381468631327,0.638149902690202
92,5,1.9115709355807,0.141286921454594,0.23565974412486
20,4,5.81779160544679,0.192271853786635,0.74136979226023
95,7,7.94921247386226,0.143027660669759,0.244862053077668
87,5,5.36965741493317,0.163247956312262,0.373060114681721
69,7,9.38242462191139,0.579358742049276,0.00815302692353725
51,3,3.2308788917345,0.00393706583417952,0.692188890883699
48,4,5.3516886934898,0.0251215774333104,0.744609329849482
20,2,-0.575818083399402,0.0101835823152214,0.955625200644135
10,4,0.339527370177354,0.200173717214468,0.804625678341836
47,6,2.88365568333066,0.381575363079086,0.450502394000068
31,3,6.93030210140025,0.0185442535729001,0.866977894445881
77,5,9.8141124917013,0.278813392844725,0.000348928850144148
90,6,4.06391839784897,0.288994364429939,0.0773029606789351
33,4,1.84784636967808,0.0410177626139496,0.922551230061799
82,6,5.50845266621877,0.0649468321353197,0.412610517349094
22,4,3.19207960299274,0.321815517254847,0.497251234948635
76,5,4.93311091876252,0.0922646904364228,0.363679125905037
56,7,2.51632396445862,0.0856049645226449,0.99574853037484
42,6,6.21018213008642,0.290353816859716,0.406129127601162
83,5,2.75767430064296,0.193167052145079,0.119846458779648
28,5,2.96188401796345,0.27657913885814,0.696173205506057
47,5,8.1487779985789,0.0587235623970628,0.438748095883057
78,5,8.49813392704661,0.0192054636859901,0.56884625623934
8,2,0.909785072625843,0.110800646031951,0.313213218702003
39,6,4.83779351419686,0.196030484269115,0.513739688089117
9,3,4.82793214591757,0.444459445287889,0.42719870689325
13,3,-0.0526367573349997,0.0296173262528354,0.98142054816708
22,4,2.9898597354807,0.0741509106010199,0.932228854624555
27,2,7.47270595811471,0.00861250785768254,0.379232316976413
29,3,4.20821426711575,0.0100129074417055,0.860419461969286
37,3,6.70448824855955,0.0513354206376789,0.637695131124929
49,6,8.59013002293814,0.18372504877739,0.338975043734536
87,7,11.1625530263211,0.267081483256745,0.0362905822694302
74,7,3.79081340853195,0.352914596421129,0.366072452161461
95,8,2.97303473999754,0.0585587785869002,0.872529400046915
33,4,8.321720644796,0.0875390192959458,0.617097153095528
82,10,8.04405920040962,0.393816198666996,0.436668599722907
13,5,6.35784114975599,0.450179848333305,0.769445614423603
12,2,3.91042742352261,0.139426721958444,0.127909544855356
72,7,7.53801898047831,0.278396253463554,0.508181813638657
54,4,5.38073938830344,0.0383866883792177,0.689274066127837
60,6,3.91671505004782,0.394832777769721,0.386863184627146
12,2,-0.212054810025194,0.015135113382712,0.984154467005283
87,9,6.13089120224554,0.545422024527723,0.506650667404756
84,6,6.61044420214603,0.154590603313409,0.101535153342411
4,1,-3.8002657848611,0.0350902333758202,0.699833226855844
70,6,8.77715012301243,0.188779218810353,0.0806145276874304
53,5,6.68096073804602,0.199422318148251,0.597834724467248
94,8,2.91896369267897,0.223133970507163,0.4878380082082
91,8,5.06102549310669,0.776966636958432,0.023055283119902
45,5,4.44100445582612,0.0614247320918366,0.921992409741506
76,8,11.4385929359713,0.166663750773296,0.41444192500785
50,3,4.89029250951274,0.152835862245411,0.326257024891675
20,4,8.16179286750961,0.059773723827675,0.947700758231804
71,5,2.56292341585369,0.194411049353632,0.381516097811982
76,9,3.39665307838646,0.355879425054342,0.843408141983673
70,5,5.24599265479167,0.351581012809134,0.0951430776622146
19,2,5.26693000760284,0.115368987084366,0.656876844819635
29,6,4.69392404081612,1.0924017926909,0.465028256643564
32,6,1.16649194081658,1.02000103280285,0.421970481052995
57,7,1.62726286396131,0.160012379288673,0.948971976293251
88,8,3.90001718646951,0.210300762428644,0.537764426087961
87,6,3.15847120302112,0.44296894034133,0.0163055113516748
38,5,6.8850847374053,0.0854652989655733,0.652071601944044
73,6,4.64864510615943,0.0774166116691694,0.336981907254085
79,6,7.32597164617571,0.432226297424591,0.311926916707307
72,6,4.58303786998435,0.037647296761124,0.790033320197836
38,4,4.05436785735554,0.0513645535102114,0.713023870019242
29,5,2.85858325574516,0.982539353374034,0.239658806240186
5,3,4.15331886356956,0.207568876900452,0.302741052117199
67,6,6.43785491018132,0.0680024267639965,0.872416086029261
19,5,0.955402886518116,0.31862856283665,0.605106180766597
62,8,10.1357898587738,0.473050265086299,0.328957561636344
13,2,5.94233700916468,0.0884048747830093,0.274972375482321
37,3,3.18457106077621,0.164131248253398,0.427679562009871
31,5,8.57903242956281,0.332212388970631,0.313782047713175
81,5,5.06970924988213,0.0292310771319416,0.538933185162023
36,3,7.71673350445993,0.041888544918038,0.670541697647423
43,3,3.25096019098915,0.275695981680158,0.0736242360435426
43,3,5.32443697349443,0.00893085554707795,0.651809772709385
60,7,4.63597028932493,0.512154305332756,0.434077997691929
40,3,4.2701818113259,0.0927281473996118,0.576811959734187
95,7,10.1412298738202,0.0691600380427505,0.510291717480868
97,7,9.31110912047399,0.135540783987381,0.386644017416984
91,8,4.46761987787051,0.454461067893958,0.179835336981341
8,2,4.1038214712492,0.183426022931059,0.515236720675603
47,7,4.18111513310274,0.626745780432755,0.23789423936978
33,4,6.7092597082061,0.0543035386363044,0.69430911494419
67,8,9.12598319123178,0.338825845149088,0.460955495946109
63,4,0.646488657805264,0.0595592364760358,0.414667549077421
85,5,5.96887962268845,0.126541338511743,0.0700470919255167
94,7,7.91207485034563,0.153463614638895,0.450432527810335
57,7,9.91976745924153,0.181539643374539,0.467856915900484
53,4,8.2851697741567,0.0414496617158875,0.248805195325986
94,7,10.2784231325105,0.214777797217223,0.155554119963199
89,8,3.37657234669474,0.122298626927659,0.800210961606354
41,4,7.38458067750284,0.21386800938167,0.285409552045166
5,0,-0.553637280391817,0.095380887738429,0.245765981497243
77,7,9.01116928862513,0.113481960259378,0.843167571583763
92,7,5.00977450164282,0.135852293111384,0.125990519067273
37,6,4.7001048548754,0.447718783345384,0.776573121314868
24,3,0.707657726479644,0.0955252120038494,0.452986343065277
8,4,7.99977016917971,0.37058482642979,0.361051026266068
39,4,2.20031535127221,0.0763179123168811,0.62431941088289
18,3,-0.206841632372926,0.0544488365994766,0.983672382310033
13,1,3.2943756724722,0.00282140006100143,0.47803319664672
25,4,7.61031421970094,0.0482626281801978,0.814568991074339
55,7,5.5950676423496,0.0916561211925,0.986034914152697
14,3,3.58457008084714,0.229682729989513,0.527674441458657
96,7,6.55740162939516,0.603938607001835,0.00507550360634923
94,8,4.62175790824507,0.117021064041182,0.846491731004789
99,8,5.45276109838865,0.314968994153302,0.494892237475142
70,5,1.53700512012899,0.0313955161689782,0.737052181269974
14,5,6.06422928991824,0.550789670662932,0.708669065730646
0,3,1.32248218379531,0.183418360295448,0.946388754062355
68,4,5.50359722870623,0.21982294483685,0.0162233284208924
68,6,4.55486127395602,0.562401407832438,0.0376511006616056
91,7,4.5176942616603,0.13310820876627,0.769514913670719
40,3,1.58257234978695,0.0888613989344271,0.275595861952752
42,3,7.75235442751325,0.104563114931807,0.335966517683119
53,6,6.03012335264274,0.068857712787576,0.809085700893775
41,6,8.49521336025369,0.499792425872243,0.132236173842102
9,4,7.51052418876671,0.0996238008374348,0.890007753390819
38,3,4.07269994244598,0.19522993521646,0.0661204527132213
19,3,4.89974204302886,0.484258267541832,0.169711452443153
72,6,4.52202453816628,0.244414661767635,0.714996717870235
1,3,4.44136926325188,0.252851847903588,0.341329410439357
91,10,4.89652533292113,0.539635285430066,0.622927837772295
90,10,13.5579548242249,0.900104829523355,0.254593750229105
75,6,4.01176514674742,0.18072519613311,0.517514647217467
95,6,6.70197767873144,0.150192825472914,0.356585107278079
62,4,5.24427937345578,0.28382137044214,0.104523313231766
65,8,8.42114783563484,0.114897285109694,0.958965999772772
38,3,-0.0692595766083617,0.00894414237700403,0.681275844341144
6,2,5.81078481823566,0.072978918091394,0.554981779539958
69,7,7.01962962618149,0.544261311615044,0.245034355204552
12,4,0.425082283749375,0.181997244915554,0.951167395105585
29,2,5.40223944837873,0.000844998277073465,0.435167319374159
63,5,1.90953766248818,0.214910623715689,0.194920726818964
39,5,9.38458253745214,0.346350840515199,0.400724573526531
7,0,-1.8390321599634,0.142093865084462,0.503263484686613
86,10,5.96916342223292,1.13379094463991,0.23052924615331
38,6,1.01239620127683,0.761106124105764,0.466793748782948
67,7,5.15015912219826,0.104694910231046,0.97929517342709
2,1,-1.83243630137514,0.0426494847051799,0.927976962877437
59,4,3.43244640834235,0.0139570886561736,0.806142240064219
27,3,2.070061202293,0.0391691408585757,0.864951456431299
39,3,3.12900290714595,0.0278660885524005,0.547396259149536
14,2,6.79825072421041,0.0760738819952618,0.260974191362038
82,8,10.7202774839753,0.15705377375707,0.403033817186952
14,2,6.8490618747004,0.0538353213341907,0.22465181723237
90,10,13.6201143175857,1.02512130648235,0.1221029444132
89,6,3.19267742900303,0.401093538058627,0.0670647372025996
19,3,7.90486399441433,0.208838860260996,0.394437317037955
53,5,5.09961670670211,0.422542309833175,0.340564099373296
52,7,9.97484246675095,0.560487430976862,0.353224348742515
16,5,3.63704819230551,0.199279985845763,0.916895251953974
51,7,5.35588090910804,0.36014429759985,0.542747015366331
22,2,4.55400755034993,0.00159476662520319,0.931349758058786
28,2,2.83896583249616,0.0639795626047999,0.526608764426783
50,6,5.18973414192987,0.124625023920089,0.936150355264544
15,3,-0.636651915281686,0.43319539469841,0.395105845760554
92,8,13.3835299201596,0.0454400117939829,0.54739083070308
49,6,8.15979564939147,0.145738982828334,0.500439229421318
61,4,6.77332278122152,0.00241274631116539,0.62916527944617
74,8,11.2202142102611,0.761970486449909,0.0376761411316693
61,4,4.92570440336866,0.14011609822046,0.0308215557597578
93,8,5.19776040315282,0.41487813645736,0.0731656157877296
8,4,1.40897514207786,0.100743022863753,0.987713537644595
2,1,5.08977227059124,0.00289008836261928,0.691070635104552
54,6,9.67690275230282,0.256375867397267,0.159165509510785
24,3,4.33302650662114,0.0276334796799347,0.747327524702996
64,5,7.23710557715942,0.0894100418081507,0.605955506674945
37,2,-0.096570767956548,0.0264669496199285,0.452677961671725
4,3,1.77813626915159,0.0191354878069388,0.994695913046598
4,3,1.39204418782538,0.148141160025261,0.976273269858211
96,11,10.1991520071463,0.114934097859077,0.511742601869628
22,4,4.64505351799153,0.0794269180623814,0.971764139132574
1,4,2.80586596208463,0.20845425550388,0.893965101568028
21,2,-0.0372735815166934,0.0353436127770692,0.415734882466495
5,3,6.41899087673833,0.0358470645733178,0.706307355081663
23,5,6.36125376714228,0.303217345372516,0.424704931676388
40,6,5.44739953079606,0.265003786877471,0.873982629040256
1,1,-0.0822102958284452,0.191361420896023,0.412411049939692
36,5,5.97090309780354,0.109439640888013,0.634932037442923
58,8,11.1951281462657,0.824778305324626,0.445546950213611
60,5,1.13034772825005,0.436183179707682,0.168058802606538
26,3,0.966842454119687,0.0330462490674108,0.832851830637082
67,7,9.04234772102489,0.233325061843473,0.456167014315724
93,11,10.9405806441086,0.218369514438066,0.865114389685914
0,3,2.793342038641,0.268767981081012,0.330979600548744
78,6,8.22923727515765,0.0536324295608671,0.703899539075792
80,6,7.76320172283859,0.359649343210616,0.200314168818295
7,2,5.26507421857105,0.0598356717964634,0.569232370238751
56,5,4.89995011226927,0.0290688682403265,0.684880086919293
53,6,6.89024023607352,0.405029447871071,0.0592680254485458
13,3,6.62471882233206,0.163041426683776,0.510052127065137
27,5,1.33621800930015,0.189267446575942,0.882301667006686
35,6,6.33181295926786,0.100046634441242,0.979755786014721
81,5,10.2720736418505,0.247973254405636,0.00798483658581972
17,2,-1.43094678944626,0.282794220336018,0.430847284151241
52,4,9.70568200734925,0.0769470165250823,0.162370223086327
76,9,6.90746518739363,0.535555019113689,0.234275971772149
28,4,3.12003776740778,0.135001409100369,0.886506816837937
43,6,3.82613072998051,0.171221041935496,0.583222227403894
66,5,4.42502594536272,0.405351935035076,0.223310471745208
3,0,2.93658911355601,0.0515073029091582,0.374319792725146
56,8,3.49876991323289,0.124705846214979,0.996325500076637
93,5,7.93316344953364,0.0283227548186301,0.454170021926984
43,6,5.56689962469335,0.685675623329514,0.102218956686556
93,11,4.02990690810622,0.607042267421419,0.468792879488319
97,6,10.2114047785617,0.288028764295134,0.0102962013334036
67,7,5.85514909500311,0.614688534723753,0.199565578717738
29,5,5.35753451711627,0.574754738683039,0.44153915764764
20,4,7.08384621470752,0.296840590647164,0.704000455094501
31,3,2.64037280428707,0.249939351797777,0.16266641067341
85,7,6.33471773881432,0.690081115314895,0.136599281104282
6,4,0.794376521288074,0.355606396819735,0.919121121056378
18,3,4.47371787597327,0.391047225312746,0.177908852929249
48,7,1.90434228874909,1.06090183270382,0.46632541064173
33,3,7.08462756952105,0.148627698072232,0.118176797404885
81,6,6.16498254103269,0.0502621687084864,0.450539814075455
87,8,8.9202858981891,0.170221041189507,0.612448281608522
1,2,-2.3489558851868,0.086949227610603,0.957625130424276
82,6,5.01601078111552,0.322696171923283,0.121829390292987
40,6,5.61219462132676,0.274965379143807,0.733665478415787
67,6,8.3013881072385,0.266396609822962,0.511519308434799
11,4,3.90222803984351,0.0748104923404753,0.973747835727409
47,4,4.19365101715202,0.0453375617507845,0.540017935680225
92,7,5.44814701874388,0.266638595134693,0.557898426661268
57,6,5.93100601318275,0.566568423496717,0.0494329738430679
91,9,10.7012995955855,0.507162369766688,0.356833833735436
75,5,9.56106959922978,0.0163338259279107,0.48585121659562
63,5,6.80975229038113,0.0130725915018198,0.769520537462085
79,6,5.55861208751512,0.280187057320702,0.210287702735513
92,11,4.82201970146714,0.692766040066415,0.437848655506968
16,4,1.32543712283339,0.0986553630791605,0.735687884967774
19,5,4.04965902982962,0.625226160945529,0.243394685676321
9,2,6.39579617439747,0.0366275007836521,0.833407321479172
82,7,11.8519680794705,0.466576819752759,0.0200316812843084
80,7,2.58989931055516,0.735758594764025,0.229227187344804
27,6,5.64440071167325,0.6517283511033,0.431479500839487
44,5,1.94179002048018,0.0448462517898506,0.828844415023923
62,7,9.17957914912339,0.530196505950782,0.322812816360965
37,6,5.53377477634608,0.23513449098796,0.94249178445898
38,3,7.29364008984401,0.0945712057873607,0.579362158663571
91,6,2.57720122827039,0.014464104315266,0.702359996270388
39,4,4.05906067789901,0.105195232084952,0.393558420939371
7,4,5.83601521945716,0.243806775183159,0.742085720878094
70,4,5.75560616266376,0.085556712442986,0.0861014805268496
69,5,9.99088336306333,0.180566018203947,0.0460918776225299
9,1,-1.6688529351085,0.19013645048176,0.532839943422005
3,2,5.31567387684916,0.0207329293480143,0.846919434377924
40,5,5.26297190492379,0.151711740880273,0.908415941521525
1,2,5.94396416143178,0.182507425768974,0.124585909768939
56,4,9.46355602182931,0.0712052350064546,0.217762933811173
94,8,4.74460266700302,0.0765637012664229,0.847576486412436
34,5,6.83099877732313,0.150265984004363,0.84683848102577
24,5,1.49484225799325,0.68937862149083,0.455839874222875
54,3,6.09656990035401,0.0223624691134319,0.580936700571328
11,4,4.47938445614627,0.0841294102137908,0.686779397772625
37,6,7.18127217216316,0.132873511983658,0.888098768424243
32,5,4.49496757886001,0.406303139398724,0.295538710430264
94,9,9.14959123089367,0.427041404859579,0.307272244477645
91,5,4.27191374757245,0.314866831515658,0.19075459940359
76,7,7.27961029044598,0.532221083963448,0.148247309029102
75,6,8.09438437172883,0.260010792164806,0.168265332933515
99,10,8.5275257244117,0.133325935574248,0.653425198048353
58,7,8.36072455517301,0.0877823467599228,0.975228736177087
21,3,-0.124219316469613,0.0843328426126391,0.53766843304038
13,4,5.33777783124222,0.0993035825667903,0.85075333667919
79,9,5.91303010590741,0.798286140808959,0.216917964396998
98,6,2.541971516559,0.185267841200087,0.416442962829024
98,7,8.32398526342546,0.567476506469176,0.103790544206277
12,2,5.01269193440748,0.00321462407894222,0.726895627100021
61,4,5.20325790232325,0.058296253439039,0.679664429510012
85,5,7.05306089328653,0.0578269589459524,0.491331445518881
13,2,5.96275889484761,0.0252801136812195,0.44141206680797
36,5,9.37209776442029,0.0520760115547731,0.510323467897251
15,2,4.28182958356297,0.0151797470171005,0.499415137805045
44,5,5.52339289625081,0.0293414954794571,0.887614714214578
48,5,4.47382049837946,0.135820815223269,0.486176984850317
95,11,11.0767878862971,1.19194845569538,0.0231726879719645
90,5,6.63293409581928,0.00456967826984917,0.672582965577021
94,8,7.26760041676913,0.077987689175643,0.484654637053609
77,6,10.1457704180238,0.383723763727999,0.128945757634938
9,1,4.23067101706979,0.0195877863685277,0.670632261084393
1,1,5.69246767644518,0.255065423658791,0.100948942825198
33,3,3.48173851654762,0.0579356409143656,0.689729798119515
24,4,7.93554201923181,0.0338398879393935,0.87615585909225
79,9,5.73633765120263,0.262784143666479,0.52108440734446
49,3,2.91700711567697,0.159791156416759,0.479033846175298
51,6,9.72484788175347,0.414479405906395,0.0974201250355691
7,3,3.7851867888017,0.395343325288684,0.624028423102573
34,5,6.67553522414879,0.241562504394228,0.516847193008289
75,6,5.82860172989034,0.0785436857258901,0.791922595584765
38,5,3.2802150794755,0.262792462705377,0.841224427102134
0,2,2.31603516167639,0.247120707518163,0.176593508804217
71,8,5.47882631641142,1.35390002137648,0.273999942233786
55,6,6.23948498525406,0.287717899064276,0.246175604173914
7,1,1.40252462231836,0.0512635379564017,0.462474178988487
34,4,4.90649001541767,0.143513628514484,0.764671518001705
41,4,8.63281754159516,0.143982242327183,0.334964303299785
31,5,3.02320060928091,0.0729305072454736,0.859715222148225
73,5,1.31400811378932,0.235449052870947,0.264839857351035
38,4,6.91076697418867,0.0150173575384542,0.82752632861957
61,7,2.18201502191536,0.277161254537034,0.643954259809107
62,5,0.742088717618898,0.293964175354685,0.150341251632199
80,6,6.4898453226305,0.0696861228207126,0.787766024935991
65,7,9.47789326096708,0.151070001185872,0.307578661711887
67,7,4.40424097743967,1.11479321581529,0.163151469780132
41,5,4.46859619941683,0.664802817130619,0.350862013176084
66,5,8.46126802347699,0.0758958258147841,0.440485313069075
2,1,-2.04032109904611,0.0636372322915122,0.70052001834847
81,5,2.15099092293958,0.127571684657596,0.500771581893787
7,4,6.42907246110351,0.0848427984165028,0.961906825657934
90,5,4.11920372252151,0.343785224471915,0.220626208698377
7,4,6.07188369684369,0.220964469337914,0.768490533577278
19,5,2.6808517714636,0.656743656346732,0.226045811083168
77,8,10.9545769993836,0.735262848394823,0.0102934541646391
20,2,5.66630611705103,0.0413863273498868,0.337127171922475
40,3,5.24584679068347,0.0112331013660878,0.696082522161305
44,4,3.39035049480264,0.245741844865236,0.219243981409818
60,4,5.71410732970234,0.347144326002697,0.0718960070516914
57,4,8.89577403434053,0.00377332658622418,0.671978271333501
5,4,0.52313362662707,0.29091609850407,0.970055980840698
18,4,-0.551581127708555,0.271353427310216,0.886987581616268
29,2,-0.114428992718525,0.0114182213298355,0.646399860968813
37,3,0.331575321834111,0.0129677893128246,0.727533191209659
71,7,9.41847265872445,0.083521204080308,0.50704823853448
12,2,5.88684947488031,0.307426786971021,0.369548669783399
42,4,2.81483414116596,0.176820855111557,0.837139358045533
3,4,0.91953418020881,0.467578208052969,0.809327587252483
45,5,9.56413140467594,0.137336478219368,0.187062884680927
79,5,3.54524576863495,0.101989637711085,0.133015555562451
47,4,1.34910146125564,0.308525201388377,0.115039364434779
23,4,0.408359309320812,0.0643128051888198,0.887885858304799
88,7,4.84442947128803,0.218386206340582,0.424489335389808
12,1,2.19465531583934,0.167549012810923,0.106502123875543
26,5,8.61059053150516,0.652159882212216,0.468909164424986
88,10,8.71496355666364,1.43222757888857,0.235242421273142
75,8,7.7506016910672,0.39747311498732,0.666794315446168
9,2,-1.27398482066462,0.040037108994315,0.804765010019764
81,8,9.05875688493435,0.171377165592276,0.253892920911312
85,8,5.9371556980494,0.391383095157749,0.318037796998397
11,3,6.11836974689682,0.0383732869522646,0.977340035373345
13,4,3.61215061922898,0.0979830332038279,0.734937750268728
54,5,4.19279199910973,0.245249379415739,0.542708744294941
5,1,-2.32328660822044,0.241136557412076,0.332124581560493
49,3,1.83261276943897,0.00291109007552633,0.587278128834441
0,2,2.63190778459656,0.0789333229186013,0.800223363330588
