K:5
N:3000
Gap:0.141910004193634
Rho: 
1 0.8 0.45 0.2 -0.3
0.8 1 0.45 0.5 -0.1
0.45 0.45 1 0.1 -0.3
0.2 0.5 0.1 1 -0.5
-0.3 -0.1 -0.3 -0.5 1
X:
21,3,32,5,4.00103010515836
97,9,29,5,2.98091614797866
57,7,35,7,1.46996011559644
14,2,24,1,13.3914081519897
84,10,41,5,3.9033230979178
96,8,38,3,7.91154910001925
90,8,36,3,6.1342421038836
52,6,27,3,12.0894579758963
81,7,39,3,4.59616568285654
66,4,30,5,1.10412475923488
68,5,26,5,0.621976822754571
73,9,39,6,4.58496135060316
72,6,35,5,3.56271596732408
29,5,26,4,6.62223616858584
5,1,28,3,8.40724093803749
79,5,28,4,0.842568768419481
84,6,27,3,5.86951061838322
8,3,23,4,6.26511610579646
98,10,43,3,4.63200825319204
10,3,19,5,3.76726514417375
11,2,23,4,5.8879215847161
82,9,29,8,-0.215869393758815
27,2,23,4,4.61959006434607
71,7,30,4,9.47569976704755
85,10,39,6,1.22240508013643
50,4,31,2,4.66095708386822
37,6,36,5,5.44771647056211
25,5,31,3,7.58982426131831
47,5,35,5,3.13235145370317
46,4,24,5,3.7218139899915
62,7,29,4,9.87059929007975
56,5,30,4,7.66535505290058
74,9,28,7,5.349912412638
98,6,37,3,3.24676071094782
81,8,33,6,-0.391365399524307
79,8,30,7,-0.908594862259533
58,8,32,6,1.4336264742947
18,3,23,3,9.48945169946263
98,8,28,4,5.31005625408635
92,5,27,3,5.72509006206215
18,1,31,2,4.09317825571023
92,10,34,6,3.34606358671718
98,8,42,6,-0.75009607000681
52,5,32,5,3.48823977171358
12,1,22,2,8.59020890520587
47,3,26,5,0.264477911471902
48,4,32,2,4.1474682585987
83,5,35,1,4.23946395442045
66,8,38,5,2.77091420307178
72,8,30,4,5.29006311650848
95,8,30,5,1.9880718891727
68,7,40,6,-0.0491110003159019
21,1,28,4,0.230955053012192
83,5,29,2,4.75900266598107
9,3,33,3,8.87011473192552
16,2,33,4,0.66900885713482
32,4,23,5,6.37360840927154
16,5,30,6,4.35085376198243
3,1,25,3,6.30687618575514
33,5,33,4,8.65297314909078
47,4,29,3,5.94014401453382
87,10,30,4,7.73275825448271
14,2,29,4,3.03084648552381
33,3,30,4,4.70614477390108
73,5,34,3,5.46738606340948
68,5,31,3,4.42411290341924
55,5,24,4,6.24401833517575
42,4,26,5,2.2748113563665
4,3,30,2,10.2104929441264
22,5,27,4,7.49148942340649
28,3,21,5,1.21291598338779
3,0,15,4,1.13476982879171
81,5,39,2,4.81552748019407
26,3,24,4,3.92926472959075
89,5,30,5,2.10414511453228
85,6,32,5,2.64087612932479
74,4,33,5,-0.448000455015467
12,4,34,6,3.7620848020496
19,2,31,1,9.59579942218602
8,3,33,3,4.39566529034214
29,2,26,2,3.21528773706926
74,9,31,5,6.77454092488365
62,7,29,5,4.46944569621163
8,1,26,1,6.24576437711914
49,6,37,5,2.79095911481679
12,2,23,2,7.24734728376431
94,7,29,5,0.319548379141832
30,3,30,1,9.10977202015875
90,9,28,4,10.9233704825773
19,3,22,3,9.7935262846828
45,3,34,2,4.95052473076707
77,9,27,8,1.45322025637603
53,7,29,5,8.45330009863762
7,2,32,3,3.43233033372257
49,4,35,4,2.77609814007704
24,2,29,1,4.56138484179666
20,4,34,3,9.43571683488959
94,6,30,4,5.4747809239856
75,6,29,5,0.306092423926463
60,4,25,5,2.12749455634151
42,4,28,4,5.60210253294363
90,7,33,5,2.5503544374526
43,3,33,4,-0.383417283380846
12,2,24,4,2.96883374147599
58,5,31,4,3.92378426306807
35,4,30,6,3.61023777721908
61,4,30,3,5.77094712333929
48,4,28,3,5.99058461426141
91,6,33,5,-3.31952102843806
33,4,27,4,8.646953235058
8,2,22,2,8.39463937041095
42,5,24,3,8.76602941521822
5,1,29,4,1.34827567773605
49,4,33,1,5.27275882183804
92,6,29,5,0.92928353017341
57,4,31,5,2.3740420655143
53,3,25,3,6.2008549668573
62,7,32,4,5.23399389411755
62,5,30,5,-2.3802043623361
57,4,32,5,1.91754803204774
81,7,34,4,5.8487323128342
76,6,36,5,3.86883021574087
81,6,26,5,2.6938223050498
83,6,32,4,3.55231777490397
93,6,29,5,3.21250700769816
19,2,24,1,10.2489153954106
69,4,25,5,2.71277571604079
17,2,26,4,1.86224733440157
36,6,25,7,4.33935806359836
46,7,33,6,2.14197317421144
91,9,31,5,3.6149709139886
35,6,34,5,5.97228752709059
79,5,33,2,4.42698328393025
88,10,37,6,1.41239704295268
92,6,30,5,0.0469917267830038
87,8,29,5,5.45684740291213
98,9,30,4,4.45953170396365
1,1,30,1,7.248302348192
18,2,25,2,8.30209871917473
60,8,28,4,10.0278473879464
4,0,27,4,3.88959468864533
90,8,35,4,6.42492268707714
32,3,34,3,4.20487565079614
7,3,27,2,12.6394829387279
35,3,23,3,7.7318384499116
74,5,32,3,4.82932246702424
77,7,27,5,4.39737960717022
91,8,29,7,-1.02308054672852
56,7,28,6,3.71297026569578
83,5,31,3,6.25984211598873
95,13,29,4,7.86761691650868
43,6,29,4,7.54959711429793
51,3,35,1,3.65462435720223
47,5,31,5,5.63689315252379
15,1,23,4,1.42734839564988
48,3,30,3,6.02802177518186
26,5,27,4,9.80691551279245
91,5,26,2,8.69632874132977
71,8,40,7,-1.28345557579691
24,2,31,4,4.22656738987925
96,6,32,4,2.55286751535008
92,7,39,5,-0.137013755925934
47,7,28,7,3.3916010105506
75,8,33,5,3.76462242725546
39,6,34,5,5.75517977200885
47,4,31,2,7.24940734583776
1,2,31,3,7.99179553095227
50,7,36,7,0.637482403474748
54,5,30,4,5.9557357097169
7,1,28,1,4.79540219099867
90,10,34,4,8.92409361273881
80,9,34,5,6.62834197669094
18,4,24,5,8.79957915369249
94,8,42,3,5.89712187124824
14,3,28,5,4.85506279288926
76,8,28,5,5.58463955745589
29,2,30,4,2.30083496867611
88,8,36,4,7.35542758575284
37,5,28,4,6.09346624079113
2,2,32,4,1.3305034922954
95,8,27,5,5.28825508709091
11,3,27,4,8.64356042043929
14,4,28,5,5.94945544436484
55,7,29,7,3.15708771875698
53,3,33,2,7.53916465451063
85,7,40,4,1.74964452389181
75,8,36,3,6.2792827243171
22,5,26,4,11.4085956770278
93,8,39,6,-2.44247421621331
10,3,23,2,11.7245296488453
50,5,32,5,4.65083506177777
77,7,39,2,5.73234828670682
92,6,26,4,2.65350801822721
53,3,32,4,-0.0721720581767462
13,4,22,6,4.85417532639263
76,8,36,6,5.46020526983498
71,7,40,3,8.53576300152927
50,4,33,5,3.19640712304472
90,11,29,8,1.071667544504
33,2,22,2,10.4785322327176
52,3,33,2,3.20395366164751
19,4,27,5,2.17537961468725
88,9,34,7,-0.708988649757599
12,4,30,6,3.62043889651228
1,0,20,3,5.2938467849312
34,5,31,3,9.5238414450941
74,8,32,6,2.44708336006615
19,2,25,3,6.66903854740724
42,4,35,2,6.35254207646307
73,5,28,3,6.96872591044723
42,4,32,4,1.40100019910488
86,8,32,5,4.20141474165803
78,7,36,5,1.2922955420953
57,6,30,6,2.51946298024945
71,5,27,4,2.52838816674515
26,3,31,4,3.15716657991228
49,3,32,3,0.801066786717322
87,7,30,4,4.52333280958898
39,4,32,2,6.85224893378417
55,7,30,4,9.21807930692334
43,3,25,3,6.65156441721594
2,3,22,5,4.54020820043636
1,4,21,5,6.42345546577291
78,5,31,5,-1.38128699047103
67,5,31,4,2.35858476891295
42,3,34,3,3.23061063249557
24,4,27,4,10.0596418608262
63,3,31,4,2.01394522127135
78,6,33,4,2.99954530101328
95,7,28,3,5.15323150340485
39,6,24,6,5.92630729494812
75,4,26,4,3.99164124677523
50,5,37,6,-2.49294320163136
66,5,29,5,-0.236906774810384
65,6,26,5,3.03261698786494
26,3,23,4,5.73973718753548
97,12,30,6,3.48699032876849
59,3,24,3,3.42017120426288
82,7,26,6,4.21379798469829
78,6,26,4,4.86318095087472
54,4,26,5,3.95181002889983
79,8,35,6,-0.399282267429604
14,3,28,5,3.98266550123957
88,6,30,5,1.85850833598106
81,5,30,4,0.46010351703462
78,5,31,3,6.66879475080202
28,6,29,7,2.3159629820831
70,5,28,3,7.58926072835982
63,6,32,5,2.49180132041541
84,6,30,6,1.66570674369788
71,9,31,6,7.17355958769932
90,11,27,7,2.45202880757852
55,4,24,3,8.14596259706938
26,4,29,3,11.442661178419
46,3,31,3,4.34944743398284
24,3,30,2,5.46765271009724
71,8,27,4,9.88240487865892
99,6,38,5,-5.29892181860487
52,3,30,1,7.38587563410206
9,4,29,3,11.5413534738791
7,1,25,4,3.74545092045369
89,9,37,5,1.50133588039241
80,8,38,5,2.61943305621727
69,7,28,4,7.30479111947484
42,6,33,5,3.46293287699198
14,1,28,4,4.22922916212356
36,5,30,3,8.58717251825703
89,10,34,6,4.71468028036814
64,6,28,3,10.6052438755787
35,6,24,4,11.7269036266286
5,1,27,2,7.44926090784291
19,5,32,6,2.86200507802376
88,7,28,4,7.42635387961504
33,3,29,3,6.65928590224159
72,7,27,4,9.94094806922588
55,3,35,4,0.161608564636017
27,5,25,6,3.19863857208881
11,2,23,4,6.33584120756411
17,2,20,4,2.58990989484649
97,8,33,3,3.72608694429152
89,6,27,3,5.56640396122869
85,9,31,7,4.65097683341368
60,5,28,5,2.06262813359965
87,6,36,5,2.92886202026815
90,8,33,5,5.17791663290689
26,4,27,5,2.67357794049856
19,5,30,6,6.03245997430465
46,4,27,3,4.25963120153978
76,5,26,2,7.87987434978465
60,6,25,4,5.54434031646786
53,6,27,4,6.95746941411027
44,3,33,2,5.19095547923258
20,2,26,3,3.03912560709473
96,5,33,5,1.95704819596596
78,4,26,3,4.10546483726154
13,4,23,4,10.2178938715517
49,4,34,4,4.57212589191932
46,6,38,4,6.08884724065976
35,3,31,4,3.64837485290643
15,4,25,3,14.6741396560738
75,5,30,1,9.39614707586385
99,12,34,6,4.96562137174691
10,3,26,4,4.77952269422579
24,5,29,3,8.59687924085317
64,6,28,5,7.81460492624431
56,5,26,3,5.13399489627779
29,5,29,4,7.40802335434778
58,7,29,4,10.6132121693671
20,4,28,6,6.32654604473008
8,2,23,4,5.75944559365482
6,1,28,0,9.6779705940049
21,2,32,2,7.94589858124824
40,2,29,2,4.07468868320544
17,1,32,1,8.85770306449176
58,5,27,3,9.41406602896629
63,7,37,6,-0.214537204738853
43,3,29,2,4.94150741522261
45,3,36,4,-0.248514655268024
20,3,21,3,9.25773993217739
67,5,24,4,4.85961080441127
45,6,28,4,8.21519064389471
75,7,33,3,7.9462999141703
89,9,30,6,4.83367706515224
95,9,40,7,1.57547243495004
11,2,19,3,6.5267092236653
51,6,36,4,8.27655351232281
19,4,34,5,3.3125350674948
3,2,22,4,4.22252091257788
66,4,27,3,2.27259224490706
74,6,37,4,1.1556766732044
33,3,32,3,6.74196134707056
66,5,32,4,5.52382316950514
62,4,29,2,8.26512706093819
83,8,36,4,7.2689125086955
58,8,35,5,5.31011123112669
52,5,25,4,5.8855847487077
12,1,27,4,1.26847335829107
13,1,25,0,10.9391502989152
37,2,28,2,5.12548719114453
66,6,29,3,5.19496758094798
14,3,25,2,7.48650102811553
90,7,32,5,2.93941477549204
15,2,27,1,8.70508255374414
98,9,28,5,3.63262714888688
80,5,33,3,2.7765724064393
53,4,31,2,8.39555193362381
59,6,31,3,7.74751786366273
84,7,33,5,0.744471560953374
27,3,23,3,4.23833788090792
60,3,31,3,4.18645871456111
3,2,24,2,12.595210433613
91,8,31,4,3.91619234932112
36,6,37,5,6.44215991979849
32,2,22,2,4.83750320064028
94,7,34,3,8.48522686585252
49,5,32,3,6.16980300697074
25,3,21,3,12.9407049070143
19,1,29,4,3.0052879026761
28,3,30,4,6.90900475009938
84,9,39,5,3.71346067497881
38,3,29,4,4.72161574347407
35,6,32,5,8.27222509052337
53,6,38,5,6.39574789892736
87,7,32,4,3.26521099171011
43,4,25,5,1.99732212835462
89,7,35,4,4.21763361982478
77,5,33,1,5.81441496814557
92,8,33,6,-0.668306688727781
92,8,38,3,3.42076810342495
41,3,34,4,1.62994930017641
3,3,26,3,11.8633798477161
15,1,30,3,3.24687754433548
77,6,29,5,2.00914445218165
73,6,30,3,5.80702833795121
91,5,40,5,-0.179597403783887
78,5,31,5,0.176455842693045
5,1,29,1,7.71399985716179
65,6,38,5,0.65193360543686
51,6,33,5,5.29748705409294
43,6,33,5,3.50017139702215
99,7,37,5,1.93770964970444
91,11,33,4,6.08301246286855
30,3,29,3,6.00090223982473
19,1,23,3,7.54706995667251
74,5,26,4,1.80362183655835
24,2,24,4,-0.497549600414198
22,3,32,2,4.58605464391822
15,2,28,4,4.39425267420476
53,5,25,5,4.56812567731936
53,7,27,6,2.54715230993614
93,11,39,8,1.15060384562643
18,4,23,4,8.78290267885834
41,3,33,3,1.51527278756833
31,5,34,6,3.76031560076448
82,7,29,4,5.94668643681259
24,4,35,5,3.53055282124205
21,1,33,4,1.77777863253914
13,3,33,4,0.625642055475838
67,8,35,7,1.14760098901683
99,8,39,3,5.403544844696
22,4,29,6,1.11961314242132
82,6,28,2,10.130609522233
28,4,33,4,4.0867887980125
18,2,33,3,4.90871591667932
75,9,28,4,10.7257410629678
44,6,35,4,9.15838487181306
26,5,33,5,1.83550648621319
64,4,35,4,-0.0590076967018804
39,3,33,3,2.93412214967811
80,5,35,3,2.2348635051784
98,6,31,4,-1.92978912840528
46,6,36,5,3.84882813494772
76,5,25,4,4.12933741633839
18,3,29,3,8.56113164016492
86,8,37,5,0.596248811865291
34,2,26,4,-0.18962583012854
17,5,24,3,9.60670596311176
49,4,31,5,2.78449594222412
76,5,36,2,5.39445409621829
23,4,27,5,7.15058633544708
5,2,28,5,2.27759762564881
19,3,31,4,2.40272891091747
61,5,27,5,1.54476678643314
97,7,35,2,5.04498849837581
14,2,30,4,-0.198121530625514
67,8,39,6,1.79226657368928
10,3,26,4,6.05040742276273
64,8,34,6,3.62675038212868
41,5,23,3,8.50775935054099
41,6,33,6,2.86918480325262
33,2,31,4,-1.91758508161344
4,1,19,2,7.33106558687407
4,1,30,4,0.300712689291539
17,3,27,4,6.7234944605331
83,6,35,2,5.82985016647467
42,4,24,5,5.27915376883509
39,3,34,4,2.9980561161954
96,8,32,5,3.88093779186366
72,6,37,2,6.81587096914602
58,5,25,5,1.86550245556254
98,8,31,5,3.72856632439127
27,4,28,3,5.75676570472385
30,5,28,3,10.1805441233403
68,4,30,4,0.556485453915766
88,8,41,4,6.44390566740587
14,3,21,3,10.0103631813949
73,4,35,2,3.95358913166467
31,2,32,4,3.08618901820726
91,6,29,5,4.17453519764938
58,5,32,5,4.03712193043932
14,1,32,1,4.40643714034471
36,5,26,5,3.71201775342034
22,5,23,5,6.30656261895607
22,2,31,2,6.76731447078434
17,4,26,5,5.13445677145024
40,3,27,4,2.67086956828481
19,2,22,2,11.4374699272299
59,7,32,6,5.46047152190174
33,2,23,2,6.72622021186442
85,9,35,5,3.20335545364147
68,7,29,7,1.36328637896666
46,5,33,6,1.55909192516229
86,10,41,4,6.51856472534451
66,6,29,5,5.13813923450671
56,5,26,3,9.05608012024937
58,4,32,3,3.34631928555773
5,2,32,3,5.36468786339732
9,4,25,4,7.87344326971999
86,9,29,6,5.00880730898209
67,8,27,5,5.6316227376313
36,4,28,5,5.56847877649273
42,6,30,5,3.9561241511617
88,10,38,5,5.63370385191064
37,3,31,3,6.61897955481138
85,9,28,6,2.73856538626047
29,5,29,5,6.98520617734961
63,8,32,4,11.8928730591507
12,1,20,3,6.48505506276218
12,4,34,4,4.4919453346069
84,5,28,5,0.451437611141863
78,5,28,4,2.17537708907773
34,6,35,3,9.07129863081101
57,7,30,5,4.87935160804694
77,8,26,6,6.08275379379797
47,6,32,4,6.7079306726887
24,3,26,5,0.219703476433136
57,7,36,3,8.30168644275683
33,4,23,3,8.03298404709154
85,9,31,7,2.8683142767222
75,7,28,4,10.0167279574414
93,7,38,6,-1.28185573971254
12,1,33,1,5.20144564537283
45,5,27,5,3.01607836392166
62,8,27,4,12.1227870692628
7,3,25,3,8.75944768196579
8,1,26,4,6.22864227024268
17,4,34,4,7.9978166812228
92,9,35,5,4.78620996663806
4,4,27,3,11.2541529423762
30,3,34,4,4.64846098278367
18,4,29,3,10.5765011907018
49,6,24,5,5.59033080663743
36,5,33,4,4.97756380266081
64,8,27,4,12.9135686482286
21,5,29,4,5.63393749926558
79,7,26,6,3.41795671029612
11,2,32,4,2.15384734112425
84,8,33,5,2.0503444555034
88,6,35,5,-1.42499169581202
85,5,34,5,2.03809599149663
99,6,30,2,5.66228659019078
50,6,37,5,5.09816951978138
25,3,31,2,7.62163793467361
72,8,35,5,7.14619863351583
10,3,27,6,3.67691688766108
32,6,24,5,8.14902820011779
98,12,37,6,4.08505782506984
26,5,27,6,4.22766805672765
59,4,24,4,7.90249679719246
8,4,27,5,5.81175040318393
1,0,31,3,2.88452794960115
72,6,34,5,1.09663308877393
53,5,33,4,3.40743214736768
70,5,33,4,4.86248873960501
54,4,25,5,1.66080173409288
69,7,28,4,7.42924840763009
17,5,33,6,4.28388773105461
78,8,36,5,4.47963980051097
24,4,34,3,9.10273427115445
61,5,28,3,7.75704310852342
27,2,29,2,4.75466778074339
4,0,29,1,7.67943371207668
47,3,25,3,5.94252717611796
57,4,33,2,3.46244398395253
34,4,35,4,3.82848727361448
13,3,23,3,9.56714011925222
25,3,27,3,9.04970677159021
30,4,29,5,2.290899554861
26,3,32,4,0.694188926677314
51,6,38,6,-1.16339415452835
45,4,33,4,5.73120744156698
64,6,31,3,8.07864011998249
0,0,21,3,4.1938950681546
99,8,30,6,0.450771358200315
92,6,33,6,-2.47223378763718
34,6,24,4,8.22635622411938
64,6,34,5,2.22295068232125
77,9,29,4,8.09605028143359
94,10,34,3,5.6010303376434
55,6,30,5,5.56658723430489
55,4,33,3,3.33853445379215
63,6,32,4,5.92199455617187
30,3,25,2,9.43995335145736
11,4,22,4,9.64749506839782
77,6,37,2,5.16272669462359
42,3,28,4,5.27415102471869
5,1,27,1,8.96960741903705
72,7,29,4,5.90384225047125
38,5,25,4,10.1806936045819
77,6,29,4,3.60291337716784
54,5,30,4,6.5807884840322
11,4,32,3,9.23786891141275
64,7,33,6,0.91153119812707
58,5,37,4,-0.302172465900325
46,5,34,2,6.50875887714044
46,7,25,6,6.07922260724831
32,3,29,4,2.04327645629413
9,3,22,2,8.57601503528442
87,10,33,8,0.673509628366922
47,6,35,4,6.95765214834474
30,5,26,6,1.47324700598744
17,3,29,2,7.40146850457902
69,6,37,3,4.17045867286425
62,7,32,6,4.23203480073279
92,8,27,6,4.12055942923398
68,5,32,4,3.60313223018644
1,4,28,4,10.0406455410217
64,6,29,6,1.5281296323099
40,5,34,6,-0.366563286273967
40,5,31,4,3.86038436256485
6,1,24,4,4.27931891205036
32,3,31,3,1.94275939840569
15,2,23,1,9.05346966186451
76,7,39,6,-0.28957035559508
84,5,38,2,4.6326422106258
31,3,33,3,3.1341688471051
44,6,32,4,10.4211319024088
47,3,31,2,7.45298087065185
99,14,35,5,5.45334689935999
92,11,28,5,6.79652534642259
53,3,30,2,7.48371940251358
10,3,29,3,5.05447496040917
71,6,29,5,0.752844496010554
73,9,34,4,7.58573465677766
89,7,31,3,6.78196083474626
26,6,24,6,4.13507390619025
61,7,30,6,3.80932565123237
50,3,32,2,2.37553524259727
9,3,31,3,7.38371688633226
40,5,29,3,8.69110955646787
86,7,28,5,3.25704811957038
98,6,39,4,0.814283795057363
93,8,39,4,3.33779707072368
45,6,25,6,2.38180539284951
23,3,34,3,7.84651967309262
73,5,25,3,7.45917959579062
38,6,36,4,6.31060546428674
37,3,29,5,3.41160170285672
10,1,32,3,0.0225270993102065
50,4,28,2,6.55866426548184
4,4,21,4,8.7534040086297
72,4,27,2,8.6537093914954
84,7,34,3,5.04155017010299
65,4,37,2,4.39360590508702
1,3,34,3,10.7910993660571
59,4,26,4,2.45194291472721
48,6,30,6,3.40738657295378
60,6,30,5,7.85377558056561
30,4,25,5,6.00868767729728
2,3,27,5,4.25729218099466
15,5,22,6,4.82774316439253
44,3,32,5,-0.88634194967794
26,5,34,4,5.1632027136064
48,3,35,4,1.66392557967762
79,4,31,4,3.52514841903935
5,0,30,3,3.28289749434107
85,7,38,6,-2.07917343366532
71,8,27,6,3.37439484733672
60,5,37,5,2.37977588833103
23,2,34,1,6.56863172867985
61,5,31,2,8.55029892110501
62,3,29,1,4.94012503350894
5,4,31,3,11.4534214157327
92,6,30,5,-0.235656486424118
91,9,31,5,3.48891281174486
30,4,29,3,5.82203558675416
38,5,36,4,2.95905637826285
7,2,29,3,2.97875484633785
20,4,29,5,4.76862484801161
58,6,36,6,2.9224310310037
51,6,32,5,5.37512229414962
29,5,33,3,5.00123606819644
39,5,25,5,4.69732690695963
94,7,29,5,2.31242984775143
2,4,27,4,9.58202184928585
5,2,19,3,7.29593259519659
20,5,29,4,5.77002723709145
23,3,22,4,7.40989315251532
5,1,18,2,11.1793004937074
63,4,24,4,3.0497926575563
0,1,24,5,5.28348225687392
17,2,32,1,6.81686192277244
32,2,28,3,3.40164676106324
49,4,29,4,2.93191106680193
75,6,39,5,0.950621023517602
60,5,30,5,2.53438953314985
95,6,30,5,2.85410544240868
58,8,27,4,12.2789422618785
47,7,32,4,9.50669192186275
5,1,22,4,1.47743158965935
13,3,30,5,3.77883250576643
25,4,26,3,7.82312837548426
94,8,29,6,2.64101080821967
34,5,35,3,8.32432265328213
63,6,28,6,3.19281378054035
25,2,23,4,0.595035675460572
77,9,39,4,5.09857038581232
40,4,26,5,5.489210005583
64,4,32,4,-0.530182451165446
42,6,25,5,8.06463026180712
65,8,30,6,3.49421732139463
22,2,28,2,6.53406408492352
25,2,22,1,9.80056834343815
31,5,32,4,8.98169347445011
67,6,27,4,4.16699965244687
42,6,35,5,5.68649119323127
35,5,30,5,2.87879530412175
34,4,29,4,6.88856478880548
59,5,24,5,5.8913919478254
33,5,33,3,8.71780392094453
61,4,25,5,-0.162413252080816
86,8,29,4,4.40090643314023
49,5,30,4,6.05577081767616
28,2,23,1,8.22877519705463
58,5,35,5,0.889854579642559
77,5,37,3,0.692288345899069
1,0,26,4,0.629022116231358
48,5,35,5,0.475168280854402
84,7,31,4,6.25248715446475
69,7,36,4,4.95448684686699
11,4,25,6,6.00530501306645
53,6,30,4,7.6570988839127
38,5,31,6,2.37379806092492
90,6,38,2,5.61715940453998
22,5,29,3,7.45121581075291
29,4,32,3,6.11828351585417
17,4,29,4,8.56017910595713
37,4,25,3,6.39024617530622
59,6,31,5,5.95471986352747
22,4,22,4,5.96847222543786
72,6,33,6,1.48073786379527
15,4,28,6,5.26193046743157
39,5,34,5,2.72380297220657
61,7,32,6,4.86010495090528
91,11,34,8,3.37983583987152
43,3,27,4,3.50378124903334
92,9,34,5,2.69264007436644
82,7,36,5,3.95811948800619
80,5,36,3,5.32275413620707
0,2,32,1,6.3178310333493
55,4,31,5,2.22205369153127
16,2,24,4,5.3739127997981
55,4,34,2,7.34361707058602
49,5,34,4,4.06593649433599
39,5,33,4,4.31414376161424
88,6,30,5,0.658427034830543
22,2,28,5,2.29164532120479
64,5,29,2,10.1808668364489
89,7,38,2,6.37227171617329
82,9,27,6,6.29400250668029
99,6,37,3,2.14465831313643
82,10,29,5,8.21704698735365
59,7,37,4,7.4825070249549
44,7,25,4,8.76967557855767
31,5,28,5,5.09107954114585
70,6,26,3,7.45229319788693
56,4,34,3,3.86571812526498
3,3,26,4,6.54990962240962
72,7,32,3,7.51700585098942
10,3,27,4,4.56822759270857
82,6,39,5,1.12006577155856
54,3,32,2,4.48869686412896
87,6,36,5,2.7064662415312
66,4,30,3,4.71302066715472
47,3,27,2,6.51478688486297
30,5,23,3,11.6991667653541
62,4,27,4,0.868695300932217
10,4,34,3,7.92936044999242
20,2,23,1,9.78057962133604
34,6,23,5,5.87176576048786
7,2,33,3,3.3097578631485
69,5,30,5,2.98043392836216
48,5,31,6,1.07519943429993
7,3,31,4,6.04962969625063
56,5,30,3,7.47264610899356
49,6,25,4,10.0915248670166
13,4,33,5,4.45288000131018
76,6,37,5,0.241977215533529
34,5,30,4,5.84373119922286
17,2,30,4,2.29768167779929
21,2,30,2,7.51678798582377
94,9,29,5,6.44431477913256
8,4,22,5,9.1651821077879
44,3,30,3,5.78167088879279
84,5,38,2,4.35408361991894
36,4,32,5,3.69677926071922
87,6,38,3,2.68796549578995
24,4,30,6,0.519904210899472
95,11,32,5,3.40684736111457
34,3,26,5,2.15899090923432
99,10,33,4,3.43961139903123
52,5,28,3,8.66599392199774
13,4,29,4,8.94453848252273
23,3,33,3,4.87537479054357
87,8,39,3,5.61962440848794
3,4,24,5,5.84295614311972
84,5,27,3,7.33830914193489
6,2,30,2,10.9949310901184
96,7,35,3,5.38216190254871
11,1,23,3,3.64986064983735
3,3,21,6,6.37779858895651
95,7,39,3,1.75564689037068
95,9,31,5,4.65386630816589
78,7,26,4,9.19246716458472
83,5,33,5,-0.521662698383027
6,2,33,2,9.24946739003072
43,5,30,5,5.60461778569853
47,5,35,2,9.81945674594732
18,3,21,3,8.82485229843245
65,4,36,4,-1.63365424318842
16,5,33,5,5.75271113047059
47,6,30,6,2.13381339295526
36,5,35,6,0.544109485413909
5,0,24,4,3.70747959790626
89,6,28,5,1.39461234805489
40,3,33,3,5.51202604116971
57,6,30,3,8.69208915436838
61,5,28,4,3.27958896485517
3,4,32,5,7.49495230270576
62,5,25,4,7.02510552645368
75,8,34,6,4.47078424378528
96,12,42,4,6.37552327200487
73,8,33,4,6.57171301487585
87,6,34,5,3.41320497654656
53,4,34,4,5.35837517926818
20,3,25,3,6.80478440456623
74,8,31,4,4.65147232701671
65,6,30,4,5.04870510474182
38,6,28,4,7.56060601431903
42,6,28,4,7.69330655418574
33,3,26,2,8.00072496592139
15,4,30,5,2.71123570022573
36,5,32,6,0.147562034899718
31,5,29,4,5.2906068108048
62,4,24,2,8.72088862190183
17,2,33,2,3.78100266935654
55,3,35,3,3.29797432799206
1,1,25,4,4.86972264883496
79,6,34,4,1.58290498249893
91,7,37,4,4.43313897431561
23,3,35,2,6.11495982874966
17,4,25,5,7.33551462636465
13,4,29,4,5.55989571416347
82,9,30,7,3.28362987583197
72,6,35,3,3.86816535535462
13,2,30,3,3.8653550381708
51,5,35,3,4.56006412723473
82,5,29,5,0.994940349055614
86,5,37,3,5.07930715360921
83,6,34,4,2.40642106767932
91,11,28,6,3.06920339046329
3,4,31,3,13.1664441306968
40,5,34,4,8.36795877237
33,5,27,4,7.8880162524535
28,5,25,4,8.09981844326725
73,5,32,3,3.89548957876549
48,5,36,4,6.24220163794433
88,9,37,5,1.434679141204
21,4,24,3,10.5734164654917
74,9,36,6,1.93178589149468
81,5,37,3,2.3956550822065
81,6,30,4,3.41058525606526
83,6,35,4,4.85782793402542
71,5,31,4,4.76680298683293
73,4,37,2,0.981828087541203
77,8,30,3,8.07218457784729
32,3,24,4,2.92619816411971
37,6,25,4,10.0524226526851
5,3,27,6,6.57025992110739
6,3,22,4,6.61110148697115
38,2,26,2,6.92109074862543
90,8,38,6,0.317947133517091
69,7,26,7,5.11190949086814
19,3,33,4,5.46732756417698
45,4,28,5,3.41004183595997
79,10,41,4,7.78166991724063
57,5,24,6,2.46206771988776
6,2,28,4,6.8636229023687
96,8,36,3,5.8410575534601
99,7,27,3,8.69573431327778
33,6,36,6,2.61995749612708
85,5,26,5,1.06243984415892
74,6,29,4,2.11292980017256
87,7,32,5,3.10391841830081
11,1,23,2,5.65952829790879
36,3,31,3,3.24658562898811
59,5,31,2,10.1650808368996
73,5,33,3,3.99001791933302
15,1,22,2,6.57134953920264
4,1,16,5,1.85278203459216
18,2,20,1,9.06785346920381
27,4,33,5,2.05684022552424
71,5,26,5,4.54509108807937
91,7,32,3,7.41379973813098
77,7,33,4,5.78435896880756
97,10,30,7,2.56012153226095
43,6,29,3,8.92952485297212
27,2,33,2,4.45115232971334
74,8,39,5,6.47648104600167
58,7,35,6,2.2088542846285
56,4,28,1,8.3638617341497
17,2,31,3,3.14905411114032
15,2,33,4,1.78096828014647
23,3,30,2,6.01527525776117
32,4,32,2,8.84245415226768
55,3,23,2,5.45154992190607
83,9,32,7,1.8302903410003
4,2,20,4,6.31345747446575
76,5,36,2,7.8318173227734
51,4,34,2,6.90523886436933
72,6,28,4,5.82830342801403
49,3,31,4,2.29982768675868
1,4,24,3,11.1841770084128
71,8,30,5,5.98629432177994
2,1,32,2,4.44584633912794
88,9,28,4,6.98183722051127
40,5,25,3,12.0895183315167
74,8,33,5,6.55594020946446
61,6,35,4,3.91162082478965
25,5,29,4,7.13700347647308
26,5,28,4,7.22453869566591
95,10,32,4,6.56431382593477
55,5,27,4,6.82725416062396
14,3,26,5,5.23206015554818
3,4,27,6,5.53182346790852
15,3,22,5,4.52950674664828
69,8,32,4,5.87137870589391
56,3,34,4,1.34475145065232
4,1,27,1,10.6036984760876
20,2,30,2,8.2523038954404
61,6,32,5,1.98772940392382
88,10,33,6,1.12514209680791
33,3,31,1,9.34029493140666
51,6,35,4,7.63108824145037
89,7,28,4,5.79786221606521
29,3,27,4,1.08219616287048
36,2,29,1,7.56454156474894
74,6,30,4,4.94558971636773
86,6,29,2,5.87763727014845
15,3,31,5,1.84714526966459
12,2,31,4,3.76567703521013
56,7,35,3,5.81528849157479
27,6,27,7,2.65507305483521
13,3,26,5,4.09362509243552
78,7,33,4,6.52102777287095
98,10,35,4,9.71584346336221
34,6,29,3,9.95367012939874
88,5,34,5,-0.903915924413317
55,6,35,5,3.90525028266521
7,3,33,5,-0.0183926327365551
67,8,36,6,1.10277329062605
37,3,32,4,2.84051557377286
42,5,31,3,8.12348150643834
25,5,24,5,3.95112133445212
46,5,33,5,4.14897151659171
50,4,29,5,3.38408477855367
20,4,27,6,4.14112735404037
35,2,23,3,3.53977922165356
73,4,35,4,1.99104635286086
5,3,20,3,11.6417146360388
30,4,35,2,10.4273471612786
76,4,31,3,4.61781735154137
24,4,29,5,6.02217659887242
11,2,21,1,8.18377944787809
74,9,39,5,3.18681796015196
27,3,25,3,5.08956153849048
39,4,30,3,9.67330790102772
61,6,38,3,4.64374852592844
99,9,36,5,4.01277483410563
34,3,22,2,12.1695971764621
48,5,26,3,10.7898159269842
22,5,30,3,8.47852274566979
37,6,26,6,4.40977784063634
41,3,30,2,4.7598610849333
92,12,39,8,2.00060101243815
27,3,30,3,8.00988762410535
36,6,32,4,7.07289881453843
97,11,44,6,2.96432896815756
28,5,24,4,9.65264487056171
10,2,27,3,7.35369806326222
6,4,26,3,9.111475469022
1,2,19,5,3.97626294437918
66,4,30,3,4.53787707353733
53,6,29,4,4.28979656309797
35,6,32,5,4.42451449637779
60,3,29,2,3.06817316153367
13,4,31,3,10.1600017196776
24,4,34,4,6.12938904421632
43,6,25,3,11.4535883743635
52,6,37,5,5.67173105248434
56,4,31,4,4.230467632669
29,4,27,5,3.10146285134668
72,6,34,3,5.50163626227749
69,6,29,5,5.0727792068703
87,10,32,5,7.27698561416134
71,6,35,6,2.13903396933116
26,5,32,4,9.91400640904308
67,7,29,4,9.17260668421387
4,1,28,2,4.87725201658698
77,7,35,4,6.20267404181881
65,6,25,5,6.37441492430447
18,2,29,2,6.66019646041854
62,6,29,4,6.91580463089488
2,4,22,5,10.1710146336467
95,8,30,4,4.3711835900471
27,3,29,4,0.388468729942119
34,3,31,2,7.51582830199949
25,3,26,2,11.2772579534833
50,6,29,4,5.25240686896846
12,3,27,3,7.36182634778443
15,2,26,3,3.68126048138865
87,6,29,3,6.61767996242252
16,3,26,3,9.22991652470517
93,10,42,7,3.35295872747771
71,5,31,2,7.38226743156989
98,6,31,4,2.63995228642741
39,3,26,3,2.74572018701389
16,3,31,5,4.44057031545517
31,3,25,4,5.30262806135863
62,5,27,3,8.23692425967409
58,4,24,4,6.19401199300362
36,4,28,6,2.194125841495
10,3,34,3,5.56518420045076
40,6,26,4,9.66299814947089
40,6,29,6,4.41662367960552
77,6,28,6,3.38399266687688
14,3,33,5,1.27838296732159
47,3,32,4,1.22590561468918
99,7,29,5,-0.505062310331542
54,5,28,4,4.3000269058166
46,5,36,5,4.36060773611197
79,9,31,7,2.53327736731694
45,4,34,5,0.875644871023038
54,6,35,6,3.7408477799017
89,9,36,5,3.67263821839886
59,5,37,3,2.15552522954443
49,4,30,3,4.71022937711643
81,8,37,6,-0.232159002872498
40,5,29,5,3.44122400981556
11,3,30,3,7.61808224026424
50,3,36,2,3.0506184182625
6,3,22,6,4.35556144853911
89,6,30,3,3.22463663786179
10,4,25,7,6.92372572082408
55,6,24,3,7.54257601462049
33,3,32,3,6.59786099761985
49,6,30,4,8.57297572632205
48,6,36,5,2.47636865385921
13,1,23,3,3.65964191186602
31,3,25,2,9.89641405869369
90,6,27,2,7.63115444500945
84,8,34,4,3.73302373661528
81,7,34,4,5.92804820359527
50,6,30,3,10.5658379944262
81,9,33,6,3.11802913336443
4,3,20,4,11.1068288002729
12,3,27,3,7.37876847191965
41,2,22,2,5.24358665428544
60,5,27,3,9.00195805686111
66,8,39,4,7.78785603094034
76,4,28,4,1.70368783138951
85,8,36,4,4.36150821072399
29,5,29,5,6.27451156562798
85,5,32,4,1.2942425836541
68,6,34,3,5.13261067784919
79,5,31,3,2.3182388361572
89,7,32,5,-1.6226471022484
10,3,30,4,3.97049384758459
34,6,27,3,11.0326850132951
20,2,33,1,6.17127486289962
39,4,30,2,8.72578622271502
21,4,28,3,7.09160491814925
58,7,33,5,5.85115151339009
89,11,32,7,4.59395401364637
17,1,29,2,6.22816852562529
39,5,28,5,2.50941310647622
45,4,27,3,7.90432052221774
11,1,28,3,5.58205714695195
30,3,27,2,10.1186027615697
14,1,24,3,3.43782690482274
34,6,27,5,6.93402629938752
43,3,26,3,4.5587627622185
97,6,34,2,4.84538242007417
8,4,25,5,9.20285755622531
16,2,30,2,7.02548364414603
93,6,35,5,1.39163228372173
36,6,35,6,4.08768642199473
74,6,32,4,3.42489310303834
82,7,35,6,-0.843401676549598
97,9,35,3,5.46667612946458
40,5,27,3,12.5692261614487
58,8,33,6,5.96584789014875
99,10,29,4,6.35887704174326
79,8,29,4,7.32213139419009
37,6,28,4,6.82200099713889
62,6,27,3,10.0182262230779
40,3,28,4,2.64817581074645
6,3,23,4,6.13412727000504
43,3,31,3,2.90659054431651
89,11,38,4,9.58250719745597
4,1,21,3,6.50467843367547
47,4,34,4,2.09168056145787
95,11,30,6,4.46550568607419
66,6,26,5,5.16695040875364
4,0,18,4,4.60163699887309
63,8,30,5,5.74766146609312
23,3,30,3,4.76925374904075
40,3,31,4,4.96928002472268
96,9,38,4,4.14022073284289
36,4,23,6,2.60059972007021
10,2,32,5,-1.23401057376201
9,3,30,5,3.19928861065918
23,1,19,3,4.77762270791156
20,4,30,4,7.36409753773468
48,7,35,6,4.58859745546279
9,3,23,3,6.85241051986799
77,5,29,2,6.60938454886986
73,5,38,3,1.44571764773292
45,3,29,4,5.31576041719282
77,4,30,2,2.77339802469381
17,3,30,4,5.59864113697815
55,4,34,3,1.39981293266803
8,2,20,4,5.9467397145223
92,8,42,5,1.25915195138409
89,5,26,5,3.52835418739815
20,2,24,4,4.1276722238566
79,8,31,6,2.13467071371961
76,5,27,5,4.32915393328514
11,3,33,3,6.81823651585812
62,4,29,4,1.46766507100273
79,5,28,5,-0.105455586526048
70,6,29,3,10.097367509479
76,5,31,4,4.06567408818119
78,7,28,4,5.65532232514579
22,5,30,5,5.2159566106124
61,6,30,4,8.96021561224757
41,4,26,2,6.28932544989257
9,1,26,4,0.840960247828765
61,7,25,7,3.87687555434349
30,6,27,5,10.1327612357896
37,6,34,3,8.24478315036242
5,4,34,6,0.80566695784273
14,2,26,2,10.7947686916967
57,5,33,4,4.07261706782254
62,6,33,3,9.26975442797214
66,5,38,3,6.44492565283715
63,8,27,6,6.10812291900008
42,6,25,7,6.61918075652755
87,6,30,5,2.21572841654704
20,2,26,3,5.47523001599481
54,5,28,3,7.80514980388292
44,7,29,4,13.6612980130249
95,9,33,4,6.41322466244351
8,1,23,1,8.11073270421998
55,6,30,3,11.4518001536614
74,7,28,6,3.66773498591917
8,1,25,5,4.25461851784902
19,4,31,5,3.61228850924479
9,3,23,4,5.12636957897898
5,1,31,4,2.87915783804137
52,4,32,3,5.0063188398131
97,7,38,5,1.80634282315445
58,5,27,6,4.42249232067718
1,3,22,4,7.17544572034263
76,7,36,5,1.0559178892884
83,7,36,4,5.74020088355949
33,3,23,4,2.17369424069857
82,6,38,2,6.61422178480322
80,6,32,5,-1.91920444834263
15,4,31,5,2.73569155852221
27,5,25,5,5.61365882466754
50,7,29,4,11.396640775537
46,7,28,4,9.83386662175165
46,4,28,5,4.0500130909347
29,2,30,2,6.43721009200396
29,4,35,2,7.41292141952619
93,6,33,4,1.10980753402077
72,8,31,4,9.75725258805947
49,4,24,2,8.18622345041401
82,8,40,4,4.37860893496754
48,4,35,4,3.52307687400546
30,5,25,5,4.57893581167312
77,10,37,7,-0.268984439234678
1,2,30,2,6.86821982066085
55,7,30,6,5.12086572076213
97,6,30,2,6.11118976614787
74,5,37,3,1.56896686341818
70,7,29,5,7.26580528655875
86,11,37,6,1.84231736601144
72,4,32,1,4.28953806173497
87,8,28,6,4.88879449804033
9,2,26,4,1.99858898668249
85,8,34,3,8.61040104306727
49,6,37,5,5.21780922839609
66,6,33,5,3.99792268295311
37,3,28,2,8.2390972011772
77,5,36,4,2.3875150346691
48,5,34,5,5.28356283378262
46,5,31,6,2.03069762409592
94,7,31,4,3.92534960122221
52,3,29,3,1.84968878962645
55,6,32,5,5.0327428229008
59,6,29,4,6.39256854738011
88,5,27,1,9.65972089736273
59,7,30,5,4.43185763302639
26,4,31,3,6.45320824306044
55,4,26,4,6.24654574162446
26,4,32,3,8.35961358555114
83,5,29,2,9.58492856644279
92,10,34,4,6.10649564719351
29,2,27,2,6.17932670498308
60,4,29,1,6.49195745419021
32,5,31,5,5.73562905073118
56,6,26,5,9.07216177372781
91,7,34,3,3.15039056259762
20,2,28,5,0.345229164881388
24,4,30,5,6.16960216011409
90,5,32,3,5.43407316985525
14,3,27,4,9.09821476009893
20,4,22,5,5.11414822968403
1,4,27,5,4.62270791745923
66,6,33,5,3.98034126158487
18,5,29,4,6.58194286718429
89,10,29,5,8.42965535061054
2,0,22,1,7.15198599134878
19,3,26,4,3.94693686891181
94,5,29,2,5.71100126106265
61,6,34,4,5.60650488358588
97,10,38,5,4.95949387488286
0,0,28,3,2.85343635251958
51,4,28,5,2.33468987131199
73,5,31,5,3.82532891860125
99,7,27,5,-0.464040852418493
75,8,37,5,4.67378222259363
15,2,23,4,1.69940521032183
51,5,28,3,6.2560625618157
65,5,31,4,1.56141857202094
46,3,35,4,-1.46745679626506
53,4,35,4,1.53225493748236
23,2,25,4,3.77931604056778
17,2,23,4,5.12481488204844
98,6,41,2,5.31330260183321
92,9,36,5,5.80012168023274
98,6,30,3,4.09241720124231
13,4,29,6,3.83936875426956
80,7,36,4,2.19134379347382
11,4,32,5,5.28013365520821
50,3,24,2,7.94169027320211
12,5,27,6,6.92048888058785
6,4,31,4,9.0669313206085
8,3,22,2,11.3093388395233
7,3,30,4,4.10618891682474
54,6,35,5,2.80002452357045
86,6,27,3,7.68167631538125
30,3,26,5,1.8099408208064
10,2,20,5,4.25757974037104
88,9,28,6,5.26505759285533
36,3,27,2,6.11999359066749
95,11,43,6,3.60143576189786
76,8,34,4,6.06689275520844
70,8,34,3,7.60235663606693
40,6,36,4,9.06483901020837
56,6,28,4,7.01106772295399
49,5,31,5,5.1528016173588
59,6,38,3,4.75048196533295
3,2,32,4,4.27104062141231
56,5,31,2,5.41790258505825
31,5,31,5,8.47069171606125
4,0,27,3,4.59948363526958
8,3,29,5,6.20908766128163
23,5,24,5,8.86796440738592
57,4,23,4,4.61966021326041
17,5,34,4,6.42499241808872
49,3,31,3,2.29906271975161
99,7,31,2,6.25584512689153
98,7,29,3,4.74934026942459
72,4,29,3,3.18903119034437
29,2,31,4,3.48357082601312
86,6,32,3,3.97958858118067
84,8,29,4,5.56160237828839
94,6,31,4,0.46411263491447
80,6,36,4,4.57841048060432
62,6,39,6,3.20689996983969
9,2,28,4,2.40577397885518
6,1,31,4,2.81995659917816
61,7,27,5,9.91408526567032
76,5,30,3,3.13117962021492
53,5,32,3,8.48152353048767
10,4,30,4,9.00534544193403
27,3,25,4,7.71959675367231
9,2,33,3,5.2682678833775
56,6,29,6,4.13946271951761
60,7,33,7,0.838204276781678
55,6,37,7,0.0594899215673692
40,5,31,3,5.53704580825726
43,4,31,3,6.47753583817425
61,7,34,6,2.16514268192791
53,5,26,6,1.44377710737855
32,2,28,4,-0.941927004978738
59,4,25,4,-0.0392587526008734
72,4,34,3,3.51668839618552
33,3,22,2,10.1918626456837
1,3,20,3,11.1397383175744
87,8,29,5,1.72935377417509
24,5,33,3,8.08674229682929
97,8,32,4,4.94926388443947
69,8,33,6,2.11060844185984
71,5,36,4,1.7781094938609
18,3,27,3,3.7583044270522
29,4,27,5,4.13482311323517
75,8,35,7,1.49136382013025
98,6,27,2,4.7997693047486
13,2,25,3,5.41623915577852
36,3,24,3,5.42570823999487
52,6,28,5,7.7439740555474
59,7,31,4,5.89982202202174
5,1,30,2,3.84072590934704
99,9,36,6,-2.68981308710473
61,7,31,3,7.09288271140823
65,5,27,5,-0.305982903050719
33,3,32,5,-2.10904708460584
87,7,35,4,3.65075450093523
65,5,30,3,5.39381957558685
66,6,28,4,7.98130075928794
63,6,28,6,4.63109812929988
84,10,38,7,-1.33875317799653
55,5,32,4,2.87757411391772
69,7,33,4,3.98030998998429
17,5,29,3,8.48927445244278
58,5,27,4,8.3986036430191
12,3,33,5,4.2615497838778
64,8,26,7,2.52252485456194
64,5,28,2,5.90548348823478
86,5,28,3,2.64955871122727
83,6,32,5,-1.00578708073144
14,1,22,4,3.14932295925876
11,2,29,3,5.83538371579526
48,3,34,4,3.65824973269329
4,0,18,2,9.26961200692918
95,6,26,3,7.90276499490638
58,6,33,4,4.68429207360879
93,7,33,5,-0.533018211728299
21,3,27,2,13.6852169746831
93,9,31,5,2.48112505416312
53,7,29,4,6.21358363917397
54,4,33,4,4.33375294734603
93,8,38,6,0.342259988004041
67,5,35,3,4.50914790826437
44,5,31,3,7.05684717024239
29,5,31,3,9.80401020511423
78,4,33,5,-2.50560179882947
57,4,31,3,3.76030369479092
45,5,36,4,3.28923127351604
47,5,32,2,5.82265919320442
70,7,37,4,4.81566009472072
49,6,32,4,4.04826583826112
78,9,39,4,4.21052226971185
70,7,27,3,10.3946975291635
39,6,27,7,5.11354562535884
72,9,35,6,4.3035259161587
71,4,24,4,0.965294820742395
12,1,30,2,6.51105405706316
81,9,36,7,-0.92213489926392
95,7,32,5,2.49010027484101
95,8,35,4,4.19774156960765
16,5,28,4,11.7007842819231
66,4,25,4,-0.10485787059625
10,2,32,4,3.48910230540454
88,7,30,4,4.51218862723543
66,8,34,6,3.31394725410797
85,5,30,4,4.4473606150597
81,9,31,4,9.40309869588382
19,2,25,3,3.03606174835343
92,6,34,5,-3.30620296943765
61,4,30,4,3.1220847188272
59,5,36,4,3.5194958816409
65,6,26,5,4.83262066242515
34,3,25,3,8.43869172035204
93,9,41,3,4.66356397332631
11,3,31,4,3.28996070687458
56,6,30,4,6.48983258699853
18,3,24,4,4.92255100282934
73,7,34,5,3.01994959485914
3,3,32,5,3.04460674574709
6,2,21,2,14.6525016419467
46,4,30,3,4.42263613658789
81,5,38,3,0.946778026945406
59,7,29,3,9.59519317871566
80,10,30,8,0.85609430805528
42,4,26,4,7.2610418014999
50,4,25,3,7.25412888010742
32,5,29,4,5.4885592851392
78,7,27,3,6.11265125939744
68,5,38,4,1.76337189356558
1,2,29,4,3.13021904458671
43,6,35,6,6.63254977058171
14,1,23,3,5.69576269409699
56,5,27,5,4.14043969795408
25,4,30,4,8.33100497676612
12,2,33,4,2.86099888638025
82,6,31,5,2.99102321698441
12,5,23,5,7.97509500111337
21,3,27,4,4.82286004814728
18,2,20,4,3.99354527638205
53,4,32,4,3.60155258860496
4,2,28,3,8.54496705932597
69,4,29,4,4.30576772921999
23,3,34,3,4.07249995312422
76,7,26,5,4.83430177120627
34,4,34,2,7.01884042680841
62,6,37,5,3.02546783105155
46,5,26,3,5.66005725098991
17,5,29,5,5.88871454659998
75,8,30,6,3.04806876254698
65,7,27,6,4.85194691457858
83,10,34,4,4.97599288305861
90,10,42,5,4.79079957880552
19,4,25,5,6.59379442012574
57,5,38,2,6.51297829992225
78,7,27,7,3.25286299862231
53,4,27,5,-0.988217190091632
32,4,29,3,5.13213679369064
51,4,29,2,8.86183763937543
30,2,25,1,10.3940354317357
43,5,23,5,6.14468686405372
18,2,26,3,3.52522423472374
28,6,27,6,5.19010908746022
37,5,24,5,2.68242537718009
25,3,29,1,11.6017967829403
34,2,30,1,6.73419066462999
78,4,26,1,9.77246373677192
66,4,34,2,5.90434976797655
86,7,38,5,2.30985115024592
21,3,23,4,3.82120388856604
89,6,29,4,3.83244123819844
56,7,28,4,7.37899077960146
41,5,35,5,-0.747167899814644
85,9,33,5,4.11999268423834
13,1,23,2,9.47161015419716
9,2,18,3,11.1609519945182
22,4,28,2,9.4090432399622
93,10,32,5,6.47721788826235
18,2,22,3,3.05101342634943
13,3,21,4,4.20269021102028
57,4,35,5,-2.55822152523036
27,6,31,7,2.82060517110696
27,3,28,3,7.8520376649456
98,8,31,4,6.87124907658681
95,7,41,3,5.18193537024251
20,2,28,5,2.6024223914943
60,5,30,4,3.43713736368113
73,4,27,4,2.11547444046602
85,7,37,5,0.80288850647023
29,4,30,2,10.2939786849366
58,7,29,4,11.1311365078136
51,4,34,4,3.61240545724228
71,4,29,2,8.11270543321763
98,8,31,6,2.65860766941617
13,3,23,5,3.46879878022235
98,13,31,4,7.78493993382308
34,3,23,3,4.71294456184707
21,5,32,4,8.88263415849869
69,5,28,3,3.71867319829538
58,4,36,3,2.74420227570683
29,3,26,5,3.00297452025809
21,3,29,3,7.45622513532047
14,5,28,5,8.51916181408088
39,5,23,4,11.0272428220615
0,0,25,3,3.54137800968607
33,5,28,5,7.12290211734986
29,4,30,3,7.14182811719965
90,5,30,2,6.94060745705608
83,8,27,6,0.646412734889808
5,3,30,3,7.38384001513547
96,9,34,6,1.42034639530374
66,7,27,6,4.43713373029854
54,3,33,5,1.57224191837728
10,2,31,2,4.3983157558514
48,5,28,6,4.46475965543572
14,3,21,3,7.20901228343529
42,5,32,4,7.58985825329255
26,5,26,3,11.1020486959512
81,5,25,4,0.923647522780721
67,5,36,3,6.5415294127911
64,4,30,3,6.36243689527747
10,4,27,4,8.00458847610004
11,3,25,6,4.69934204280773
51,6,28,3,11.6312677437675
77,5,26,5,3.55151421558936
65,4,24,4,3.38160307443436
11,4,30,5,4.81180658844246
86,5,35,3,3.65925527495883
25,3,27,4,1.51879423005215
26,2,32,3,0.913723038334807
64,5,31,4,2.60286391096398
73,6,26,5,4.81168629255622
87,7,35,5,3.42837668554931
3,3,25,4,8.30145060269535
17,3,21,3,6.94899560892783
75,6,28,3,6.05350991496881
56,4,30,2,7.89583993928549
28,4,27,4,8.38314039172067
48,3,33,4,3.82448892325867
71,5,33,2,6.20690150967317
41,2,33,1,6.38976711989245
11,3,28,6,5.70242500877982
13,1,28,3,4.83598550732676
2,1,29,0,11.066955439762
78,9,29,5,5.37447824567805
83,7,38,4,3.93790493864268
65,5,32,2,6.67517903719063
73,8,30,4,8.74252010582406
84,9,28,4,7.34074490959499
80,9,36,5,5.21807218268864
74,8,33,7,-0.211713281468073
62,4,28,4,2.78454953007586
34,3,34,2,6.08699621192327
25,5,31,7,1.19183992019346
46,3,31,2,4.93446574943389
53,5,37,4,5.05194858319894
4,1,18,4,4.05369061976667
47,4,31,3,5.22019542840779
13,4,28,3,7.86340218934433
97,8,30,6,3.58682938207225
57,5,34,4,3.17490915728684
57,6,35,3,9.02989323418699
55,4,34,3,5.22383108533559
95,9,43,4,5.98502676253777
92,7,35,5,0.218700809478524
71,6,31,4,6.09448045516266
19,5,25,6,4.4804633391295
20,3,23,4,8.86162411476886
89,7,31,5,3.29907318415351
77,8,37,3,8.22143978497662
25,4,30,3,5.83118136453341
45,3,30,1,7.65793186547696
34,3,30,5,-0.528748306694028
3,2,31,2,6.67314427187366
1,3,28,5,5.87313337371724
18,1,33,3,4.06289916067821
27,4,26,4,7.46666842210745
22,3,29,2,11.5145270387111
4,1,25,4,4.85547588485258
30,4,27,5,5.29875955642323
69,4,27,3,3.47682902436879
93,6,40,4,1.70967783938421
27,4,23,5,5.43910133047304
16,5,25,6,6.96243118010331
14,3,29,4,3.78479923929625
59,4,33,3,5.52817488433137
48,6,29,4,10.8086116836176
61,7,29,5,5.68841025017237
14,2,29,5,4.19986367566627
35,3,34,3,2.52916129455489
90,6,34,3,4.75101524171789
59,6,26,5,2.96483529937299
74,5,25,5,0.271062556346161
49,5,25,4,7.17641773587054
29,2,33,1,8.48764397295065
82,5,25,5,2.3846857693625
75,7,36,3,8.40700799680204
5,2,22,2,10.7607783264222
2,4,22,5,7.38998267982276
29,3,32,3,2.828006074994
73,4,33,2,5.31561461445637
38,2,29,1,7.94345533099413
6,4,34,5,5.45363163083211
87,6,31,4,3.75641660055846
64,4,35,4,-1.20902541436119
34,2,32,3,2.21370404322567
86,9,40,4,4.8148858089872
37,5,23,5,4.08933950197352
8,3,26,4,4.53250404918936
29,5,23,6,3.91460516608357
31,6,26,4,9.22099693848313
68,5,26,4,3.84323048250575
88,6,40,4,3.41819710547733
76,7,31,6,4.45508681770258
79,7,30,3,6.28395341995879
3,3,28,3,10.5108493390804
91,10,43,5,4.26084249186323
45,6,25,4,7.51236279583419
37,5,23,6,6.52469569239675
24,2,33,3,4.37758940347673
88,8,28,3,8.24949259955002
45,3,28,3,2.97278189196297
64,6,36,4,2.79739698840882
27,3,23,2,13.859030791786
1,2,27,3,6.76568788960721
20,5,34,4,4.33981795218754
10,4,32,4,9.06759534131428
8,2,23,3,5.50061459137617
4,3,23,5,7.61674535391547
6,3,25,3,8.0389158091548
60,6,25,5,4.7583552391214
26,4,33,5,1.87103972199635
99,8,30,3,8.63517489983416
42,3,33,3,4.50516026398921
7,1,26,4,5.48765332234034
90,9,29,4,6.01233956609104
84,6,32,2,5.92925577152349
6,4,24,3,16.1545961510235
52,7,34,6,5.10778081985547
18,5,30,4,5.83154146346593
17,3,24,5,6.29671192820546
41,5,33,5,3.63230146083365
53,4,30,4,3.40283053152968
19,4,29,6,3.53459257600263
33,5,25,6,3.71377989772896
61,5,30,3,7.38909581539675
80,6,30,4,5.01534279666597
4,3,19,6,4.33868562740952
8,1,22,2,8.40075482043353
72,6,31,5,3.50512296993227
74,7,29,6,5.86365473698971
18,2,29,3,6.27502386151736
67,5,30,4,3.64246502517364
78,7,28,5,4.02063994015096
59,3,32,3,4.69069889623533
88,6,39,3,2.46957251847184
48,3,27,2,7.43267490409825
31,4,32,4,3.64632353560605
86,6,38,3,2.51295274509911
85,6,37,2,6.02709420910292
67,7,32,3,5.89578549350446
97,8,31,4,6.00681995642376
23,5,32,6,2.75185470222496
83,8,39,5,2.54250577432804
77,9,31,5,8.88694880157377
24,3,25,3,11.1379528781555
91,5,30,5,1.20733606089383
73,6,27,3,6.62837389500669
18,4,24,3,10.8947956847703
48,5,26,4,7.32904997062634
85,5,26,4,2.44562410516481
32,3,27,2,10.7946710566159
85,7,29,5,1.39571258071116
38,4,27,5,3.15916180189334
2,1,16,4,7.41488508703753
57,5,29,3,5.15885441846949
67,4,26,4,4.87779250169653
83,6,34,4,3.38242812325516
88,9,31,7,2.61945160797546
20,2,20,3,5.7715552088863
30,4,24,5,5.52676750991895
84,10,33,7,3.12364647103503
86,8,29,4,6.48763945461511
79,5,29,2,5.42519977690701
43,4,25,4,6.18152296818559
7,3,26,5,4.90684434567973
56,5,35,2,9.55921143959162
65,4,28,2,8.23773192909404
28,3,22,4,9.11628324657321
7,4,28,5,4.16084970590281
79,6,30,2,8.93520137746857
12,1,31,3,3.03916685542968
66,6,32,6,1.30460886450078
52,6,28,6,1.42919183469304
15,3,30,4,4.12408893685218
17,3,30,3,8.11493399665734
48,4,29,2,7.90134680835993
12,2,20,5,3.81264381809865
11,4,31,4,5.60439508898306
4,3,31,4,6.60456853373446
84,8,39,6,1.89630752383113
38,4,27,2,9.87105417309881
67,5,35,4,2.55555481951092
73,5,29,2,8.47401471362235
16,5,30,6,1.68109277953364
7,4,26,6,5.18818490436424
44,5,35,3,4.29857407723162
31,3,22,2,8.65629931540617
29,5,28,4,10.8682078975334
61,6,35,3,4.18598433289391
48,5,26,6,4.26950015564647
41,5,29,4,4.27564003182691
34,6,36,3,8.35079621319279
46,4,27,2,6.91407889038721
56,7,27,4,9.86309561625377
79,9,38,6,3.34030087033622
20,3,31,5,1.08286123647946
41,4,29,4,4.69566296459642
66,8,35,5,6.66095034333894
48,5,27,3,6.49166379717398
38,5,31,5,6.21970143036058
50,3,30,4,-0.0636692220034192
27,2,33,3,4.06004402012564
22,2,33,2,7.02186635708022
31,3,33,2,6.99368641929004
9,3,22,3,8.77281952367183
61,7,29,6,3.20024339283293
65,5,35,3,6.03864069498691
50,4,24,5,1.39424176999248
89,7,34,3,7.00828412958981
40,3,28,0,7.19224794282955
0,4,24,5,7.50824077895403
69,6,30,2,7.9419224661721
21,3,28,3,3.99920361722799
9,4,25,5,6.50466684859624
70,6,27,3,6.01088848404619
97,7,29,5,2.01066233533749
50,3,34,2,2.88096109916708
21,5,35,4,7.45509029783239
75,4,28,3,0.422580788233965
18,2,24,4,3.49744880511635
11,1,21,4,3.23646561748637
60,4,30,4,4.63622538461401
49,6,31,5,8.24375554081804
88,9,31,5,5.18461971768895
86,7,30,4,5.46015858600925
0,1,30,2,7.59670522755402
48,4,23,2,9.35828219756912
80,9,32,4,7.00431983038107
74,5,27,3,5.21199461241603
6,3,30,2,9.92603451871768
37,4,31,3,5.89789517424067
61,3,29,4,-0.0802080105019725
34,4,25,2,6.99174423399629
13,3,29,2,8.39623806866967
49,4,32,2,5.69589317111136
49,5,32,5,2.0952783652622
89,5,27,4,1.37323625955051
57,4,36,5,0.730372325697546
82,7,26,3,10.7854752851156
75,7,37,4,2.1825500867545
38,5,27,6,1.0037415309112
49,5,26,4,6.65337842855214
31,3,30,4,0.271808613589916
10,2,32,3,5.97635551924316
81,7,36,5,3.93137679379883
82,9,40,4,5.55110013018662
47,4,31,5,4.19725179234446
16,2,28,1,9.08719390944791
29,2,28,3,3.51374767331862
25,6,28,6,5.06338307139723
0,2,25,5,4.89777781409325
82,7,30,3,4.16170707653623
59,3,32,4,-0.384801375224177
58,5,26,2,6.97393393040078
97,6,33,3,2.2118821889468
82,6,32,4,3.88753325572027
97,7,27,3,6.4422729844255
64,5,30,2,10.1441279467533
7,2,18,4,3.46244165791508
47,4,30,4,3.9249862876531
74,8,37,7,2.38390891004318
58,5,32,5,1.23081835252189
91,9,41,4,5.17186156494097
0,2,27,3,6.75842695143552
83,6,34,5,-3.47457328147803
47,4,35,5,0.583442784485772
14,2,33,4,-0.66076676453461
38,3,33,4,1.11440253593201
32,4,31,5,4.48998914363434
8,3,32,2,6.73330256814525
26,2,25,4,3.45380533325648
87,5,26,2,4.19871533737742
72,6,28,6,0.308200943277747
89,7,39,5,3.48548679381446
0,0,32,3,3.69761653830309
72,6,39,5,2.02115181113678
38,3,27,3,3.86433619398706
96,8,36,4,2.8571065524042
27,4,30,3,4.81293583488236
52,7,25,5,8.1049084102507
45,7,28,4,10.5717714421013
67,7,33,3,5.73947122706257
92,10,33,6,3.3907896966844
50,3,31,3,5.6320656808653
58,8,26,7,5.52115161792652
22,5,35,5,3.3265911896574
63,5,32,4,2.05702477898924
99,8,30,6,1.80175461055334
64,5,30,5,-0.723709160150555
74,6,35,5,2.53787078657034
89,6,26,5,0.601451223230952
53,3,36,3,0.989822527432153
65,8,35,3,9.59277408625377
4,1,21,4,5.85075811545061
13,3,26,2,11.7569513293034
42,3,23,3,5.24952983422803
96,6,27,3,4.04373370766454
33,3,33,1,8.73802455546135
52,7,30,4,7.8120982950676
93,7,31,5,4.13986120480799
93,6,40,4,-2.59823852455454
25,2,27,2,5.61069234181422
2,2,26,2,6.57714639555601
51,3,34,3,3.66253223863162
72,4,27,2,6.50673522456378
29,4,26,4,4.9605171998866
74,5,28,2,6.8512135951259
36,6,27,4,7.89600695356532
16,2,28,2,4.6333496660034
3,2,28,3,3.84544545824175
68,6,37,5,1.8607063491493
81,7,26,6,1.12559586859652
2,3,28,5,4.90278031643853
24,5,29,3,10.1281942767664
16,4,34,4,4.70389663084544
66,6,25,5,3.02908666779504
60,6,33,6,0.46025411733129
37,4,35,4,3.93294063641347
12,4,33,3,9.87017360708193
4,0,31,4,-1.33857096884494
42,5,36,4,4.32956507671248
57,7,27,6,4.26398186396812
79,8,36,4,7.78590619701442
19,4,25,5,5.93673663208696
56,3,31,2,4.90861064370523
23,4,28,4,8.08920023959279
36,4,33,3,9.01209428340383
18,2,22,5,4.52626867057349
0,1,24,4,4.56735154872745
36,6,26,4,11.7060922296151
38,4,23,6,1.9132936636516
11,2,25,4,3.79384443987969
73,7,34,4,3.72866310468464
24,5,30,4,8.77269952650804
60,5,28,3,6.01513203805834
54,5,34,3,2.17175553292687
22,2,26,4,-0.031755773350957
75,8,39,7,3.13107566041779
77,6,27,5,3.70043191140868
72,5,31,5,4.24841041675029
58,7,34,5,6.75447722149637
0,2,23,2,10.64633710362
46,6,32,4,6.6861170075778
49,4,30,4,5.106389911111
84,8,29,7,-1.08125697726976
20,2,31,2,4.69205008490505
77,6,32,4,1.4315417881663
17,4,24,6,5.73481326384776
33,4,25,2,12.4871287992125
2,4,31,5,6.40229352605092
90,9,37,7,-1.71131599352612
2,2,31,4,2.46210342786377
61,4,29,3,1.33304946330661
41,3,33,2,5.94913228394738
6,0,26,2,5.77930688305373
53,3,26,3,5.4774646079754
94,10,31,4,6.57208116985731
69,6,36,4,4.2603426542224
18,2,33,2,4.66247285065747
66,4,33,4,3.42117276153427
19,5,23,5,7.36613567943948
3,2,29,3,9.19731364668246
97,6,35,3,3.49401243870414
5,4,30,4,6.97858746817898
89,6,38,5,0.0822559796062947
13,2,25,4,2.77015690057947
85,7,29,6,1.00293941626068
72,7,27,4,6.74025888574994
74,6,30,2,6.39522829105847
5,4,27,3,10.9760728453174
93,10,33,5,6.16830420743207
48,5,25,5,7.16515482227362
57,7,29,6,4.27123101491241
94,13,36,5,5.03759807000889
48,5,26,4,5.06945001692734
71,5,32,2,7.13821600904738
66,8,30,4,8.83101988752143
93,7,28,5,3.91486094869708
81,8,36,3,8.06494563078081
62,5,33,4,1.70198538672542
51,6,30,5,4.7051596949792
9,1,16,2,7.29802555940223
73,4,28,3,3.62565289032821
1,4,23,3,8.12953432014478
12,3,29,5,1.29949743975255
85,9,42,7,1.7877591138211
49,3,34,3,4.21227405784809
87,6,30,3,3.83943327141833
94,9,35,4,3.50821990836891
65,4,28,2,8.63710300834486
41,3,23,4,0.538965269171007
59,8,28,5,5.78288285172348
97,9,31,3,6.85891953152901
9,2,28,2,5.55378926064309
83,5,35,2,4.61752157074153
93,8,32,4,1.10218272780316
58,4,27,4,1.43377986669086
26,2,21,4,3.93607612068429
76,5,27,4,3.91151841741203
60,5,29,4,2.90506465111654
31,3,22,2,5.83332468768776
51,3,25,4,5.35459966585403
46,5,32,3,6.22146466642384
49,3,31,3,4.16865892111008
33,5,34,4,7.2842156055276
15,1,26,3,3.97692475004004
74,9,31,5,9.9047832230284
54,5,26,4,7.17244432780123
30,2,31,2,6.08063373471355
63,7,28,4,5.59972700691646
82,7,39,4,4.17867905597723
39,5,29,6,1.25677863153508
17,3,29,5,0.557193086716371
60,7,34,6,2.1144434720215
30,3,30,3,6.29121752189983
90,7,30,3,6.13161943781013
99,10,36,5,5.29465062422223
29,4,31,5,2.68018517753406
92,8,31,5,5.55220148125383
73,7,30,3,7.0841622783441
41,3,23,1,9.79875666244585
55,7,33,7,1.64377458119166
95,6,31,4,1.71552188622474
5,2,17,4,5.93043813100496
26,4,30,5,1.41704622399935
44,4,26,4,2.52969497402177
61,4,36,4,2.82004641221259
88,10,29,8,2.68334824133895
96,9,34,3,7.38943960577898
31,3,29,3,4.38133752556446
1,2,20,5,4.70792294548194
12,2,24,5,4.84222919464384
96,7,31,6,-2.22536211962637
21,3,32,4,4.23930849911098
38,3,27,4,2.84496542029948
87,7,27,4,5.44486721864466
74,7,39,6,-0.529029542748475
88,10,36,6,2.0427137719492
78,5,27,2,7.33283703279976
34,3,26,5,0.76982856406439
11,3,21,2,9.40928464063819
41,5,34,6,0.770695455030303
18,3,28,5,3.81825078618127
62,4,33,5,1.12434201228464
52,5,31,5,-0.00281292362446095
44,4,32,2,7.78157062682993
50,4,32,5,3.74982319300357
51,5,30,3,8.07330736078191
76,6,27,6,3.61324642898251
40,5,32,3,7.90966288024561
87,10,41,7,1.99069019874455
51,5,32,3,4.79392340270333
38,3,33,4,3.37632160621672
50,6,31,4,8.45860598314451
59,7,26,4,7.76522348261069
3,2,26,3,6.54937188294492
7,1,32,4,0.947784133456378
97,11,29,5,4.82986488452781
3,0,31,1,4.92443275043475
77,5,35,5,-2.4925532952989
31,4,23,3,8.07939820026653
0,4,30,6,6.9532364098351
54,6,27,6,3.29128431734821
85,7,34,4,4.39558589049025
63,4,31,2,8.63863368045635
91,7,38,3,5.16970119379827
59,7,28,4,6.04130212032243
14,2,33,4,-0.974174920525384
54,5,25,5,2.91301960763203
43,6,35,3,9.53067126984954
1,2,23,4,6.17054660637186
8,2,28,5,5.02397103637445
2,2,32,2,7.2041791309585
16,4,22,3,8.83577360775937
81,6,35,4,3.81025385594192
29,3,28,3,6.76983987794138
3,3,31,4,8.63510190388237
90,11,38,7,1.1661741241649
33,5,23,5,4.64042038919429
90,7,28,5,5.0515995687809
8,2,26,4,6.90191189837579
80,6,27,5,5.08065810944201
99,7,38,5,0.68343445482572
51,3,35,2,4.61656802550174
54,7,38,5,6.1176408834923
82,9,37,5,6.14052750633228
84,6,34,5,2.38538974954734
34,3,25,5,2.52614048578685
57,7,26,5,6.58435728151702
65,5,32,3,6.39566403678846
23,5,28,6,2.07240245561807
55,7,38,3,6.2367050377166
66,5,35,2,7.56794266206422
33,4,31,2,7.49113465809096
58,5,36,3,6.15551096364363
55,7,36,5,4.13862215146581
14,1,28,3,3.29912569939636
87,8,33,6,1.59562134787342
39,3,29,4,1.92080219369314
75,7,34,6,3.30491290072696
15,2,28,3,7.64093245986601
50,4,31,4,3.3328009208682
52,3,28,1,8.17155989646292
39,6,26,5,9.78464659849
94,10,35,5,2.17669166260363
37,3,34,1,6.0718246597144
6,4,33,3,6.58669238636302
98,8,29,4,8.10724491517583
12,5,24,4,9.37500414812655
14,3,30,4,7.20659428446441
34,4,35,4,5.37106382181286
83,5,26,5,-0.718170864456559
15,4,33,4,7.22779731035087
62,4,25,2,7.80105637494213
76,6,36,3,5.88047560452519
43,6,32,6,2.91251786082647
52,4,25,3,6.84395494663152
13,4,32,4,3.67280687403039
93,6,32,2,4.44034963841098
22,3,29,5,0.256849696803725
80,7,28,5,5.9885609269692
17,3,32,4,5.49566043377497
66,4,36,1,7.82549771030126
77,5,32,2,4.78761068530735
91,8,29,6,0.14093188729565
69,4,28,5,-1.50212499134569
47,4,27,4,2.56177057720916
20,4,25,5,5.79836416076723
64,4,29,2,7.95345699484574
87,8,27,7,4.02427468446783
94,7,28,4,4.17920365485383
87,10,30,7,-0.505352428918058
74,8,27,4,8.27449529365466
32,3,27,4,5.77282244636689
57,5,24,5,3.82102081960421
53,6,37,6,-1.21508274497386
79,6,30,4,3.89365948438259
14,3,27,4,6.59989722433547
4,3,31,5,4.58859891489219
58,5,36,4,3.53515980062697
5,4,31,4,12.4660378823593
33,6,24,7,4.33022620392578
25,2,28,5,3.76750774994759
19,4,22,4,8.93814792617551
42,4,31,5,1.233525926966
99,12,35,6,1.07378033212947
10,1,30,4,0.118228145663408
1,2,32,2,9.14648442453047
9,2,28,4,3.09448108229716
67,4,30,2,3.86964160999614
12,3,31,3,3.82338008580098
16,5,28,6,4.49930848935705
44,7,25,5,7.29805412918942
28,5,33,6,3.68770326295944
79,6,28,5,2.03964297488323
6,4,30,4,9.24293982368174
94,11,31,5,7.62221855839164
20,4,35,4,5.68605114414205
36,3,35,1,5.10297906404737
60,5,30,3,6.68275462703061
88,6,28,4,4.38245101397193
13,2,28,1,7.08895830888494
21,2,33,3,4.30971718359423
68,6,28,6,4.02368258092096
22,2,34,4,0.822276614279914
66,8,36,4,3.91895233637105
86,5,27,3,5.70120627376617
78,6,31,4,1.04583648007479
93,7,36,3,6.28379712648819
42,4,33,4,5.385120763476
94,10,29,5,5.52170042356362
22,2,26,2,7.74440811496006
5,3,20,4,5.40129279332361
88,6,39,5,-1.73053413686872
14,4,34,3,6.74498724072373
36,5,29,5,3.17514339096958
51,4,24,4,5.42822961535992
59,5,35,3,7.09153652116983
42,4,23,4,5.24020235030723
46,5,32,4,5.19052021923848
24,3,33,3,4.84597740848903
14,3,27,3,5.20426829326539
43,6,31,5,4.81936858917231
4,2,31,4,1.0735194152103
43,6,25,6,6.15608903357724
73,8,40,7,2.5122669793275
12,1,26,2,5.43278028880108
29,3,26,4,3.98569639008436
94,8,33,4,6.15974157039984
30,3,24,4,7.86225678702615
5,2,22,3,8.21596912217353
62,7,36,4,7.00414486578795
33,6,28,7,0.640269738626332
50,4,30,4,1.34209072558638
21,4,26,3,8.60482321428858
76,6,26,6,4.45789032061443
3,2,26,3,6.54128601709315
75,4,33,3,3.08995664271643
58,4,31,2,4.92854847698743
65,6,26,6,1.31012823520411
47,3,31,3,3.54532557214014
23,3,21,4,8.13510677842362
10,3,30,6,1.87807565497157
22,5,26,5,7.09032219441196
6,4,29,4,5.01581094509891
68,6,28,3,10.2571130681114
43,6,34,3,9.93847032415154
99,7,27,3,7.55309639730614
35,4,23,3,13.262635506307
26,5,26,5,8.61685135983429
9,2,29,3,4.98953753892716
27,5,27,5,4.92850168170596
11,2,30,4,1.83518052295261
52,5,27,6,0.111883751292137
52,4,28,2,4.91682348625501
25,4,35,4,2.63366499649244
26,3,28,2,10.5324442303465
31,5,25,6,2.93522528625134
76,6,37,5,1.67029601950779
97,14,34,4,10.7686606053912
49,3,24,4,1.32771718571794
82,10,37,6,2.1478332628464
39,5,34,3,10.786118231157
54,7,35,5,3.89018447836643
2,1,28,4,0.0360896313572034
65,6,30,5,5.09730243577634
82,9,37,5,1.04981628803823
37,6,26,4,9.38038691618858
84,5,31,3,4.31810218234547
61,8,31,6,2.31416089517063
79,6,27,3,8.00184350926276
87,5,38,4,-0.0266391202185616
95,6,40,4,-2.30100140817619
5,3,23,6,6.08146558449735
58,7,33,3,6.52903467047423
42,4,27,6,-0.632434486503366
34,3,26,4,4.85773680693374
67,4,30,3,3.84994981280124
19,4,29,3,9.45165945119927
42,3,29,3,7.32767962966094
71,4,34,4,3.39412504713548
65,4,27,2,7.63537303319091
31,3,28,4,3.68695161675242
39,5,28,4,8.74222885917528
63,6,27,3,10.7712218322624
14,2,29,2,5.08892512275136
16,3,32,4,4.13475354337696
16,1,21,2,9.73828147857058
41,6,25,4,9.61984970200893
66,4,35,4,-0.221443387608872
80,5,37,1,6.92530378473702
9,1,26,2,5.8634402305562
55,6,38,6,1.83508992041451
1,1,28,2,5.03725194649392
70,7,35,3,10.0010716209916
16,1,28,3,2.38524475871222
56,4,34,3,5.18344473989354
14,4,33,5,5.89354185202846
47,3,29,4,2.74874188605377
82,5,39,3,3.48154356554976
55,4,28,4,4.08834617847859
8,2,28,4,4.27559787019187
89,7,31,5,0.571268151099123
60,6,38,3,5.55773944062453
5,4,27,4,9.6876868864863
27,3,28,5,2.86331705090454
72,8,30,4,5.63387428647349
28,2,23,3,3.5100766316651
4,3,28,4,4.70261561895693
57,5,31,5,3.52745529092505
55,7,35,5,7.74879767078947
1,3,30,3,6.84098997781826
75,9,33,5,9.37259239036421
56,6,29,4,6.0724290832057
14,4,28,4,9.91288150442416
84,9,37,4,7.90923646456032
52,6,38,3,6.39346928044024
48,6,29,3,7.20770790075408
58,6,35,3,5.41164404526917
19,4,27,6,1.87983800886973
35,4,28,5,5.91238192455023
33,5,26,5,7.50794289441545
38,4,29,4,6.49529124849248
81,5,25,5,-0.780054202804299
64,6,32,6,0.630437901430398
56,4,35,4,1.87833743838029
68,7,39,4,7.6896244188215
78,9,35,5,5.40301748852782
42,5,29,4,6.81190959417819
37,6,32,5,5.92869842716366
20,4,26,3,7.18492948202777
74,5,36,3,3.56042130720948
14,3,32,5,3.81145899098634
16,2,28,4,2.09889460797872
96,8,39,6,1.97927546844668
8,1,28,2,4.75470843896126
83,7,34,3,4.80932163289939
52,4,31,5,2.1219648844935
50,5,33,6,2.05009771803862
10,4,31,5,4.31151718844007
29,5,34,4,6.06642666424671
0,2,19,4,8.3257149272023
14,2,26,2,9.39670245049516
15,2,26,3,7.78451672878629
89,7,36,6,-2.74152794861766
16,4,31,6,4.39491536636524
83,10,34,5,4.68199085413942
18,4,30,3,6.29588158632232
74,5,25,2,9.75142347211749
4,1,26,2,9.54954275682836
0,3,30,3,9.69332035450144
15,5,31,5,6.68744992157133
91,8,33,4,3.30863762786684
44,6,28,5,7.55123914750928
49,6,30,7,1.40106620037117
77,5,30,3,2.00534924014832
60,6,32,6,1.43402261000251
94,8,27,3,8.60918282171818
18,4,34,6,2.07325286634762
97,8,39,5,-3.57877719922299
12,3,23,4,6.46953872701564
70,4,31,4,-0.354610906395475
66,7,27,4,9.02195184487291
90,8,42,6,2.22426968028169
50,5,34,3,5.08364883772173
10,2,21,4,3.68924406915738
90,9,41,4,5.88635450777889
13,3,29,2,11.5518620308159
2,4,28,5,5.10855711012867
1,4,23,4,12.9008003041447
14,3,24,3,6.98862490938052
10,4,33,4,6.58049715935807
44,4,36,3,5.6527023852491
99,9,42,3,6.0909427253104
15,2,28,4,2.89189658272855
19,1,26,3,3.82118693033765
10,1,28,2,5.82345080164826
44,5,25,3,7.96050449801993
80,9,33,6,2.50807467428073
86,6,28,3,5.886107186489
55,7,34,4,4.28866482785378
98,9,29,5,4.74328082092826
48,4,28,4,3.6922773048737
11,4,26,6,2.28980371899101
72,5,37,5,-1.20591155447064
88,8,28,7,1.47987125528278
40,5,37,4,7.9514679411871
1,3,26,3,7.83612543719768
97,11,32,4,9.28173210439042
29,5,24,6,6.36430576102236
73,9,34,4,5.75586269758078
27,5,33,4,9.16637922358304
82,5,32,2,7.45767208149458
61,7,37,4,7.35714738369409
92,6,37,4,3.24761328690502
64,5,34,2,9.02117113951341
64,4,31,2,5.31945746166306
69,5,25,4,4.35362647302194
28,5,31,3,10.0497291015023
79,7,32,4,4.61288055411099
4,3,30,4,8.30344715770976
1,2,31,5,1.93988156300859
70,9,37,6,5.96430569602516
0,1,31,3,2.98720868714495
4,4,24,4,8.93072919722752
94,5,32,2,3.71328238092621
76,6,31,5,3.27909378042526
40,6,23,4,6.86158172304937
30,3,28,4,3.28412069766095
52,3,33,2,6.78398070625422
24,2,22,4,2.77663000500493
76,8,28,6,5.14816669468238
30,5,25,5,4.83036450010237
31,5,29,6,1.93143173711827
32,5,34,5,2.05801577919337
66,8,35,5,4.87800768763573
72,6,36,5,1.89944267731593
14,2,26,3,6.58493204235376
8,3,34,3,6.23688231870799
54,7,30,4,10.1521784955138
29,4,31,4,3.32801141289913
49,3,27,3,2.50941723678432
38,6,28,4,7.71965477932814
15,3,28,3,8.82746655384748
36,4,30,4,5.43284911919516
23,3,28,5,2.50671613045891
86,6,39,3,3.52896799020318
96,9,39,4,3.37655880010379
92,5,26,2,7.23783119883397
27,4,31,5,0.704975780683437
19,2,31,1,5.92772562115278
90,8,33,4,5.32578321420939
90,6,35,5,-2.67929440924939
95,7,30,2,7.3537403757904
2,3,22,5,9.10726710921077
13,4,34,4,7.17369435265995
49,3,32,2,4.43279443527353
26,4,23,4,8.13126400663876
82,6,28,4,2.48038600197561
69,4,25,2,8.37301921537493
42,3,29,4,4.33705030756962
73,7,27,4,10.6872071493609
91,9,31,5,5.44914644071573
65,5,35,5,-0.445371416318365
36,4,31,6,2.97158135478974
49,5,32,5,5.53301587914465
32,5,35,4,3.59627965415679
95,9,39,4,1.91381751763126
83,8,28,6,5.06843484359686
17,3,25,5,2.8152332225351
35,4,32,3,7.11549930981852
42,6,28,5,5.99099345217649
15,1,30,2,5.26098265807045
2,2,23,4,5.78880603194106
65,4,27,4,1.25786366070598
7,3,21,5,5.86567027622114
60,6,31,6,3.39657579862833
63,4,28,2,5.25728587226771
30,3,31,2,4.0244930256574
86,5,33,4,-0.750531769757901
58,6,26,5,5.37285119187589
7,4,34,3,11.9889796801218
43,3,34,4,1.03908177519889
82,9,30,6,2.51665697830623
16,3,26,5,1.38579062335653
45,4,31,5,0.913463220015878
25,3,21,4,3.22051933235453
73,6,28,5,3.97166904692601
21,2,21,3,8.25224628469165
95,8,32,5,2.30886434245056
49,4,24,4,5.98561095066422
34,2,32,2,6.34859470968472
17,2,28,3,3.90817689126136
28,6,23,4,12.3973943776619
96,9,35,4,5.12511233176907
13,2,27,2,7.14691483576174
86,7,28,5,4.70444181517563
32,4,35,3,5.32049499862544
79,8,27,7,0.997256145474513
59,8,32,5,6.445744753772
74,5,34,2,7.25098262591027
48,3,32,1,8.47924610691221
94,8,35,5,4.97177775123756
60,6,31,4,3.86608590939392
46,4,32,4,6.30948178384919
65,6,35,3,4.11269117258471
61,5,32,2,10.4064097704348
47,5,36,2,8.17904583794375
0,2,19,3,9.29368494393492
84,9,38,6,1.76053744875545
55,5,30,4,5.50223931507087
74,4,28,2,7.59729993304802
3,3,30,3,6.79846615865596
72,7,33,4,5.5439242453467
85,5,27,4,1.42214549721646
81,6,33,5,-2.25342342166296
64,7,30,4,6.2592032021657
75,5,31,5,2.63218100554955
8,1,22,2,9.45883986073062
55,7,28,5,7.62925840053314
8,4,27,6,6.53114072531789
87,8,38,3,7.18666831003954
4,1,28,1,9.42590753488252
42,4,23,5,2.40678581811303
12,3,34,4,3.23542078572103
35,6,35,3,9.4842703607325
78,5,38,5,-5.01942717032608
63,5,35,5,1.9439782001041
34,5,26,3,7.75342112919818
99,6,36,4,2.32003334202349
82,5,31,2,6.81059558956201
65,8,26,6,3.48946427834349
19,4,34,4,4.26772457620901
89,5,34,5,-1.80401183446544
10,4,22,4,10.1521521761335
13,4,31,3,6.68434733995385
76,6,29,5,0.753602054827264
20,3,28,5,3.17947933321424
41,5,29,5,5.95708054408983
9,3,19,3,12.8232579815653
39,5,25,3,8.08829217072466
15,1,28,4,4.16861148511412
14,2,26,4,4.18164330495112
40,6,30,6,2.93856703096799
31,3,28,4,6.01003865893823
94,5,39,4,-3.83796315818828
25,2,26,2,6.3576545089542
32,5,31,5,2.54533756920126
55,3,26,2,8.75128711752166
17,4,35,3,6.23087876609667
0,3,31,4,4.19726140076319
82,6,38,5,-0.584127278406611
71,4,24,1,8.52284361543766
25,3,29,4,3.8975620177227
32,2,31,1,6.41670520630272
10,2,25,5,5.37007383216582
99,6,31,5,-0.610235397431945
57,3,27,2,4.75034863241159
84,8,29,3,8.56165666260127
75,7,37,5,3.26906955022571
96,7,30,4,4.21009687125017
74,7,37,4,3.68701166096108
26,4,26,4,6.68049556396987
30,2,30,2,6.35251310253319
9,1,28,3,3.21572396838449
38,5,34,4,6.82781219607678
87,10,29,6,7.26964926502268
70,8,36,5,5.09564498760132
94,12,39,6,2.78976261009804
12,4,34,4,5.14258564031457
77,9,28,5,8.88064010805109
52,7,31,6,5.99532309148646
30,2,26,2,7.14883877981225
86,10,41,5,3.86757238169719
56,5,25,4,4.55462090756186
58,4,32,2,9.14781614607278
56,7,26,4,6.97446732848998
64,7,36,4,6.05020828869002
50,5,29,6,4.26269122481048
4,4,22,6,5.53402199595771
36,5,30,5,3.83016935348355
89,8,37,4,5.00155602489808
30,4,28,4,5.24044957736194
88,8,29,5,6.62427095414563
16,4,29,3,7.3596130163644
10,2,30,1,6.64125216042489
52,4,24,5,0.293876023941776
11,1,28,4,2.02632098541713
22,5,24,4,11.2983324841398
16,4,23,3,13.9942712812257
91,11,43,5,2.78114609058842
93,9,31,5,4.62810634670452
56,4,30,4,3.56252270471006
4,2,24,3,9.08056952653831
86,9,27,7,3.55746952622536
10,2,18,2,8.32508693976711
6,1,17,4,2.44412460405116
60,4,35,5,-1.91930446873569
17,4,23,3,13.5798096843171
16,3,31,4,3.13282264421951
6,2,19,4,7.05459795858176
98,9,29,5,3.22526800734191
13,1,24,4,3.25203241886466
66,5,25,5,3.1594682785933
71,8,36,5,7.00797317474493
24,4,25,6,0.916562630515202
26,2,28,2,4.08800962494015
59,5,30,2,10.1908156445904
37,3,28,3,3.74596640935377
93,12,42,4,5.99836081697991
90,7,31,3,5.21088275697806
8,2,23,3,7.09829440265276
85,7,38,5,0.151554639843367
11,3,27,5,4.16083433249587
1,2,29,3,5.62354288749877
43,3,24,3,3.48708894061042
23,5,30,7,3.67089723068366
97,7,33,5,-1.01349296873574
99,13,29,8,2.00047804024738
21,4,27,4,6.59304454098539
25,2,24,2,5.50973571338843
86,5,27,4,4.87694069638621
61,6,30,4,7.59416230818135
95,8,29,3,9.63506940470994
96,10,41,7,3.56624153739999
3,4,29,6,4.66500003526363
60,7,27,4,7.99048398793323
52,5,31,3,7.15276274571422
26,3,28,4,5.31080374648549
79,7,35,5,0.179014630838099
76,5,25,5,2.9084310089906
60,4,31,3,0.507857294911352
9,4,30,5,6.9392571865173
7,2,31,3,4.24875848230603
65,8,28,4,9.70818526592321
22,2,32,3,5.2357842387135
71,4,28,5,1.271758209732
13,4,23,3,10.0319671374769
34,2,29,4,-1.30598962127224
17,2,32,2,6.31268722136804
71,8,32,4,8.96614313276238
90,7,34,3,5.73854301438354
97,8,30,4,5.30328674867023
21,3,26,2,5.72454187344485
38,4,33,3,5.2883498741485
92,6,33,4,-2.02972794416012
88,6,33,4,2.52251922588176
40,5,32,4,4.86842462232888
99,8,41,4,2.51573057384463
91,7,31,3,6.08944243490019
61,6,26,3,7.44528306379015
73,5,28,3,4.34638078808024
69,5,28,5,2.20143489841831
19,5,23,4,10.4770492448801
75,4,34,2,5.78535396532232
3,3,23,3,7.70204754160999
56,7,27,5,6.692835434759
82,5,30,1,7.06826750073557
63,8,35,5,4.30014858321324
54,4,29,3,3.68171185426488
56,4,36,1,5.68958600795163
50,4,32,4,4.95070889833859
55,6,28,4,6.76189243818583
84,7,29,5,2.56859421364767
80,7,40,4,2.73790845139264
81,7,38,4,1.76186819966261
99,6,38,4,1.95558895394478
54,6,33,3,6.1441523795595
60,5,30,4,6.24183503045165
90,7,29,4,8.08957723793996
78,10,28,4,13.4328327532557
28,3,23,4,4.53174243566865
85,6,28,4,5.77064085026724
49,5,30,3,10.7275044058413
43,3,31,3,0.706552103873961
54,6,28,6,4.31145392483934
36,5,25,4,8.47970218395159
67,8,37,6,3.7529987610581
48,4,25,2,8.20261519379365
79,9,32,5,6.20391623910155
30,2,26,3,3.96674509217454
68,7,29,6,5.25789108620439
79,6,33,2,5.42276074449949
42,4,31,5,2.40151706196981
52,3,33,1,6.56909365744722
38,5,29,5,6.45356185487695
47,5,33,3,4.35676763240828
43,4,33,5,2.77464943692357
10,3,30,4,6.08765650301898
94,7,41,5,-0.711235320398823
36,3,29,2,5.57752582011237
4,0,19,3,6.20889572601151
1,1,31,3,4.93189908460461
10,3,29,2,9.7907326851274
94,9,30,5,7.45655356075735
10,5,22,7,6.0022845310479
52,5,34,5,2.71953699535943
64,8,31,7,4.25178810093404
49,4,35,3,2.59741834684207
17,2,31,0,8.89140036394894
5,3,24,2,8.0069979369452
33,5,27,3,8.91941846503756
83,9,32,4,7.28089503361833
35,4,29,5,4.91064959159121
15,1,22,4,4.63778028443489
41,3,22,3,9.03227699972052
90,9,28,3,7.49757520411674
63,7,32,5,6.43048220995113
92,6,36,4,-0.551040603196705
62,5,38,5,0.74109507742856
80,8,28,6,2.78628986448998
92,8,37,3,7.52352509470548
5,4,24,6,2.71189587218737
48,3,24,4,5.31172716508921
99,6,38,3,5.52906565735282
71,7,27,6,3.24505810724748
12,4,34,5,4.24292617618498
69,6,28,5,7.36292883385279
72,5,36,1,4.22756090385859
93,8,38,6,1.64376039918823
64,5,27,5,-0.17410366867496
69,5,28,2,6.02842337043808
70,8,31,5,5.53215287999306
70,4,28,3,4.01462882320154
59,4,36,5,-0.305068817006939
15,3,25,4,7.25187795849166
9,2,25,2,8.42334385011392
21,2,30,3,2.88464006636961
28,2,30,2,4.7932965133814
25,2,30,2,4.07837690308321
10,1,30,3,1.47406255050303
19,4,26,3,7.9850914048642
79,5,31,5,-0.521309134033539
69,8,33,6,4.15912961795362
84,5,37,3,0.760117463043825
87,10,27,7,3.5607654004364
51,7,26,6,4.12487535878974
97,6,33,3,2.18206696416055
47,5,32,6,0.00112533586815022
92,8,29,4,6.37466921638304
47,4,24,5,0.314717618286442
8,1,32,1,7.95467060855122
38,5,27,5,5.26725507317262
54,6,34,4,6.71696790324278
14,2,33,3,6.12107783303672
44,3,24,2,5.97040890282291
90,9,33,7,2.01043456542495
70,8,40,6,5.45133145735043
73,4,29,3,3.85612718469661
57,4,33,3,3.10708350645717
40,6,29,5,5.8130720953958
28,3,28,4,3.45553019405128
54,6,29,3,5.60726497017131
69,7,30,4,5.0218851096542
77,7,26,4,5.92246842712131
85,8,36,5,3.50950498785542
35,6,23,4,8.65028082076426
68,5,29,5,-1.05610014634951
39,5,26,4,8.98731725361068
27,2,23,4,2.9737754445404
13,1,19,2,9.0646477927776
24,3,28,5,2.09033467256013
12,4,26,3,8.6497217311791
87,7,36,4,7.09987897750061
20,1,31,1,3.9869853293325
55,6,36,4,5.43694765569474
20,4,31,3,8.2907974661704
86,7,27,3,9.22773339137066
25,4,29,2,6.93272789067071
71,5,25,3,7.01418391329286
85,6,29,3,4.75805760905192
60,7,36,4,4.47947484629794
9,3,28,3,7.12037506640068
10,3,27,4,6.03644974985297
71,6,34,5,3.12180818081497
16,3,29,4,7.73734484943948
92,7,38,4,4.11832714316725
35,2,28,1,7.27313031435127
48,3,29,2,5.13703917476964
89,8,33,6,-0.358229271656072
72,5,27,3,6.8462141299784
20,5,31,4,7.44002560561154
71,6,30,4,5.15115428407234
67,7,28,5,5.34247496940838
9,4,23,3,8.52042470068519
9,2,32,1,10.6331002286856
18,3,28,2,7.63945347425258
16,2,22,3,3.08037149819505
25,3,31,3,3.0658669272623
81,6,38,5,-2.99295327937467
59,4,27,5,3.42769493451825
76,4,28,3,1.58544642362616
74,8,26,6,6.62963021243031
14,3,34,2,10.0160348152292
77,6,35,2,4.9962091124702
63,6,29,3,8.23168010646763
54,5,35,4,2.38615400480748
34,3,24,2,8.82585881948911
46,6,31,7,3.19902705061044
76,6,26,5,4.2143973028579
49,3,33,1,4.33605931837724
16,2,26,2,8.93102074044468
21,4,23,3,7.72314608896163
77,5,35,5,0.437223493790508
51,5,27,3,6.43549028136948
67,8,30,5,8.38591327741904
77,7,37,4,7.45020620844202
92,12,41,6,3.31595565226845
50,5,27,4,4.71548143730573
0,1,26,1,10.7081774391685
39,6,29,6,4.12302020655836
27,6,32,5,7.39000953778037
82,9,35,7,-0.562936290127798
79,4,33,3,3.18499260712148
62,8,28,6,3.63813576836009
20,4,28,4,8.68945443892034
35,3,27,5,2.31548227749156
73,5,30,5,1.78469454246076
34,2,21,2,10.3404582839775
64,4,34,3,5.99051403387799
20,4,24,4,7.68928882593557
62,4,24,5,1.60764722178658
70,5,28,5,2.05366366813898
66,6,38,5,2.78918189555185
89,6,37,4,0.420536255784222
70,4,30,3,3.19266383533146
26,3,28,3,5.78491519299833
42,5,30,4,7.56935033254695
46,5,28,5,0.852096649122224
36,3,22,3,7.83074257906788
69,4,27,2,6.30402886772011
23,2,27,2,3.97995116751571
31,2,28,3,6.68209225485706
84,5,33,4,-4.09826695603342
52,4,31,5,5.05902417511603
24,3,34,2,4.87590256410591
60,4,30,2,8.76421071071053
76,8,29,5,3.83521622812361
55,5,30,4,6.00867188097464
83,8,28,5,6.90336586169959
79,8,37,6,3.3963060145613
24,3,34,2,5.97958599725601
12,1,20,2,5.94232380467952
86,6,27,3,5.72020932331763
33,4,29,3,5.74316216956916
39,5,31,5,2.29621165564399
6,2,29,4,3.85685685818507
66,8,36,4,8.54461145015986
97,7,28,4,5.46757280355574
67,6,28,3,7.68579507077347
10,3,26,4,5.39206407140812
70,7,36,5,0.768894399022746
14,4,24,6,4.38450170901633
44,5,27,3,8.20664306169929
64,4,35,1,7.73975672099156
35,4,27,5,2.48439965910535
91,10,34,5,5.09090648153087
10,3,23,4,7.344456074245
68,4,27,2,5.4971126212236
71,7,30,5,5.01933624713101
36,6,31,7,3.20409108424217
17,2,22,3,4.66600524105563
47,4,24,3,8.74205872129945
12,3,28,5,3.82858105417707
90,11,33,4,5.3268151604758
40,4,33,3,5.83181720932169
53,6,32,5,3.4146687633332
70,7,31,5,3.22231033110207
54,5,29,4,6.36099382767299
8,4,32,4,4.92643715845386
65,4,30,4,0.0920203081891815
84,8,38,6,-1.80293094891076
51,6,25,4,11.4543683207255
63,7,36,4,7.86103850439888
89,10,42,7,1.56470505512555
73,5,32,2,9.9279050784303
96,5,39,2,4.70354971660529
61,4,29,2,4.03141595775654
66,6,25,3,10.6096598096597
37,6,36,3,8.02329612244268
35,4,24,4,6.30092040590626
91,7,30,3,7.05585361984965
13,2,27,4,1.57775907789261
6,1,32,2,6.61253192680338
8,4,31,3,10.3293485476196
2,4,31,4,7.98177744629015
74,9,29,6,3.62663537723052
72,7,29,3,5.48877866304154
21,5,31,6,2.88863018605388
70,7,37,4,2.34992566444851
74,7,29,4,4.1582194929482
99,9,32,6,0.602980191197467
53,3,23,2,6.60279927183562
19,4,27,3,10.4717499475484
96,7,27,4,6.35638434119894
97,12,33,5,6.88596768278825
80,7,38,6,0.384927915679923
52,7,33,4,6.9669920424746
62,8,34,6,4.84710175974413
20,4,27,3,8.14829712227712
76,6,26,4,5.63612761018211
54,4,31,4,2.4913054490884
12,2,31,4,3.94190242177381
10,2,28,3,4.95033776634891
97,7,33,5,2.28600205940694
4,0,26,2,2.84523535979871
95,9,31,6,1.17327864870769
17,3,30,3,9.62518311965668
39,2,25,4,3.72912783575544
43,5,35,5,-0.559449823252044
8,3,27,3,6.64409685023219
3,2,29,3,8.68652328292423
3,3,29,4,6.76409714218499
82,6,33,2,4.61722079275332
90,8,35,4,2.74982289650554
86,7,35,6,0.993030285163819
89,7,30,2,7.73910592236204
83,7,33,2,6.79178418676249
86,7,31,3,9.35942183317507
32,3,22,4,5.91399477671074
51,6,30,5,4.09079647885795
27,4,32,4,5.30820950500501
94,8,34,6,2.34863797108327
91,10,38,6,3.75680531164351
99,8,32,4,5.19694809715931
59,5,27,5,5.19373500580467
85,9,38,5,4.24394769878703
6,4,24,4,7.76378238077842
46,4,26,4,6.04124334998677
28,5,35,3,4.58670249361107
86,7,28,4,7.63851823056102
27,5,31,6,3.65328481895993
5,4,25,3,9.2416902048815
62,7,31,5,5.54428019466974
56,4,31,4,1.08806760151709
86,8,31,5,6.23890293463563
33,2,34,4,-2.04748233918073
26,3,30,4,6.13118098098945
21,5,28,5,5.46977209951987
17,4,30,5,6.44247193293698
27,5,34,5,6.7120144856637
72,5,34,4,0.44229227464624
96,10,36,6,-1.15623969985527
96,5,34,4,2.95572585747363
38,6,28,3,11.2541463653793
52,6,35,4,4.42079116983097
40,4,32,2,9.99004098676927
99,10,33,6,0.45551008466405
90,8,28,3,9.78536287701936
55,7,27,4,8.95249936451075
74,6,33,3,5.67486628835477
94,8,33,3,5.63974376869183
60,7,32,7,4.66804893507767
46,7,25,6,5.47579039634276
10,5,32,5,4.85593467090371
36,6,35,4,10.0131408860378
98,8,32,5,3.47170669614851
43,5,27,4,7.46525156805859
72,6,27,2,7.36502649583113
3,2,27,3,5.71603759699661
86,8,31,6,1.35828457960546
99,6,29,2,7.84919719346272
68,5,31,3,5.65779338708603
76,4,33,4,0.202032966145799
37,3,33,2,6.40230772239499
79,5,37,2,5.73894264498301
32,3,21,3,7.13441466188658
29,5,32,3,11.3194667629598
51,7,34,4,6.57238521744442
71,7,28,4,7.20179153711462
25,4,23,4,8.24538388113738
63,6,38,5,0.500518238455462
90,11,32,5,7.27188105979761
98,7,31,4,2.80474655692241
66,4,26,3,3.87983527380976
71,4,35,4,2.36781205959431
0,3,30,3,8.89908169315897
36,2,24,2,5.08376782277468
9,3,27,4,3.94585513229049
76,4,32,2,3.31202715420002
58,4,29,5,-0.101290383331159
58,6,29,3,10.2859299152132
43,6,27,4,8.37377134951979
62,6,31,5,3.74594407765372
86,6,29,4,4.17786494970244
72,8,34,5,6.18727197555579
2,2,24,4,4.52640372909366
90,6,38,2,5.08747676281837
11,2,21,2,6.96279787952741
84,9,32,4,5.5255617339683
20,1,33,2,5.65135023990051
69,6,31,5,3.16642715140612
51,7,35,3,7.99450489838153
48,5,32,4,7.4094045021809
23,4,22,3,6.5562004209877
32,3,32,5,2.51026302941386
36,3,27,3,6.03792870598166
49,5,36,4,3.37545677879557
36,2,32,3,0.672687761969357
88,5,36,3,2.76776862894048
69,7,30,6,4.10110587096892
87,7,40,4,2.78695289981472
33,6,33,6,3.23188897576765
27,2,32,4,0.250965954552423
61,4,24,5,4.42753506007043
17,5,22,7,5.00828985935658
24,3,21,4,7.34218709593083
9,4,25,3,12.3695472068447
50,6,34,4,8.13396655399124
55,4,27,5,2.92195292470383
75,7,38,6,1.13548885844538
83,7,37,3,4.13959869980726
36,6,36,7,3.98392602720906
95,9,30,6,0.856416283399858
15,4,25,4,6.96265529398363
69,7,39,6,1.35313235909811
78,5,34,3,0.707648531838972
17,4,23,3,14.8097103974662
73,8,38,6,-0.474589721436125
75,6,27,4,5.75354708723934
23,5,28,4,8.78606327060826
24,4,33,4,3.36414983572098
94,6,36,2,6.48582583677635
26,4,34,5,6.29287611006869
39,2,33,1,2.78356588511564
1,1,29,3,5.29649552939569
14,2,29,3,5.90112446370085
82,6,31,4,3.01943896770219
39,6,25,5,6.72629470395894
66,4,36,3,3.98872064444707
33,2,29,1,8.10653821199994
10,3,26,3,7.52146846859524
99,9,32,4,5.35694466469056
96,5,31,5,-2.46135532103242
23,3,34,2,7.66637044535636
69,8,30,4,6.73127695619431
12,1,30,2,4.06470708471526
27,3,27,4,5.82487059182731
78,7,32,4,4.24745548049892
32,6,35,7,1.41634808712773
19,5,25,6,5.13194134119138
15,4,29,4,7.34939872344659
0,3,31,3,8.48046255734456
9,1,32,3,4.30837894726982
78,8,27,5,5.38369250668188
10,3,23,5,6.67249932748734
16,2,33,4,2.21488390775213
24,3,24,3,8.0770351729687
81,7,26,4,4.76832509199745
98,10,33,6,2.94890255582519
1,1,26,1,11.2503757977683
20,5,35,4,10.3270796618325
98,7,32,3,3.78271148506275
63,7,29,4,9.2870456795341
59,5,37,5,0.220365053902773
22,3,28,2,10.769371482984
3,2,29,4,1.60455729590816
8,4,31,5,4.33911199486152
83,9,34,4,8.30780304693489
67,5,33,2,4.67353380674108
32,6,26,6,7.1227826791933
98,8,40,3,4.09887916675643
30,4,34,3,4.88663424978756
49,5,26,3,6.07029896421741
69,6,33,4,6.67214541906586
8,4,30,4,9.43106252916029
85,5,36,5,0.0382806528566855
51,5,32,3,5.97367420346192
94,6,38,5,-5.50535478734125
62,7,31,4,6.40687155023319
57,8,31,5,6.46146756344353
21,3,32,3,5.62520371319505
82,6,35,6,0.827891442598617
94,9,32,6,-0.485439588756475
83,7,36,3,7.13975470931022
5,2,29,1,10.5170036960279
86,9,27,7,1.03688651222179
88,5,35,3,4.17746837835981
68,4,30,2,4.90655900851839
0,3,23,3,13.9580215807705
65,7,31,4,6.48250414014541
44,6,30,6,1.41617798541565
95,8,36,5,3.68891494973957
56,5,26,5,4.91114488358902
23,3,25,5,2.9814209272215
48,3,35,1,4.41277218885938
73,6,30,4,4.23932413525284
57,6,33,5,6.36797341312336
48,3,31,2,5.37300288824425
75,5,28,3,4.21306677599736
35,4,33,2,9.36508170604836
41,6,26,6,8.47210211993909
84,6,27,3,4.33523615431064
1,4,25,5,6.00958595880671
12,2,20,5,3.25832029452261
15,4,32,4,4.03852864245413
77,10,36,5,7.31045345158482
17,4,28,3,11.2017960769892
60,8,36,4,9.92608371601749
47,6,28,5,5.0199846366117
12,3,29,3,8.68378581286801
5,4,27,5,6.44338307492129
73,9,37,6,0.708273728637757
76,4,36,2,3.82773002916016
56,4,28,2,6.35505009633533
41,6,26,6,5.98729260646664
78,7,32,5,2.54772861289808
20,4,26,4,7.77795422032947
29,4,33,2,5.25377413076361
97,8,29,3,10.0507819555163
33,6,32,3,6.58644425110337
74,4,32,3,3.69864798027824
73,6,30,3,6.08161744515469
79,8,28,5,7.40570085543998
58,3,29,4,1.10530666032835
83,9,42,4,4.98894222062717
29,3,32,3,2.65331032693113
10,3,33,3,7.52906549652573
20,4,22,4,8.1348011406588
86,7,28,4,3.81291347933993
2,2,23,2,10.1269739407601
10,5,24,7,6.01164380639672
55,7,29,5,7.6899876635727
34,2,27,3,6.09300632341242
78,5,29,5,3.33752414471838
80,5,26,4,1.51727020536746
80,5,31,1,6.25745225265761
44,3,28,3,3.01876061459638
69,6,29,5,1.37774409018821
88,6,30,4,2.50664012645053
86,6,31,4,4.82682691734017
99,10,41,7,-3.08620262402394
25,2,30,2,4.00324510849256
3,4,31,5,7.72088404086954
58,8,30,5,4.53826691318056
68,4,32,2,7.13227529716058
73,7,29,5,5.99576964235984
17,5,33,6,5.31415565262844
71,8,39,7,-0.599093510552776
43,3,31,4,2.56762418769518
93,5,33,2,5.29107906379664
68,7,28,4,6.08758164099644
29,4,31,3,5.89416473343985
59,6,25,3,7.06366178687161
96,5,32,3,3.08029017940424
98,6,36,4,3.69493287194771
8,1,29,2,4.63874738978306
44,6,29,4,7.54516749436214
27,4,22,4,6.70373350334968
49,4,33,4,3.15531802805188
4,2,23,5,4.74872173623893
57,4,24,1,9.80473679849625
86,9,34,3,6.36066510381795
65,8,29,4,7.7164336519186
42,2,33,2,3.99470485030693
28,2,31,5,0.709389580839975
47,3,35,0,5.05744474518903
43,3,24,2,5.21012653856135
11,3,34,5,3.50383086973796
52,5,29,5,1.95509786149047
27,3,31,3,6.80085486603092
25,4,26,4,5.42842436879518
99,9,32,5,4.84842783595482
18,3,21,4,6.74239772299736
27,2,30,0,6.50369234790991
60,7,34,6,2.68020086837064
2,4,32,3,9.59762467521682
67,5,31,3,3.5885150495902
19,4,32,6,3.76494963788418
9,4,34,3,6.64882082541388
94,10,31,4,7.83590972293008
44,3,23,2,8.27468602395181
56,5,35,4,2.70286942073834
12,3,26,3,5.20280454857753
14,1,31,1,4.68976621802026
32,3,32,3,2.32868975418276
23,4,26,2,10.4414886608942
68,7,26,7,5.17138856102657
88,7,29,5,4.17276223731414
66,8,40,4,7.09516784721798
65,5,26,4,4.22108705453879
55,3,31,4,1.15627941632772
62,4,28,3,5.62576041865391
82,7,30,4,5.96454387513737
51,5,25,3,9.14530051225893
49,6,34,4,4.0142880226259
42,6,32,4,8.03968516947387
55,5,28,4,4.87320200725168
91,8,41,3,5.3347366281718
99,8,40,5,2.24862134576151
95,8,31,6,-0.703821887255939
6,2,30,3,8.16617578917971
80,7,40,5,2.65920559928518
58,6,27,5,3.25008026345385
7,4,23,5,3.75373954019077
22,2,30,1,5.9640495084137
28,4,24,5,4.34727489029819
66,4,33,2,4.5915746455016
54,5,29,3,5.99871790927505
12,5,26,4,9.49714161960969
51,7,30,6,2.00898262263081
13,2,24,4,2.67586454058297
62,6,27,3,11.0945755839424
80,5,30,3,6.41650119055369
96,5,41,5,-0.0624098239443969
