K:5
N:2000
Gap:0.205944036723125
Rho: 
1 0.8 0.45 0.2 -0.3
0.8 1 0.45 0.5 -0.1
0.45 0.45 1 0.1 -0.3
0.2 0.5 0.1 1 -0.5
-0.3 -0.1 -0.3 -0.5 1
X:
21,5,29,5.62520371319505,0.678114253530437
97,9,32,7.55309639730614,0.173170668072999
57,6,36,3.49421732139463,0.195487598179582
14,3,19,5.92925577152349,0.0795617387630045
84,6,35,2.68796549578995,0.260894410068843
96,5,35,6.18152296818559,0.00653196245868925
90,7,34,4.37860893496754,0.222479642109859
52,6,25,6.01513203805834,0.134044265607372
81,5,36,0.219703476433136,0.212420186948705
66,4,28,6.9669920424746,0.00745826618771394
68,7,26,8.30168644275683,0.119930080404874
73,5,35,4.92443275043475,0.0486948396434885
72,6,27,9.36508170604836,0.094306813320145
29,6,31,3.64632353560605,1.10907001507686
5,4,24,3.76030369479092,1.92859439233974
79,9,31,6.90900475009938,0.335870424507859
84,8,41,8.75944768196579,0.00284281652420759
8,2,31,4.7583552391214,0.226820573653305
98,9,32,8.45330009863762,0.128507880610414
10,1,30,1.57775907789261,0.169720374862663
11,3,29,5.67486628835477,0.0723846638575196
82,6,26,3.43233033372257,0.117095247260295
27,3,29,3.33752414471838,0.110806327546015
71,6,30,3.67263821839886,0.177518646112172
85,7,38,3.6922773048737,0.405178893639146
50,6,29,7.76522348261069,0.293768833148035
37,6,31,12.1695971764621,0.0303472179220989
25,4,28,4.98894222062717,0.150973147829063
47,3,22,4.71548143730573,0.166643646196462
46,3,30,5.45334689935999,0.103728766203858
62,4,28,5.65952829790879,0.0938129101209411
56,4,36,3.93607612068429,0.0390016884775832
74,8,33,4.06289916067821,0.233468648501414
98,6,29,5.65779338708603,0.00807639362756163
81,5,36,5.29107906379664,0.00814230147235271
79,8,34,7.46525156805859,0.158451698720455
58,4,31,4.58496135060316,0.251303635294291
18,1,22,3.83521622812361,0.259123936531335
98,8,44,8.6497217311791,0.0274087650468573
92,6,34,1.2922955420953,0.160318706184626
18,3,22,8.40724093803749,0.126070145639487
92,7,30,8.55029892110501,0.00223450944758952
98,6,32,3.97995116751571,0.113685501506552
52,5,35,5.35837517926818,0.158673958852887
12,3,25,8.12953432014478,0.208212156232268
47,3,34,3.89365948438259,0.0994610404158949
48,6,25,10.1186027615697,0.0916011842473919
83,6,27,2.52614048578685,0.463420193431499
66,6,32,6.2792827243171,0.198378352903503
72,8,31,5.89982202202174,0.302682692174542
95,9,35,5.25377413076361,0.410821862497783
68,7,28,5.60439508898306,0.378157621228552
21,5,29,4.87725201658698,0.212815057708624
83,5,31,-0.497549600414198,0.297203850479913
9,3,30,1.95704819596596,0.703059415364889
16,4,28,5.29649552939569,0.187357444538477
32,3,26,6.43549028136948,0.105455319862813
16,3,27,2.13381339295526,0.68814617625081
3,2,24,8.00458847610004,0.0370766500709578
33,3,32,4.63778028443489,0.0203710105270147
47,6,33,5.13399489627779,0.296973866167221
87,9,37,8.92952485297212,0.169290724443272
14,3,19,7.38384001513547,0.0644222669070587
33,5,23,9.0669313206085,0.35124157599867
73,4,33,1.33304946330661,0.141931870471206
68,4,28,-0.17410366867496,0.426056177334344
55,3,34,5.06945001692734,0.0148656177334487
42,6,28,3.98872064444707,0.801636248784971
4,1,20,1.95558895394478,0.372031474937376
22,2,26,2.3875150346691,0.320514589770439
28,5,32,7.96050449801993,0.0245196006475135
3,2,22,3.99470485030693,0.378711922635585
81,10,32,13.859030791786,0.00687205919530243
26,2,28,2.15384734112425,0.165088265552185
89,6,37,2.67586454058297,0.0686463296879083
85,8,30,4.03852864245413,0.440265395191914
74,8,37,5.77282244636689,0.333807761071923
12,5,30,10.6052438755787,0.241733243136077
19,3,33,4.74328082092826,0.0476459686178714
8,1,23,1.25915195138409,0.369810259879983
29,4,29,5.98561095066422,0.129176185582764
74,9,40,4.98953753892716,0.192660279794338
62,6,27,3.31595565226845,0.746340642559414
8,1,28,-0.232159002872498,0.584263008522028
49,6,37,4.60163699887309,0.154466079548001
12,2,16,7.12290211734986,0.0682409578002989
94,7,30,7.00828412958981,0.0201664642663673
30,4,28,4.35085376198243,0.501025640124451
90,9,31,11.5413534738791,0.0130658615380526
19,3,27,7.90134680835993,0.060091397492215
45,3,34,0.76982856406439,0.204343825335357
77,5,33,8.07864011998249,0.000597211201347075
53,5,24,5.03725194649392,0.192906834640282
7,0,27,-2.22536211962637,0.228747479141432
49,3,29,5.62354288749877,0.0425535445101559
24,2,28,0.264477911471902,0.305953506136987
20,5,31,8.68378581286801,0.29214053483561
94,9,29,4.79079957880552,0.445196594090617
75,9,39,4.64846098278367,0.227090207296804
60,6,29,9.80473679849625,0.0111591840395704
42,6,33,6.29287611006869,0.144449258019586
90,6,29,1.9439782001041,0.268911428464748
43,4,32,6.37360840927154,0.139410239199783
12,2,18,4.92643715845386,0.203518336395475
58,7,27,8.2907974661704,0.260283385625783
35,3,30,4.14022073284289,0.241220859101716
61,8,29,9.19731364668246,0.309432585480365
48,3,33,5.00123606819644,0.00969242333016633
91,7,30,3.15531802805188,0.141076011350378
33,2,29,4.52640372909366,0.00840628077276051
8,1,32,3.68701166096108,0.0529392573516816
42,3,34,5.81441496814557,0.0124049809851553
5,4,23,6.62223616858584,0.617371418947512
49,5,30,1.83518052295261,0.70917699345073
92,10,32,11.396640775537,0.0136663113953546
57,4,29,6.85891953152901,0.0614089372529112
53,6,26,7.38943960577898,0.270613520628515
62,7,26,9.80401020511423,0.230857911974865
62,6,38,5.26725507317262,0.138147929916158
57,4,36,2.95905637826285,0.046756703345068
81,5,37,-0.391365399524307,0.393318165538317
76,8,27,10.9949310901184,0.18496290174194
81,8,30,4.37758940347673,0.476488499881184
83,7,30,6.8512135951259,0.0327823414700106
93,9,36,8.23692425967409,0.0935953811276704
19,5,33,6.85241051986799,0.372800013960755
69,8,39,3.26521099171011,0.794848304199887
17,3,26,4.66600524105563,0.317852363212708
36,3,33,3.10708350645717,0.1097519795876
46,4,28,4.64374852592844,0.234215969674963
91,10,37,5.88047560452519,0.465521452927446
35,3,34,-0.0491110003159019,0.561893319516276
79,6,27,7.8880162524535,0.0117868682136759
88,8,40,6.66903854740724,0.0406398262792485
92,8,33,4.13507390619025,0.140712092863396
87,7,31,6.33584120756411,0.0350872705457732
98,9,39,3.60143576189786,0.477862582055336
1,3,22,8.74252010582406,0.131202150834724
18,4,28,3.50378124903334,0.605534298779601
60,7,30,4.53826691318056,0.368849596260128
4,3,31,3.36414983572098,0.562058893747805
90,8,30,9.87105417309881,0.0559043390676379
32,2,28,-0.92213489926392,0.246590089042413
7,4,32,5.55110013018662,0.712860342073155
35,5,29,6.09448045516266,0.279226925912055
74,8,32,11.5145270387111,0.116373776948467
77,8,31,8.86162411476886,0.035282370285131
91,9,41,8.22635622411938,0.0290287130469203
56,7,35,3.42076810342495,0.828863237011147
83,5,33,0.856416283399858,0.0713780908845365
95,6,36,2.05684022552424,0.0653016311116517
43,3,27,5.13445677145024,0.12224577809684
51,4,23,7.51582830199949,0.132504730136134
47,4,33,3.52514841903935,0.0927137216785923
15,5,29,3.86757238169719,0.721633102702809
48,3,28,2.21488390775213,0.29125987131961
26,4,25,3.72608694429152,0.394560481866306
91,8,38,4.76862484801161,0.357679068361848
71,8,28,10.4770492448801,0.0583583004772663
24,5,27,4.17453519764938,0.642484582759825
96,7,28,6.68209225485706,0.0843195770867169
92,8,33,7.05585361984965,0.0406788972904906
47,5,25,10.0131408860378,0.180390356493908
75,4,29,2.52969497402177,0.0521877865539864
39,4,23,4.18598433289391,0.385764358078545
47,6,36,5.6316227376313,0.132877375804284
1,2,22,7.61674535391547,0.130827301065437
50,5,26,7.67943371207668,0.338177927526388
54,6,26,9.43106252916029,0.220150607860389
7,1,28,2.01394522127135,0.226006323693994
90,10,28,12.1227870692628,0.0281058246036991
80,8,28,3.97049384758459,0.451393037547773
18,4,29,3.24676071094782,0.469975648892528
94,8,39,9.06785346920381,0.00768731902283052
14,3,23,5.68605114414205,0.455897419692433
76,9,31,4.77952269422579,0.296925134713504
29,4,31,7.4094045021809,0.266763155803758
88,6,27,4.84597740848903,0.0845022912835702
37,3,22,5.09107954114585,0.0688701590620746
2,0,23,-3.47457328147803,0.281222299478928
95,8,28,6.12938904421632,0.147096011205576
11,3,29,2.73790845139264,0.19094156671107
14,2,30,0.420536255784222,0.27322982273877
55,4,27,2.51295274509911,0.760984333190036
53,6,29,7.02510552645368,0.167279423447326
85,8,35,6.57208116985731,0.281770060061219
75,7,38,5.8879215847161,0.23996325720914
22,5,29,4.26772457620901,0.474095446502274
93,7,29,3.25704811957038,0.109362064860761
10,2,27,3.5100766316651,0.179012901372019
50,7,38,4.33981795218754,0.396925206520663
77,5,28,0.706552103873961,0.514974054859436
92,9,40,9.35828219756912,0.0156579413980169
53,5,33,3.31202715420002,0.0804227035259828
13,5,31,11.4534214157327,0.164124932605773
76,4,26,5.53182346790852,0.151010743924417
71,5,24,4.32956507671248,0.0647306232713163
50,3,33,-0.908594862259533,0.290017504700202
90,8,38,8.98731725361068,0.031283724703826
33,2,29,4.39558589049025,0.151898929965682
52,3,33,4.27123101491241,0.10151681676507
19,3,26,5.87176576048786,0.188938572759482
88,6,32,7.40570085543998,0.012506682658568
12,3,23,3.63230146083365,0.390299130177389
1,1,23,1.68109277953364,0.592280459093088
34,6,27,8.57297572632205,0.266139617644924
74,9,34,8.13126400663876,0.257791354776102
19,4,23,8.48764397295065,0.132185905551731
42,3,34,0.388468729942119,0.0943164916243404
73,5,35,7.09829440265276,3.94849577460816e-05
42,6,26,5.25240686896846,0.497955742736763
86,7,36,4.30971718359423,0.0271524251438677
78,5,31,4.67378222259363,0.022468667360954
57,7,37,7.17641773587054,0.110327282105573
71,5,32,7.68579507077347,0.0504818985937163
26,2,20,2.0427137719492,0.50994861263544
49,3,31,4.61781735154137,0.143289119470865
87,7,31,7.49113465809096,0.122683023451827
39,6,26,6.08699621192327,0.486783475695229
55,3,31,-2.47223378763718,0.344622996858063
43,6,26,7.66637044535636,0.256156615168674
2,2,29,0.176455842693045,0.245518006839532
1,3,22,5.96847222543786,0.5654609366005
78,8,35,7.87987434978465,0.0199164686532369
67,5,36,5.20280454857753,0.0832014930201694
42,4,26,6.08063373471355,0.126188239199109
24,3,24,4.39491536636524,0.128083835233115
63,6,29,6.85224893378417,0.297678270832378
78,5,29,4.35676763240828,0.137001874740236
95,9,42,10.1327612357896,0.00051305303350091
39,4,35,4.91682348625501,0.0366962904809043
75,6,32,4.64042038919429,0.0310304651269471
50,4,26,6.64882082541388,0.0684771332889795
66,8,35,7.84919719346272,0.0766246838029474
65,4,33,2.52916129455489,0.230183081923726
26,2,29,-2.74152794861766,0.293045465356957
97,8,31,3.61324642898251,0.255942379346791
59,5,29,8.78606327060826,0.135718645644374
82,7,40,8.48046255734456,0.0895514477742836
78,4,27,-0.750531769757901,0.605497995654102
54,4,36,5.37285119187589,0.024863193174179
79,5,29,6.92109074862543,0.0112200898583978
14,4,31,7.71399985716179,0.247631394293833
88,7,38,2.56177057720916,0.41100270624966
81,7,26,3.91895233637105,0.744287382917322
78,5,25,1.87833743838029,0.241115434317592
28,4,23,6.30092040590626,0.425911548992103
70,5,27,1.0559178892884,0.972274020807087
63,3,30,6.08161744515469,0.0162544784834608
84,9,34,5.99051403387799,0.418964002260423
71,6,33,8.51916181408088,0.00514443055726588
90,7,32,7.17244432780123,0.0429535100378696
55,7,31,9.91288150442416,0.0982849131105468
26,5,31,3.01607836392166,1.24178433084959
46,4,30,5.80702833795121,0.209162949108261
24,4,32,5.46977209951987,0.130596613196606
71,6,26,8.93520137746857,0.00706280838712668
99,10,29,11.0945755839424,0.0076202122727409
52,5,26,4.06004402012564,0.197495885415676
9,4,22,5.58205714695195,0.919948154542238
7,1,19,4.13862215146581,0.261471488130614
89,10,28,7.59670522755402,0.422408483959005
80,9,40,5.37007383216582,0.438338329063213
69,5,29,3.06920339046329,0.183891805163904
42,5,35,4.24875848230603,0.211195640721101
14,4,26,9.14648442453047,0.099444000122082
36,5,36,4.2615497838778,0.627612933950657
89,8,35,9.37500414812655,0.00418534723576158
64,8,35,11.442661178419,0.04678453648261
35,4,32,2.2118821889468,0.782689990684555
5,1,29,2.50807467428073,0.0926087093539536
19,5,32,5.53402199595771,0.601263713525766
88,7,30,7.38909581539675,0.0949976911683327
33,3,26,5.83154146346593,0.0418224514933853
72,5,30,5.28825508709091,0.0321794930235482
55,4,27,5.94014401453382,0.234133311536837
27,5,35,2.44708336006615,1.06918510508941
11,2,18,4.25178810093404,0.281716120172531
17,1,33,2.91251786082647,0.0503472770175377
97,7,31,1.39461234805489,0.354631386502052
89,8,35,5.00155602489808,0.187752757676619
85,9,29,5.18193537024251,0.314779480675909
60,4,33,2.05702477898924,0.305919346156272
87,6,30,4.59395401364637,0.0602559617254883
90,5,33,1.42919183469304,0.306700220321047
26,3,25,7.63945347425258,0.0200437976128427
19,5,35,6.84395494663152,0.135589626268484
46,4,31,2.96883374147599,0.514402113833881
76,6,33,5.37300288824425,0.0800574928289279
60,8,29,4.63109812929988,1.13329801404723
53,4,36,-0.214537204738853,0.274278537825424
44,6,28,5.87137870589391,0.323706293933767
20,5,31,9.88240487865892,0.0658938949927688
96,7,36,5.97040890282291,0.0332057660001868
78,8,34,2.98091614797866,0.650084321821267
13,2,25,0.314717618286442,0.364398957209146
49,4,24,3.53055282124205,0.389484127496785
46,3,35,0.707648531838972,0.113293539383449
35,3,33,6.20690150967317,0.0504832935985178
15,3,32,0.595035675460572,0.459538837873793
75,8,40,4.42411290341924,0.127548174932599
99,7,37,2.30985115024592,0.144730737083592
10,4,26,2.78695289981472,0.784219548225952
24,3,21,5.8487323128342,0.201202120621431
64,4,28,2.22295068232125,0.128093281993642
56,7,27,14.6741396560738,0.186936639238823
29,2,28,-1.30598962127224,0.57937064717167
58,7,28,10.7686606053912,0.0477866702713072
20,2,23,6.30687618575514,0.191558860464695
8,4,27,3.35295872747771,1.29092661425194
6,1,28,4.21009687125017,0.192121100601482
21,4,34,2.21572841654704,0.818467874037934
40,3,28,1.38579062335653,0.268700755789568
17,3,31,4.53250404918936,0.193613705214787
58,3,27,2.52251922588176,0.0786450458690524
63,4,29,6.58435728151702,0.0693433757405728
43,3,26,7.47264610899356,0.0101503934711218
45,3,32,6.08275379379797,0.00358791556209326
20,2,25,2.29768167779929,0.29525228961252
67,7,37,9.00534544193403,0.0261753655504435
45,4,36,1.67029601950779,0.477782072944051
75,4,35,4.42079116983097,0.0745021237748161
89,7,33,4.90871591667932,0.119976331363432
95,8,40,7.14182811719965,0.0395599482581019
11,4,32,8.57601503528442,0.077075123321265
51,7,37,4.58605464391822,0.721097570811524
19,2,29,-1.20591155447064,0.910097958001882
3,4,21,9.78057962133604,0.252552629205141
66,4,36,4.06470708471526,0.0392166724195704
74,7,32,4.62270791745923,0.0992109146163378
33,6,35,4.1938950681546,0.279711665807965
66,4,26,5.98502676253777,0.172165829571895
62,8,34,6.44431477913256,0.295934135016782
83,6,29,4.14112735404037,0.161165783065371
58,5,27,4.34944743398284,0.127782174851745
52,3,35,5.82265919320442,0.000743460882975013
12,2,33,-0.137013755925934,0.233063054027709
13,1,27,1.13548885844538,0.26661366316371
37,4,25,7.14691483576174,0.0903781733807777
66,4,31,3.20689996983969,0.257711083915471
14,2,26,4.79392340270333,0.179937697470862
90,10,40,9.05346966186451,0.0667753145098686
15,2,25,0.637482403474748,0.282358511922609
98,7,35,7.51678798582377,0.0242804173367651
80,7,32,3.29907318415351,0.412788935240808
53,4,27,4.23946395442045,0.060062927854312
59,4,25,4.1276722238566,0.0825990273151547
84,8,29,5.96454387513737,0.20083524728075
27,5,31,5.07930715360921,0.399467796091842
60,7,34,5.886107186489,0.125817493182214
3,2,28,2.89189658272855,0.540817316058185
91,7,29,5.79786221606521,0.161439855583012
36,4,30,4.96928002472268,0.105879987357184
32,5,36,2.12749455634151,1.02476681530812
94,10,30,10.3270796618325,0.0613301565172151
49,5,37,2.55286751535008,0.191936262841001
25,2,32,0.630437901430398,0.28440499001995
19,3,33,6.0909427253104,0.0379530605860054
28,4,25,5.59033080663743,0.289787400503385
84,8,41,2.97278189196297,0.519907967621619
38,3,29,4.32915393328514,0.17523809262028
35,3,27,7.45229319788693,0.00668586518093362
53,4,34,2.82060517110696,0.150538539048284
87,10,42,8.14829712227712,0.26769778951967
43,3,30,2.71123570022573,0.126578497118317
89,8,32,2.8571065524042,0.293952736993063
77,9,41,5.41623915577852,0.223991062740224
92,7,31,8.14596259706938,0.0228307383538477
92,6,29,7.51700585098942,0.0345169102074578
41,3,28,3.55151421558936,0.0432818940410813
3,0,27,3.42489310303834,0.0374869045335799
15,1,31,5.10855711012867,0.00202224098887998
77,8,33,9.14530051225893,0.0409026820375427
73,9,31,5.67173105248434,0.922538699064046
91,7,32,3.86608590939392,0.129633093485609
78,4,30,-0.105455586526048,0.119433966116048
5,4,25,4.07468868320544,1.32465734744543
65,7,26,7.73910592236204,0.116682908497751
51,4,29,1.44571764773292,0.174564957057185
43,4,31,3.78100266935654,0.214003502476623
99,10,31,11.1793004937074,0.0509639349782616
91,8,38,6.08884724065976,0.153185848845169
30,4,31,6.40230772239499,0.128784988308325
19,3,33,2.290899554861,0.0833161269547418
74,5,30,4.19726140076319,0.0550670573715874
24,2,31,-1.92978912840528,0.317954987277019
22,2,27,-0.474589721436125,0.719907421060297
15,3,33,6.39346928044024,0.138863172964193
53,3,26,3.17514339096958,0.149781507905573
53,6,32,6.25745225265761,0.238196420472789
93,9,29,8.32508693976711,0.0952973283128813
18,5,29,6.6861170075778,0.682752395482892
41,4,29,3.01876061459638,0.629617305356316
31,4,23,7.89583993928549,0.0502541455207393
82,5,26,0.91153119812707,0.24897368878622
24,3,32,7.59416230818135,0.142216189909215
21,4,30,4.42249232067718,0.279266111775044
13,1,32,4.91064959159121,0.0429224508364493
67,7,29,6.92372572082408,0.140770284411163
99,12,28,7.45298087065185,0.650286779241794
22,3,29,2.48038600197561,0.468928582945323
82,7,29,4.4919453346069,0.303789857764471
28,5,35,8.0770351729687,0.11697811295744
18,3,23,7.33283703279976,0.104794457438402
75,6,31,4.58859891489219,0.210690269469026
44,3,29,6.11495982874966,0.0140589758520946
26,3,30,7.0841622783441,0.0705581008508893
64,7,36,8.88064010805109,0.0400702168699354
39,4,29,4.76832509199745,0.125933041330427
80,6,33,3.81025385594192,0.0407908711395549
98,11,30,7.18492948202777,0.399928165764232
46,5,25,6.17932670498308,0.425938967405638
76,6,36,5.106389911111,0.0330101083964109
18,2,25,6.67314427187366,0.0113479792447352
86,9,29,9.79875666244585,0.0535131029319018
34,3,23,0.450771358200315,0.756623385432077
17,3,28,4.21306677599736,0.207365245547819
49,4,32,4.09317825571023,0.113014010479674
76,5,31,5.0063188398131,0.0952864525606856
23,2,33,4.31145392483934,0.0103922310518101
5,3,30,5.06843484359686,0.500185098478055
19,3,20,7.58985825329255,0.189390109465592
61,4,29,6.09300632341242,0.00738460578777689
97,6,29,0.621976822754571,0.18536664667042
14,2,26,3.91619234932112,0.0827351808121262
67,7,32,3.9033230979178,0.241863105435598
10,2,31,2.44412460405116,0.268459465222722
64,7,30,4.46475965543572,0.436135602341543
41,5,34,6.5415294127911,0.194338087511199
41,5,28,5.61365882466754,0.296073604364622
33,2,29,3.03912560709473,0.244302405732426
4,1,22,2.3956550822065,0.24785916902006
4,0,21,3.87983527380976,0.312418715552169
17,1,28,5.30820950500501,0.00379073790623081
83,7,30,6.00530501306645,0.0621912563219666
42,6,26,10.5658379944262,0.113042598008178
39,5,30,3.21250700769816,0.376321897820985
96,10,37,10.7910993660571,0.0558908937964588
72,9,31,10.9760728453174,0.237757320876059
58,5,27,1.29949743975255,0.709364304023459
98,8,33,4.25757974037104,0.193902903037128
27,2,31,0.571268151099123,0.240647045717272
30,3,25,3.93137679379883,0.456313073720122
68,5,35,1.56141857202094,0.17546764294498
88,5,39,-0.75009607000681,0.157332547358237
14,2,30,4.50516026398921,0.212226332721127
73,8,40,5.08747676281837,0.105378988737743
31,2,27,3.60291337716784,0.201523002692241
91,7,35,6.91580463089488,0.0495812731866138
58,4,29,3.38408477855367,0.0412786487783224
14,4,29,2.32868975418276,0.996933845284969
36,2,31,1.66392557967762,0.195240845319227
22,5,24,7.86340218934433,0.204648405070159
22,3,24,1.04981628803823,0.445526888813821
17,4,30,5.05744474518903,0.385458446685588
40,5,24,6.03644974985297,0.525604580835772
19,1,31,-3.30620296943765,0.379352151395238
59,3,26,4.9605171998866,0.181792438019741
33,4,24,3.20409108424217,0.775538915726257
85,5,39,3.40283053152968,0.00449304429428083
68,5,33,2.65860766941617,0.203450410849157
46,5,31,5.78491519299833,0.160003114840947
86,10,29,8.77269952650804,0.0796483103185892
66,4,31,-1.16339415452835,0.174695702259171
56,4,28,5.31011123112669,0.143854407772978
58,6,36,9.08056952653831,0.0500624987762421
5,4,23,4.56735154872745,1.44547798848691
9,3,31,5.28356283378262,0.159955918439664
86,9,35,9.55921143959162,0.0571286815684289
67,7,27,3.59627965415679,1.17980746639179
36,4,27,6.40687155023319,0.178505997861478
42,6,36,6.50369234790991,0.158606025041081
88,10,30,5.92246842712131,0.784997776108694
37,6,32,4.57893581167312,0.827981466385436
85,10,30,11.2983324841398,0.048928568023257
29,2,20,3.91162082478965,0.372264835496849
63,5,29,1.46766507100273,0.229408471834588
12,3,24,7.58982426131831,0.213685748317377
12,3,30,0.913463220015878,0.580936584356924
84,6,30,5.43284911919516,0.102685979218222
78,8,30,8.47069171606125,0.0933633094071662
34,2,30,-0.448000455015467,0.410529762019819
57,6,31,4.71302066715472,0.185371331394392
77,9,35,6.49195745419021,0.125395539682359
47,5,30,8.27655351232281,0.0251927470089868
24,2,30,1.83508992041451,0.0551047548651695
57,7,34,5.78288285172348,0.437549271134144
33,3,29,2.74572018701389,0.10820075951051
85,5,27,5.45684740291213,0.084587553050369
75,6,34,4.24394769878703,0.249476626970547
93,8,39,8.25224628469165,0.0258362572640181
12,3,28,2.31242984775143,0.625111538419658
45,5,27,5.90384225047125,0.164425266673788
62,4,29,5.57752582011237,0.0437947415048257
7,1,25,3.10146285134668,0.165145672159269
8,3,31,1.10277329062605,0.6689432602992
17,5,26,10.1808668364489,0.165566540439613
92,10,34,9.59762467521682,0.0510687725123685
4,2,28,0.250965954552423,1.05755553542406
30,5,35,4.38245101397193,0.115625616395846
18,3,31,1.78469454246076,0.607640249157482
49,6,25,6.78196083474626,0.322291790497232
36,5,36,7.17355958769932,0.0421003707451746
64,6,34,4.230467632669,0.101092418888584
21,3,22,0.46411263491447,0.984515791240722
79,5,38,3.3963060145613,0.16146820562426
11,4,22,3.65925527495883,0.937405151728183
84,9,33,7.45121581075291,0.0736106081492212
88,7,32,3.48891281174486,0.290558549332175
85,9,31,8.08674229682929,0.119014323456213
99,10,43,3.71346067497881,0.20781062886921
50,5,32,8.63863368045635,0.0380780745930813
25,5,27,3.82118693033765,0.559316528035618
72,9,39,13.5798096843171,0.0499701673417844
10,1,22,-2.04748233918073,0.492996519410467
32,2,22,-0.198121530625514,0.31327507457577
98,8,38,8.09981844326725,0.0348162084119394
26,4,24,6.01003865893823,0.336733440159562
59,7,38,8.83101988752143,0.0398549233796075
8,2,28,5.73973718753548,0.0318825015239955
1,1,28,6.74239772299736,0.0798034829786047
72,7,29,7.87344326971999,0.101653640809056
53,3,35,2.38524475871222,0.0227414481729004
70,7,30,8.40075482043353,0.145751829491928
54,6,28,3.0658669272623,0.30562284378216
69,5,38,5.56518420045076,0.0143715732900149
17,2,33,5.0515995687809,0.0441167239168356
78,7,33,10.1710146336467,0.0331486522918567
24,2,24,4.53787707353733,0.10401971866286
61,4,34,6.44215991979849,0.0407843639841303
27,2,23,2.9980561161954,0.228669067102231
4,1,32,4.87935160804694,0.00440551902958187
47,3,24,-1.21508274497386,0.745966287135849
57,7,39,8.54496705932597,0.159920854610391
34,6,27,11.1609519945182,0.0361320645315573
13,3,26,7.56060601431903,0.113491334835999
25,5,22,8.82746655384748,0.416737431173629
30,4,30,5.61715940453998,0.0782468372490257
26,4,29,6.11828351585417,0.0691502391127869
51,6,25,6.55594020946446,0.228442558596587
45,3,30,4.01462882320154,0.067017134744674
64,8,37,7.13227529716058,0.380801854238766
0,2,18,4.50914790826437,0.323559257191348
99,7,36,7.44926090784291,0.0749327712876558
92,9,32,8.93072919722752,0.132294901112967
34,2,30,-4.09826695603342,0.244645072399391
64,6,35,5.71603759699661,0.233052344516593
77,4,37,4.82682691734017,0.00467137567807164
94,11,34,6.76409714218499,0.486253011485046
55,6,36,5.8410575534601,0.108538164990023
55,5,32,4.7598610849333,0.113132218946703
63,7,26,6.1342421038836,0.234874159518876
30,5,30,9.86309561625377,0.0498436749912798
11,3,24,6.94060745705608,0.212502785016525
77,7,34,7.00414486578795,0.0638654043432325
42,4,23,3.08029017940424,0.21263248447623
5,2,30,-0.521662698383027,0.255967213528904
72,5,30,4.84710175974413,0.0713293690932915
38,3,31,5.13194134119138,0.0612293997919118
77,9,29,10.7946710566159,0.138721584691666
54,3,25,4.5915746455016,0.0550531746121123
11,3,20,6.42499241808872,0.402278754888307
64,4,27,4.92850168170596,0.0455662434101332
58,6,36,5.96430569602516,0.0495299157919362
46,5,34,5.59864113697815,0.132355856243521
46,3,28,2.31548227749156,0.127062525833026
32,4,31,4.65147232701671,0.114278230234049
9,3,28,6.13412727000504,0.405414152403778
87,10,40,7.56794266206422,0.193406421447846
47,5,31,6.09346624079113,0.103412536394809
30,4,29,3.0497926575563,0.282425424073565
17,4,31,7.78451672878629,0.0581088254063105
69,8,27,9.53067126984954,0.258581269289109
62,5,30,0.596248811865291,0.3236501251708
92,10,28,7.8120982950676,0.399370882173485
68,7,38,7.75704310852342,0.0066314691339552
1,1,29,-1.80401183446544,0.380061378681517
64,5,37,0.913723038334807,0.405783005500024
40,4,32,7.13700347647308,0.0433057616464794
40,3,23,4.85593467090371,0.322545958672392
6,4,22,8.30344715770976,0.199348312422826
32,2,29,-3.83796315818828,0.57276317720401
15,4,26,8.0389158091548,0.333775546856898
76,5,34,4.81566009472072,0.0143526565516368
84,6,27,8.11073270421998,0.0227934814756736
31,2,30,-0.0802080105019725,0.0949968869099393
44,6,27,4.39425267420476,1.27541255617613
47,5,27,6.35254207646307,0.0469132469055557
99,6,33,2.27759762564881,0.0267979345517233
92,5,36,4.81552748019407,0.0465264176426828
53,3,36,-0.723709160150555,0.114101626677439
10,4,31,5.39381957558685,0.274264518133306
71,4,29,2.74982289650554,0.377322526653966
73,6,27,8.59687924085317,0.0171184581302913
89,8,38,2.76776862894048,0.505919841562814
26,3,32,2.11292980017256,0.669892412113184
61,5,26,2.33468987131199,0.638403164656991
50,7,33,9.39670245049516,0.101748206652701
9,3,29,2.85343635251958,0.799683928447676
40,5,32,3.95181002889983,0.192452727106665
86,8,41,8.48522686585252,0.0344189872266725
98,11,36,14.6525016419467,0.0306843350408599
93,8,30,3.71201775342034,0.580919583762223
45,5,31,5.86567027622114,0.0503158601932228
23,5,28,7.64093245986601,0.486102055271572
73,7,28,6.06689275520844,0.158017400535755
38,3,23,3.90817689126136,0.132477221661247
37,3,29,0.646412734889808,0.250903147243533
10,4,23,2.90659054431651,1.18582066607879
50,5,29,6.87124907658681,0.217013822975093
4,1,20,1.58290498249893,0.421079665867096
72,6,33,9.75725258805947,0.0194533912884926
84,8,32,10.7712218322624,0.00767056950607052
65,8,32,9.22099693848313,0.0964001596906166
1,3,26,8.21704698735365,0.133514405588387
59,4,29,5.87763727014845,0.0200992592144758
48,4,31,0.601451223230952,0.232814960404041
60,3,34,5.9885609269692,0.00230356010154378
30,2,22,5.83332468768776,0.175594787180885
2,4,28,9.2416902048815,0.294332124282348
15,3,29,7.90276499490638,0.147925647441298
44,3,25,1.56470505512555,0.370568738987534
26,3,31,6.04124334998677,0.168833639472723
48,4,32,2.10414511453228,0.770981626543117
79,6,30,3.1594682785933,0.246634682629931
5,4,27,6.53114072531789,0.173136180499569
85,6,28,4.11269117258471,0.269851799112487
71,5,29,2.17537708907773,0.488761793775383
60,6,31,4.4473606150597,0.153767773765139
23,2,28,-0.0624098239443969,0.297946144816208
61,8,35,9.29368494393492,0.231906643126833
62,4,27,3.28412069766095,0.402078149667562
5,4,30,8.21596912217353,0.228753546475175
92,8,37,8.65297314909078,0.0501720157584953
91,7,34,4.78620996663806,0.106727819773369
30,3,21,2.97875484633785,0.441220111658281
38,3,31,3.32801141289913,0.192563950438922
7,3,21,5.49566043377497,0.314338294545862
20,2,29,6.23087876609667,0.00898328225594014
58,7,26,7.74440811496006,0.440238420364863
51,6,36,2.34992566444851,0.338896686256123
29,5,29,8.43869172035204,0.162946562399156
39,5,27,7.83590972293008,0.290891004715788
94,9,36,8.88263415849869,0.00240514695178717
2,4,26,5.88871454659998,0.581581981355482
5,0,23,0.602980191197467,0.322292218305238
20,3,24,6.32654604473008,0.34885360484705
23,5,26,7.68167631538125,0.117759931716137
5,4,25,3.70747959790626,1.08415823144125
63,6,30,8.27222509052337,0.045757268439047
0,2,30,6.81823651585812,0.082638370222412
17,5,26,8.39463937041095,0.362079769497685
32,4,30,3.50512296993227,0.176168120893895
49,4,30,2.21370404322567,0.241753522529009
75,5,27,2.74874188605377,0.236960892322215
60,5,32,5.63612761018211,0.158611521590501
95,10,38,11.4518001536614,0.0884458314394578
58,3,27,-1.33875317799653,0.258653547604311
47,5,28,3.53459257600263,0.295007572033185
5,4,22,3.47170669614851,1.03592745349148
13,4,23,5.74020088355949,0.333112651937383
25,5,32,9.80691551279245,0.0525348612572998
94,7,34,6.37441492430447,0.0985065284884869
34,6,32,8.74205872129945,0.221787415925731
63,5,34,1.85278203459216,0.192397569761354
25,4,34,8.42334385011392,0.0174249379509629
77,5,33,1.93178589149468,0.231933706895191
40,3,24,-1.73053413686872,0.707735664453456
64,5,30,2.69264007436644,0.159072497900732
42,6,31,6.61422178480322,0.468219902333312
65,5,30,1.20733606089383,0.430866683329933
22,2,28,1.15060384562643,0.0927890531020239
25,3,24,5.70242500877982,0.189994210366833
31,5,35,4.61656802550174,0.172093578614295
67,6,34,8.27449529365466,0.00276388127746975
42,4,25,7.90966288024561,0.201360907335865
35,6,35,9.19246716458472,0.116113142925315
34,6,27,12.9407049070143,0.108788063866086
59,6,25,7.63108824145037,0.056482914347444
33,2,28,3.30863762786684,0.198930229981172
61,4,34,-0.505062310331542,0.606566929098231
86,5,28,4.76925374904075,0.108935995027423
49,6,25,11.066955439762,0.0202943511253924
28,3,28,0.923647522780721,0.21876949839175
58,7,30,5.01534279666597,0.781939186113787
77,5,25,5.04155017010299,0.0893064880510792
1,1,20,5.93673663208696,0.110549877397716
48,3,24,3.13282264421951,0.348372958579517
84,5,29,3.18499260712148,0.0478276350291159
69,8,30,8.96960741903705,0.288109589823264
11,4,23,3.18903119034437,1.17366253298925
53,5,30,6.29671192820546,0.205514304222255
38,3,31,5.46765271009724,0.0142241949215531
90,6,27,6.29121752189983,0.0690144239924848
22,2,27,-2.07917343366532,0.303301505758306
29,4,25,7.42635387961504,0.100017249700613
17,4,29,3.3265911896574,0.840515267061901
37,2,34,0.65193360543686,0.0547533386852592
59,3,33,3.23646561748637,0.0310956957762573
22,2,23,4.69934204280773,0.144268430653028
72,8,34,10.0278473879464,0.0184450977249071
15,4,33,7.09288271140823,0.0973231290699914
39,5,32,5.46015858600925,0.24692014347643
61,7,32,7.00797317474493,0.245142958847732
91,7,33,9.10977202015875,0.000494127609246991
43,6,28,4.1582194929482,0.333901168768036
92,5,33,3.85685685818507,0.146984130493365
82,5,33,4.44034963841098,0.0453398753888905
80,9,35,7.41292141952619,0.053923815023154
0,1,28,3.92378426306807,0.140722312848084
55,3,30,4.87694069638621,0.0223568972432986
16,3,28,3.25008026345385,0.258514467384674
55,7,39,4.38133752556446,0.183025654480178
49,5,31,2.37977588833103,0.804499356034112
39,3,23,-0.747167899814644,0.497037783901322
88,5,26,7.38587563410206,0.00104527673170835
22,4,32,9.10273427115445,0.0360778483764322
64,8,27,9.21807930692334,0.22436693519235
89,10,38,7.35369806326222,0.17245131067466
82,5,31,1.83550648621319,0.376131605518464
99,11,41,11.9889796801218,0.0609216042794287
82,5,33,6.81686192277244,0.0330962559810351
59,8,36,7.61808224026424,0.0636167277116328
44,5,36,3.96674509217454,0.161536132916808
31,6,23,4.04826583826112,0.830595245542836
70,6,33,8.45860598314451,0.0506632092874497
56,5,24,8.69573431327778,0.0973203149624169
3,2,32,-0.179597403783887,0.421372001969671
72,4,28,3.13117962021492,0.159928259556182
10,2,27,1.43377986669086,0.381548785564225
82,6,28,8.85770306449176,0.043610202354304
54,4,34,3.22526800734191,0.0680053377947351
87,8,42,4.69069889623533,0.125199599191546
66,4,32,1.79226657368928,0.154082782217301
47,4,30,3.02908666779504,0.571278611632222
30,5,31,5.56847877649273,0.304084430205378
62,4,27,6.66095034333894,0.0034788138531205
10,4,27,6.23688231870799,0.43810847213254
20,3,23,3.82102081960421,0.802999796303821
34,2,30,6.11999359066749,0.0259179324052616
7,4,31,4.33935806359836,0.744361463892174
69,4,27,-0.211713281468073,0.774229086893511
48,6,34,10.0915248670166,0.0450415449449793
7,2,30,0.161608564636017,0.696752305390734
56,6,31,2.78628986448998,0.400849564911282
49,4,34,1.53225493748236,0.640112613761956
13,2,30,5.42842436879518,0.21029922714338
76,8,32,4.42698328393025,0.459046065786338
34,6,33,5.59972700691646,0.538923305893475
17,5,28,7.37899077960146,0.54247493997173
21,5,31,3.48910230540454,0.430897047256535
94,6,33,1.93143173711827,0.0779604860395738
8,4,29,3.39412504713548,0.790047408970905
44,3,29,5.55378926064309,0.124492949806154
84,8,27,4.04373370766454,0.610642319047982
36,3,26,-1.08125697726976,0.856544002848578
87,5,27,4.61752157074153,0.026384690310806
24,3,25,6.08944243490019,0.352903243282769
95,9,35,7.02548364414603,0.134448885335587
34,4,34,0.875644871023038,0.232530307014215
99,14,33,9.87059929007975,0.0961809564614668
52,4,26,6.30402886772011,0.0423069341564934
13,5,25,5.50163626227749,1.23657820785517
23,3,27,2.44562410516481,0.975866833183557
87,7,30,2.06262813359965,0.633538512947196
3,2,28,3.72912783575544,0.14736307610292
84,6,27,4.43279443527353,0.149651090265252
6,3,26,1.66080173409288,1.38924592352452
96,7,34,2.93856703096799,0.0743295042775571
11,3,32,2.37553524259727,0.35108505420149
3,4,30,6.02842337043808,0.348091766682869
95,10,39,7.80514980388292,0.0745483783539385
95,9,36,6.97446732848998,0.0174560124287382
78,7,26,2.60286391096398,0.699192987712932
83,7,32,7.34361707058602,0.0295106914446064
6,1,28,0.271808613589916,0.740522825597321
43,3,24,2.92886202026815,0.380926173391605
47,3,30,6.47648104600167,0.0169547734549269
18,3,31,4.26950015564647,0.163712615263648
65,4,34,5.21780922839609,0.0404433163065161
16,3,31,2.78976261009804,0.411518889340038
47,3,27,-0.711235320398823,0.357481037245548
36,3,22,6.96265529398363,0.0851439648540691
5,4,31,3.34606358671718,0.980841842893154
89,10,29,7.80105637494213,0.366438540609038
40,5,28,5.02397103637445,0.436737535500383
57,3,34,-2.99295327937467,0.506243320160961
61,5,33,5.65532232514579,0.166121530812234
3,0,23,1.60455729590816,0.177242903028357
62,4,25,2.6938223050498,0.178370153647612
75,4,34,-0.559449823252044,0.0642454464687034
96,6,36,4.83036450010237,0.0348370132269338
73,8,27,7.95467060855122,0.396376054247326
87,10,36,4.24841041675029,0.21626838204846
53,5,33,3.53977922165356,0.26120928999849
20,3,30,6.57134953920264,0.23156371548653
74,7,26,7.34939872344659,0.0973145521312497
65,6,26,6.22816852562529,0.0986986206844449
38,5,25,5.19694809715931,0.644977484332556
42,6,30,11.7060922296151,0.119245209149085
33,6,35,6.96243118010331,0.312174582843411
15,2,18,3.20335545364147,0.516184562796211
36,5,29,10.4064097704348,0.111733422505782
31,4,33,3.92534960122221,0.401761890143521
62,4,28,2.77091420307178,0.146130768582225
17,4,33,3.29128431734821,0.514150124487883
55,5,27,3.81264381809865,0.253098273568173
1,1,29,-0.718170864456559,0.799495847853732
79,7,34,4.21763361982478,0.101616757921875
91,9,29,8.47401471362235,0.307569690038192
23,4,33,5.09090648153087,0.135919490945525
17,4,35,8.48927445244278,0.106004716362804
13,2,24,2.03964297488323,0.772509191143227
82,5,30,2.30886434245056,0.0623344276100397
72,6,27,6.39522829105847,0.210295548884872
13,2,33,6.59379442012574,0.0133124466519803
51,6,25,9.4842703607325,0.159416645416059
82,7,30,3.55746952622536,0.410145763286805
86,7,40,8.13396655399124,0.0383532915730029
83,10,41,5.30262806135863,0.420846224741495
91,11,36,8.93814792617551,0.0930552693075728
3,2,32,3.33779707072368,0.115970542305149
40,3,27,0.0225270993102065,0.497505173997438
33,5,34,2.22426968028169,0.796402793335629
28,2,23,0.889854579642559,0.250246241090775
73,7,32,9.94094806922588,0.0548966601626581
48,4,31,6.88596768278825,0.0395573497517034
88,7,30,4.02427468446783,0.0688600990688428
21,5,25,5.83118136453341,0.97387167573312
74,6,28,4.93446574943389,0.0553302451735362
81,9,31,10.786118231157,0.0479389490792528
81,7,37,5.53301587914465,0.235459323786979
83,9,27,8.7534040086297,0.0880077668745974
71,7,31,8.3257149272023,0.0757053414126858
73,6,37,2.79095911481679,0.198515250337052
77,5,34,1.66570674369788,0.0847551781916991
32,2,32,5.97228752709059,0.0144736601627707
37,6,27,7.49148942340649,0.739743671437726
5,3,30,5.3347366281718,0.213226761681839
6,2,32,7.38371688633226,0.0603217619565665
38,3,31,5.34247496940838,0.0459767504362389
90,8,38,2.194125841495,0.331860280585218
69,6,35,6.61918075652755,0.136082075885497
19,4,32,4.10110587096892,0.276329009783197
45,6,33,5.73562905073118,0.223248860304183
79,4,32,3.83016935348355,0.0216099283471555
57,7,37,6.74025888574994,0.186270313928365
6,2,26,1.51879423005215,0.910024621937067
96,6,33,4.14043969795408,0.0155980881270346
99,7,38,8.08829217072466,3.35243530571461e-05
33,5,34,5.39445409621829,0.221845726428162
85,10,39,4.70444181517563,0.253365520843047
74,6,34,5.15885441846949,0.166823152219877
87,6,33,1.43402261000251,0.421821234948138
11,2,28,5.24044957736194,0.206360503787848
36,5,28,3.40738657295378,1.16194732946562
59,5,25,1.9880718891727,1.04267277244389
73,9,27,6.50467843367547,0.296791406127019
15,4,23,5.37106382181286,0.475457886212921
4,0,27,-0.941927004978738,0.158167026937008
18,2,30,0.814283795057363,0.140723970369436
27,3,31,3.56042130720948,0.253875751969147
71,8,32,10.5717714421013,0.0101754283439355
91,6,31,0.760117463043825,0.378653779139227
77,9,34,10.8086116836176,0.0401385574647803
97,8,28,6.65156441721594,0.147668839432299
43,5,29,7.15276274571422,0.216533828283402
27,4,25,3.51374767331862,0.404191625749177
74,5,32,7.45655356075735,0.00703839189372957
58,6,33,8.22143978497662,0.0266541324090213
56,3,36,2.53787078657034,0.0823978159254248
17,2,31,-0.485439588756475,0.595442490155035
15,2,31,6.24183503045165,0.0845856736306729
23,5,34,7.14883877981225,0.131698958924972
32,2,25,-2.46135532103242,0.42958330921288
55,6,30,4.20141474165803,0.138595052063465
83,5,33,1.84231736601144,0.152612391044386
4,3,25,3.37983583987152,0.416373602093613
76,7,32,8.47924610691221,0.00744947622374892
51,3,27,5.45363163083211,0.0370181933650121
72,7,27,8.73802455546135,0.251354292420411
49,6,25,6.0724290832057,0.45804017934908
1,0,25,-0.0266391202185616,0.171967698843218
71,7,32,10.2489153954106,0.125707606435753
2,1,29,3.48699032876849,0.222217986116859
88,7,32,8.96614313276238,0.0127745814388618
40,4,26,7.81460492624431,0.0772702245270976
74,7,31,8.89140036394894,0.00899475142078065
61,5,37,2.48439965910535,0.297256758193228
25,3,31,7.05684717024239,0.0217686867108569
26,3,30,4.96562137174691,0.187324523692642
95,7,31,9.78536287701936,0.0323439014609903
55,6,28,7.99179553095227,0.159492568578571
14,4,32,9.54954275682836,0.0510011512133129
3,3,27,5.63393749926558,0.358628146062744
15,5,32,9.34029493140666,0.192938759356878
69,6,27,2.80474655692241,0.28466838178106
56,5,24,8.83577360775937,0.19155814590745
4,1,26,3.0052879026761,0.195874947578388
20,4,29,4.75034863241159,0.178990056494924
61,7,32,8.00988762410535,0.0520274091977626
88,5,29,5.99099345217649,0.00118220248259604
33,3,30,4.56822759270857,0.102965263753395
51,7,29,9.22773339137066,0.293632625928348
89,9,30,10.6096598096597,0.151889774366282
29,2,34,-3.57877719922299,0.514957458225495
36,3,26,-0.521309134033539,0.528124120142412
74,6,31,7.12037506640068,0.101712426287122
86,7,26,6.02217659887242,0.138998154201545
15,3,28,2.70286942073834,0.845984065863204
12,2,27,-0.0183926327365551,0.192671371721008
56,7,28,6.05350991496881,0.424731442218131
27,3,28,1.3305034922954,0.250913705666292
13,4,35,8.12348150643834,0.040575812687166
78,5,38,6.62427095414563,0.0103834770860462
98,6,34,0.544109485413909,0.0895341717827021
34,2,21,3.68770326295944,0.107030655024573
88,8,38,8.16617578917971,0.0405722297932758
55,5,30,5.27915376883509,0.258713940523647
7,2,30,3.83244123819844,0.1189860511804
67,7,29,6.29588158632232,0.19484989879534
37,5,32,3.20024339283293,0.35891827680543
42,4,33,1.97927546844668,0.469926044789559
25,4,24,2.64817581074645,1.47700005388799
46,5,37,3.40743214736768,0.247273087723854
50,5,28,1.91754803204774,1.20187520695137
20,2,30,3.37632160621672,0.0249360714806244
35,4,23,5.31561461445637,0.457887218778437
73,6,36,6.78398070625422,0.0886098974007297
5,1,28,-0.599093510552776,0.302624288935888
30,5,28,8.03298404709154,0.368803821483111
76,6,27,6.08758164099644,0.0750831803306937
24,5,29,4.20487565079614,0.301911718434396
11,4,24,3.62675038212868,0.82658132720263
74,6,35,3.28362987583197,0.312567006806113
27,5,25,6.36797341312336,0.474945397560901
39,6,26,8.84245415226768,0.293390856569871
61,5,28,3.88959468864533,0.247719300900328
99,6,32,0.179014630838099,0.431662783170855
34,2,28,2.50941310647622,0.105680208023481
48,7,29,6.51478688486297,0.707676576514778
22,3,21,2.00898262263081,0.395876273510602
37,3,31,0.151554639843367,0.200330170344424
41,6,32,6.36099382767299,0.177761358730913
92,5,34,1.58544642362616,0.203257720854209
27,5,26,6.90523886436933,0.452625284881747
36,3,34,6.25584512689153,0.0129545530071482
97,13,38,8.65028082076426,0.0424292942861878
28,3,29,4.42263613658789,0.1871822436201
10,2,29,4.09241720124231,0.0497672330820933
6,0,24,3.1220847188272,0.0467107779600432
1,1,30,3.99920361722799,0.0981006460497156
66,4,30,3.98034126158487,0.0330260014161468
53,7,29,9.39614707586385,0.201124115370888
35,3,32,0.45551008466405,0.422447667730307
60,5,31,7.2689125086955,0.104807760915719
13,1,32,3.56271596732408,0.0826973418006673
24,3,26,4.75900266598107,0.256159501152106
43,3,30,-0.632434486503366,0.481629284543401
52,4,30,2.65507305483521,0.233188443573865
56,5,27,8.61685135983429,0.0884906799765304
29,4,29,8.30145060269535,0.0349768831790781
72,8,40,9.59277408625377,0.0334121143400644
69,5,28,5.55989571416347,0.0821077523287386
87,10,41,4.19725179234446,0.552458890216583
71,4,35,3.43713736368113,0.0504930452443659
26,4,30,3.15708771875698,0.279231432581994
67,4,37,-0.903915924413317,0.098523978581457
4,0,24,1.2942425836541,0.521447923187534
77,6,33,1.87983800886973,0.492322010898447
65,7,31,6.18727197555579,0.17077974032145
18,4,32,6.68434733995385,0.219290840542171
62,6,28,3.89018447836643,0.520939081410104
2,3,29,5.38216190254871,0.668559804061586
95,11,39,10.1908156445904,0.027036884217523
27,3,31,6.58493204235376,0.0609941977503806
34,6,26,8.09605028143359,0.207796410932436
25,3,29,1.77777863253914,0.317951090390536
50,5,26,7.78166991724063,0.201731044788587
12,3,21,2.29164532120479,0.603342954763811
15,3,33,5.52676750991895,0.0612092358060181
87,8,34,6.17054660637186,0.270666574350301
16,1,23,6.10812291900008,0.0194505589315668
93,7,28,5.6320656808653,0.136450520483777
71,5,26,3.23542078572103,0.325942702813748
98,8,35,4.3983157558514,0.0353674886282533
39,4,25,2.78356588511564,0.888023546102895
16,4,27,4.65083506177777,0.973954257968456
31,3,34,6.9532364098351,0.058129361722273
62,4,24,4.84222919464384,0.0877142157997503
58,7,28,12.3973943776619,0.0340971502173092
36,4,27,6.20908766128163,0.324436034996736
10,2,30,5.81528849157479,0.236953318807039
40,3,27,2.29906271975161,0.276448315464634
40,4,24,0.753602054827264,0.71157268097811
77,5,34,1.35828457960546,0.172442853683606
14,4,25,2.31416089517063,0.805103458924202
47,4,23,0.74109507742856,0.473638574571765
99,10,30,6.95765214834474,0.0983828611733149
54,4,34,2.45194291472721,0.20387862124689
46,4,31,1.46996011559644,0.388000476852877
79,8,41,8.60482321428858,0.0506925812223926
45,5,34,8.89908169315897,0.00424974341876805
54,4,25,1.37774409018821,0.801782039883447
89,9,38,4.97756380266081,0.0724331246899921
59,5,24,3.48823977171358,0.167127631022595
49,4,34,3.23061063249557,0.209870937269855
81,5,30,5.31576041719282,0.0374538904288784
40,5,33,1.80362183655835,0.523541777154077
11,4,23,3.83936875426956,1.9344695542324
50,7,27,7.52906549652573,0.250174963109902
6,2,31,5.01933624713101,0.287995061128143
89,8,28,4.81180658844246,0.656164422134096
10,1,29,2.17369424069857,0.156552672968246
55,7,31,6.81587096914602,0.132059672148898
33,5,25,8.59020890520587,0.325504495984617
49,3,29,5.13261067784919,0.0519159220857546
48,5,29,3.79384443987969,0.754177547949267
13,1,16,1.14760098901683,0.578438927122955
31,4,34,0.916562630515202,0.478734326062209
90,7,35,3.99792268295311,0.0527387667680159
84,5,25,5.28348225687392,0.144684047034242
81,8,32,3.75373954019077,0.182714749175588
50,4,29,6.67214541906586,0.0420638913421926
81,6,28,3.3328009208682,0.116169045776043
4,1,23,-2.3802043623361,0.414345823673016
12,4,25,4.13482311323517,0.332643733815032
41,5,28,6.95746941411027,0.303142937588248
60,4,29,5.86951061838322,0.0780916596995667
66,5,27,6.48505506276218,0.0332273551170953
76,9,35,5.77002723709145,0.146980985533446
85,10,30,11.1068288002729,0.0348137229448184
29,3,25,1.4336264742947,0.393668964949852
85,8,32,4.56812567731936,0.118526623933576
68,7,31,3.51668839618552,0.883062274608404
79,6,38,6.10649564719351,0.103122857895772
89,7,27,4.3035259161587,0.233369649069811
10,2,30,4.58859745546279,0.125050624017604
34,4,28,2.05009771803862,0.577323521800783
20,2,32,-0.464040852418493,0.211683413701806
39,3,25,2.92195292470383,0.501212629468596
21,3,25,3.82858105417707,0.158036566572264
58,5,24,5.72020932331763,0.385544117519116
89,7,27,3.46293287699198,0.737445112275791
17,4,23,5.54434031646786,0.669974279092783
39,4,28,7.56935033254695,0.0242444919422269
45,3,25,0.80566695784273,0.374884212834245
11,3,22,7.48650102811553,0.20663710787774
30,2,20,1.7877591138211,0.18424378450841
14,2,30,1.56896686341818,0.684390632869834
34,5,30,8.76421071071053,0.0272124094190076
43,3,25,0.994940349055614,0.383047687800086
97,6,27,2.88452794960115,0.172335173003376
8,2,26,2.04327645629413,0.870880001637727
16,2,33,6.73419066462999,0.0821596191667088
93,8,39,8.3638617341497,0.00955507044997199
36,3,27,4.12302020655836,0.0960088284872532
74,8,27,9.28173210439042,0.0627902769483626
82,5,37,7.20901228343529,0.000206805765628815
97,9,29,10.2939786849366,0.143043929594569
40,5,23,4.90655900851839,0.465991999467319
58,6,36,8.87011473192552,0.03139080805704
99,8,32,5.44771647056211,0.207253727585751
79,6,36,6.60279927183562,0.0359680178852213
37,6,34,9.83386662175165,0.10373482236173
62,5,26,6.05020828869002,0.0561263004783541
40,6,28,7.36182634778443,0.183704213941088
6,2,28,-0.843401676549598,0.797678701537562
43,5,29,6.37466921638304,0.0758420781930909
89,6,31,6.57714639555601,0.033275847223887
4,4,23,10.0497291015023,0.0835827924311161
47,4,31,6.08146558449735,0.11885832879974
95,8,28,3.29797432799206,0.520389647668518
66,4,29,3.50017139702215,0.1278320485726
4,4,33,5.05194858319894,0.603313674075401
63,8,26,11.2503757977683,0.154184313607402
23,1,26,-2.49294320163136,0.237127038872543
40,5,34,3.68695161675242,0.563680229395248
96,11,32,10.769371482984,0.192676926099327
36,3,23,3.54532557214014,0.0957041654037312
10,1,25,0.500518238455462,0.157253280165605
9,4,33,7.20770790075408,0.206496416649424
23,3,25,1.13476982879171,0.964392477128297
20,2,19,5.10778081985547,0.212368367462161
48,6,36,4.51218862723543,0.614595975229675
9,5,30,9.41406602896629,0.330527543312612
77,8,29,4.26398186396812,0.790222881319833
73,6,31,5.1528016173588,0.271095311724323
45,6,34,3.67691688766108,0.302686222585592
77,9,28,12.3695472068447,0.0559365275548771
17,5,35,10.4717499475484,0.128939396217618
55,8,35,7.95345699484574,0.117626541848348
8,1,30,5.43910133047304,0.11432280857116
92,6,32,2.71189587218737,0.102145104319789
89,5,30,7.27313031435127,0.00814658182207495
20,5,22,4.90684434567973,0.566492016504866
79,6,38,6.16830420743207,0.0603524367325008
76,8,33,4.67353380674108,0.302345062566129
11,1,25,5.68841025017237,0.15733785321936
62,7,29,3.46879878022235,0.439339608398682
79,9,31,5.08956153849048,0.426470709943628
70,7,29,8.03968516947387,0.0542332448322267
76,9,34,7.09032219441196,0.254853906797919
78,7,30,5.30328674867023,0.0788799140136689
22,1,21,1.89630752383113,0.324460612832311
61,7,34,3.41160170285672,0.879100072703334
41,5,35,8.86796440738592,0.143496217788197
9,1,28,-0.530182451165446,0.19388454373632
61,6,36,8.54461145015986,0.0127803626213393
30,3,28,3.39657579862833,0.149871018598787
37,5,26,5.73481326384776,0.453974373151964
5,3,21,6.07922260724831,0.212457777456123
14,4,28,9.10726710921077,0.114622632157989
57,7,26,5.9640495084137,0.883262609544784
62,6,30,4.26269122481048,0.151812803931534
66,8,26,6.99368641929004,0.505885393337763
63,7,31,11.4535883743635,0.0683490452356637
42,6,36,4.75101524171789,0.196105052473697
87,5,38,0.629022116231358,0.217747320177707
20,5,25,4.24292617618498,1.21040626329588
54,4,25,2.0952783652622,0.62980346518212
44,5,23,4.21379798469829,0.760797886951475
95,13,30,5.63689315252379,0.422006212153888
8,1,28,-3.08620262402394,0.401641728533653
55,6,38,4.59948363526958,0.195822434929898
74,7,29,7.30479111947484,0.0634325984780946
8,2,24,2.72380297220657,0.302420554206449
19,3,34,2.22205369153127,0.195911704655182
9,4,28,8.64356042043929,0.288389391488138
5,2,24,7.90923646456032,0.132833397365175
52,3,33,0.342259988004041,0.121644797967747
97,11,34,7.77795422032947,0.271382274295335
58,6,29,4.7932965133814,0.38918993573398
1,3,33,8.94453848252273,0.0774624145219465
76,5,34,-1.23401057376201,0.528528064923519
83,5,28,5.12086572076213,0.0893801149772657
33,3,34,4.33705030756962,0.0584847278660163
82,9,30,10.0010716209916,0.0863958070622981
80,6,29,6.56909365744722,0.104818760003965
15,1,25,-1.91930446873569,0.465644842039248
27,3,28,7.40146850457902,0.0423916023661838
50,5,36,0.704975780683437,0.20781174505447
46,3,26,1.10412475923488,0.218665612851012
46,3,24,3.49401243870414,0.100329663255252
29,2,31,-1.00578708073144,0.258347777639258
29,2,26,0.46025411733129,0.487013862949694
93,7,29,3.71867319829538,0.296449046571481
72,8,30,7.78785603094034,0.116727306041867
49,5,25,8.63710300834486,0.101449095760472
82,7,27,5.42822961535992,0.108310907197372
48,7,28,4.47947484629794,0.963108470145256
30,6,30,7.28089503361833,0.574915269823903
77,5,28,1.10218272780316,0.154185334919021
1,0,27,-1.50212499134569,0.625784813860589
55,5,27,8.68652328292423,0.115287545436891
97,8,35,5.24952983422803,0.263204842329699
74,5,25,0.770695455030303,0.331636786916035
70,6,32,8.06463026180712,0.130622770870104
86,5,34,3.81145899098634,0.0113620835658325
72,6,29,7.6899876635727,0.117061240132898
87,5,35,2.64101080821967,0.0533619561054695
9,4,26,5.87313337371724,0.347443329149342
85,8,38,5.74766146609312,0.0709005451168464
49,4,29,7.6570988839127,0.00194921281822262
66,4,27,2.40272891091747,0.135248371046242
37,3,24,1.84968878962645,0.161134334164672
77,4,27,4.44057031545517,0.0629298861604184
48,5,32,9.81945674594732,0.0105735448887572
46,5,24,4.23932413525284,0.565910825008685
94,5,35,3.78271148506275,0.0430012701544911
52,4,31,2.07240245561807,0.705125994938326
55,5,32,6.84098997781826,0.0568154072357766
59,5,35,0.306092423926463,0.645429875204498
88,7,28,2.86200507802376,0.501748844028866
59,5,32,1.26847335829107,0.34275179960646
26,2,30,6.02802177518186,0.0279753224458545
55,5,33,2.6024223914943,0.573470497938031
26,4,27,3.43961139903123,0.679022817375296
83,9,30,8.88694880157377,0.0666565517894924
92,10,32,7.72088404086954,0.338947133616287
29,6,29,10.0406455410217,0.15458816557657
60,7,36,9.08719390944791,0.147675077896565
32,5,30,4.63622538461401,0.251789512560767
56,7,35,4.33022620392578,0.649361250424916
91,9,27,3.82532891860125,0.37326353274048
20,5,22,5.60461778569853,0.822971979114127
24,2,26,0.708273728637757,0.442493292482054
90,9,33,5.69576269409699,0.423867305719709
14,4,30,5.42570823999487,0.219740454562682
20,2,22,3.48946427834349,0.175295507990497
1,2,27,2.17537961468725,0.385791185566385
66,4,25,5.41164404526917,0.00744547143253628
18,4,23,2.78114609058842,1.22880617940897
89,6,26,3.76462242725546,0.138019079226069
2,4,20,7.45622513532047,0.316328657547686
19,3,28,3.53515980062697,0.326061227115545
94,7,29,9.37259239036421,0.00220434791520651
61,5,29,6.80085486603092,0.133189992164262
97,6,37,1.70198538672542,0.360260019523507
0,3,33,8.52284361543766,0.151480479980819
51,4,24,1.0037415309112,0.681741805249983
73,8,30,7.68928882593557,0.195679982182312
99,7,33,8.07939820026653,0.00132609522529734
75,4,35,1.071667544504,0.234141784243959
15,2,19,1.57224191837728,0.499766411704427
51,5,27,8.06494563078081,0.0918551492504776
65,8,35,10.7275044058413,0.0763228606665507
46,6,29,6.82781219607678,0.156505244434811
53,5,35,5.77930688305373,0.0829783437075093
23,2,28,2.63995228642741,0.123743361094967
17,1,19,1.271758209732,0.442323401549316
98,6,31,0.308200943277747,0.246744102322239
92,8,27,11.2772579534833,0.0786083193592226
98,7,37,7.26964926502268,0.0214406806044281
13,5,23,4.75470843896126,0.807914100545359
80,9,28,10.0319671374769,0.0517891880127284
11,4,27,6.43048220995113,0.240815760518496
50,7,32,11.5518620308159,0.0512419942533597
12,3,28,6.44338307492129,0.0813923798268661
6,4,25,4.68976621802026,0.419551676583892
8,2,27,5.99871790927505,0.0597201064229012
7,3,24,1.78096828014647,0.77200953099401
54,6,37,7.01418391329286,0.179176528364204
86,7,31,7.74751786366273,0.082841956987977
30,5,31,7.94345533099413,0.0594603605775764
10,3,25,8.1049084102507,0.109683768358082
88,10,28,16.1545961510235,0.0294806538966526
36,6,34,7.86761691650868,0.0592091467697173
95,9,31,5.68958600795163,0.12627317965962
76,8,27,10.2178938715517,0.102011009075118
70,4,31,3.24687754433548,0.117737239627408
40,5,28,4.17786494970244,0.592840968094705
56,3,31,3.9249862876531,0.14409661910031
49,6,28,6.20267404181881,0.21863249921121
59,4,37,6.36243689527747,0.0345788386045255
3,1,25,-0.0590076967018804,0.809675225946021
56,4,27,4.49930848935705,0.110855247359723
31,3,34,3.68171185426488,0.203526358109641
4,2,22,5.85075811545061,0.0974636100889966
8,1,28,-2.55822152523036,1.10334278357433
23,3,25,1.45322025637603,0.487905589842653
57,5,36,5.78535396532232,0.0283013191797164
17,4,34,8.646953235058,0.111624111188576
49,7,30,10.7947686916967,0.0580032310681418
99,11,33,12.4871287992125,0.11975309648551
98,9,33,3.24658562898811,0.233213975549418
72,6,32,4.03712193043932,0.24718428238835
29,3,26,4.86972264883496,0.230828637479547
86,8,29,9.47569976704755,0.0544634234393016
84,6,26,2.40642106767932,0.39352319294349
94,9,41,7.25412888010742,0.016685406976141
80,7,34,7.39000953778037,0.0199090440947143
62,7,32,9.02989323418699,0.0336499842815101
9,2,21,5.28013365520821,0.192682070414278
6,1,26,4.30014858321324,0.133604064118117
61,7,30,10.6036984760876,0.125735018402338
76,7,34,6.74196134707056,0.0887933863559738
53,4,36,4.29857407723162,0.0389326537260786
10,4,24,9.0646477927776,0.289753336216065
27,5,32,4.97177775123756,0.472444158807618
9,3,32,2.54715230993614,0.229968893382516
56,7,26,8.24375554081804,0.107120349421166
60,3,33,3.17947933321424,0.00821349621844544
55,6,34,7.82312837548426,0.216502165877003
40,5,32,4.43313897431561,0.0996954415459186
43,4,31,3.75641660055846,0.0445629342758816
61,6,30,8.92409361273881,0.0927580497293909
53,6,36,6.62837389500669,0.213522739930752
32,5,30,6.03864069498691,0.105581492302008
59,7,31,9.06759534131428,0.129064788925461
72,6,37,1.41704622399935,0.293420542486686
33,2,23,5.71100126106265,0.0840562949888408
1,2,29,7.16515482227362,0.235558048749271
87,6,31,1.39163228372173,0.269072943961826
24,3,29,6.62834197669094,0.128726711147465
97,8,42,9.14781614607278,0.00518126820679754
69,5,33,3.0506184182625,0.099854308180511
71,5,31,1.95509786149047,0.581138082929341
18,5,23,5.32578321420939,0.497637817615128
29,3,32,2.51026302941386,0.31128620331988
75,7,38,4.93189908460461,0.185880262797647
98,7,29,6.31345747446575,0.0241695014992729
13,4,29,5.52906565735282,0.231745247951451
36,3,28,2.38538974954734,0.39755512352795
52,4,23,4.10546483726154,0.382362330777055
59,4,25,2.11060844185984,0.456858450991517
5,3,31,4.77762270791156,0.146145466016605
99,10,28,8.74222885917528,0.232642924402583
61,8,39,6.22864227024268,0.231527521689608
65,7,28,7.17544572034263,0.189304759803921
33,6,33,7.32767962966094,0.112243973148105
87,7,35,6.68049556396987,0.128325717198607
65,7,38,9.09821476009893,0.103611461003311
66,5,38,5.26098265807045,0.0420390176586807
63,5,31,5.61069234181422,0.106564652058296
84,8,29,5.3268151604758,0.351605240985973
55,6,29,9.59579942218602,0.114167315442767
69,8,29,6.00867188097464,0.14911752846092
17,4,34,8.63510190388237,0.0167389322251269
58,5,30,2.79739698840882,0.426467672435051
12,5,32,3.56624153739999,1.12548959160674
64,4,25,1.80175461055334,0.393947185461825
64,4,27,2.5122669793275,0.136978353955783
86,5,35,-0.18962583012854,0.355210200862444
83,9,33,11.0272428220615,0.0711665145354345
14,4,26,5.26505759285533,0.285360400554466
11,2,27,5.31080374648549,0.133148120134138
48,3,26,6.14052750633228,0.057892874116078
4,2,20,5.23399389411755,0.403376110770606
95,7,30,8.23168010646763,0.032774812096208
58,8,27,8.37301921537493,0.146801707358285
93,8,39,3.9561241511617,0.0816161503590817
21,2,27,0.319548379141832,0.330278333498839
93,8,30,6.0022845310479,0.165931790019386
53,6,29,6.60938454886986,0.0797998436028138
54,4,33,4.7051596949792,0.0286779496603736
93,9,35,6.48763945461511,0.0697374323461494
67,6,32,4.0867887980125,0.107468172442168
44,6,30,4.08834617847859,0.29412415017255
29,6,28,6.91407889038721,0.436249993720508
78,8,27,3.99001791933302,0.431872151771045
57,3,27,-0.235656486424118,0.505919217111027
45,6,26,7.02186635708022,0.218367721723619
47,3,34,1.85850833598106,0.205771486822206
70,4,26,-0.505352428918058,0.74593177048351
49,4,30,5.21012653856135,0.201298135555092
78,7,27,9.91408526567032,0.0864629255635691
70,5,26,1.69940521032183,0.250043907657939
39,2,30,-2.68981308710473,0.56300856961512
72,6,31,6.45320824306044,0.0865696874679998
71,8,29,8.37377134951979,0.111665220698342
12,2,24,6.41650119055369,0.184452694934345
81,7,27,4.85547588485258,0.70588075773043
95,10,43,11.3194667629598,0.00395949099626107
95,10,37,5.9557357097169,0.152576609747484
16,3,26,2.53327736731694,0.334585913679305
66,8,34,12.9135686482286,0.0263855380163988
10,2,23,4.68199085413942,0.201735587780106
88,6,36,3.83943327141833,0.0247058453470377
66,7,35,8.93102074044468,0.0484620052945577
85,7,26,3.60155258860496,0.395315264839096
81,9,34,7.19224794282955,0.18393473465808
19,4,32,1.99069019874455,0.375549138502634
92,6,34,2.3740420655143,0.199584877489357
61,8,29,11.3093388395233,0.129216090776026
59,5,25,1.99732212835462,0.294804706460539
65,5,34,0.557193086716371,0.160831765682726
34,4,35,3.76494963788418,0.253884773923758
93,6,31,2.68334824133895,0.0849259396710811
11,1,30,5.0218851096542,0.109808878856711
56,5,27,9.58202184928585,0.110001656011565
18,2,24,3.14905411114032,0.412789961767799
73,7,31,9.95367012939874,0.00427077244967222
3,2,26,3.61240545724228,0.293968535949218
6,3,24,2.93522528625134,0.655244599530631
46,6,38,5.31005625408635,0.414075381943745
81,5,31,3.63262714888688,0.103718007513232
59,7,31,9.60670596311176,0.129286285606213
80,8,29,6.35638434119894,0.216739281070161
42,3,24,2.99102321698441,0.326297848707739
50,4,23,5.82203558675416,0.314755454699613
32,3,31,7.24734728376431,0.00901387562043965
78,7,28,6.88856478880548,0.202066477027591
68,7,38,9.73828147857058,0.00415366510976268
1,3,23,5.13703917476964,0.260240362248126
43,5,24,3.02546783105155,0.448001291116184
14,2,29,1.47743158965935,0.555742569701904
56,6,36,5.45133145735043,0.196168606624681
25,5,30,7.27188105979761,0.275424008480015
12,4,33,7.20179153711462,0.385040106179377
82,5,39,1.04583648007479,0.122286117311877
12,2,29,0.625642055475838,0.260590535810891
21,3,26,6.57171301487585,0.0698544651674929
18,1,30,4.84842783595482,0.0325781361380731
53,5,28,6.47721788826235,0.114835730288178
4,1,22,5.2906068108048,0.215274873411956
69,6,27,8.38591327741904,0.0776249587070197
23,4,34,7.55123914750928,0.0228627598844469
76,8,33,6.5807884840322,0.181021624234247
34,3,27,1.40106620037117,0.731526548000884
62,6,33,4.08505782506984,0.330707367266271
46,6,33,4.66500003526363,0.335653383507136
17,5,23,5.0327428229008,0.532476474033827
75,6,33,4.86318095087472,0.112260434194468
65,5,34,3.3907896966844,0.0637446976033971
83,8,33,9.49714161960969,0.0225308657390997
90,6,30,5.99836081697991,0.0451066020723286
19,3,28,6.35505009633533,0.120382916065864
57,5,36,4.82286004814728,0.0310198745401025
78,4,26,2.50671613045891,0.12979051086586
53,6,34,10.1521521761335,0.0166725502349436
32,4,26,7.13441466188658,0.179885967624116
51,4,31,5.97958599725601,0.0210100386757404
30,5,23,6.44390566740587,0.528595792436256
43,3,35,4.33911199486152,0.00978227182564915
18,5,30,7.9978166812228,0.0893544438295066
28,5,28,7.33830914193489,0.260955568392503
37,4,24,1.42034639530374,1.24116418994702
25,3,24,2.15552522954443,0.592426502343014
34,6,25,9.2870456795341,0.258049772408666
78,6,28,1.50133588039241,0.260685137229714
66,6,34,4.03141595775654,0.1527394404402
86,7,35,2.68020086837064,0.193452259282324
21,5,25,2.75185470222496,1.95186494391712
89,6,32,5.8634402305562,0.0830245356773958
56,6,31,2.84523535979871,0.601890507588321
41,3,26,6.51856472534451,0.0898727571099575
85,7,29,5.16695040875364,0.269719072374258
13,2,33,0.0594899215673692,0.496830124387002
9,4,23,4.61722079275332,0.597937851426993
22,2,29,2.13467071371961,0.398192171917713
93,6,33,6.3178310333493,0.0187795611204662
18,4,34,8.23773192909404,0.11410891613923
13,1,31,-0.562936290127798,0.52827693835138
57,7,29,3.74545092045369,0.685506564999157
27,6,32,4.43713373029854,0.429169294869012
27,4,34,6.52903467047423,0.0284245892031388
98,12,31,7.90432052221774,0.279246259237382
95,10,41,4.82932246702424,0.281409303181547
20,3,27,1.41239704295268,1.22410910539844
60,6,38,5.69589317111136,0.195828301468902
73,8,29,8.1348011406588,0.205083900361785
85,10,32,6.65928590224159,0.280941424182358
29,3,30,1.59562134787342,0.540427200736224
58,4,31,0.752844496010554,0.182003474572842
51,6,28,9.45883986073062,0.0946220445912331
71,8,33,6.39574789892736,0.610023413287634
98,10,34,4.35556144853911,0.47035175985604
13,5,34,6.64125216042489,0.168202849687077
98,13,30,8.60918282171818,0.295670248557556
34,6,30,8.72578622271502,0.0778020736761391
21,3,26,3.7529987610581,0.329951437878165
69,5,29,5.82345080164826,0.0325684341016705
58,4,33,1.25786366070598,0.24056368995339
29,5,23,4.31151718844007,0.307506422967392
21,3,30,4.17746837835981,0.26124637130529
14,1,31,0.475168280854402,0.088774182239577
39,6,33,3.90525028266521,0.95794949442485
0,3,30,3.65462435720223,0.702147178959243
33,5,28,7.08895830888494,0.263472994379562
29,3,32,-0.383417283380846,0.188816759026352
90,6,31,3.63813576836009,0.018233593320474
83,6,33,1.8607063491493,0.302449811902839
5,3,29,7.46666842210745,0.110602088621818
96,7,37,6.40229352605092,0.00282319354255477
66,5,27,1.11440253593201,0.370248216183341
54,6,33,6.03792870598166,0.135527825099416
10,1,32,5.00880730898209,0.0764213986694813
48,6,28,3.16642715140612,0.790379825673286
14,2,24,2.45202880757852,0.384380195268846
42,3,24,5.88635450777889,0.0366706134518608
26,2,26,-1.33857096884494,0.425397626103318
81,6,31,5.91399477671074,0.0405423451447859
67,8,27,6.76983987794138,0.692766116434866
64,6,27,9.45165945119927,0.0898729943437502
10,3,22,2.05801577919337,0.966214218590051
11,4,30,5.27415102471869,0.241328460578984
51,6,29,10.6872071493609,0.0238626943901181
77,7,31,3.7408477799017,0.128351430525072
65,5,26,2.28600205940694,0.266589489857474
11,3,29,7.66535505290058,0.0646379605453441
86,8,30,9.48945169946263,0.0753582693869248
25,2,25,2.49010027484101,0.361729601140968
26,2,27,-0.268984439234678,0.475993987617499
64,6,36,5.75271113047059,0.227697007766153
73,5,33,3.89548957876549,0.0157242633868009
87,5,32,4.87590256410591,0.024991198675707
3,2,33,3.78479923929625,0.153265770059079
17,5,29,10.097367509479,0.168426532647572
75,5,34,0.220365053902773,0.264935061325061
56,7,26,13.4328327532557,0.0530873201787472
28,4,27,4.85194691457858,0.210702138476747
48,3,30,2.56762418769518,0.303437820159572
71,4,28,5.4747809239856,0.126696557737887
41,3,33,0.00112533586815022,0.255575172592628
11,4,31,8.3986036430191,0.127158545423299
13,3,28,7.73275825448271,0.0921435204800218
2,2,30,2.48112505416312,0.564267398278014
78,6,26,4.83430177120627,0.284599362163547
83,7,41,7.8318173227734,0.0648789645638317
65,5,29,7.11549930981852,0.102407935810205
73,7,30,10.0524226526851,0.0601812765235081
84,6,36,6.28932544989257,0.0119653512977387
80,9,33,4.85782793402542,0.633395535374218
74,6,28,4.23930849911098,0.239907296829599
62,6,31,3.80932565123237,0.530623852709466
34,6,25,5.66005725098991,0.734430449041438
25,2,23,7.14619863351583,0.123836740385741
46,3,27,4.54509108807937,0.0343515399534946
53,6,28,3.28289749434107,0.280612565376959
4,4,29,7.2610418014999,0.190710748302493
47,5,31,5.31415565262844,0.353060961167789
13,5,31,9.92603451871768,0.287331439311358
97,9,28,3.98569639008436,0.267916379718784
57,7,25,10.1805441233403,0.099545918405056
57,6,26,2.73856538626047,0.923633431497604
55,7,39,4.86248873960501,0.614474646249944
95,8,36,6.00681995642376,0.0335244700545445
92,9,40,6.68744992157133,0.205497046945094
71,4,27,0.422580788233965,0.183342557855624
19,2,22,0.345229164881388,0.434507500824934
20,4,22,5.63974376869183,0.421509400222126
89,8,30,5.25728587226771,0.211598667305636
77,4,28,2.11547444046602,0.340169211140576
25,5,34,6.79652534642259,0.410848941167301
45,5,35,5.29875955642323,0.312995994918722
34,6,29,3.19640712304472,1.3586912866878
3,2,29,-0.445371416318365,0.84325516644127
1,2,23,0.993030285163819,0.857251441064191
18,2,24,5.78880603194106,0.170305106090382
27,3,26,6.94899560892783,0.0641990420408547
22,2,26,3.24505810724748,0.38725580488973
4,2,25,0.44229227464624,0.4968114872253
30,4,27,8.79957915369249,0.0358641780912876
69,4,35,3.27958896485517,0.0539157773600891
93,10,29,8.07218457784729,0.4741069804667
27,2,27,1.32771718571794,0.507860267979509
16,5,28,3.82120388856604,0.469531848074353
14,3,20,4.71022937711643,0.333451716451648
59,4,31,5.17138856102657,0.0856088364588587
48,3,32,6.28379712648819,0.00109830551730643
61,4,28,3.45380533325648,0.222828516958955
14,4,27,7.53916465451063,0.139817876974121
35,5,33,7.34074490959499,0.18359877270266
90,6,38,6.56863172867985,0.00018735479246625
59,4,28,1.30460886450078,0.235881649412888
74,6,39,7.58573465677766,0.0485974288312718
49,4,30,4.85506279288926,0.186184072390872
29,2,22,5.78435896880756,0.00572930555790663
82,7,30,3.98030998998429,0.167891401564702
75,6,28,4.85961080441127,0.33066485634886
5,4,33,3.13107566041779,0.788409713613701
2,4,32,4.52950674664828,0.423854589441276
29,5,29,3.84994981280124,0.815326446625304
73,5,29,6.45356185487695,0.0622373972673732
38,4,23,3.99354527638205,0.564264175916249
6,1,15,2.60059972007021,0.54993175572359
87,6,28,7.74879767078947,0.00265707413200289
64,5,27,6.20391623910155,0.0334451934878082
34,4,24,2.54533756920126,0.413531742503351
86,6,27,5.74316216956916,0.0591534787090495
37,6,24,9.91400640904308,0.20100099708766
8,2,25,7.06826750073557,0.0607912126524
29,6,26,6.08301246286855,0.689714696692461
31,3,29,6.79178418676249,0.0609691913705319
68,4,24,-0.703821887255939,0.222169395292851
88,10,35,12.9008003041447,0.0253990694181994
76,7,30,10.2571130681114,0.108224489493296
79,7,33,9.22991652470517,0.00558604288380593
3,3,33,6.19401199300362,0.362641755764307
91,6,33,0.230955053012192,0.54545200863954
45,3,32,2.34863797108327,0.154825550154783
37,3,27,3.31394725410797,0.284594256653193
24,5,34,5.84373119922286,0.216960710230026
88,6,37,2.86918480325262,0.025050500236764
45,4,29,2.20143489841831,0.245160699838795
64,7,37,5.66228659019078,0.133955838275142
27,4,27,2.5503544374526,0.393545955182331
1,4,26,6.72629470395894,0.701498061376524
20,5,34,5.04498849837581,0.30869761527397
10,2,25,3.9869853293325,0.390746398342258
8,2,20,1.12514209680791,0.282590572711754
4,4,28,9.26975442797214,0.0586542065562094
6,1,17,-2.44247421621331,0.864615112501097
60,6,26,6.48582583677635,0.223279034708369
26,6,33,6.42492268707714,0.176715421014208
99,11,34,11.6017967829403,0.00297415210174888
42,6,35,5.31172716508921,0.238523922682104
7,3,28,8.47210211993909,0.0970312764162299
90,5,35,3.54137800968607,0.102974998531863
84,9,39,7.35714738369409,0.0587752847573203
6,2,19,-0.302172465900325,0.472951773067421
52,5,34,5.75944559365482,0.127695228322409
18,5,25,4.85773680693374,0.865972684654308
17,1,28,-5.29892181860487,0.609750771397883
41,5,34,4.83598550732676,0.170223733177409
53,4,32,3.7218139899915,0.215731152218156
19,5,25,12.2789422618785,0.113404810337206
33,2,33,5.08892512275136,0.0647729553747922
61,7,31,5.94945544436484,0.50979623988033
80,8,36,4.87779250169653,0.168289941373294
4,3,30,2.59741834684207,0.25853278277323
8,4,29,5.73234828670682,0.291179072101343
72,7,36,5.29748705409294,0.426195880894593
74,5,25,3.72856632439127,0.0834888688812361
18,2,31,2.53438953314985,0.145742050139233
67,5,26,4.92255100282934,0.129901229739342
78,10,29,5.75517977200885,0.490960243602699
59,8,31,8.91941846503756,0.115467807045206
88,6,33,6.99174423399629,0.0158879426173995
48,5,35,6.24401833517575,0.03675341012422
31,5,32,4.74872173623893,0.591123765768641
86,8,32,4.30837894726982,0.116599672706798
85,5,28,1.07519943429993,0.163825247087516
67,5,28,1.42214549721646,0.175208940798515
97,10,41,9.26961200692918,0.0102638308890164
23,5,23,4.02063994015096,0.564314979240337
83,9,41,10.7257410629678,0.0192305088013441
77,9,32,5.35459966585403,0.522970386325622
24,4,26,8.27468602395181,0.307337632159445
91,5,32,-0.366563286273967,0.439726990160948
73,8,37,4.56138484179666,0.578233300211066
18,2,32,2.63366499649244,0.169253933010623
48,4,27,4.19871533737742,0.364179848206645
85,5,35,4.69732690695963,0.00490256385043312
32,5,26,8.35079621319279,0.146786426194012
85,9,31,10.5108493390804,0.146670055226423
38,6,25,6.54128601709315,0.257787370345298
2,1,20,4.45288000131018,0.0895893243141472
57,8,29,10.2859299152132,0.241170297510948
67,6,34,6.41670520630272,0.142641373793595
83,5,33,4.72161574347407,0.0118843999264613
88,5,35,1.08219616287048,0.0650409681399156
20,4,29,8.26512706093819,0.0426404292229563
30,2,28,3.69864798027824,0.132552688126452
84,5,28,-0.031755773350957,0.465696263571686
86,5,31,5.37512229414962,0.102210923322113
79,9,31,7.63851823056102,0.166141252266243
43,3,35,-1.63365424318842,0.272271006357598
7,3,21,6.98862490938052,0.107162900385447
56,6,35,8.08957723793996,0.0495504289915643
65,8,34,11.1841770084128,0.00927297236789511
28,2,30,1.64376039918823,0.113410974969156
7,3,27,6.28395341995879,0.146782517200336
79,7,35,6.15974157039984,0.13835716022619
12,5,27,3.23188897576765,1.19386198831009
66,6,31,7.73975672099156,0.0432408966149876
52,6,32,9.63506940470994,0.00263832800555974
15,3,32,2.68242537718009,0.205131759230635
17,3,33,2.98720868714495,0.491920368259257
48,7,36,8.40700799680204,0.186243676569986
12,4,30,7.62163793467361,0.309020228673446
11,4,25,4.22656738987925,0.730651937497914
4,4,32,8.82585881948911,0.136352948378772
84,5,30,1.70967783938421,0.322264807055447
38,6,28,10.7081774391685,0.193244434416968
67,4,35,1.03688651222179,0.328127745295617
73,5,26,5.2357842387135,0.136587397311814
16,4,23,4.28953806173497,0.506465783787376
7,3,23,4.45953170396365,0.769112458410573
44,3,22,4.94926388443947,0.107141679036431
31,2,33,1.39424176999248,0.100574299693108
29,5,32,8.02329612244268,0.109471553354524
61,5,35,5.89354185202846,0.00219348643440753
48,5,32,4.85417532639263,0.0713687088004403
41,6,28,3.33853445379215,0.513557532315558
34,5,33,7.98130075928794,0.021257889806293
46,4,35,3.10391841830081,0.31600812798247
56,5,26,7.49757520411674,0.0296197272837162
79,6,32,5.62576041865391,0.0167748373207461
20,5,27,3.09448108229716,1.49928924060407
41,3,24,2.8683142767222,0.269283638558093
66,8,34,4.86842462232888,0.296235879407007
48,5,31,6.61897955481138,0.0182833836278106
38,3,28,-0.0392587526008734,0.311081384519463
50,4,29,2.97158135478974,0.0936057406943291
27,4,23,3.05101342634943,0.362799907616023
22,2,29,0.838204276781678,0.136804301291704
31,4,29,2.40577397885518,0.78663075524838
9,1,30,5.43407316985525,0.0186893587863885
61,3,33,5.48877866304154,0.0229928579647094
65,4,28,6.13161943781013,0.0416541325394064
50,7,37,4.25461851784902,0.378387558252966
89,7,31,4.74934026942459,0.175016654644835
40,5,26,6.41322466244351,0.257368359937075
0,4,31,4.54020820043636,0.581721003601486
69,4,31,4.16084970590281,0.0577937240278648
21,3,30,1.47324700598744,0.304376319505948
9,3,21,4.71468028036814,0.320665420953858
70,5,37,4.2143973028579,0.145830913097598
97,7,35,6.59989722433547,0.00811721046920866
50,3,28,5.97635551924316,0.0345896176295355
21,4,28,2.65350801822721,0.783753871875715
75,7,27,6.2560625618157,0.48934238037266
18,2,27,5.19052021923848,0.0444420896237716
11,1,21,-0.668306688727781,0.47147238019616
60,5,35,3.7583044270522,0.183733670728955
49,4,34,6.82200099713889,0.019020204199478
88,8,33,3.93790493864268,0.515955170595503
86,5,27,1.31012823520411,0.187045179862753
0,4,28,4.55462090756186,0.936868188384563
48,3,33,1.91381751763126,0.10415352252312
80,6,33,6.26511610579646,0.0658335337648168
74,8,36,6.3576545089542,0.151585552841425
6,4,25,3.94693686891181,0.563810189688736
37,6,29,11.1397383175744,0.237295915362167
61,6,32,5.63387428647349,0.0610741715265433
34,4,30,4.81168629255622,0.0971150527670673
13,4,29,6.46953872701564,0.330665134115818
49,5,34,2.93412214967811,0.315324304382059
49,6,26,9.80056834343815,0.19858957826041
89,6,28,6.61253192680338,0.0288561254681528
57,7,30,6.79846615865596,0.343957420893687
82,5,37,3.37545677879557,0.160464707878418
75,6,28,8.07330736078191,0.0658135314006358
38,5,26,9.24293982368174,0.262582646672356
49,7,25,8.66599392199774,0.153789832955226
31,3,28,-0.354610906395475,0.332968606603074
10,3,25,5.08065810944201,0.409310226307666
81,5,37,5.97367420346192,0.00194311017164133
82,6,36,7.35542758575284,0.032906133178233
47,5,32,2.46957251847184,0.40699004519493
16,2,32,-0.974174920525384,0.47676311225378
29,6,33,10.1441279467533,0.0437485593138263
25,2,29,3.91151841741203,0.0303637325092549
0,2,30,7.48371940251358,0.205945855228904
82,8,30,3.13021904458671,0.339850642009381
59,7,33,4.17867905597723,0.864761766004276
58,5,28,7.09160491814925,0.160119576146826
97,7,27,7.85377558056561,0.0141604315467038
82,6,31,2.09033467256013,0.230766257520611
97,7,38,5.83538371579526,0.0780661525727241
64,5,28,6.692835434759,0.0497150239534676
7,2,21,6.73127695619431,0.021964312531054
47,3,28,5.21088275697806,0.0966061780927703
74,6,37,4.06567408818119,0.30560815403119
58,4,33,5.40129279332361,0.0517551018856466
91,7,28,6.25984211598873,0.0503407198702917
0,1,31,5.90434976797655,0.038324395660311
83,5,26,6.74498724072373,0.00526722357608378
47,6,32,3.38160307443436,0.543723278621109
14,2,27,3.11802913336443,0.46053535256297
38,5,25,3.4146687633332,1.35189470315451
32,4,24,6.21358363917397,0.394718923584974
8,3,33,2.71953699535943,0.647622050220305
26,2,33,3.52835418739815,0.0209535813191906
87,6,29,6.11118976614787,0.0256091306218877
72,4,37,0.92928353017341,0.0756361085223034
89,6,29,8.33100497676612,0.0171953862720165
0,4,22,4.90278031643853,0.445571917088187
72,7,39,3.95811948800619,0.378762972054488
38,3,34,0.66900885713482,0.162825340172276
96,12,31,13.9942712812257,0.0888807018054649
27,4,28,3.34030087033622,0.963736732903511
52,6,31,4.84538242007417,0.508154205491251
45,4,27,4.70614477390108,0.404292476342476
67,6,30,8.30209871917473,0.143433507997543
92,7,39,3.42769493451825,0.242395454774353
50,7,32,10.64633710362,0.184239383761017
58,7,32,4.12408893685218,0.582255704762572
22,4,32,5.09857038581232,0.283419490781355
63,7,31,4.43185763302639,0.393157912620231
99,8,34,4.09079647885795,0.145856978604043
64,8,26,10.4211319024088,0.0539505677297711
74,9,32,9.92608371601749,0.0994142458075657
89,8,30,8.38314039172067,0.124622778734192
53,6,37,2.7064662415312,0.550392762325838
65,7,35,9.65972089736273,0.0749608740606971
4,0,30,4.46550568607419,0.0537890312261879
13,2,30,2.29621165564399,0.150437303702347
42,6,29,3.64986064983735,1.09518579852985
96,12,39,11.2017960769892,0.0973340746713802
33,6,27,3.49744880511635,0.914465516331879
52,3,31,3.3125350674948,0.0304680645423634
93,7,29,2.65331032693113,0.363444381372488
93,9,32,4.91114488358902,0.192993731693107
25,5,35,2.87915783804137,0.778286561683126
2,1,23,4.14897151659171,0.0705470508387219
51,4,30,6.7079306726887,0.0930087246233597
72,7,30,2.81995659917816,0.419674947371191
29,3,27,6.37779858895651,0.044020309462212
74,5,38,2.80002452357045,0.0208553957859555
36,4,33,4.95052473076707,0.144249295350164
16,5,31,10.0103631813949,0.0743209902429953
3,3,21,8.42965535061054,0.254619600939307
68,5,29,4.39360590508702,0.0779719224665314
81,6,32,5.13213679369064,0.0750173365231603
2,3,29,5.98629432177994,0.32582374800809
24,4,29,5.92630729494812,0.0944936651503667
16,3,34,4.69205008490505,0.134920833981596
66,8,39,6.60456853373446,0.0471849866444245
60,7,38,4.70792294548194,0.375151311957693
37,5,31,3.42117276153427,0.220745219203658
12,2,23,0.317947133517091,1.46281325436177
4,1,26,1.70368783138951,0.156964520225301
42,4,36,5.92772562115278,0.0155499198410597
57,6,31,3.40164676106324,0.440701826920217
79,7,32,9.9047832230284,0.010666859840267
19,4,35,7.40989315251532,0.0869389349827543
56,6,29,8.20261519379365,0.0432985218940303
23,4,31,7.9462999141703,0.0492928898893297
36,4,25,1.15627941632772,0.584909677939648
18,5,28,7.99048398793323,0.394720958990461
0,3,22,5.94913228394738,0.265066248587075
36,3,28,6.48250414014541,0.0190849521107888
38,6,35,4.10618891682474,0.542592388079352
11,3,27,7.78157062682993,0.0867176351262701
73,6,27,8.96021561224757,0.00304444861424532
24,3,22,3.08995664271643,0.318849019462916
60,5,26,3.81825078618127,0.355105485746121
54,6,29,3.65964191186602,0.24113600886308
22,3,28,7.3537403757904,0.046795042947052
75,7,33,5.4971126212236,0.102106158976514
77,5,38,4.17276223731414,0.0653661713076485
72,7,28,8.69110955646787,0.227975189617532
58,4,30,4.11832714316725,0.0728932955535129
0,2,23,2.54250577432804,0.569528121004039
46,3,29,5.25789108620439,0.133765325765125
49,4,34,6.67517903719063,0.00525270820099776
84,8,40,10.1650808368996,0.0399033301509917
20,3,22,7.51236279583419,0.100465928320773
77,9,39,3.82848727361448,0.191594986040675
17,3,30,4.33868562740952,0.348295755603978
33,3,25,6.70373350334968,0.0682589439620091
2,2,27,4.75048196533295,0.211581769621673
90,9,31,3.99164124677523,0.59021848204189
2,0,19,5.54428019466974,0.215711372893977
61,8,29,7.01884042680841,0.378450727175127
41,5,29,5.95708054408983,0.158730919589289
6,3,28,7.4825070249549,0.0429107494419441
53,6,25,3.8975620177227,0.431871871908611
94,10,41,3.92926472959075,0.33608415814929
69,4,38,2.78454953007586,0.041666412143968
18,2,31,-5.50535478734125,0.228443404881957
66,6,36,6.59304454098539,0.112219610251486
19,4,30,7.90249679719246,0.19801253521696
3,0,19,4.22108705453879,0.0378825278021395
97,8,36,6.65337842855214,0.0637624774826691
5,3,32,2.38180539284951,0.539387911986412
89,6,33,2.8152332225351,0.138399735643308
13,4,29,6.51105405706316,0.166885099606588
85,9,34,4.76680298683293,0.198911562344098
72,5,30,3.62043889651228,0.117447729222476
74,4,35,3.48708894061042,0.0844669111538678
5,2,24,0.947784133456378,0.395017847397781
93,8,27,10.1918626456837,0.0804209755733609
48,6,27,10.5734164654917,0.0840071501443163
57,4,32,5.50223931507087,0.0432560461115469
94,8,30,7.9419224661721,0.0913209294667467
48,3,35,3.19928861065918,0.127718602228477
71,7,38,9.17260668421387,0.0511973161833287
66,6,36,8.69632874132977,0.0201576941180974
93,8,37,3.28996070687458,0.168924343888648
81,6,31,4.40090643314023,0.340184240358624
62,7,32,7.20659428446441,0.2614139187976
51,5,28,6.63254977058171,0.185900994333181
9,4,24,6.73330256814525,0.719292661280232
73,8,32,7.89600695356532,0.1161989151733
1,2,32,0.730372325697546,0.210294938170093
12,3,29,5.21807218268864,0.148185149417259
85,8,32,5.53215287999306,0.32546000018597
49,6,29,3.45553019405128,0.662635033453041
87,7,36,3.48357082601312,0.128829741501249
94,9,30,7.3596130163644,0.288634109300304
65,6,35,6.22146466642384,0.0280579143436626
41,4,34,6.9392571865173,0.0260326545435752
59,7,29,10.3404582839775,0.0562402344075963
97,7,30,3.65328481895993,0.177249148476644
9,2,28,2.74420227570683,0.208086125904687
83,6,38,2.67086956828481,0.0757199415238574
93,11,29,12.5692261614487,0.056766829569824
58,8,27,13.9580215807705,0.0602900240467261
26,4,27,8.14902820011779,0.229524738610464
76,7,35,5.12548719114453,0.249410446722734
60,7,32,5.89789517424067,0.210852418550032
31,2,32,2.98043392836216,0.182497452468354
51,6,30,3.52745529092505,0.759217411237669
46,4,34,2.35858476891295,0.218716375752094
49,4,36,2.46206771988776,0.393824464445364
33,4,30,4.59616568285654,0.080331277572175
15,3,30,7.27698561416134,0.0450062227834787
74,5,35,3.77931604056778,0.0309288443531841
54,7,29,11.7007842819231,0.0211735875345767
30,2,32,1.11961314242132,0.165729020372964
63,7,26,5.63370385191064,0.669154014872545
82,6,28,1.44377710737855,0.431556439937508
39,6,31,10.1806936045819,0.0706339792983471
17,2,27,-0.28957035559508,0.594053262347514
60,6,25,4.40643714034471,1.04886071098255
30,2,27,-0.0721720581767462,0.429943712872869
90,8,43,4.12487535878974,0.104166325065307
99,7,39,6.27502386151736,0.0108346779814078
29,3,32,-0.248514655268024,0.410540791669661
92,7,30,9.69332035450144,0.00143849582737907
73,6,31,4.23203480073279,0.125096314935945
41,4,30,-0.399282267429604,0.5852105426287
55,5,28,2.3846857693625,0.502947934984248
95,10,28,10.1600017196776,0.294782416651699
5,1,32,5.55220148125383,0.0833876207470894
26,3,30,1.87103972199635,0.481317089383906
44,4,28,2.77339802469381,0.660199312927359
61,4,35,5.03759807000889,0.00398418493568897
88,9,33,10.1281942767664,0.119993314845487
96,12,32,5.75354708723934,0.443698580821461
31,2,32,1.64377458119166,0.255539154856208
1,2,24,3.69677926071922,0.276792770706791
12,2,33,-1.80293094891076,0.359379003734744
96,6,27,4.52626867057349,0.0238406996941194
21,5,27,3.28923127351604,1.27095975793378
38,3,25,6.24576437711914,0.192416846218931
87,9,31,9.11628324657321,0.0206812253342396
74,8,30,6.96279787952741,0.134353473084047
88,6,39,6.01527525776117,0.0815218336931088
78,4,30,6.39566403678846,0.0253260560566559
34,6,34,9.00195805686111,0.0486818648641929
11,2,23,3.93294063641347,0.541795846767289
41,3,30,0.946778026945406,0.156470712274313
18,3,32,5.61962440848794,0.0711351068194563
62,5,30,0.852096649122224,0.84977618041904
52,7,30,11.7569513293034,0.138065163395368
44,3,32,3.98392602720906,0.0679496276226853
50,5,37,5.40301748852782,0.164108314667828
51,5,28,3.3916010105506,0.32807996146262
76,8,28,10.3946975291635,0.0170750592819431
40,5,29,8.47970218395159,0.0658914818206114
87,10,27,4.66356397332631,0.378480398175346
51,6,33,3.52896799020318,0.394651031201437
38,3,23,2.17669166260363,0.514091486090279
50,7,38,6.35251310253319,0.170642325771041
59,4,29,3.01943896770219,0.0883708766195923
3,1,26,1.39981293266803,0.216354647175151
7,3,22,3.25203241886466,0.289710065106604
97,6,38,0.293876023941776,0.334649735818359
3,1,31,5.4885592851392,0.00925829904044612
77,6,37,7.82549771030126,0.00301769478528417
31,4,26,6.15608903357724,0.133378338767216
0,1,27,4.08768642199473,0.179129186938909
54,5,30,4.28388773105461,0.281130112929943
85,9,36,7.7439740555474,0.242966044218022
63,5,35,6.57025992110739,0.0872263825731352
91,6,27,0.822276614279914,0.630361498487485
59,5,29,3.76726514417375,0.63424614362365
14,4,29,9.02195184487291,0.0248992893612012
54,4,35,-0.101290383331159,0.596961652362877
43,3,26,5.24358665428544,0.0241202013593345
1,2,24,0.118228145663408,0.449000814045825
8,3,31,5.3739127997981,0.318681601890105
2,1,16,1.41634808712773,0.426534731851375
16,2,22,2.61943305621727,0.391354612053788
81,5,38,4.22252091257788,0.00420857170104903
29,5,25,6.30656261895607,0.209484255629334
3,4,31,5.56160237828839,0.227142708365548
90,8,33,7.94589858124824,0.00331256061326712
33,4,28,2.29982768675868,1.07879697990822
90,7,27,2.15899090923432,0.236979976518753
8,2,26,-1.20902541436119,0.774000119375897
80,5,30,2.77663000500493,0.248131916149262
99,11,38,5.35694466469056,0.185986292489428
51,3,30,6.01233956609104,0.0381399414356438
54,4,36,4.87800768763573,0.0184966232264904
82,7,33,3.60313223018644,0.232842443966049
84,8,35,10.4414886608942,0.076544646170623
34,4,28,1.71552188622474,1.33676035368914
57,6,33,7.36292883385279,0.0455540537714033
65,4,33,-1.42499169581202,0.327291365702379
23,5,25,5.52170042356362,0.412435968170086
55,4,33,1.5281296323099,0.0950322288008391
66,4,30,5.77064085026724,0.01934267075402
33,5,26,5.85115151339009,0.280717547506768
58,6,30,2.67357794049856,0.380971265662246
55,6,33,6.04962969625063,0.0860663418542212
14,2,28,6.05040742276273,0.17873195138641
87,5,28,7.07289881453843,0.0134652352426201
39,5,26,10.0182262230779,0.129298639018089
75,9,30,6.37552327200487,0.620949667381281
15,5,31,3.7620848020496,0.377386491259044
50,3,24,3.84323048250575,0.355270375010973
52,5,35,1.48073786379527,0.257717229415405
39,2,23,2.13903396933116,0.154566528857686
94,9,32,3.85612718469661,0.565659537658618
37,2,30,-0.988217190091632,0.289678507589877
6,3,21,5.43694765569474,0.204307049968022
98,9,43,9.02117113951341,0.00273395027033985
12,4,31,7.09987897750061,0.271584491640223
14,2,24,-2.02972794416012,1.23975166647771
34,4,27,1.39571258071116,0.360395889832426
83,6,36,5.38369250668188,0.125398823875003
15,4,33,7.73734484943948,0.202581699348029
62,5,27,3.69493287194771,0.46182387692616
76,7,32,6.76568788960721,0.155102836969985
43,6,28,6.57238521744442,0.422535491620606
52,7,36,3.65075450093523,0.22337892394394
13,1,28,4.33605931837724,0.0540268695913255
93,8,36,4.92854847698743,0.13195074594114
22,2,31,-0.88634194967794,0.733890347140742
80,5,28,3.22231033110207,0.126845975522883
17,3,25,2.61945160797546,0.665024174811477
66,4,24,-1.46745679626506,0.809059467124653
77,4,30,3.8653550381708,0.0828592373497526
91,7,37,7.25187795849166,0.00667500342542348
69,4,33,3.48548679381446,0.0204792036674917
47,4,33,2.37379806092492,0.133304997347295
20,4,34,3.42837668554931,0.298903412407938
64,4,28,0.997256145474513,0.167762321831507
87,8,35,7.75342112919818,0.038818153901957
94,9,39,3.01994959485914,0.377665653098141
87,9,35,3.70043191140868,0.439946359468109
74,6,29,4.13475354337696,0.108145939651877
32,4,23,4.13959869980726,0.156540880911052
57,5,31,1.06243984415892,0.346996548564589
53,7,28,5.84295614311972,0.301960231260139
79,7,31,6.1176408834923,0.311599501165304
14,2,26,4.97599288305861,0.0808218847960234
4,2,30,5.99576964235984,0.0804309408413246
58,5,36,3.18681796015196,0.275389766775745
5,2,22,3.41058525606526,0.792550103696895
33,2,32,-1.28345557579691,0.245002295578572
25,3,30,5.06338307139723,0.0512740262784064
19,3,34,0.840960247828765,0.164984813309275
42,4,26,1.09663308877393,0.491128463277078
