K:5
N:1000
Gap:0.397252323770453
Rho: 
1 0.8 0.45 0.2 -0.3
0.8 1 0.45 0.5 -0.1
0.45 0.45 1 0.1 -0.3
0.2 0.5 0.1 1 -0.5
-0.3 -0.1 -0.3 -0.5 1
X:
6.34866253526796,0.378273304996497,0.589520086534321,3.61670957382451,45.0969587834943
6.16846361850409,0.392470677362239,0.956903970101848,3.69787546878217,38.0220269273871
5.15418224060341,0.239502367785874,0.748788914643228,4.51162272462898,30.9093722544075
5.3835578621951,0.439526906681663,0.935914155561477,5.29422064049203,47.1352518298021
5.55273585670251,0.127687545493245,0.456757801584899,2.31944485043602,63.1019828456596
5.01494680181075,0.0995188255265149,0.841873381752521,5.98662536141089,20.2851512647973
4.46608241268131,0.343526847417209,0.787339252885431,4.84132484696744,63.0927364892216
2.75138847808289,0.0592770617356544,0.842724644346163,3.26157986214216,32.4218790919722
5.42468453319761,0.121020308638368,0.765120178461075,6.21848621039997,27.8432706486567
3.57623545791818,0.0708308202332226,0.385336546227336,3.30948275076843,40.655014365935
2.99008021564291,0.014998146565631,0.56694592977874,1.81942105259051,34.1509483577983
9.1930077752398,0.743872428270889,0.985932948766276,5.13983933502077,42.0827532090918
3.60885490978431,0.0969083101954311,0.438715820200741,2.48809266416894,43.3443016711944
2.12428383783948,0.0335144185228273,0.232682544272393,4.66150858198813,27.8453740131708
10.2808629178013,1.54775699592176,0.680918742902577,17.087044092357,29.8517778057866
5.37688527693384,0.411753687986589,0.846452025696635,6.32378819862295,45.9306607041877
5.37219801812652,0.412747645729637,0.12873501656577,4.67918980882635,49.8853574486873
6.79385310625054,0.414581322759101,0.509585664374754,3.64597956803846,45.1670566864409
10.2689239441392,0.35271475787968,0.641992929857224,5.68242379916426,20.5419548034373
7.79608643925278,0.133388475514948,0.366874009137973,2.23304822137016,36.5540033288209
4.14071780009728,0.0450209486298263,0.792942218016833,3.79431926949638,20.2092168103551
3.77507969237783,0.254526689638126,0.540682856459171,3.72577492555168,62.1539911117191
6.94354088756265,0.709411212732798,0.732534741051495,7.77626314574267,35.7783392822253
8.4617853206825,0.767251774626684,0.510488181142136,4.22527618542531,44.2408830358288
5.01009668981686,0.0924759922781959,0.593990619992837,3.81182544197785,27.7757456570143
-0.632045929060682,0.00954718596767634,0.559222031850368,1.88550690844425,46.8077667482717
4.22813176103187,0.0619677187642083,0.872745867818594,2.70968022642898,43.6342028152135
1.92604930543381,0.144812741084024,0.176218634005636,3.70693735677047,70.4447250688684
5.03070429078392,0.291620889435265,0.409455041633919,3.85641875012037,46.4101502887161
0.579213602943264,0.00229483668226749,0.122114081867039,1.07188836681955,70.578359057708
2.65200121484634,0.0561747764004394,0.77123294188641,3.12877854390141,38.1642070656333
2.66600410625255,0.0187609314452857,0.0454279270488769,3.64401006375399,29.9917137304532
2.97756431604292,0.0887583720032126,0.530419395072386,4.25579444975786,32.1316089567422
4.92670207625725,0.131287498632446,0.422624559840187,7.90798909527514,18.3488198165952
5.15994506745156,0.100291363778524,0.709108569193631,3.13429120275917,32.9052791904021
1.83200960650608,0.089594426099211,0.052512891124934,4.01220477165733,49.8677860348975
3.68958840335916,0.146953812800348,0.279055600287393,9.09213316431633,24.8396197481067
6.68831793315124,0.164895074325614,0.805596675956622,1.91588960639201,49.8105038407927
4.52100800622251,0.173713848217133,0.519370225258172,7.31077944560203,39.5905366619006
7.46432433126941,0.538666061321552,0.710944134742022,5.16772559397467,53.9258269443486
0.720625774557734,0.00400728418104815,0.464129759464413,2.35431693340927,28.5800338214512
4.93527396649764,0.166777274571359,0.20027554105036,5.64043141533198,28.5507787744034
2.07041503889187,0.0850503882393241,0.833040535915643,4.39568567917855,40.5526740499152
7.26279427039491,0.127148269210011,0.67392441839911,2.03256034424937,48.2992159757998
5.4045596310251,0.150355974095874,0.812612572684884,7.24167679979202,14.6878234325892
1.4202607226823,0.137624562995009,0.118767616106197,3.85855487951581,72.0499348756896
8.25865633567323,0.337635860767889,0.164699349552393,6.06423588111579,35.8414158158564
0.455381506274031,0.00494428727101688,0.0922194211743772,1.74790571413932,69.9613349529327
6.45869143739018,0.372137033261278,0.952669376973063,5.98852444237835,32.4968158971046
5.70832384351861,0.0791217318577845,0.636296090902761,2.58298276297603,29.4382387685916
5.34141929370978,0.426608091237926,0.172912231180817,13.5974989008201,37.1991956742162
10.554323385534,1.26752428377146,0.947118279291317,4.23609655024431,44.4534456379742
6.098471022156,0.13999661966227,0.267099670600146,5.16260736718188,35.7447078972394
2.83807611680193,0.164356649620458,0.139067703858018,8.4022887130421,37.6068527901498
7.09884880179383,0.237051109074357,0.661528693279251,2.67452656579391,36.084089072055
8.50944735027404,0.733218800234509,0.822528385091573,5.00971259099502,53.942000483233
2.9856342075229,0.226035164192992,0.108045839704573,8.17174962362643,48.6317838818554
1.84020209085141,0.00747760350350291,0.204806998372078,2.36359677159678,42.1555997990205
4.53045788943024,0.0784860490821302,0.463528976077214,5.29554075628232,27.003839624598
10.0658628855288,0.231893674957018,0.645881168777123,5.41021864947523,16.0044746303014
2.87457446818166,0.0843010166427121,0.737230604048818,2.42681834292609,70.4474321544586
3.40210383139884,0.091204097145237,0.137901503359899,4.38775556035486,39.6775946889902
1.82597080523116,0.02842823183164,0.0217641689814627,4.370628018766,41.0923566689711
5.39737532439747,0.221589930345047,0.487973819719627,10.2225587835851,26.3415603248984
7.36419070426142,0.815586151513171,0.926473830128089,11.4168389583481,25.8863490244167
5.4388075663951,0.206948590177284,0.422787096817046,3.40824592655471,47.5013959583995
6.39587090775827,0.236442023179236,0.887756632873788,2.81103473852419,38.2149252565241
4.40202198873673,0.0458760939072818,0.59120994922705,1.71123044176652,49.1746567717049
2.74101737488464,0.153051685425453,0.500328432302922,8.956387710072,37.8510856089026
0.968659582177801,0.113674841006286,0.303549879230559,3.76917996482294,64.2113852236934
9.20188990747826,0.480968740282065,0.982840695418417,5.06744410793812,33.0957029189835
3.75341267982668,0.0627319932185142,0.652040743734688,2.98820263629542,50.6301046765643
7.31107628870048,0.174750596156104,0.588120270753279,4.16891869023893,22.7425714529367
4.49246110028117,0.246257635987106,0.776803096523508,4.42667196752237,35.6743242240885
4.49716119957463,0.188179248617469,0.363475407939404,6.54767737526967,45.0999536674482
2.4258521711958,0.079782119486481,0.573785982094705,5.91291946370497,41.9521402716976
5.87507906252131,0.454073940848416,0.93606384517625,6.3917020617089,46.1712937144357
7.75748251963547,0.823213439392758,0.849571404280141,3.77990227880589,51.7788276336506
4.23771406080323,0.230073289702389,0.180505385156721,5.47281196788876,56.4906544417377
0.862474958559302,0.134991555591114,0.601652661105618,5.97343073751127,36.2157114829105
4.91537841198258,0.158113175188191,0.484094881219789,3.73945351173043,43.006842812976
5.96681181560874,0.19312616692737,0.754465022357181,3.17131216360706,44.4074531075591
-0.0399031402201526,0.0238277376623634,0.472899171989411,5.03109388184934,26.6604532360351
6.58436483923469,0.214129808532021,0.208390828687698,4.9260069630424,30.8312646770814
4.72624360446609,0.0510249750223011,0.607899889349937,2.17145390423089,42.8264703766699
4.79737902740171,0.195744463791421,0.745967800961807,2.85426116248881,56.5829538673805
8.61304830555961,0.943874532397439,0.860273553756997,4.23181418784479,44.2218707877309
3.26583720219385,0.184899257718328,0.0713216625154018,9.47692721672018,41.606615783392
5.21449345215414,0.0627824987758466,0.0500856661237776,5.0714742001062,26.2647731391558
4.14501017564064,0.0289407989475876,0.509977128589526,4.31623808718431,25.2093461669099
3.71831628663905,0.165809849975631,0.769540653331205,8.82495927996739,19.8443010664777
3.0654988525523,0.062368368303372,0.0460591982118785,5.01761519733814,32.2478080990525
1.41210075298045,0.0056150077143684,0.205692712916061,2.6352145949091,38.2080812692989
3.45486084926825,0.0352672949666157,0.313408592715859,2.81751267300258,53.6906588556092
7.29975538931544,0.595382013565899,0.488751271506771,11.3236046415926,36.1249421891392
5.99921127064161,0.140789868509944,0.784167837584391,5.18525480725761,16.8798408223197
9.11807473041465,0.489433407762504,0.463811214081943,5.14067067263917,48.0104567309841
7.35835731720947,0.500357104624477,0.451875417027622,3.68870509934616,48.4568587892372
5.38995591778144,0.244010902232233,0.136311726411805,10.657335751137,31.160110178703
0.910422241372206,0.0439596821580616,0.208343911450356,2.76129114781644,71.3362849316439
3.82064078811341,0.117309343905621,0.669565855525434,5.62083486043153,37.9045167187467
3.94347936321738,0.119496240477117,0.357577321818098,8.52037919947461,29.8072678163114
1.60025143987714,0.0147304764250293,0.0961600658483803,1.73135120634404,68.9109271436054
2.0428231037149,0.0738062300952151,0.164660650538281,2.75018628673466,74.5912686736006
-2.21638084988814,0.00174449015890444,0.280262813670561,4.48671285872577,23.4232880102462
1.61272306013914,0.0554221049083468,0.221088766586035,5.62023822357316,50.7578244146011
5.36759874785998,0.370576762247414,0.140540345571935,4.54087515648577,62.9003371584515
3.07022142042721,0.0805694424780086,0.168342021293938,2.35810354617279,59.800862381055
1.02410167050709,0.00735873787198216,0.157317508012056,2.4355527199359,43.1095406264623
9.88608287218795,0.309832287941802,0.858537613414228,2.42696028842398,40.403572064009
9.6961988961857,0.56893831255489,0.734586646780372,3.85377603381856,39.1240269828732
4.74476209986386,0.176243753627616,0.695328027475625,2.66479410232651,57.9084817545448
7.84591898276118,0.895990801456958,0.954984602052718,6.93559503524387,29.9597391157425
7.0762987951103,0.19076857412115,0.911495834589005,3.48694118232705,34.4259206725259
1.3017790916145,0.00496056512929499,0.66008912702091,1.51590373801236,40.5292783968944
-0.114349633966252,0.0210441416442229,0.362544608069584,2.50328801617069,64.4122914899177
-1.88277362173081,0.0260365104966377,0.281058740569279,3.00620043312139,39.9595924771301
6.72283059125888,0.342782602867785,0.153397683752701,3.45144675258584,64.7275268854743
3.92405258912935,0.0487816663226113,0.633052878314629,3.11373694815631,30.2400379868649
3.41213958187156,0.117949781240895,0.156110992189497,3.23888433370531,61.2244446640793
8.19980003275743,0.25087201896936,0.408271960914135,3.31707404269885,41.603751349827
5.55100215177943,0.396297751904881,0.936921802116558,13.8726821254284,26.4806663765435
-2.80280493537811,0.0022015082898757,0.177335578249767,3.06826087412745,43.4943214937556
7.92618947298193,0.199970636763685,0.839837203500792,2.94427831862347,44.8094569730239
6.54884355737709,0.59252699135446,0.175599086564034,18.0502536399612,35.7205000948396
5.83367009920118,0.0990776079706848,0.419391412753612,3.26822397270435,31.6391857203602
3.39521968010259,0.149848747299984,0.694332115817815,8.94525629736233,24.4875282477039
1.58765172860991,0.0127027238486335,0.0138174330350012,2.75502450778156,60.5318730043176
2.84226201014851,0.175124215650114,0.657274844124913,5.77199138922654,43.8072006955497
5.80274846393735,0.517726379891342,0.259895395254716,5.39936672540781,55.6967832753508
2.03414425377088,0.04345441411715,0.412491113645956,3.70931489321781,37.4729969394412
2.5955536769081,0.0839769156882539,0.459042337257415,2.63579970168836,49.6300521065449
6.59482127070513,0.363250851988489,0.830148188164458,9.47446737485782,27.8077165155105
5.19316458457082,0.088301611833176,0.790982383769006,3.12939519914959,40.639657184024
6.34882875012806,0.0970565314139523,0.878025414887816,4.01910631074707,21.6179691293335
1.26720809914005,0.145156031474471,0.841018246253952,4.05888443171234,43.8795114019584
3.4075804232845,0.048527774125512,0.549667360726744,3.2740782829022,37.6459641453773
4.27688939367235,0.0503825021442026,0.0332666588947177,4.14842191743415,29.1051275243299
3.0024613458984,0.131386001361534,0.672027567401528,3.45289036687371,49.2261458355805
4.98712804974188,0.0799667559969491,0.800084895454347,2.28925062515877,36.1106626932848
7.53465505403295,0.385714206789833,0.547917514573783,6.20993354044951,25.4824791037948
7.03117003347345,0.39863487202223,0.357212893664837,8.04136457658708,22.7458569351722
4.83249090711562,0.38903908378759,0.400622234912589,6.13708249582467,53.4179362596003
4.89709198738671,0.229274266621771,0.833130223676562,7.28380166538494,23.1657246531013
4.22224159540938,0.0435041291639209,0.343556112609804,2.94840709386034,33.8967425774832
2.67541417335978,0.0463007247308269,0.654740714235231,7.0234531762067,32.3383309363565
3.5070830621596,0.138031742884777,0.133807065431029,4.98318148331772,60.5339067572609
7.55146815073687,0.197440508564753,0.233724195277318,3.16193357929204,32.5633027053957
2.96701995774924,0.174777991978192,0.100048685446382,8.17095291217533,44.5423473345918
8.15863929861018,0.182495818695727,0.164484133478254,2.28731888240602,41.1490076833791
-0.230348838103316,0.036918660858646,0.539091172162443,3.32703360163429,40.3780967510719
-0.279787282642369,0.0126284849694208,0.371686469763517,4.91851648575896,22.7831453501205
6.19324267025044,0.396591864039606,0.240186274982989,4.27254545788557,42.8713765816921
1.72167001425881,0.0504718589873217,0.0801510531455278,3.06524987535054,82.4195583150281
11.5496140685288,0.461635289227074,0.937289369525388,4.27408278695629,27.9962011883643
5.41072966135288,0.29090417222001,0.879827234195545,6.97445861016705,33.3616016332646
7.63267119869752,0.202063546272668,0.911503993440419,4.64627152850888,23.4662242794045
5.02211430601787,0.325520076312798,0.417570900637656,4.19078598564681,58.481330451127
10.3476526309612,0.398245060347848,0.96453874791041,4.67908713230166,17.589012992736
3.57818138790451,0.0396041877102107,0.608913976466283,2.30979159644874,51.2492348805646
-4.12696114960706,0.00837862554938287,0.0148972659371793,3.45060620394655,41.4686625752095
8.54489307462905,0.259625620551388,0.228256456553936,3.48025408844526,41.127903852773
8.96439466535544,0.323552715115923,0.665564699098468,7.57980608098039,20.3550690090719
3.01116808269547,0.109812645823695,0.797534070443362,2.91572806098636,44.6953649097026
1.08265331835677,0.0353701119175566,0.780363220954314,2.52890518854101,52.0349372727468
8.34956301814082,0.328683182353827,0.952860641293228,7.63691089111709,14.6015822887585
2.83823086275361,0.101136949262582,0.58676041662693,3.15567160879749,66.0459262874535
4.21760210817721,0.249787503610107,0.644619252532721,6.98772551835587,49.4169251688427
5.25493519153637,0.391269132972891,0.37987330625765,7.27898584164138,32.4631921327213
7.94421913519147,0.60335568009519,0.265442080562934,7.95190525883288,36.997352427133
4.56420271692467,0.149796314537525,0.0843213421758264,7.867334247192,38.1738251632429
7.90000524229558,0.822413902687741,0.500658123753965,8.92977216151993,47.6400151172614
5.10722706629145,0.169147423584945,0.938202617689967,4.83013503813955,29.249519852804
6.27611983726309,0.343670597522262,0.75396397174336,10.4735678535545,23.8659367291409
11.0665198312847,0.941036847490042,0.864275190513581,11.6321358498301,28.7796752536279
2.51641484746836,0.128460537490153,0.651676608948037,4.83946751457105,40.3838787855887
11.2927583113784,1.279199820404,0.606635738397017,4.13742015534632,56.3564143204609
8.70008907939707,0.2695833285784,0.651660744100809,5.66257139466664,21.0477111217762
6.61797763815517,0.153370979358442,0.941067928215489,3.9313902693908,22.3636002417018
1.65959119471644,0.141752286232077,0.238733594538644,3.43758796470503,63.057013140035
1.39186494363404,0.0203223575372249,0.00847232434898615,3.6272002520669,50.2886100661782
7.62528091473361,0.783506695139122,0.25077796773985,15.3299782215598,36.9340035791591
0.647335570043381,0.00857315148415562,0.448294976260513,2.78303020968908,39.8041689878968
3.30430692859206,0.045811458196279,0.120964406523854,4.44798305463298,33.2300461080677
2.17392906023799,0.0368227893295346,0.0224788768682629,2.13604397757442,56.9922921797248
0.943566608125612,0.0213744500936492,0.00628132605925202,6.04394536095128,37.2172583685879
5.4923624911425,0.33907428033531,0.152402038918808,4.14472058533179,62.2639273387778
4.37229195076115,0.289677322133187,0.384458951186389,5.89615059523526,58.0601308478465
7.00628706472177,0.179378364676972,0.759395401459187,2.72313325194284,43.2894017006449
1.93104481806846,0.0456174183636904,0.641009184764698,4.58585517237715,36.3104887298961
8.66331476212944,0.812481863382173,0.286650048801675,7.14081915087302,53.2998126622627
-1.3832906802587,0.00397101758100356,0.147058264119551,1.09949571849361,54.5128404654225
10.6750335252232,0.300562090928409,0.268512676935643,2.25869493537301,63.9783738602113
8.64818135308628,0.587028827952379,0.608085510786623,10.7389087586663,21.0093466061973
8.6443026760077,0.399629069936878,0.981976031092927,8.63920735537944,10.9323912342702
6.78234551161488,0.381605324210814,0.651028456166387,4.96989274524105,41.4846098500987
-0.214112116655879,0.00675592210609466,0.52791679976508,2.62495273124596,45.8045247954586
5.85825070511772,0.375767737878922,0.572336445795372,6.79722974979334,47.9589595151615
8.1720367885824,0.534140661049764,0.834553435212001,6.14979738951272,36.9523246963416
3.8164957762568,0.20493824033879,0.697395070223138,3.67445861405169,45.3391260675584
0.772794415753669,0.109422180918045,0.335547653725371,4.19481647485057,73.8930448086792
6.94796703543435,0.683086704896921,0.693501580040902,5.0454578238494,51.0688819659191
2.55117016431902,0.188944644749838,0.46718277852051,4.48259741072443,45.8082408849944
3.5174138740317,0.040884658228606,0.0268309130333364,1.87171827672842,57.6064596901276
5.78830305073684,0.121584820352311,0.153051906498149,6.65446867982197,32.7084985453005
7.11914102101249,0.215865003167394,0.824728198116645,4.77979999520933,19.5539178052128
-0.770432018283374,0.000530656663118283,0.0166083045769483,1.040719481263,86.7771363597647
2.5831651210805,0.139285457669757,0.270829027052969,4.87768839406558,61.233076655276
4.37842307174894,0.19861732570193,0.424428578931838,5.02241332900236,36.04090540002
0.795842024448072,0.0214438034669216,0.341581599554047,3.11517069664459,43.7159035174459
1.21290234569549,0.00567342729335768,0.00517366849817336,2.03909633288268,59.0540758601219
2.42477333724226,0.0294491881504655,0.686721021542326,2.41935690006318,48.5960064763994
8.41624050940238,0.993637514713794,0.473230240400881,4.66807602844279,46.084556675666
8.06688371712345,0.182439316492741,0.287092922488227,3.70180879088754,40.2755890551796
5.49653985184863,0.0821644004900008,0.232399868546054,2.28466672398684,50.4369771518779
2.16391922492884,0.132733482639282,0.747768719447777,6.78276094279317,44.1465283446868
1.6114746151052,0.0582877303556048,0.262416524114087,6.91360666486415,32.3771818453265
-0.258263126687659,0.0401673887741397,0.145287286257371,5.90545545390502,30.5153975591016
8.31293556230238,0.5358424481353,0.99603400263004,4.76336902472907,33.4734080984762
2.24768331114481,0.0276579967978223,0.193800169276074,4.47858282996057,33.9354950558571
1.55795632608937,0.0863619165872675,0.683931261533871,7.69692577410058,39.6879018655644
3.82023527087518,0.0434709788097476,0.17392424447462,3.41373161601648,49.399395491323
3.92852006618933,0.13654714229051,0.863316067028791,5.60134905692713,33.4909948172114
3.94613793862824,0.303111289151687,0.111257710959762,11.4209635722629,45.7700191456772
8.80389692926308,0.23101823360956,0.89810078102164,3.03318081517528,36.3629364227802
3.17890302685313,0.170114264823496,0.0987713118083775,5.38845613366688,52.4828780558649
8.86249394295265,0.770077384966326,0.933600898599252,9.0576305153101,22.2509904342519
9.31558265815167,0.585333453465159,0.876720090629533,7.90436102074897,33.5394176836295
5.00290352610613,0.1102925601881,0.517752795945853,2.18256003443041,43.3907205113551
8.82676898805572,0.548453798037036,0.965557299088687,12.185255214798,15.0694949002646
9.11871972630786,0.38183064564244,0.548968628980219,2.90031517543827,37.0156429244757
8.88386430834745,1.08191530915521,0.639328598743305,15.0546576674938,27.7042426483927
1.46579940405996,0.0279269342628767,0.645006451522931,3.58019604553635,29.2074653197601
3.95153562758877,0.2345945618476,0.833827427821234,6.70704459180825,35.8104999180181
5.96192748577204,0.0859475104371086,0.647241476923227,4.89661086584494,25.7090512612678
7.79953446324742,0.510567750295109,0.82061440940015,12.3545231107483,21.1730002138522
-2.06116819607464,0.0236744997290049,0.615629023173824,2.27502658322954,64.3087119396322
5.86679693444404,0.316718338046897,0.55388469574973,3.9749147203277,50.6139409488437
9.30905351996812,0.694039891248161,0.286940314341336,6.21310772343092,35.9857974427093
11.7866971601488,1.00595134631136,0.96303008380346,8.58834031136597,22.9330791600117
9.11782615089373,0.24017335856076,0.699190036160871,3.99140248471278,35.5961380276479
2.45963429916701,0.021933685255108,0.761994702741504,1.75700731957776,63.0716892398156
6.40718574493061,0.578186005788082,0.738951818784699,7.14393262765445,31.2113035588051
1.7263476279967,0.0731457497296382,0.354037411045283,6.7951788084828,38.8516013923077
7.38940211900675,0.296077662158553,0.231861211592332,5.16023066780505,31.6373855205316
1.47676410691682,0.151229177834466,0.440558847505599,4.21991346499313,57.9011881990532
7.39062348851476,0.326631671971384,0.670168299693614,6.56953733868122,26.0353589243449
1.36605432038291,0.0135296233929694,0.636727388482541,4.02184411566423,23.5884646556694
4.32032292288562,0.0494516707258299,0.575123597634956,3.45936221445108,31.3951437865
6.33239304188584,0.113437877542393,0.452967314282432,2.71831636013878,45.2419700750809
8.74667569811085,0.153725900221616,0.663957418175414,4.68760955720268,18.2384853813347
3.96930601693474,0.115912509849295,0.0399242206476629,8.07960104902596,25.0857881696422
1.23013131935099,0.0607813852191498,0.386495264945552,6.95647907158094,28.8282481214586
4.24052753169628,0.0995242778444663,0.090398252941668,2.80801835421135,45.504576488855
5.01100863780182,0.208432695119384,0.621075198752806,7.82318460594823,25.9474080937773
5.13002253379796,0.107454309007153,0.463004369521514,4.1305633013142,26.5550047060729
-1.39731907336276,0.0150270619096828,0.0338555385824293,3.72547847777482,37.5350751688326
3.61137889401608,0.182642454736608,0.730087680509314,3.72829698406158,43.8605017822433
6.1054742302774,0.125057892990299,0.88984897127375,4.63437810514214,29.763739281701
7.66185430828374,0.461001315598792,0.594694529427215,6.42481140067162,25.9314263772156
8.05016851472334,0.584985224964255,0.974464940140024,6.43511130641257,32.3101379898239
11.3289240755078,0.400522038785225,0.554590822197497,2.81570091976383,43.0473531185073
6.1389213379718,0.229113156896758,0.143071482656524,4.2124483430999,39.2385207480106
4.09863039009482,0.0413673438597471,0.133648753864691,4.07963921212906,41.8174050236695
4.54936318956026,0.0459574549458921,0.46226591989398,2.99877622959399,32.698379115884
5.60838679047076,0.184459044904825,0.393955670529976,2.57917465100443,50.6834280119738
5.03863351855674,0.306899740583006,0.548598242225125,3.58794764159971,57.1382364732684
11.4366898150974,0.343648873724717,0.811313572339714,2.79513185747981,40.6377380018935
2.01536208000701,0.0635636314982548,0.747813520953059,5.04030174655803,36.0542384356561
14.9758995726728,0.384663761106736,0.415157882729545,7.49995837863611,19.7816746124257
-0.217113846224361,0.0289778222614345,0.0718045560643077,3.33863893834534,41.6814508847914
7.4811047949315,0.392717514631754,0.852841578656808,4.79992650048209,41.0179224210034
2.42225368080327,0.0648888826835901,0.686190374894068,2.90134355401727,58.1843323312102
7.68398872080097,0.139192276983522,0.530735211679712,5.63880764902135,22.0039761028429
7.17181366338247,0.533018077226514,0.58847836824134,4.10865263297866,44.3459044622537
7.85670210955113,0.801394481169892,0.394627001136541,20.674507889125,33.6514848784357
5.25901999779734,0.0919323970630788,0.410203410778195,3.39779381378795,33.6629940938264
0.670152684247963,0.00489995726634796,0.595694302581251,1.87230604548475,50.7668671423373
6.64680259687229,0.205931042310524,0.764377996325493,7.38980036498545,18.4177815843359
8.29341332745578,0.518113341627127,0.27365913009271,4.59557318902632,53.2644381794208
-0.634664323001503,0.0113151475015826,0.0109636103734374,5.60830327016143,33.6166576169046
11.3170853025021,0.631473924787251,0.627010736381635,7.2885344674744,28.9911767478423
3.10825314839294,0.0256678721634671,0.0754746969323605,2.95204990940502,40.8059810501428
4.768303113108,0.0936736697331071,0.811189770698547,4.62125280361404,37.1043693282427
2.61435168579921,0.0351225500155131,0.0478138905018568,3.37868291403993,35.3383206521749
8.1557266012027,0.250088416029441,0.687907207990065,3.17456481900258,39.2230157361651
8.02183498342846,0.151293689385056,0.828841093927622,2.69730188751632,39.6776480173284
4.34157270700144,0.0872403472894803,0.218903465662152,2.41540131767,61.9777091192805
7.90413546695031,0.201115145854969,0.268745935754851,4.77939389182519,39.2223722915363
0.80537219534331,0.00424940523225814,0.295334040885791,2.07330950599049,44.0287712167481
0.16962071131258,0.09790044437082,0.620844294317067,4.92440182210968,42.5808819988215
5.33672683506301,0.232314388722855,0.931201090104878,7.87881770303774,23.3243237384681
5.50882582654562,0.215133078618649,0.805728912819177,3.92345230664678,32.1769863966649
4.01873855607666,0.0508222753414884,0.0606407343875617,4.25913369158846,30.4098925635878
7.13170378590961,0.255419248704541,0.968733343295753,2.63717640501338,42.3976757432096
6.67106173039641,0.0988617723342031,0.121239026775584,4.67532573105081,25.2274547364514
3.21070230800609,0.242290680821681,0.773298206040636,11.1609196839556,29.9503452608755
4.99352936780397,0.145128014613874,0.351372275268659,7.74898177201033,19.9872082859023
5.72946421586122,0.518698295091695,0.975776026723906,3.86047403141501,42.1253856556385
8.02827350760226,0.182434639448544,0.182205270975828,4.26783341144701,41.5584459271028
7.08428041041472,0.206989486225623,0.765046390006319,7.37443642994535,25.9756301993844
6.58201340547319,0.104189735837281,0.283017922192812,2.95730908924733,46.6697913259973
7.79025714071561,0.287623170985583,0.620822072261944,3.10833467308983,45.9838373531952
-0.576634237045536,0.0373925931053236,0.674419194459915,2.82303873207623,45.1650162439108
9.79376170672258,0.337335078500885,0.993470255983993,3.74040008202277,36.8963263661526
4.08324074217038,0.0305216867842777,0.41957923467271,4.8853921764176,16.3792328013246
5.65308877086958,0.0611685479859937,0.559808126650751,4.87165229426196,17.4692782240489
10.2655097316996,0.807394657242012,0.578851718455553,5.75820863629412,45.4392429973451
-0.0768236439305703,0.00596640515141189,0.245618705637753,3.03557058054249,34.5140528070039
0.0586458731464425,0.0429886834463105,0.0191889188718051,4.98663889825191,62.9645013158965
4.65502292776818,0.131089332027949,0.222691416973248,2.82421916278621,69.5266692675027
9.20979785280017,0.218563546648923,0.687256525736302,2.5703111645131,46.5417714654697
4.96750872550671,0.0776789811717343,0.712636673822999,5.05257421842525,24.8884961623504
3.413053951939,0.0947182809468359,0.278746746713296,6.02881819674072,27.6840311152727
3.06813940518135,0.0880991775856328,0.0247240711469203,3.60292979386291,48.779495560065
3.53349142450484,0.128112200137211,0.829905420308933,5.05833014565972,27.1541886845036
4.62087446456923,0.29045167354748,0.922450141981244,6.93448600671783,39.0230825816984
6.59280779832327,0.530188630883508,0.233155332971364,10.9532945056704,38.4895514945987
3.04884582469,0.191128557537425,0.0755449312273413,8.84186235980527,41.170901924436
3.0831291657126,0.0263198065866279,0.025914074620232,3.28254562672098,45.9132467883447
4.36158995576101,0.280110705400559,0.848949731094763,7.95132997035852,27.0879471117091
6.38274202049985,0.23984313289516,0.23906399612315,6.70590355549873,31.1804126294661
7.00377771767754,0.671717886315817,0.199356902390718,7.68267564248719,56.2611711215691
1.52310186580117,0.00690760820290552,0.166222172090784,3.49044855627116,37.0066077202975
4.41537912908192,0.171206676634029,0.561246228404343,4.86688559759663,52.6642515211689
7.18143755455963,0.248429533549327,0.405146784847602,2.968458454699,39.7946102901904
9.21900762322826,0.316559873045164,0.488292951369658,7.8944805896951,25.1466534774196
2.9526684982325,0.0313710668903825,0.379187307553366,6.01267417594508,25.0263734554857
5.00025628831001,0.117172689293511,0.452427921351045,2.98336143950191,40.4987713646118
6.55113823936988,0.457204863873726,0.312270469032228,8.49175000949262,26.9478872625829
5.76519121096742,0.351600082570171,0.876560401171446,10.4439500620142,22.1723048695175
4.0692984515656,0.0856384342302236,0.834318241570145,5.23048198218639,26.4173337935761
4.95204553447352,0.396281996720886,0.903833853779361,3.42694500579383,79.5616063383495
4.47139324363336,0.198719082459818,0.544508404796943,4.41239455377529,44.7200069747203
3.15796473276008,0.0248848871560767,0.589268049225211,1.55027433997766,49.7618814869876
11.0715525288796,0.78744843411715,0.75470133475028,14.6220813297586,26.2642489221843
3.15028082865363,0.0272142012157143,0.419897336279973,2.9800600993079,44.4383128451706
1.82093170193113,0.0198893533198503,0.300738977268338,4.40312953274019,34.3553469661704
0.913987920342441,0.00478854656505609,0.000232254154980183,1.5173786017653,54.7449762037895
2.24796961635769,0.036580128595233,0.670519846491516,5.80925134918469,31.0929341561497
2.26038737944402,0.0155140680027889,0.00706290081143379,3.04102681805513,39.8349525377386
7.83347108893803,0.501795738448805,0.284733788110316,4.52490645328331,48.7271757808906
7.51951521102057,0.167440825141966,0.622085870942101,5.02916357897661,24.7209175026339
1.87647187261424,0.10593054164201,0.448698067106307,5.43744408368968,33.1170360845018
8.88267577914557,0.248032132618803,0.972294712904841,2.09444882709804,44.7960019449876
7.77733931199917,0.319121282304379,0.866946252062917,5.822346039533,30.7472720726199
6.41172710732977,0.228066702364805,0.178325141081586,3.505505780271,56.5675240380375
3.9759438793469,0.110305522335693,0.134271963732317,6.4005628922552,27.5531023532141
3.42317297953947,0.143299840856344,0.489740843418986,9.21309010542263,29.5004735142147
8.07308603804436,0.802553532603097,0.925608894787729,4.98544883708168,37.5424995391688
4.88301095264032,0.145130287157372,0.521410377230495,4.14068016979101,44.6510420201328
1.97885624300805,0.0631392674986273,0.111506103072315,5.75927268159383,36.2922444691912
6.82658562229464,0.35080946467579,0.974116868106648,9.17227420210275,20.2040300458639
2.89847514777541,0.1349784177728,0.262908881530166,4.19416478019109,64.649818627637
3.09344492674332,0.129804256488569,0.62108770548366,3.05508136768026,54.8614854854855
2.04545912819003,0.0110345417633653,0.0234522346872836,1.39393867434517,72.7850958487685
2.57993885880059,0.0103022978873923,0.0196284553967416,2.10753815761904,65.2810467178864
4.96948980608048,0.409580719634736,0.548718952108175,7.2768240647098,34.0403946722657
-1.14632794904492,0.0453007788164541,0.385218480834737,5.61265648620795,33.2379258606449
3.03269583563349,0.0790990509558469,0.061304357368499,7.24255885788021,42.446065175131
3.05442792755432,0.0196329065365717,0.541741042630747,1.60133375969018,61.5416380006783
1.54454119598077,0.120172530296259,0.667706250678748,4.9418232565085,38.9512357940034
0.607036279115439,0.0740192350931466,0.373329933965579,8.78393983622929,37.8270680479622
2.67961391000122,0.0719454430509359,0.32531623612158,3.79611660165927,57.7951486138224
5.28414719089101,0.0570065615365853,0.708871875423938,5.45845788906042,16.1891069056325
2.40838168793632,0.0785622771363705,0.0979745537042618,3.65037907848756,48.148219514827
9.15450049142164,0.318808822882104,0.717517628334463,7.25242369584228,16.7668526512781
5.20081874764759,0.299157491176131,0.532553349621594,6.91898535752699,37.9527672958087
1.47382575463606,0.0285410097567365,0.0204363795928657,2.87901652107597,65.0540710834181
11.7580544189817,0.32281800614551,0.913649697089568,3.93397201310042,33.5629833355077
5.1773837745914,0.289589522628787,0.569076483137906,8.9244616094929,26.1677281400882
1.532118212663,0.0735610987758264,0.0698102524038404,4.44427619997265,55.4577068432099
4.41154085703507,0.341054476321417,0.944115413352847,6.83559302208974,36.4276976085365
6.45078185544094,0.411046890804589,0.783766449196264,6.77453777071036,34.9114685233058
-0.373078251936347,0.0455273713450879,0.771267801523209,7.03071444694729,34.6233249473319
2.39353625724841,0.139429918373935,0.533389820484444,3.2355992663449,82.6445912110465
6.26866327260287,0.515145562102503,0.946601305389777,7.56936007311119,39.393891766465
11.534669862319,0.453955629353827,0.96277824183926,6.22122598661392,27.5988220322792
5.90490936335035,0.0858467527288732,0.46633067377843,2.37371008832739,50.7449530304687
3.64492026076084,0.0836691163713112,0.137834096327424,2.33522123644052,65.0357403063567
7.60320942428421,0.404297868218363,0.208912340691313,5.14078619467654,34.7727482375675
7.57060170532605,0.376333482542491,0.98158633406274,5.03401720529436,33.2676576359137
3.58043269279886,0.11190033168532,0.877731551649049,3.98343400604985,29.0925952473872
6.47117344746834,0.192239593936804,0.691688754362985,2.38054230372702,54.5480278756794
2.34474554482027,0.0619961675256491,0.738160254899412,3.34603523462547,38.3782399281228
3.66345090484885,0.0834917314350605,0.230941312387586,2.38288812696448,70.2960185526194
10.4224983091555,0.656809138568276,0.848001271951944,4.20394584849942,50.5452104016152
3.29851452507974,0.15108175156638,0.0650453681591898,5.83425233921861,53.8350603003975
-0.305056258620501,0.0833568281959742,0.411192266037688,3.49708448111846,71.3284990436739
2.38196432072323,0.0200340793235227,0.320587889058515,5.50288126609598,26.9508279162458
-0.769063320807115,0.0356091376161203,0.0230166523251683,4.30672868126001,48.7693279863892
2.2888156267883,0.107125252769813,0.0550380740314722,8.96097787708455,38.1953867378771
7.68396757428544,0.650038915189141,0.422738725552335,5.45315930182277,63.941461210025
3.41092783960841,0.102381323697045,0.198961606016383,7.26104160318662,26.4997890088488
9.07606986521409,0.207298660007907,0.68116735201329,5.65747696425049,20.8472939330002
10.9825022588512,0.652426797861073,0.996960430638865,3.00931503084084,58.4041328653568
7.19844553217041,0.156726767541841,0.473042042227462,6.36251446666835,29.5701257900657
6.37893892755925,0.178643958148419,0.479990588501096,5.4287140959758,24.3119094339245
10.5773141239144,0.488715694730586,0.440689680865034,5.0983471627095,30.8473581579093
5.4873871575208,0.241347572866075,0.694827232742682,2.87711602761402,51.6935385661078
5.92543119508633,0.407801005872539,0.494464415824041,8.15433363627357,31.2641571475032
0.561120661592212,0.00447028770577163,0.459957433398813,2.10698357410765,38.0271819872382
6.30730176424083,0.138936782022938,0.573099894216284,5.23463881755283,34.4587062129154
1.5773457156914,0.0235137742711231,0.296441211830825,5.9322688292705,24.8898567668681
-0.301055216812181,0.050143395550549,0.152489892672747,6.20269499828129,46.7231395419402
-2.59478566336152,0.0332694618264213,0.30384085746482,7.10146034442332,33.0665305694772
9.7002176773714,0.317584437773305,0.433224753011018,3.5351628274365,47.716325072344
-0.000331937345764644,0.00531848732030336,0.432432008907199,1.19047597509159,54.9387589771044
1.89929585803778,0.13269496592693,0.70924825547263,5.52688250723346,49.7981516660405
1.90985162755313,0.016430375748314,0.112267124233767,2.46701893229474,40.4634904746375
3.06146248232188,0.0648082359482622,0.548022119095549,2.25964190573291,46.513375502367
8.44521117016993,0.15294328421397,0.969881613040343,5.00406779069535,21.247011893977
1.4848349274344,0.00761875111475392,0.0174523438327014,1.59978536941401,50.2169310812384
6.84299022583951,0.279124401266429,0.186963987303898,4.48687105227038,32.3318962147571
4.33419053058011,0.0766793842194602,0.385278984205797,4.45904075201545,34.4457082128134
11.7503266917126,0.997845554709313,0.507187832146883,13.6616781523626,31.0990959597083
5.27676906715472,0.127933797426522,0.88298917748034,4.0633334602916,39.8391409813005
5.26952415812036,0.310649839219379,0.314168610610068,3.28406750052035,62.5291395489457
6.15971919981012,0.265779720348042,0.812641240889207,4.34649257145057,47.430107730874
-0.159364631161816,0.0552887215161986,0.366028212476522,2.50998134505839,72.7007118811307
-0.0346119962866442,0.00855705281719565,0.505043888231739,1.14684613479231,75.7071555543021
6.21838703348008,0.102188042597845,0.681907358579338,5.82581124793235,22.3748905697691
3.6340583583933,0.245629368579576,0.928498325170949,6.38060998616665,44.9321816333885
8.93215148316828,0.817242961334896,0.879560493864119,6.62405219105644,40.790886940043
11.6052133949311,0.468060938154763,0.741915202699602,4.58925042260187,37.5859122637
7.33955318287036,0.215880440352549,0.368785354075953,7.54670354438031,13.6662703362371
4.30796269195181,0.274409033813256,0.382159529719502,8.00110297118106,30.0352591469434
5.44623298068615,0.29915577591278,0.399052926106378,13.1826872883916,22.1222997587976
7.55766439173883,0.613999157646829,0.994752870174125,5.95319820733558,38.9487329176632
6.22256394487935,0.318551584136415,0.42941529629752,4.71169243888769,35.890559746894
4.97577066300249,0.0662805628962815,0.493766157655045,2.22921556396149,56.6793020675831
5.26518773104506,0.0817480972036719,0.870660975808278,1.98849107249061,36.9278568641881
3.47367357296378,0.23342979698323,0.208369589876384,5.78543321182689,68.6139711297715
5.98697516499458,0.0983709494007656,0.470505823148414,2.43980942179443,38.5813404450711
3.94515366971014,0.224922953810637,0.842212441144511,3.65190636737338,46.6915136702081
0.856727878181429,0.129420656361617,0.571637659799308,9.11837753349229,41.8438276289107
7.88369091449494,0.484331110005683,0.291566549567506,8.04306184163423,24.0596922596153
7.14245809105352,0.56863772353732,0.378826578613371,7.32639164418592,29.2140531770808
2.83760834014704,0.0963354175910354,0.375683994032443,7.45404216061265,24.3248246345538
-0.970162040328039,0.0533180260150712,0.58408098295331,2.82247296018664,64.0598748694358
1.66551131750484,0.163866973831318,0.714311647927389,7.06204867591775,42.447187360739
11.0914190148395,0.302687129228118,0.825806811219081,3.18882092075259,43.5097175786155
3.48105740677621,0.203371708000769,0.378900327021256,7.16641107086422,47.7661794666157
10.4977003751266,0.430533837506032,0.978124575456604,3.14233124505005,27.4557287526593
9.00072413999229,0.440605329328632,0.872436944628134,6.17476011322225,19.1481704700649
1.00541832701589,0.0136470206216544,0.129393244860694,1.84933982590875,65.1363218490028
3.08591905614519,0.0228218823904172,0.657248255098239,3.20143661724708,36.6711773972904
11.5833745728821,0.541841641502613,0.850612292531878,5.00661814236944,34.9995516914194
11.8516643664643,0.299657376698033,0.957694840151817,2.6470926673289,28.4776083756741
8.75407381196385,0.180107160228047,0.948457282269374,3.9189982723606,20.6992830625683
-4.24756628510362,0.0149905636805192,0.160581636242568,2.75627470794394,44.6046625011796
1.78800894546783,0.011329070199281,0.340751202311367,1.766506971419,46.1331160367168
3.36069727922585,0.0578290562843904,0.0330045139417052,2.8115383073289,52.7965653658982
2.85525798689854,0.0632481202483177,0.0219373847357929,6.2485703387428,42.2952025374639
5.58629535486401,0.139809781801887,0.229586079251021,5.93871571962655,32.5244833083749
10.1810310290582,0.339123831120062,0.309776713838801,3.82852726132821,42.6145552631764
2.15471739673957,0.116329026641324,0.027972343377769,8.98380670009645,33.4693354421251
12.9811870450997,0.938343537453205,0.422608469845727,10.5482358882525,38.1534453684998
0.981945359457289,0.0932509099366143,0.0707877357490361,7.15609950805127,57.1653125421101
6.46658079088983,0.261511930486861,0.547460767440498,3.62684360973834,35.9272061743999
5.43344438535576,0.0566303917723381,0.0523945863824338,4.41939414554323,25.9903307579397
0.92288603163435,0.137409732793458,0.144789659185335,11.0109063592864,32.2210507443005
0.63100881529734,0.0173678875435144,0.136119355680421,5.99774137127717,34.3294776634595
5.11589691172809,0.367682727514936,0.353322057984769,7.3863979383701,43.8675593301114
10.0782582132579,0.221206546983424,0.957107523921877,3.21694419665262,21.0158340879188
6.86158974230796,0.19403975114256,0.53736238181591,4.35300923587627,37.1174105342427
5.76055647593874,0.354170137064016,0.707725187530741,7.24891701238453,27.0246680347834
2.39953990266821,0.0400751990964636,0.0202018117997795,3.26568992341435,53.8287160842159
1.48961772122161,0.0115791927950301,0.549946399405599,3.32361741582357,33.7244543631269
5.66783707693569,0.172679383889772,0.945860337466002,4.60218138346934,21.1585287006063
8.63071226148247,0.775851048633396,0.676056291209534,7.56449833698685,40.6141806494284
9.61926226932647,0.498156751950687,0.231658886419609,8.84402928073143,32.1311179678654
9.10344989455247,0.553780423911446,0.571976678445935,8.22461665573306,18.8002861602385
8.03356528824163,0.235798673599263,0.619678121991456,2.40228980729327,56.829331665208
5.13888319099131,0.0737530691353622,0.38874657638371,3.51971655752388,24.970043051802
2.13435692608968,0.114044606219977,0.676987605402246,10.0119037795301,24.3380736758219
4.48040778570125,0.297990992421958,0.375687292544171,3.77655586025992,60.0939512308955
6.12021582790892,0.377456177987062,0.236930869054049,12.3609337841845,32.5422187760794
9.2801928486035,0.943184284279993,0.561828541802242,7.02746021893059,49.7504971692121
3.70182488584981,0.0845349165130623,0.101468276698142,7.03315045498074,37.8186933496422
6.48812046701427,0.488797428996718,0.761380550684407,7.91503976183944,24.4698376751113
6.16648162524769,0.483312895966178,0.699638152262196,7.26221376203311,27.8949933387393
9.31569688614183,0.444255734307176,0.973475849721581,6.95020267145799,21.6924014613177
8.70366663315301,0.209378524905744,0.235289708478376,3.9367013537243,30.5633216474853
6.17694456923812,0.274599452750022,0.538804196519777,10.9463525563859,23.2647547821982
2.293199513728,0.0999979669213912,0.793058261508122,4.08931435122134,46.624568451288
2.3428168152592,0.080187451094389,0.261884080246091,6.93677654382641,25.731488865166
7.42776334483366,0.454969157909459,0.961749254725873,7.97030778539717,22.2687217830913
3.90826221341586,0.0817784208338708,0.0382637889124453,3.16615151263595,46.2524036700559
8.84198781734655,0.439088415799147,0.916776922764257,5.03469986731288,22.9048715973911
9.3092612418492,0.436130349968976,0.549828350078315,5.68742846135355,33.2949044397213
9.30185816591876,0.341559747689146,0.43742869514972,2.49961187873891,48.6836675922671
-0.771254481852907,0.0523182082688436,0.678961031604558,6.37172501991897,26.9897939257014
2.89412726796844,0.161865544272587,0.878593006171286,6.42519504764893,41.0899940545031
5.32214808990904,0.238819353039119,0.86304676393047,7.66142050483146,28.045975231604
6.21481932911651,0.117229211002957,0.653915144968778,2.38328957445568,33.4332909128104
4.35805989865128,0.103277946938761,0.216040733503178,6.80063908936929,32.2870813858196
5.83272258100435,0.0706305847270414,0.273176803253591,5.39732456219043,29.8685511808931
8.40107112240123,0.433180964530861,0.469131872057915,6.45469974400998,22.6105877398844
3.255302665783,0.0255776561168485,0.141140516614541,1.9244942331528,40.8678457410409
6.91716040964853,0.759029040068791,0.923896771622822,4.91568580819441,51.316915994886
6.58467165608155,0.372952014652497,0.695861673448235,4.16119226964506,56.8326091818829
5.62769719184366,0.158222269383259,0.146666946355253,4.70546913199543,32.0947892968272
6.19942376681423,0.140421654796228,0.444389652460814,5.16058302124735,29.1682662819447
-1.95806748804885,0.00668310944456607,0.548210767330602,2.49458965327151,51.8253133328482
2.22353792699019,0.0678723364835605,0.0377087050583214,5.33506378952041,45.986445377674
3.97129257290915,0.0260683638377461,0.804702817928046,1.39282167396976,48.1886009539982
14.5975531237657,0.262130410632792,0.992984461598098,2.18015630299554,38.0969868840101
7.02395843114986,0.164489164133556,0.236019696341828,3.00573984943794,41.844230610533
7.36028566374121,0.174499674159189,0.853118427563459,3.58197958049927,22.3900250630398
8.81299798111563,0.323619923543859,0.402389466762543,2.44952413311879,63.4069808608405
8.11293147548049,0.272610625008795,0.475402609910816,6.00481513937383,23.0596935788295
2.17640244545997,0.0393397405277938,0.44631785643287,2.24947891870598,49.8646143248655
3.44097523439892,0.0592192392796278,0.613573075272143,6.60856256961229,25.0125894686743
2.7476543918326,0.104058810363504,0.104679298354313,6.11717437454124,34.4097365154264
6.04126033859187,0.0732141769258305,0.0762827610597014,5.47049787528407,27.1124927672384
5.57089765665207,0.16500286757946,0.853094245074317,4.72222611210473,33.7337705874944
8.30169053318806,0.51580847983942,0.983477921457961,6.60645102771405,23.6064751209535
0.938035441887553,0.0101094791898504,0.540975403506309,2.93451393919253,30.129968236627
3.86556948096335,0.163641577586532,0.55886335647665,5.25325450743363,30.8521098181967
1.22509649504703,0.0356168061261997,0.164100569207221,3.01256569897274,55.582654788278
7.00382586214574,0.156604239833541,0.476131614530459,5.98613341541674,31.5749477959402
8.33047697691037,0.934931506772813,0.476544084958732,4.15368369734645,80.0361859478342
1.73842697662123,0.0866999216515043,0.347602649824694,2.97308704990204,65.0548303994747
6.87659354884687,0.249975929026234,0.952586086466908,3.40510140820681,45.6988403314634
5.15069805886091,0.150126320193522,0.53108506789431,3.32890409350612,37.8526729261555
6.27138722572055,0.465195796897119,0.542361940024421,7.75982775783952,33.6326241699481
6.60343791672793,0.189514844429214,0.380028381943703,3.36321565421604,38.4260838882848
3.05285020388909,0.0967009542509913,0.45018839254044,4.5945467226053,49.0707929608974
8.18981694769624,0.371908924055702,0.784220620291308,3.64566392604156,28.9847603248616
5.39348294634104,0.271698049491945,0.825294989859685,4.28276979954342,39.2192582030903
5.66278725441678,0.152383738197386,0.475799441803247,3.56145753229843,40.4727772464178
5.68098292814252,0.53376707943731,0.947012361139059,4.39940870596784,44.5281731850315
8.28098265804788,0.31038998857953,0.620880144182593,3.75636869152376,43.5856117641882
5.08051206319255,0.356242568151867,0.126697258325294,4.64487844129289,53.2727131760445
3.22432298820382,0.034122087768958,0.660017622867599,5.14638006959187,20.0240833046532
6.32671045088323,0.109456531703472,0.235656304983422,3.4661507468327,38.6530079213037
4.4182523163679,0.24771108290993,0.906825061421841,6.47075784236919,28.3664630870377
10.4446439398328,0.712203532950147,0.883785562356934,3.31864084021007,47.198791446327
4.21943678196875,0.132725744741037,0.61783092841506,3.63173882173973,39.32412214243
2.88535882352858,0.193095471848061,0.150907681090757,5.42192816015714,64.9029796696483
1.19015634469128,0.0475979362381622,0.543145636096597,4.32014813265154,40.1169646332577
5.72739666631001,0.167210560524836,0.187920375261456,3.3175026571271,58.9749747751867
5.81775962877742,0.229971978570077,0.391654598060995,3.37871406818018,46.5256327234064
5.62282597418576,0.435412189902222,0.446359209250659,4.95431992487011,55.9827331899294
-2.28495962674104,0.00153703091915528,0.59896404761821,1.32088106799512,59.9289204495557
1.79783788005834,0.0774560413556173,0.593030263436958,2.81760732270056,73.8815164750366
9.23503814019373,0.20647785415754,0.493568914011121,3.34098838985768,34.8998035444823
3.27143896856394,0.0919736701762304,0.27979206899181,7.34306462197282,37.1313602934431
3.22380316654869,0.0909545532194898,0.100983099313453,5.79966240576151,43.2911294661147
2.58031368818181,0.0466627434629829,0.148988750763237,3.41060386637495,47.9373296931677
8.78475858291409,0.889314185571277,0.320825099945068,10.6874684378968,30.4920596871956
2.20757669565759,0.0717507514380877,0.466412416659296,3.99204923397475,33.9456274981691
5.23793884034429,0.119949965388514,0.877998819109052,6.11532479327435,25.5306146683668
3.48927385582977,0.0817876472515622,0.0847230274230242,3.63265710657259,41.773910203809
3.81090325028949,0.248694120065073,0.825062784831971,8.5117180484865,27.2366312343866
11.7694375660595,0.357663877147033,0.683048865990713,7.13241230197499,18.2578179675688
3.08109092916059,0.145405943039805,0.542887339601293,3.24076411880933,49.135463791726
4.80202462481085,0.0517029449993847,0.311297623673454,5.14310279835811,27.5594599618065
6.03425858685417,0.116877140244469,0.643273276044056,4.76058210399026,33.0395705353666
6.96519057305384,0.642103633346194,0.387381269130856,9.89249943699938,27.4617297076711
7.08037499895323,0.247558303864133,0.212956955190748,3.03969234032907,57.2932512649622
1.26686228516092,0.0370822352860984,0.63481757696718,2.3523258409088,66.1744093699317
2.5843495723129,0.190849172872233,0.0351253193803132,13.0531365181173,46.006204604041
6.21046578682196,0.241987304984334,0.808745184680447,5.18071156096981,24.6261078707867
5.61606689529589,0.449469841995692,0.68279221188277,4.78292702938339,60.8895361119962
6.98856895962948,0.10767330462113,0.6512605198659,3.12913128678035,23.0194489801361
7.04927486751434,0.185182132310214,0.318655358161777,3.3780185820772,31.6876918333113
5.21540028987408,0.390901411316917,0.739227318903431,9.37439862446951,27.2663707359418
0.405239446510903,0.128310652915388,0.209823687560856,12.3453566893156,31.6046990237465
5.6943792744986,0.263800730219784,0.184429256012663,6.46631577277475,43.2690494978873
2.19123943128052,0.125019958708435,0.295858570141718,11.478572576478,37.5570421259501
2.89739537920001,0.108350806636736,0.165527258999646,3.89445666027093,50.1306377599874
1.19942664996906,0.0375144791476094,0.287904145661741,2.82343987702124,43.7286098669167
5.29465323264304,0.322564905370044,0.861191063886508,8.9434276167115,22.4497742680659
9.81742884885963,0.550018636012608,0.820102066500112,4.32580676645028,37.9477683114096
8.57013462613004,0.485159582437432,0.564261113991961,9.21359106496831,17.6979651350799
2.84499314912379,0.125003351713531,0.0930003717076033,7.46800350828385,35.9136856170987
7.3603152209382,0.318920172282678,0.634145088260993,7.65769065069145,21.3563770627508
6.57678897229863,0.130280566782652,0.694143874337897,4.10385424887772,32.9922580065696
7.27883968814738,0.199293496490071,0.328133982606232,2.82839362491259,50.3139335034026
6.33569411930068,0.424094481838352,0.431090616388246,8.24407105879957,36.6139735514232
4.47837043744349,0.135876401560381,0.915755500318483,3.39036136065448,37.9487905893713
5.53233183576216,0.17218577733729,0.348502940498292,2.63551046619115,45.5413664242665
5.93122268706752,0.446784868349737,0.271977805532515,4.86195755301243,42.2693566911655
3.91466281150319,0.0522615204099566,0.860301573295146,2.66010730131273,30.5021846001307
9.83134023406257,0.260084275378588,0.725934679154307,2.9781422754807,28.9498509716274
6.09061280744634,0.13465055252891,0.643052731407806,2.18622704547943,62.3472381656546
2.09870411110579,0.113183187870505,0.402624529553577,2.82790412282288,90.6372764372137
2.98547866372623,0.04341632546857,0.772844725521281,2.49719818600473,39.6140879669961
3.13876286103728,0.184327202372927,0.595766681944951,5.66490053820055,54.3762748091023
7.98004193356043,0.289536308719519,0.734377484070137,2.59673692375637,49.9338335524045
3.50891134994295,0.0221158725919613,0.428547145798802,3.71892710562338,35.9423062849042
5.25873604297359,0.231037341280583,0.453909608302638,5.91125195540958,47.0005113607119
5.17362080551285,0.131004058742157,0.874455637764186,6.22546521719214,28.0755839094761
3.30846142133648,0.164027507184073,0.551055282587186,8.18898269522217,27.1966108467928
4.40619287903632,0.149321780190803,0.645799069432542,2.95671206836953,38.9240266906469
6.40656950073304,0.54028315513038,0.8010156203527,8.71054219977188,23.4316534452853
9.40939895919098,0.310216720205474,0.919166942825541,2.46698240966568,35.0000854955783
6.57148440812965,0.375188525279468,0.338948943419382,9.19184100633287,26.3608348330247
-1.29856957810938,0.0646229063068147,0.579396328656003,6.4484945385625,37.1590118130818
3.65849560725356,0.0410497775301337,0.122898197267205,2.54963062142575,54.7424413513153
8.56906384578309,0.759526992174697,0.841910415329039,4.34921971238141,42.4236532383394
4.005590746239,0.166154434205964,0.400935579789802,9.45237157814112,34.2346685201537
9.48850888555593,0.510728670263147,0.961888237856328,3.37423880133787,45.7961742688407
12.1162829990227,0.430280923822379,0.958366365870461,2.89622746805395,36.9179076001251
5.14421584752935,0.421662284505969,0.528404894284904,6.9126699709233,55.3774334953129
12.5572462121403,0.651690457450384,0.998104721540585,3.46695526299841,45.3793635736562
7.8766808454171,0.525261635426235,0.649569354951382,11.3891664776701,16.4469436086091
1.76745485078733,0.0686417249962687,0.294022881425917,2.63876974657562,79.0180208691915
5.58683245745961,0.0700299220262511,0.80930888094008,4.17848003769281,30.599325515696
2.89063280856451,0.0191982780189522,0.683682297356427,3.15395558947209,32.5534693236342
4.14254983469466,0.0789611069284726,0.206010340480134,4.37859000662759,44.9084740692312
5.98439127868687,0.476275926900512,0.436596861807629,3.92171028215186,65.7376245595675
5.34149359328732,0.0956985840982873,0.213129246840253,5.50708938139358,23.6718265567266
5.24475835800803,0.11110669944901,0.195558581734076,7.40400065508776,16.5238105624551
2.62408500566243,0.0267222649446209,0.67799502494745,2.8968419757486,33.7984453215867
3.42144795710404,0.0420189051020908,0.0855631555896252,2.75650373586566,53.0152761700076
6.45874910449988,0.170934754307382,0.394405982457101,6.66755054691424,33.6212833470264
10.6510546795294,0.196374886154181,0.575101338559762,2.37097126991042,35.9582980343857
2.16901407334151,0.00805971829686314,0.588949375320226,3.31551981217487,36.5569144532215
5.96320331038659,0.0928074028342962,0.610535133397207,5.84249894765547,24.3163328994053
5.26058232405419,0.0989036512328312,0.70534498617053,2.09833332503477,53.5692052486174
1.74584266302472,0.154420888400637,0.361236596247181,6.49527976060178,48.1035884956647
5.66174433568372,0.494587205795056,0.435183851746842,6.4720279865868,44.5018118582113
5.93095653747504,0.0969115073094144,0.84221409028396,4.52392387561727,22.293987555844
2.27771081533369,0.0142556715290993,0.0924691269174218,1.74153349899379,45.721880655051
9.63573037981534,0.189348452015522,0.283608271740377,6.47768884264202,15.9282184521005
10.2853886080113,0.229951836391094,0.448166990187019,2.85289687399982,36.9765498611368
5.68680766576063,0.151640486903489,0.823395081330091,2.62965587783299,40.886808417616
9.56013647271173,0.454930840970433,0.852485391777009,7.00276135440609,19.8844331998115
2.28645064993233,0.0151184574933723,0.0207845240365714,2.59397133114652,47.039882267781
2.90870285983791,0.198277795909646,0.357878305017948,4.93880288667675,57.0782035643695
3.29538196634716,0.067669336861003,0.068089960841462,3.04110590283426,61.7794194504239
3.68079902901125,0.191919434003069,0.665519585367292,5.77850305777652,39.3840277027857
5.41267716321696,0.117162020062096,0.120858965208754,2.56985926095997,62.6129064408513
0.555512914418465,0.0368680424289778,0.397101681679487,5.08694731349816,40.4876846332955
-0.954911340595889,0.0206350948428735,0.033813979011029,6.31985701004838,26.6034108059954
4.06641644655916,0.229171847336039,0.934281087713316,3.4791606636439,59.0187866926983
3.12974988209094,0.13286874035839,0.853698446415365,4.24804374369764,38.5772541293164
2.04195268672551,0.0307530499994755,0.218157955445349,5.19356731491186,40.1392400719303
2.4844903247005,0.0527337556231451,0.742833406897262,4.65086052998698,32.521418004752
6.91675786424271,0.639343597429031,0.871696303132921,6.23384907920338,38.3229653496248
10.1362836242306,0.869649806473047,0.911434351000935,10.4965189369133,30.3765656980542
-0.113440218996248,0.0158942894777283,0.554739789804444,1.72953235003222,64.3953519783257
5.12310725019418,0.428770426639772,0.139936871826649,4.62451438108217,57.2886673316561
3.15574365906418,0.21587393292107,0.821672487305477,12.7481034927743,35.9814136750633
5.49462007238592,0.309448620293963,0.385881938738748,6.7661494289196,29.8933325346434
8.71672985147675,0.610039267191821,0.986004285747185,3.94707760852499,36.1794476695609
8.07493380533504,0.661399974921876,0.270704583264887,3.64578122024928,52.5670433755219
2.0549639839614,0.107399001019076,0.357176164863631,3.09743513881081,76.6476976948871
7.71129809032666,0.171731115551665,0.284987409831956,1.9171608287302,58.2730063384681
4.67840730449392,0.230808065346023,0.557983143255115,5.79821331511096,30.7007848401629
-1.88824426778548,0.039969694102183,0.436813231557608,4.01080246052619,54.4850426942915
1.92195256967542,0.0132354904392147,0.30689832684584,4.5653084009174,23.7182649720586
3.30037060550058,0.157079242402688,0.715228125918657,6.56845380865901,37.3512522206485
5.86453331828813,0.219872442529279,0.283135043689981,5.9056734739468,33.8932000255671
7.27351006137215,0.14096723718103,0.771642541280016,4.52647239144768,30.794283734825
8.19816916588855,0.598693563105697,0.258297598455101,8.71649378000185,31.0263303004138
4.95862503450432,0.142208377248608,0.795980751980096,2.56638415098132,44.2712576772243
1.61750303958166,0.01143161021173,0.175546754850075,1.90826620243542,66.6518579780717
8.80716215454082,0.992966116819173,0.471941580530256,12.0938336248931,43.7151410818713
2.72277231680625,0.0679156385594979,0.71150105795823,6.94208730080148,17.7827234489784
11.5197396422349,0.466037477811283,0.431443547364324,9.20370555960618,14.0977301884885
11.291593403227,0.930159858360934,0.925088297110051,6.22361625609323,28.5995990916579
2.63767350115759,0.145568350562826,0.0830462905578315,11.3199187811613,32.3463660605641
5.60955859166756,0.161219089175574,0.355917790671811,3.58145556446898,39.5900569620576
3.73268728344143,0.0801359337056056,0.608174506109208,2.13103968961222,57.7057496921749
1.43871404964122,0.110247381059593,0.133282387629151,4.7641070092738,61.4864966331108
2.89793030708547,0.118231963133439,0.0973989942576736,3.15961904910561,53.5332461278142
5.01032602927745,0.0596349107299784,0.631409492576495,2.24047728097106,35.1333979003362
6.8505110071044,0.185064201699086,0.619532312266529,3.66455550846166,35.0324001678994
3.02383092495756,0.0239253589468036,0.559342124033719,3.3789163265554,24.0124106811472
9.76402239243778,0.973109272868367,0.967437931802124,7.57428593911328,31.4097374972953
-0.547802749294738,0.0480410327436402,0.514084951020777,7.21368527960132,29.6488779100261
-1.69908327099615,0.0287852896846575,0.0863134353421628,4.41367069634318,45.5023741430742
4.68360549700524,0.0662524393898755,0.705636264989153,4.53109743805758,28.7296007428025
3.91385085696964,0.0316528264665976,0.129204224795103,2.24893446034718,40.589659089765
5.01449190074675,0.322223741550672,0.481462175259367,3.63210521685644,59.7745921093797
0.503136273062473,0.0128818481462076,0.546115715289488,2.30316712333553,54.3774198905946
-0.208554934684765,0.0181654957123101,0.159977148054168,1.98782448359228,85.1507155453788
4.37376394765112,0.359040956156443,0.265847167233005,10.0705630834878,32.7730144570218
8.62111698320205,0.512890966588116,0.980208751978353,4.50654800698509,45.2804489700032
4.34762278055132,0.037605264224112,0.112337194150314,4.99283681695146,36.0473578460041
7.39084164341585,0.229273083664733,0.494847271824256,3.23075418093583,31.9212979275913
4.65788437468143,0.0425813009257903,0.0819521753583103,2.40998412547872,36.3742000680133
3.83587829184924,0.0891474720556289,0.501691218698397,7.0430130617577,33.4162376367266
4.17570444820579,0.109264079581428,0.488691178848967,2.39842134377303,66.215916788323
2.66742724245793,0.0153067277278751,0.222541207447648,4.66415904815122,17.4491631664308
-0.571130543862747,0.0012220679782331,0.648623156361282,0.816128747525218,52.8028314483087
7.69077259092244,0.29161452850208,0.588457742938772,2.98925463989708,57.8644478118126
2.91335777549033,0.0455370791023597,0.411238107364625,5.88935669799591,21.1671749398976
4.19648218918918,0.178439053696322,0.629621588159353,5.19685349024089,29.8870557483417
7.99919022911731,0.475906504762775,0.567227772204205,9.14406719448367,20.004462794606
2.16852840194012,0.0432548238895833,0.788885169895366,6.69411449022804,17.4964175178265
6.72158644161814,0.480800732483572,0.935158731881529,5.70443578275913,38.3148857628901
6.67500377312025,0.445444293764836,0.857199054444209,3.48449875792206,59.1482008129469
10.652117242591,0.320411555458534,0.460306145716459,2.97110934764867,47.1164103725535
6.46905008338227,0.6524946312105,0.297960814088583,6.67950349888969,52.5009608045668
1.74134932624759,0.0902277528821882,0.290021280990914,6.47859420525935,50.207080195347
6.41507637245258,0.0864010440418497,0.207945895148441,1.96618475384901,44.1966138712006
8.69303644124506,0.165070036775433,0.959909667028114,3.46578870352745,21.197460756225
3.31734573133917,0.24491408926631,0.714217568747699,3.86361400570773,54.4536430084805
0.728022614397033,0.0061759205023346,0.00394933274947107,3.71701058634377,43.9373022159632
6.12335943038874,0.217133414688262,0.938989819958806,7.41366429042191,23.1796042877522
7.9245714449552,0.668953976096743,0.444919656729326,10.7986980061567,32.730711066124
5.60228618351313,0.337998239778656,0.483291754964739,3.23304574306807,49.4818822271268
3.26082275983616,0.0298820561729372,0.0654238052666187,4.52203674767937,42.4553021898725
7.54181593761225,0.706883677561534,0.847886106697842,10.0269020700513,23.0616481812268
4.96163610355347,0.127080372096364,0.275088008726016,2.40848955680055,44.2533985262305
5.28396088469889,0.116056115715764,0.0709915647748858,4.51980301768541,45.5768238845746
12.3854313990704,0.499874022768295,0.799825949128717,7.43917959458333,23.9877245917427
6.20807238761548,0.153099965653382,0.0998769819270819,5.50311259521502,28.8154548304592
6.28719640609364,0.0967420399935315,0.429813826456666,1.65960237056597,38.9387969365386
6.03004327080185,0.267617337860841,0.338641201611608,3.07353747082042,47.1451465012802
4.56813468251679,0.0976337221218273,0.586201769066975,2.32589483411099,41.2536405806723
2.46134842972756,0.045116264932303,0.507917606737465,5.9073622188033,26.2243259880205
7.25514206213487,0.151950566796586,0.5672838462051,3.17504663255938,30.8637355972569
8.31527405240542,0.374325964787986,0.44058475131169,7.29255116026896,35.8976568052467
5.15499290483002,0.234229036829177,0.215112838661298,5.37401971526134,33.3447950198111
4.60557064900492,0.0795726899523288,0.866047640331089,4.20214690663656,33.9729735367234
6.6275541245302,0.378009757471687,0.531631499528885,3.69177768212937,43.5582451491938
6.84852483535642,0.677540552305216,0.338054429274052,7.45781180012782,37.6406460814175
5.65819471551363,0.070379062788561,0.673609284218401,1.56890106877766,43.1418722319782
11.1190954132324,1.16380966914104,0.933366968296468,15.66367066527,14.4664353410762
6.37272840700204,0.262108536426652,0.873836738057435,3.63782711428547,30.3068076337292
4.77256457160155,0.102777443709783,0.0827113692648709,7.16052969245591,31.9960075770349
6.40304378751582,0.400694165278083,0.329771738266572,3.27655450392627,72.8109814014246
10.6807113798075,0.296283636231649,0.186379747698084,2.6838696500666,45.9534621301647
7.12568798228817,0.170309788663872,0.657460389658809,3.90326667155,31.3890610668459
10.1883303449191,0.683640422733659,0.995531565509737,7.5285116110431,24.52634424873
6.75055553756076,0.617892737003201,0.574948787456378,8.30642017601575,27.2844142568291
7.31647963951368,0.14386402699165,0.298738935496658,6.45766551175499,29.6241123094406
-0.491680681864199,0.0215733107179403,0.453806014964357,5.74542264925264,28.327595576576
6.91635318538887,0.375627876496925,0.333143487805501,5.81623815914331,28.6872902862468
6.05773253578138,0.177548827576006,0.69813277432695,3.10345149546437,30.8747627859559
9.421967364233,1.02298820525745,0.905479442561045,6.38134020734673,36.7244099501672
9.30226389838041,0.453341570196158,0.925130125368014,8.4361324905991,26.1790345342947
1.753883648093,0.00716041505802423,0.296559164300561,2.29753272662868,34.81271706549
5.61875312704914,0.384570628895216,0.453499528579414,14.0230006238277,28.7020442656046
6.40217813315979,0.368338119683272,0.798973502591252,11.8672055323129,27.6748624844532
7.60648067514449,0.821478102314186,0.911260118009523,9.29625865419871,28.8003232593884
4.85067828399462,0.0807833895087242,0.324086275184527,5.41853231446612,20.0552538382041
6.30754600600892,0.566889207630411,0.637722271960229,9.81377815769765,25.975942092266
4.34120451982782,0.0430813927669078,0.771139335585758,4.18222374213464,31.5630413528273
-0.333604962785822,0.0229529647349741,0.585111375199631,1.94637672244954,54.2619331816666
2.85704054977067,0.0680073837283999,0.0509524212684482,2.70499831631951,52.6337922744514
1.55016573505479,0.0942975812358782,0.190913869999349,2.88599937606735,56.7190918058488
11.8297835684093,0.39261538859219,0.683104675495997,2.64445470235958,43.7353722764684
7.55694445395722,0.123931572539732,0.378723727772012,4.72368278315875,29.2997960393611
6.58112929062945,0.539276736291283,0.801284258719534,15.2604817541205,28.2816504163936
3.59033402152943,0.198898674549946,0.136995378416032,6.2477564276302,42.890611849736
8.5677278353815,0.280511897512454,0.435378193389624,3.43415932206012,37.8599624848415
4.51964628924299,0.0399327596929148,0.691870460053906,2.15165375974852,29.9584969341148
2.02889386871942,0.155379629926756,0.0872859975788742,6.06768987771704,61.0662895772226
-3.43470575513416,0.0393317382549867,0.328664297005162,8.04272830819695,28.4701484149191
5.3625023869857,0.321709958825934,0.216984216123819,8.24187284170725,37.3489276461897
9.18514884217641,0.366850986590093,0.363513892982155,5.4566135382024,38.0008795710265
3.60771606154158,0.197611750588544,0.841409042011946,3.18314533675932,57.7201259783047
-0.619675515138992,0.0317239897558466,0.263462313683704,3.26291482393826,40.8785922544416
6.68293762500023,0.113302761188406,0.102523003006354,1.88900654620099,56.5791018675168
3.54430034781582,0.0418148048920557,0.183524988824502,5.89809236853378,25.8893236571676
1.65040064312928,0.0357921207657164,0.280814938945696,2.8169076243928,46.0844349049728
4.18761685843699,0.0442007947713137,0.0407726778648794,6.36162422903826,18.020497127716
9.54362845026683,0.785880129742336,0.682255384977907,5.40394038068176,37.7269087427406
0.143186998616599,0.0552285426529124,0.510362307541072,6.59712796883345,28.2012237135127
5.04072884267725,0.141085714916699,0.248029712820426,4.25288168515619,52.8177204236862
8.66892832203371,0.453511014559722,0.797830087132752,5.71406713659983,30.6255871015754
7.42248234618633,0.573281569466379,0.255547719309106,4.36585150319752,71.1827030117289
8.96529988939194,0.464679987614459,0.306397158186883,4.88759930676108,39.848106329006
2.02209329693529,0.0946183239575475,0.197490940103307,5.83915847931535,46.0973527287568
6.49331492131775,0.339867804887447,0.150770544307306,4.85841099689262,56.3921980926785
4.0658658918115,0.0822374406197603,0.564889376750216,6.90610323149047,25.9644427771353
6.19791898742693,0.0812866110345283,0.201292526675388,2.95831983196892,40.182279290276
5.11968166609804,0.315801717330444,0.162010170519352,4.98126702411276,73.2277378638486
8.37091078013906,0.198663291191352,0.598513745469972,4.25671192314445,33.6400081488474
12.3443363603232,0.291558657762337,0.958993908017874,2.00456798890739,47.1855453428541
6.70854459359116,0.124676164006814,0.776192491175607,1.69357219329731,40.3303783992113
-0.301769229033024,0.0175563943339512,0.0279706409201026,2.48188110563203,75.77762032163
2.22452027536563,0.122375773033127,0.162060295464471,5.94584070795635,52.606996586184
5.71424492904893,0.479730619562274,0.506839769659564,6.3633774699666,55.1696294900879
1.85865231399517,0.0527224298428139,0.0453592510893941,3.32201546224918,59.7588186573972
6.58750065399766,0.298730990838933,0.250659975456074,8.34986050548731,20.8660880564193
9.68525373412488,0.504575428997582,0.677094321930781,5.35609232487993,36.9833218439911
0.472423830625374,0.0866358106723055,0.151521293446422,3.77036839374505,69.5602568124888
4.26676216251708,0.203770806425276,0.744700787821785,4.3896091494188,45.8027938370078
5.38605598579237,0.294276572287756,0.898445228813216,4.69914250822355,43.2275484923407
1.86926587402957,0.0306407231712752,0.0794243044219911,2.65519885030623,70.9622311807547
10.5302690847142,0.254100583483207,0.923317677574232,4.82230205918681,27.8282271342143
6.91346836664545,0.436153648865825,0.451851742109284,12.7098171179912,36.2528953761759
4.29806410858035,0.123610580805689,0.674345097038895,7.54531713798495,26.3369810987865
6.72080992085955,0.208665564412925,0.758598730200902,3.17602031223963,45.9880539229544
3.50658656435612,0.12544316414278,0.377190337516367,3.7775870317005,42.267278113751
4.32423659493614,0.108024296967146,0.878781443694606,3.7116695464495,30.3786149918743
5.40156735619987,0.103860329953022,0.683757441816851,3.12794523791176,39.4424772093306
-1.58370691725595,0.101363236317411,0.111314482288435,3.62681127617106,74.7685342416029
9.1246591792873,0.446957322282201,0.941409079823643,5.02226950117395,22.514141913571
6.7139542522925,0.357860673197961,0.760564889293164,5.93830690505795,34.7061182572449
5.82316120687438,0.489838772432363,0.405653500929475,4.69130169592136,57.7492892259188
3.52617625750342,0.0919675249606371,0.837561559397727,2.87747931940156,35.2195900596982
3.1102179002853,0.0340352503117174,0.0798257603310049,1.76069105468394,51.3442354009238
6.95792877598191,0.45541470076651,0.54207648918964,9.53880861929751,24.0639915133197
1.79952065223762,0.146313926205039,0.529359688982368,4.44340246722038,67.3940636978633
8.91321316310418,0.828691702294064,0.958660023286939,13.3714715714432,32.4751520935335
4.13256474834278,0.121524225795524,0.858435119502246,3.4383616583448,33.0117753329152
5.2834808164631,0.0728804901009426,0.871649039909244,5.67809603390011,18.2073718083616
5.53233738522355,0.185232654203403,0.892229630146176,3.41078696122391,37.7282827391705
5.24921859710379,0.0450598796596751,0.272766468347982,2.20298601582102,51.0876607144849
3.47637379285227,0.0370903806760907,0.0547290765680373,2.3388493722964,70.9857587035646
0.25884241491893,0.00451779365539551,0.156898453366011,4.16967677678397,26.1950478464515
4.18110994389452,0.173516402739149,0.131613737903535,8.07237984242258,43.5674153841999
4.79821557183415,0.370197161338151,0.924249675124884,14.8581804980825,30.6519411439689
5.50105582335351,0.31854503856853,0.724909336073324,7.45516711791547,32.9088304740128
5.28742485024424,0.175442503289062,0.703951365314424,6.59979957919332,24.8391359996556
1.38769158033933,0.0160661336267367,0.596960482886061,2.09909586953477,48.281265804003
4.46383740436654,0.120734810130671,0.202148630982265,6.45193489287276,35.1217644608468
3.36529333052437,0.172825059271418,0.147268025670201,10.808075590487,25.0516165078813
4.32530092989883,0.0828201688127592,0.793469576863572,4.88765535402441,31.1132721311444
3.43719612087061,0.0968113799314273,0.729899310739711,4.32746058809609,33.1361912957379
5.50768754176477,0.183743042824787,0.574163271579891,3.7842708557127,50.0375854259656
10.2311523675227,0.226384717727754,0.896436186740175,4.10813404992991,25.2423761597411
4.04539141833568,0.268060092105272,0.64489030931145,5.17034393603379,41.5008058405425
6.22575063986207,0.0820481121180322,0.564559166086838,3.20987712943259,34.2240595698497
3.41427474610761,0.175836777839783,0.113102867966518,8.17036083554482,49.4266808126913
3.79964773417728,0.0365326553591301,0.193647868698463,3.45690634165034,38.6276764094253
6.612160242289,0.250685515083659,0.940378345083445,6.53866502973124,24.8340721228621
3.12641387975873,0.186259848576982,0.514842146076262,12.9829331136629,27.8275293191777
2.61831149258141,0.0151114293363944,0.0315210677217692,1.57476972725832,75.9091863156963
7.71784794074271,0.300939795084971,0.616260255686939,2.75448805111995,40.5197442473203
10.033300792289,0.368403787348519,0.273005635011941,2.95414973218533,45.9317362320404
4.76694277733202,0.10319995530881,0.87412067502737,5.21893139337933,34.6527416454964
6.57245998244074,0.134117912292471,0.862932616611943,5.37169409791661,22.2008734297799
2.66233050754428,0.0113569381393955,0.587130159838125,1.06495466976846,62.8121267819633
6.61363026517394,0.227118561732325,0.888636120595038,6.79459502043991,20.9402094376121
-2.12345525119524,0.070446603698656,0.697519570821896,4.05339889072118,38.2375019278358
5.08123389397772,0.25451157054745,0.841122386511415,8.73878308364986,29.1269643085675
10.740623963894,0.592197206305498,0.996343443403021,9.77469896758614,21.0369959469288
3.921480755725,0.0290490498300642,0.387379489839077,2.05059732800283,56.5287051191234
0.0337369127909319,0.0875876654172316,0.48838265798986,4.71729499361412,62.6278898792292
7.07021242059495,0.189271094260495,0.235256118001416,3.6539238467346,30.8555160301482
4.09465178037453,0.0292082645464689,0.214555837446824,3.09990861517027,39.1668100582213
4.44517363504062,0.263811084664169,0.63159216940403,7.06344492398071,40.5595982046071
-3.28786409925953,0.0890076884783734,0.157506965333596,3.67626305960909,66.7952509042255
4.72533553109476,0.306723925485915,0.574690631357953,8.23941630177069,45.6806252697462
3.31921679786135,0.101568541722372,0.565150785725564,3.46073515135678,53.4328872644454
3.31480224490502,0.231561392302367,0.09525505034253,4.33939784721558,51.6454079324402
4.92226791881279,0.256618052943352,0.166482897242531,4.01727713791674,50.82420992916
3.79344352866328,0.0293744738446549,0.334491796325892,4.56382323614834,24.4832180899703
5.71141020293566,0.206906369411129,0.45035764737986,2.69985095130585,72.4249845091585
9.37922730132334,0.412388410398221,0.779750219546258,2.67930208329297,42.3044250265976
10.6633545050533,0.566265468661408,0.983399526914582,3.26896503695597,52.4138923161426
6.22041523047369,0.0874495675088838,0.218282162677497,3.90250908624061,37.3740766110638
5.97347148126983,0.525355028422707,0.977568098111078,7.73799971043979,32.2039255108978
1.51628448071215,0.048905577743426,0.123004944762215,2.7345191276552,68.9254195198145
2.91568245938799,0.0284555895486847,0.650208332110196,3.09997681050327,28.1751920186147
4.10590857918968,0.0757004712941125,0.033727427246049,4.20444525315302,39.4192639448991
8.13397094777591,0.221044235153797,0.758842739043757,3.09725977187525,39.8978609977732
4.71696613443962,0.273805100879829,0.427730387542397,13.1770518233213,22.4339441814436
7.71472154641332,0.23972402066393,0.611324087018147,2.55613829161635,34.9660976916434
6.71015694436757,0.239164266606443,0.568063062150031,4.00693469118064,40.5525330520091
2.46364288723468,0.0528138785198833,0.714408099651337,4.08993847027538,43.1459393504489
10.712074813772,0.906910312490415,0.52816018788144,8.58117358758524,41.2214939112612
9.52687988519245,0.79110686598432,0.854879609774798,11.1079005315319,31.487852257275
0.361570152061264,0.0141871882369742,0.0450639030896127,2.81850023641518,61.5393701215667
3.07989595951574,0.0184688773006201,0.312144154217094,3.27937594028184,28.0864394373079
3.20644870282118,0.110236868145876,0.462218304630369,4.9562542923298,46.2057857128662
11.0102714637968,2.1937800750192,0.361966209718958,7.3981019175994,55.14177634979
0.63606597201944,0.0895168059505522,0.333033872069791,5.0555527467647,50.43894086981
9.39690016481024,0.265895536158907,0.646892189746723,4.92728733291662,22.6319242844092
9.08665011304397,0.313358190924603,0.382478327024728,7.87037810425827,22.5834617666921
5.55851023060191,0.31060337111235,0.478568731807172,4.5663064703563,58.8048968753921
6.89962107888416,0.501770126612342,0.212477317778394,7.79365724191019,28.652490375617
11.4858949863693,1.06238379043745,0.753394236555323,5.58635136021457,39.3363242279247
1.03152235553359,0.0828264839947224,0.0921410201117396,3.38113106481995,68.2175913172323
1.1052406287613,0.048182048843776,0.17350339773111,6.78012225708164,41.2456437127364
9.33133971750333,0.389464937130413,0.331930327694863,4.83690335914731,41.9231762689656
1.43922637100758,0.112561463727616,0.742907505016774,3.51441874427851,53.1385257881622
5.11988336438003,0.0978663300629705,0.152281049638987,3.69808414601741,33.1550304661909
1.55710604362332,0.024627001141198,0.28679585782811,2.52724375179391,43.0218410760201
4.1551965833459,0.0360344313318233,0.620610447367653,3.59968502954403,37.1484677934607
2.50063230092693,0.0428498010151088,0.63274089503102,5.65299668217323,36.2377343541847
11.7996562473058,0.599781930880779,0.947795046493411,9.0960547603094,27.1921327603972
10.9319241062134,1.03739533335307,0.914797284640372,13.0339801733353,21.0199894176645
5.45850904786765,0.277602367558259,0.660370257683098,4.1689895564204,59.4306101055706
9.88760956582289,0.416310119421637,0.569949025986716,5.751230581059,23.6291773052162
6.3238343632935,0.0947650148300454,0.889018585206941,5.59587317853176,21.5218823155177
4.26487460127456,0.0299953701905906,0.352365812752396,2.08565320379054,55.1372837387529
3.36031455890506,0.0415134960785508,0.66201772284694,3.37507536271737,26.3962183328272
6.01003083492144,0.475536384598768,0.972706432687119,6.52599583921061,34.512310967899
0.776678324304048,0.138948675128631,0.0426983206998557,3.46995926370784,93.1186845098408
5.45344405762201,0.120536980568431,0.81648431182839,4.50855897731077,21.9325173531753
-3.56160310410957,0.00238689256366342,0.0046310902107507,5.340618959385,34.5908078298503
6.96084483849097,0.114589761476964,0.24434838606976,1.88743869044561,42.9918756080078
7.64567852424703,0.91615514591673,0.306019536219537,5.36396547258569,65.8410104763142
4.97528650239491,0.115610528970137,0.887886854587123,4.09690779486338,37.8690428908669
3.41736243435634,0.117132471408695,0.0521911350078881,6.84909733313014,36.9123208181721
6.2804944448128,0.246466258102586,0.693785945419222,7.82046439970602,29.346679493765
-1.20340463354758,0.100161558599211,0.168618115130812,3.70873188977911,74.1486347256284
2.22059347069999,0.044860503335239,0.151614009402692,2.20801629931078,88.5585775866271
1.92336781780382,0.156105509961349,0.0808389368467033,7.58490252795707,37.7723725115996
9.68064190448979,0.219703453582454,0.46964133461006,3.96836532421717,20.6483213243644
-1.16595066233645,0.0109523117635119,0.359903835458681,4.48382741698231,30.7385658002924
4.88492086871769,0.251177980786863,0.738994766725227,5.05837430032901,34.146336934923
2.65380567740537,0.0121565762674436,0.511716114357114,2.33305874521318,29.7995969177697
-0.370770940722742,0.0352061371086165,0.727195106679574,3.38305907120487,40.5896541692387
4.18561024700352,0.0747708013514057,0.159294202923775,3.62592132767525,31.1605753290812
3.59060077186235,0.0436130028838995,0.178164463257417,4.93585715679342,25.9181150981595
6.77749684836281,0.455093828008926,0.902273099636659,5.50575058269359,27.1788121780075
4.73322783308097,0.118419042788446,0.787952258018777,2.41340255923281,48.980164758903
6.45683066305279,0.29586343326487,0.435889237793162,3.61781073377497,64.3321236013929
5.91473355675207,0.436615300809449,0.193113185232505,8.7176038873986,29.2083399833114
4.8653351651162,0.188527952195374,0.166608458617702,3.76689930453533,43.8278474026888
5.50225260990282,0.0589640841353685,0.733056853758171,2.53131655090502,31.0010814046951
5.69821324908633,0.199574958106488,0.812990921316668,5.65955509131983,27.7646126671393
9.01457463241587,0.358445449245578,0.614087120862678,2.52636336091077,52.6539783633396
4.89581937603666,0.0429109750882666,0.860523731680587,1.77459556736887,52.9624642645648
3.45407388854153,0.0827884809114039,0.481558382511139,4.38790541921481,36.7195169950395
2.94215453830139,0.0254469601204619,0.125838679494336,2.31712518101925,40.9391602408339
6.00715102150073,0.22614244509276,0.251007845392451,7.28794687440458,33.5591385389276
-0.348047651482871,0.0380121287621367,0.722852517850697,2.99608310249362,51.5773968433105
1.26852838280675,0.03549473953899,0.0171190102118999,2.36807567781142,62.1493104630528
5.43680285285307,0.48058556015009,0.162510026246309,3.94511328635681,79.4245494948209
3.85180731446083,0.0394881846150383,0.744309371337295,4.30551834690025,22.0853380605924
5.93401822745642,0.123684678925201,0.425635563908145,3.74560077784081,39.8787751933847
6.23718092735649,0.127275209524669,0.289555503986776,4.06257476659031,40.3110245303111
9.14845090830097,0.188748867240477,0.706288679735735,1.78666928324727,56.9528483962749
8.40782388297473,0.200774331100959,0.807983580511063,2.82407402846857,29.1430271093349
4.02247163711888,0.308979447454888,0.252378172473982,6.49050740920093,45.2992820239073
5.92568500978519,0.0774352765874937,0.792808812344447,5.33815803095136,15.8877040093449
0.219617510295654,0.00283820426557213,0.41667470545508,2.08609592649055,42.7750644855522
7.92094191776669,0.264672728244889,0.159326643915847,7.74805342708519,24.0746858832529
1.84995196001636,0.103247764054686,0.655567877693102,2.78837273614577,79.8730792878226
6.14511224913485,0.0956176115432754,0.159912549424917,5.44143685365849,24.2740025690687
7.1657105044933,0.495375312378115,0.507752854842693,6.15749970519429,44.2187114761804
5.915529757534,0.0780895553847705,0.204592280089855,4.03209605169322,29.5649881853294
1.29694084550624,0.0341240844757112,0.161852170713246,2.20490123128432,72.8464558826376
5.76349119526878,0.080012240447104,0.482446467969567,3.43985164237217,37.3974685698883
3.47708427148784,0.0391339409029724,0.768618425587192,3.66110359724072,32.142419766704
4.30600132847961,0.137349966331385,0.327381273033097,3.62704649724664,58.8551671405625
6.16368407866869,0.114016746388452,0.929080350324512,4.78150629104047,22.315476604739
9.65563909181829,1.15411872131037,0.92743743211031,6.37201419778905,50.3158318034132
4.92907028829707,0.347236682878942,0.400698950514197,15.4748764752041,27.0103844292671
10.8409142605444,1.78370499134737,0.73488830961287,5.15710149594909,38.7891764113943
7.84673592809836,0.198432775669473,0.884546792833135,5.9797188462365,13.2548174619607
3.39079067254496,0.0721977305365726,0.256258306093514,7.325265384821,35.1483179109775
12.9517966421356,0.819591472547559,0.939846086315811,11.0954910139303,16.1875493045275
0.776519835405466,0.104962533456273,0.179673246573657,4.41711809167558,49.6951596482106
11.7824961431015,0.615751389848226,0.491671892115846,4.0739215899685,37.7454469154884
4.7715896496029,0.208978357155727,0.868815562687814,2.8478365607258,57.4395541221211
7.59464084608074,0.812312191310239,0.974696204764768,16.2850889751197,21.2480659517702
1.72977338142617,0.0202016181796438,0.0970421966630965,3.74984267409496,45.8431069460214
-1.53598452733404,0.0620125867426395,0.0213155625388026,5.27704528843325,50.0001750727018
2.72974222627796,0.179472722335461,0.358422032557428,8.04813983418791,38.3522213423482
3.03524302738964,0.0595331749645993,0.20702745183371,6.83845923243106,38.2454125796713
5.42066115744703,0.25994260719962,0.712878888007253,7.35684705437695,28.529331597347
0.709162497817275,0.0249398846031292,0.0832673732656986,2.96816285201609,46.308755473079
7.91739138748614,0.489399262217289,0.309432018781081,5.9586596888825,34.4643028454952
-0.419655763823084,0.0509519414044917,0.0993152500595897,4.02252861039843,68.1321227224228
10.1573345352305,0.571402404908785,0.801860266830772,5.74829774675653,26.5503904067388
12.6424073427568,0.58934805560934,0.992528204573318,4.46968647652981,39.1561508515273
4.65658804653803,0.0368883962510154,0.0330397230572999,1.65109770924468,52.0006644861337
4.63116190107507,0.037193499166564,0.828114071395248,3.47475556251892,17.4083013245855
9.06479171241919,0.533880575440169,0.38297342392616,10.0065389864469,29.7641219078113
-1.27359252453354,0.000990083091892302,0.0659250130411237,2.13362631338954,51.8082067437923
5.67405987099,0.17764570795812,0.635164371924475,2.38070802020855,41.8706922819102
2.88845902758284,0.119770869263448,0.606060474179685,6.15860670900985,37.5154130622096
1.45083466929029,0.00995868619065732,0.0234221615828574,3.74201360700296,46.173258567979
2.96680946187727,0.0149133465019986,0.379657584708184,3.86228790374191,30.8354632144262
4.9729191245771,0.360936955062157,0.698555624578148,5.05964116468987,51.603849590778
7.70771000501441,0.712959634787533,0.98777670157142,10.2230293963305,30.6676823646946
8.94158953265284,0.552302161665791,0.797634755261242,7.33675161163012,33.7194439584772
7.23952598670223,0.128626087331213,0.900990802561864,4.63986298309631,15.4882046065782
4.31985173301757,0.072804473573342,0.334443190367892,5.57059848329738,36.4810692525673
4.27815072383817,0.0468190726222968,0.513952397974208,5.19877619289284,21.7522803461175
7.13530918010375,0.195207361819896,0.965830203145742,3.68813748512961,27.8936103217789
10.1023401679976,0.266976539500731,0.941848071990535,2.4404172825348,38.5281849322625
7.20584641923885,0.405402315759516,0.669891881989315,6.62522019493221,25.7113409190612
4.3814119911609,0.322945515381846,0.933952684048563,6.38284928892973,32.8458093574112
4.32167172568118,0.167362341657281,0.792909893905744,3.55870757855397,38.5258384667
6.74696266893552,0.726460499646974,0.254013944650069,17.0363931104876,31.1554241838222
-0.94676507588605,0.0216521099826678,0.693200172623619,3.51416436197224,47.2120506367879
1.6218674504601,0.135494475136511,0.0518262940458953,7.25847791369334,41.8099747392762
8.10848306620746,0.176913615804113,0.586568580241874,2.88073835854446,35.3153783624229
4.87255564776102,0.22356083219752,0.519191699102521,7.1732058473224,40.9542406514262
5.80707888653687,0.45971486668796,0.779575931141153,5.49511366400962,35.4853049670339
3.61681174093266,0.0356108678532484,0.059187869541347,6.25144925949174,20.721823977695
5.37529272620917,0.328563336479196,0.141994148725644,8.19626236552565,36.0423430979134
2.97809078713489,0.0916200777282938,0.276437015272677,6.27301353558474,33.3103891752135
5.3123249549307,0.123400246840902,0.176397882401943,2.23520577886207,55.8363386784677
2.90117279381391,0.0290992519206984,0.749712023185566,3.00765128273313,44.7918057710335
7.46038847276516,0.542477170365273,0.214526530820876,7.35458694740996,38.1419369053313
3.80496031665433,0.0335515688639134,0.803696291986853,4.05269264776658,28.2558802251748
2.06282825158276,0.0287700636104866,0.190458691678941,2.1570196778835,52.5790533967288
3.60813611701088,0.140914751746865,0.279666320420802,4.12180006094809,42.1944445669838
3.57098127084118,0.110899520572275,0.550184282939881,2.79215356431081,48.2644585033277
9.42455493933768,1.10339930533776,0.999468910973519,12.6109113868914,26.4286441029303
8.63637232376542,0.769163457634759,0.61385220172815,9.06816551206297,23.6602878155636
-0.236986048689619,0.00979478189609181,0.448694897815585,3.3144358346029,36.9331469272621
6.92124887805389,0.624044490480954,0.315371814649552,10.6873915620433,28.5917769973141
-1.1554688611025,0.0149918139371191,0.00450281845405698,3.39132932039302,65.0066210252195
