K:5
N:500
Gap:0.670378088025882
Rho: 
1 0.8 0.45 0.2 -0.3
0.8 1 0.45 0.5 -0.1
0.45 0.45 1 0.1 -0.3
0.2 0.5 0.1 1 -0.5
-0.3 -0.1 -0.3 -0.5 1
X:
6.02272042688565,0.170044640777633,0.883491600165144,5.93656395068183,18.0282201568088
2.58694162242851,0.0204031901666895,0.799165911739692,5.14129215085685,19.8918946612512
2.2858000619976,0.00492643041070551,0.114131330978125,3.83379101961207,28.6268867344731
7.6993538923438,0.618229565644795,0.819529053987935,3.9600407503027,50.6528857624577
9.78720856716988,0.440437322637737,0.784355849260464,2.64344478590592,49.320196758612
10.0802663531926,0.823596205520344,0.956301999744028,3.88158899668804,29.729236791158
7.28433381076646,0.139355677412823,0.96792258345522,3.82610002593425,24.9812249296879
1.79344105406702,0.0228782078484073,0.457958563929424,5.62703299734191,27.048608693194
6.67842697086363,0.10185150085557,0.376567889703438,4.01225869413996,30.7327433310791
1.17974221675535,0.0268218921264634,0.669943265849724,3.55885314826639,45.8128559347566
-2.34524995434314,0.00613432970061761,0.429669277975336,1.45426694249693,78.8792362681079
6.90035849749528,0.93964992970565,0.936624399386346,4.62064786619328,59.3281500718579
2.01831944244976,0.163081547361799,0.277878824388608,6.76567949861569,53.5201152729887
2.74600335779398,0.0154391711850933,0.746595008764416,2.450637455924,36.3046720533869
-1.51286957261724,0.0788385421037674,0.184801936615258,5.92365073879187,44.733896498453
6.82389561584714,0.151345421676524,0.841282365843654,6.07499973087666,19.7105875674063
0.925484410346658,0.0049330453710094,0.221792348194867,1.30656295948112,68.035957789541
8.38495923117776,0.290800020553845,0.881837309803814,2.13010472490897,52.7757018101553
6.32610923362477,0.504304152892387,0.648385058855638,7.14787366670605,35.9128125604718
4.02274345618873,0.126996129285544,0.83975162380375,3.13908823577676,35.9472296792628
2.16293893249856,0.0876502493629232,0.279344792477787,9.86144600620323,32.0520268185303
2.605200187785,0.0177300865396574,0.348390746163204,4.18251041295282,21.9134173968989
8.10018103424125,0.270981225640255,0.628680517664179,3.97584057316547,25.4195898543668
7.20998874168788,0.307311865956265,0.164455219637603,3.04663116312744,42.5578124051913
3.42323245199824,0.0592849897375051,0.331155673135072,3.13349740324225,39.9762336898298
4.79927915108922,0.0491818532813856,0.829861992504448,2.58374942916721,22.2170957379807
7.87283562561476,1.21468089187617,0.852760261390358,7.35151628075701,33.186320860969
1.48735052332458,0.126874595764093,0.19460856821388,7.47239215127373,38.4210699486654
5.06439944649416,0.178951099126794,0.148619469255209,4.12557988483482,43.1980925950753
6.36919247995313,0.844112870913006,0.580130180576816,6.6946275764302,34.4934869302687
3.93668606851802,0.0713720475323498,0.255355143221095,2.65335194942274,55.3923627997762
7.35275821104106,0.413301865083581,0.568816178943962,2.40621727000505,40.2683339376251
5.16835614212158,0.144837209722027,0.574712631991133,2.55623421018281,59.5589098713477
7.74550844194094,0.193370505225587,0.957137780962512,1.49471525627332,33.2667460956752
-1.74860929963862,0.0291560382139574,0.0509610651060939,7.16375808827635,48.2312779020421
6.48023656867606,0.855539521160436,0.953558100620285,9.00423955039682,34.2019499525172
9.0032014679299,0.476731013951308,0.632301090285182,3.71309994256467,35.2233947114963
5.2997846615341,0.480227749308056,0.933060974581167,4.96945747306075,44.4078771054281
5.37287881715051,0.141636824817397,0.195028006797656,7.70943181311726,23.6948704765719
8.35873127826313,0.363686552250242,0.87050134409219,2.20772477849758,32.3995532336311
9.64328095438652,1.19350877118515,0.488315569702536,5.90874789520972,40.5990347938715
6.35747160615161,0.0992063238518313,0.291970139136538,2.64375105221277,28.3995179997525
8.88660054771358,0.89619015664199,0.421970141353086,3.63738450400135,45.1596544057418
0.0305851881550838,0.00489696755539626,0.31649132585153,4.95949246350908,31.189855120671
5.86344712729449,0.361225731649852,0.160407706396654,10.4414344156216,37.9000350326357
8.81129081011971,0.185419174352786,0.532050715060905,5.80500012302688,22.7288908596051
4.46067350777269,0.297249404919437,0.541595570044592,3.53405646239092,65.5807352918007
-0.520953967105222,0.115218391617289,0.641883255913854,3.8596865855588,57.4037210110791
4.39762680611317,0.137330692843534,0.293016412528232,3.96490348444538,57.103643304171
9.26863377208397,0.513433669207102,0.990274140611291,2.15501270538841,55.8000133721766
7.99529096416655,0.212694435239463,0.622311968589202,3.2063578948011,33.6872985939949
11.8935437508362,0.443733089410946,0.580463912105188,7.83235124200332,24.3284972133663
5.9690175909016,0.163003465626389,0.743086102185771,2.81872808461867,39.7862784041535
6.88924407578906,0.152110115846446,0.378990476252511,1.93370601796552,52.6441048494255
5.16569220038825,0.489719342419362,0.747108773561195,10.5626686447915,27.0582656754214
3.35693122607666,0.0125340667513677,0.461824144469574,1.96226348724284,44.9804876368632
4.35909081991295,0.225444369960693,0.918665766716003,3.65109405920079,53.5261294404718
5.16477280081683,0.346903863991083,0.676500440109521,4.53807010004601,34.8330584257368
6.98412305052902,0.920386706892044,0.914823934435844,6.47664108134675,29.1775930982523
5.43782147463084,0.329385880370367,0.419985679676756,9.3320554574932,38.1698260843755
6.20076687351348,0.6165775921812,0.8740513054654,10.6157294585049,27.5921904683386
5.91557672519191,0.255886738410893,0.521927610039711,7.77051116816921,24.5209556382674
12.7270621663751,0.317270830961618,0.979813425103202,4.22233167098466,21.8406555873012
-0.143113333867181,0.0365608572634631,0.495894673047587,3.29006194397558,52.8723290045027
2.06366839528419,0.141477761764969,0.379214469343424,5.7945988835342,50.6875206000888
1.67487175636425,0.0295194138282241,0.699775767279789,3.5059280196818,49.9715798245808
1.96308374455041,0.0561081289779395,0.821504967985675,7.05047769211135,32.4315746973449
1.21867749507192,0.143877345753274,0.780533401528373,5.11640674130274,55.0734646750851
6.40411162080465,0.125687762745656,0.636097678216174,5.27127079612997,16.6452665549468
3.47015137961944,0.0490308720071254,0.260122107341886,2.69841060476486,50.1888589536274
3.03876601225501,0.0862875229213387,0.191269364673644,5.01101605891749,32.7967909017759
2.57920730853742,0.0113296825438738,0.617610382847488,1.17532058847586,55.6483332074719
6.31014040090848,0.0912384494562043,0.440303651150316,2.30709779685394,31.5544853877939
4.00265416501145,0.281675870752636,0.203084173379466,3.38687048020068,58.7161208769599
4.29665351049774,0.175203171781007,0.615127714117989,4.98315471871726,47.0822199879438
7.30432310106386,0.339615014138374,0.288072656141594,6.12282628507613,36.8932974749139
0.989811702391973,0.092360013183787,0.413979225326329,5.1305171843834,44.0500973051041
3.1378805524151,0.0796668719778355,0.454650024184957,7.02798092023811,22.1808356721385
5.29193436198763,0.559738758454257,0.289152288110927,3.97946999743947,63.1096664430414
5.43590574311507,0.324026747685789,0.561635120306164,9.1231174367817,25.5206235163052
6.69838774665958,0.60442416599595,0.837107622763142,11.7493562790799,23.4012753047279
2.4791853849265,0.0706279559325913,0.410503012128174,2.43552680565211,79.5374271465706
2.75688073066912,0.26402453155443,0.448785439133644,5.39043729448602,71.8948425557009
3.68610004833034,0.0842689063865776,0.0977405714802444,3.28230285087811,52.5035075074956
3.97242024180393,0.0407633107388392,0.52717507421039,2.66723823195419,49.59174976282
1.09478536030506,0.109164866269566,0.359138996805996,6.17936557132654,46.5038205275852
5.42319781891489,0.621582989895675,0.835536446888,4.26289717365037,65.6824051049571
8.11167685967655,0.340753217450085,0.28482352453284,2.54475397941886,40.294517743747
-2.11929168841696,0.0738034155219793,0.331407804042101,3.00728798626814,100.021252565117
5.18384458686435,0.108748620375991,0.831557902274653,3.8367384629575,28.533229535492
7.51026455826178,0.698103096294117,0.897027803119272,8.22863396978651,23.2437766388248
4.00222641922433,0.0262021729722619,0.673898492008448,1.76210002817809,35.1800361075076
4.4143442126302,0.175981688768345,0.254561756970361,5.7713243808423,33.3995085896398
4.01761991858149,0.132113648927771,0.325169616611674,6.06241630360875,44.8364583958148
2.39584340972703,0.217114561630005,0.225443849340081,5.69912347429251,52.3241067463069
5.45733534480259,0.21105470204607,0.238724494120106,5.03197253889115,40.4243523085208
2.35907556658588,0.0626175224315375,0.6432818940375,3.50535208678796,49.8455758383224
1.82370279900541,0.0587346305837855,0.338897453388199,4.12852244475762,40.0082067256435
4.0776078679819,0.291922542954537,0.139614862622693,6.15446832034442,62.3752310031224
2.01489435281364,0.0433143060654402,0.333411843748763,3.76184493450488,50.7289915997191
6.15049781919321,0.530655830601388,0.735256281448528,7.29655155954301,28.937828517072
6.15503584199836,0.238705689729716,0.954151426441967,3.718748704085,38.1233576919582
6.98002779740574,0.145133139682002,0.388765695272014,1.73389700817458,59.0455196398365
0.400303484992437,0.128241606173106,0.751005691476166,4.32630533933877,40.2790414853025
1.06224844583142,0.043476278601802,0.080974122742191,6.20379977627372,32.3476675950053
4.53058844001164,0.0430687053193079,0.836205835686997,3.1852803716628,30.114155863388
4.20388579096732,0.187368998293507,0.275423422222957,9.72594623220488,30.1920601370617
7.62199376034697,0.749751707496953,0.965949499979615,5.25285653448135,27.7952136451804
9.95012159427059,0.969742556515724,0.710490924306214,6.12489945586015,29.2518595545158
4.81496732131005,0.55442750248557,0.894346175715327,3.93090154336425,42.269296148174
7.65262063500516,0.888420355919391,0.603613869054243,11.2279310306533,37.6368459904267
-3.04305624248335,0.0925718564540148,0.346628518775105,7.15466510317894,41.5277386408863
4.73313221958682,0.0565264467149973,0.82604813342914,5.15625521627792,10.8756497103461
5.56702002990797,0.357167498187578,0.677488582441583,5.07119613017721,37.4704318723623
10.5349393867416,0.398825307821339,0.461323784664273,3.06393241818874,54.3004376694653
6.19674666230124,0.318893232174037,0.260919663356617,3.46670690015405,47.3438682222884
8.90604103666323,0.259463211783331,0.421582958428189,1.75763642561963,56.1311442628698
7.03925310555194,0.122455924516544,0.825548658613116,4.33804736665931,27.38516765676
6.11973282961861,0.346463385027576,0.268416237086058,4.42151207461217,43.4155890366156
4.79480917573639,0.45596054473654,0.532901678234339,5.89386101932947,50.1773125708871
1.24399263970608,0.0558584163663909,0.289779027923942,7.26965001522394,40.2535912746689
2.15999125217423,0.0485979642253369,0.762571286642924,4.80111718771299,40.1234893557202
4.57903562060689,0.417898123131549,0.441519785905257,4.29139269600564,64.4810713285698
1.12116473943452,0.0400021231528062,0.133848163764924,7.27629173244558,27.7121853076684
0.0486244669435134,0.0335332620581536,0.190351889934391,5.42955455470844,32.5847713038812
2.35581304712177,0.150012219906785,0.715208811452612,3.40876189090061,53.5166047644215
4.64379424576715,0.0649864015867934,0.653244936605915,1.94118352727645,43.8702023733455
7.84367672680956,0.465811031849539,0.933827918721363,6.22131077378169,24.7768962757001
0.308936669740955,0.0631681705126539,0.721251531504095,5.60855644095484,29.7259854956164
7.99410178072382,0.449627952810632,0.735129108885303,2.47285770587667,58.2114363850139
4.76547585470005,0.154602499795146,0.286186263430864,4.82278336814384,43.4870581633488
3.63227540582098,0.0683293085312471,0.0850674249231815,7.31277533192585,28.3252928697492
1.12836424169667,0.0361113569317206,0.524040108779445,3.75808744488372,43.8634625377829
3.78005272375668,0.0487056906264896,0.581206830451265,4.33928554647482,32.0346807138071
0.76306957827056,0.115923659177497,0.622746630571783,7.97404721542796,41.7475986416186
5.03005620349968,0.35520251279459,0.163151535671204,4.97123441103005,53.7377444075946
2.12098714025329,0.0225975781213492,0.749531711917371,4.431099722257,22.2891315677155
9.28201048939247,1.06164294940637,0.710324269486591,3.93652902777155,68.2134573474108
3.11944314019434,0.0441891291782492,0.22089571133256,4.61555912816441,35.0947676287081
0.451674626617232,0.0383801487041637,0.436508943093941,6.09106957736098,29.1810930836963
5.45577719447846,0.143670327728614,0.495514220790938,1.95007825299481,50.7097349426763
6.21823673807345,0.143916554865427,0.776597403688356,3.39259686110617,39.6665649883234
6.33985433332129,0.559436005043024,0.810635007219389,5.68264152551271,42.8207524626697
6.51474559068861,0.205797228801894,0.505222417181358,4.318863838587,28.9059482943777
7.32842530398481,0.251635902632899,0.927001460688189,5.66444091796083,17.5993540521874
4.70140632883606,0.213515078769734,0.51953478786163,5.67940194266718,41.2378876242543
4.19718069177594,0.0524818609130386,0.283996193902567,4.9715804066402,36.0959422274963
8.85313694977301,0.364573989413628,0.600051695713773,4.36411826521034,39.6150536785736
5.61501986966898,0.2006876598113,0.866100640501827,4.30895898304998,30.2520733333403
-0.182889459221791,0.0296601670561358,0.021021437831223,3.13134342740185,54.8496760243209
0.975580343989591,0.0530311830807477,0.523381951963529,2.3262819457851,59.4611520305887
5.89448519923735,0.410374856296825,0.674136188579723,3.26828765158989,45.0143394560986
-0.540961118110817,0.0804377845488489,0.370857063448057,3.94888933581494,73.7834316014337
4.02733579372773,0.190458616696972,0.818052255781367,3.41773007456357,44.1143999870681
1.01335756216761,0.0185817300023755,0.161816835636273,2.5465210807894,42.2238740837242
7.5641673484981,0.160158139653504,0.484073757426813,4.37174657355671,25.6537424644181
-0.247647524445941,0.0117291588712599,0.578257508808747,1.84302442215328,57.3147864670478
4.37797736820347,0.422275308498597,0.885850628605112,3.34081624484381,74.6798137327164
2.68661315054737,0.237990924845192,0.122744224965572,3.90418915429484,74.7185852234276
4.58019884034205,0.0739504332887009,0.90392468450591,2.13926692988101,35.7380420685946
3.16490464125557,0.174459768670123,0.0980896467808634,4.30997652990647,62.4874657539047
4.51183169795015,0.41834169667404,0.294004478724673,5.97996369536067,37.5365140943562
3.38623047446704,0.131249880534597,0.378211801638827,3.61351237430582,44.0160866369029
6.15188017415503,0.1942266287976,0.901421295246109,3.19044348270452,31.8606452991985
4.27154329027867,0.457585472592568,0.269383320817724,8.05045113645336,57.3829314017323
8.8415432186504,1.24958526249069,0.54851912194863,10.0201393394349,46.0469199092053
4.67726156349343,0.0548829401377589,0.134310647612438,4.42439597164917,37.7847188809453
3.16266506048928,0.160347136086784,0.270783649059013,5.88877130121469,37.1126922797455
1.83453316379326,0.0866822666721418,0.438551182858646,2.68822416290761,89.6724130446239
1.0035534795451,0.0478329968173057,0.534137501846999,5.94882633375611,36.5288858738538
4.4453040031982,0.188284600448106,0.925129915587604,3.47639937082448,35.2058090241504
0.662222024690909,0.0946689230622724,0.0335275670513511,6.75561792711916,39.5043651976669
0.559363848308932,0.00116830080301269,0.00553290639072657,3.40500147240739,42.562287958365
6.68478779234015,0.510256498099721,0.974863717798144,4.98529744264338,31.6590221961469
7.45509992134554,0.824290724429202,0.376560303382576,12.5535658335878,24.4948962258528
2.45939824869109,0.00923161674290895,0.284328054869547,3.44354053717018,35.3542334012134
2.06089875020072,0.14942225755658,0.842590092681348,3.0256245821718,59.3851877858614
6.28989093716081,0.384178502929813,0.574075604788959,4.36832371109291,52.6688109326634
7.28851878217847,0.311527859409082,0.728348939213902,3.83133189175325,34.1525074355371
1.92833918724754,0.0613230395829305,0.0439613426569849,4.65140303858796,39.1462629206008
1.23251617285859,0.00546629342716187,0.0214865759480745,1.66537482107056,67.3887312503367
6.95608895119472,0.660781864511007,0.721476553240791,8.53378275725857,28.0678472832255
4.27109730171356,0.138008221401833,0.147928667487577,4.50732061211727,36.7431706346816
1.47614334152743,0.109390170267338,0.0989669903647155,6.41812378439794,52.3233414010462
7.9521071340546,0.516694919185197,0.541025769198313,10.1131459612463,16.7835753869439
5.69888307050919,0.275719122950661,0.29410548065789,2.92906352098889,48.9574387439301
1.72414356930344,0.0875677061267197,0.102799135958776,10.4157250758859,34.6044485063685
3.12890112725971,0.0458792695675832,0.748662561411038,5.06906985348343,28.899356789876
3.27783144506067,0.267607406469736,0.911774181528017,3.06716471169289,54.8668914618825
6.88467430303671,0.319521618996489,0.653687961399555,3.25498357447529,33.0009825874196
2.62960654875842,0.00748614175245166,0.59520795289427,1.9485040487639,49.8859370541569
1.70858341672346,0.150417962344363,0.603459534235299,6.28033331907095,43.7311396314862
5.86608036018462,0.617731019357377,0.573257436975837,15.3641945535428,26.8882341001133
8.03286077930563,0.159610183211043,0.528343614656478,3.13200313544985,22.9378985970708
3.52074639604548,0.153672504704446,0.131332257995382,3.94358164650159,49.1553160010419
7.94798949659879,0.634530942942644,0.754087045788765,5.84452441712044,32.3539622840117
9.51309759267872,1.22937276626105,0.387973093194887,8.18244519543731,38.4569460901227
5.70773869065101,0.500524464973664,0.618057433515787,9.84974616068496,24.5963269210838
1.97359772577085,0.0784089805092663,0.771420964505523,8.94052261164281,34.4860691706238
6.48327685064966,0.179310012598264,0.660182834137231,2.00229909872216,37.0170654563853
3.7131921430327,0.0590720943873748,0.140427947742864,7.11578011481304,27.5604204134062
6.02318349023294,0.377361061961806,0.960365047678351,7.20538801901387,23.3796399383235
6.83159901798436,0.164627821184695,0.550805528182536,4.13938505691944,31.7643247876655
4.0424878219981,0.394978501347309,0.889652816578746,5.82966217194442,41.8882662179933
5.02805552952782,0.392443904166526,0.408634452149272,5.40616960469034,56.7387812185571
7.00183335171571,0.161588115151972,0.348478298867121,6.21635120508602,23.0987169361395
7.69972135283278,0.521879695790047,0.635785881429911,7.29348149387317,25.9740239412224
7.66891923292582,0.171009608078748,0.262251738226041,4.51086394457807,34.7925155273376
2.49797168906484,0.0139482511440292,0.281719167716801,4.15446049432831,35.4454217210467
3.62265362289873,0.0303314030170441,0.127061084378511,3.81920350057609,40.4960858091001
5.70734768329045,0.211953814506323,0.800390417454764,2.78051757381515,33.7773627959935
6.85099885127069,0.556984597381471,0.723906955681741,9.34898483520585,21.2886223467287
2.11471230369312,0.0180362794781104,0.256439780583605,3.3354974882292,30.8975000394547
1.6013313352369,0.10176664008759,0.0511778017971665,6.27329074094809,47.5757896787228
2.54692991398757,0.146338157355785,0.831164261093363,2.68686893838824,56.6296375667233
7.10378227088355,0.671244333001012,0.346306687686592,8.72672033379313,25.1915122025368
4.57478926665319,0.423129505456841,0.841225043404847,3.64925358603527,64.8978615782054
5.33791229158957,0.449358345230957,0.979077367344871,9.75731690134758,19.4794609863822
5.36612997403729,0.449025368709416,0.260201656725258,10.2448455820545,27.0976771531192
7.23899662158396,0.711761951017794,0.997915985994041,4.62732495708287,43.8741282124454
4.10036856698158,0.185565701908174,0.0699094678275287,2.84817324835657,73.6797517012552
5.9625054842432,0.108484801254235,0.231701525161043,4.49812402828259,25.4267265418166
3.13854475464796,0.151620477307164,0.904128747293726,8.68600381801603,26.7348263188224
3.24641881658573,0.0458366217790172,0.104034313699231,2.13830033905059,58.0025971992626
1.2148203789281,0.0680516195716336,0.155074870679528,6.7414269479854,46.1525446822963
2.27009012312917,0.195769411734048,0.613703146576881,5.04145098308135,60.5003435132486
9.50616557728814,0.586396007042069,0.308927739970386,6.7688468887121,29.298508958991
0.327382857439094,0.0304840854369104,0.412573496345431,2.19139484117756,52.204720871651
3.1325518190241,0.254197359540242,0.0815251660533249,5.0418967278213,82.2315780002862
9.90028758302447,0.330065595674071,0.388056495692581,4.12214906308423,32.246978166645
3.69746141727253,0.134244952816516,0.18992598936893,3.7496671965759,62.3534626598043
8.90022798370524,0.276213326841224,0.944788557477295,4.27713206952084,16.5076534335029
5.36003933221047,0.250075855663017,0.575024063233286,5.81217915784099,43.8286336341751
5.13086394378851,0.329345120106566,0.847188046434894,4.1851116873519,35.8245659504734
6.55190312962864,0.271690807993266,0.191016759956256,8.19295979030526,22.2938538821506
-0.45895201918497,0.0770768893416971,0.695950059453025,8.53251249418066,36.6977607666992
7.62699877773808,0.746636817365599,0.45798160484992,8.58715895457875,40.3896347026562
11.0839478587082,0.298719983071762,0.488237033132464,4.95169576090021,22.5618468846085
6.70254553130422,0.206445931679311,0.661509675672278,6.31040808131693,29.227724842766
3.71177347319539,0.232126888110045,0.283463074825704,3.77486341408334,52.8796949000293
7.55994016447725,0.564186807442846,0.771185527555645,3.89992037731159,36.58092443104
9.12433826452862,0.543238373907441,0.761322997277603,2.89971388040719,58.4438105085582
1.97738110210357,0.0256010970159683,0.549794328864664,1.97988168099621,62.7634961965619
3.94473634500384,0.321711070592257,0.447646917076781,5.07792275042952,55.2647454936651
7.00924218158348,0.327464808932248,0.9342855096329,5.42106511098289,29.2037598858229
3.90936617491186,0.29354034270041,0.15679679135792,6.665703874313,43.4531864061282
1.49391548311658,0.0258140884106979,0.694976703729481,5.72440577460237,26.7328254456214
7.73687984045848,0.660280063251191,0.626545409206301,6.39738403096854,42.2054831216127
4.2973029317576,0.0329619706837613,0.381692792056128,3.11480133850615,35.7426798115961
4.63941708760686,0.38906407447294,0.312752227997407,11.5130570408713,40.0337852160549
4.08258011671091,0.115424720510165,0.32003810396418,5.26020038219231,38.5702843630326
5.97217810757141,0.73903703228196,0.927593796513975,4.25922250726088,54.7144107878689
4.04346141728508,0.112288748146966,0.671872493578121,3.81337803933787,35.5370347143407
6.69147187237543,0.665344464381985,0.705572545761243,5.67475012304439,45.0764521237756
5.28765906990303,0.0651614124171949,0.91564248339273,2.32589219297184,30.5309873041037
4.23043767048252,0.218498191172228,0.618084302637726,3.44336259473846,41.0063488563897
6.11514535695993,0.7718482490842,0.961863439762965,5.25325884033431,35.7518422864901
6.52375983230577,0.171502051060088,0.138824715744704,4.31369951104739,38.482936219232
11.6911838406605,1.48121144986692,0.998197702690959,5.86740176775481,51.7982910410263
9.38940774811755,0.602052486935789,0.467427417170256,5.68437869933963,32.460582458241
2.3753999762312,0.0547521578465614,0.0283344234339893,7.83029891303184,41.9030780960177
6.61179672429955,0.198983163096684,0.975306259701028,5.17062616811572,20.9719530017082
6.25742954594862,0.172184220165946,0.366020278539509,2.76867263270374,38.2634644501018
10.9561428574566,1.04518524271654,0.901760997250676,4.00861573946162,35.3923150106392
5.89079697488025,0.353946042619809,0.747574085369706,8.27215460418871,32.4894454905894
9.45817423948293,1.09337129903244,0.988992636790499,11.8976936490263,18.8557854772454
2.20398086378677,0.0347845487438449,0.632718855049461,5.23060109811602,29.2389613742995
1.71540578671305,0.0517324833199382,0.623053251998499,2.31294327760337,48.4497911858899
-0.333402288487022,0.0154491113498807,0.0340850029606372,2.99844042423551,42.5453737847458
3.89434904303753,0.212117885461751,0.312897618394345,7.93643549059826,27.2497353051231
7.01164597597989,0.34372814115018,0.917042683344334,7.73801916338918,16.3070203636457
8.42101146764991,0.749124710147167,0.276608413551003,10.9676952545042,32.1558057062409
3.31700100865639,0.0382471720806311,0.126694152131677,2.27610803979401,62.489568944715
6.10561658248485,0.739565094890905,0.730047146091238,6.80758110769697,31.6428490108953
4.99790537668187,0.146974305427136,0.131812013452873,7.11058386306096,21.3558708317308
3.07161978656462,0.286901172007176,0.0610705181024969,9.3623106758155,47.7629523034185
1.89873578825101,0.0946251208745997,0.180769735947251,6.16453685862332,52.2821909761969
7.90956250635672,0.99945103511551,0.952963975723833,4.49250246651087,37.6222127493691
8.93373657636874,0.225677501865405,0.92732825060375,4.3564239589803,16.6577857288814
3.9786801566162,0.0973061366239563,0.718371734721586,4.83454625518122,30.4857307309201
5.10322591083128,0.318545464415777,0.716446375939995,5.99235074558743,35.2130432801521
3.86351839321151,0.0234840305056423,0.512504235142842,1.17510191417866,47.5494380749639
5.3903626560878,0.216352992562689,0.953638960840181,2.66984182667495,43.3454461436899
4.29852580890695,0.0427856197572297,0.659506163327023,3.64709532107908,33.2085250238972
3.54783366574623,0.0597653283039108,0.697221786016598,3.2213399162652,41.2839021108596
2.93858777753413,0.0162399797421951,0.735694409580901,3.1954034194119,24.8269061586598
1.79689963007241,0.0864779489347711,0.712238444015384,4.29421820890233,34.0917364759702
5.80046120831902,0.117657856317237,0.878367063822225,1.49746084888743,45.2385895906026
2.82956218143494,0.0176287444628495,0.207908528391272,3.96502404751347,24.3935797511873
1.45597315445008,0.10738871328067,0.0857502596918494,7.23720284460014,56.0327858705809
9.70316615645845,0.377044870031482,0.941597358323634,2.29306157719117,38.8260067922451
5.77139322186607,0.116264116679039,0.500385549385101,5.22512442638765,20.5572638526516
7.20244678637285,0.826705655041051,0.572333004092798,5.28618974824223,45.3428581826437
5.81081761560818,0.183748049620732,0.148206611629575,6.17036939520396,23.479122850661
3.98822044614749,0.181425148467579,0.0758237564004958,3.84364354755116,48.9240907669366
4.64510097803174,0.479700128526843,0.808993915561587,6.50038612737372,53.5185350110287
3.19506135152235,0.0269921995932236,0.0334841446019709,5.96738213611302,23.5953651876124
10.7439808324288,0.558463054211968,0.982955547515303,3.12870225699084,39.3489644592368
8.2669621978087,0.684068475352758,0.992746191332117,7.85503592611996,18.2025960730329
4.13176507130784,0.155790980090387,0.0622607313562185,7.43603029061128,29.8421917542914
3.52721721815042,0.0977762410184368,0.397424555849284,2.21456627112446,70.8181822137371
3.77520813210276,0.302150320251215,0.847782066557556,4.39973109867726,51.3839929015102
4.05956016720065,0.172293397248723,0.0732003003358841,5.91789647332693,36.9534720825016
0.615143370008926,0.0310006152139977,0.363145834533498,5.15023524489511,27.5078868096326
11.2930061241888,0.71621607867479,0.998101868433878,2.79958479776252,38.1181548515021
4.61069547083878,0.353639936609238,0.383356482954696,8.97395940898769,37.9532974668312
1.81233192712169,0.0464240072760731,0.0306768617592752,3.19866988515066,49.6964344574463
1.64707526962535,0.0199744535192599,0.626576733542606,1.4337383116801,53.2913386052879
3.07187177818977,0.0363002449739724,0.180358656682074,2.39707797951309,67.5782594993312
3.49413591925341,0.0369964424753562,0.345294330501929,2.76315338290914,37.2292240489435
4.08532663978937,0.0778340859105811,0.137631970224902,6.43986800800499,27.0507958115506
2.97226168004919,0.0123862170148641,0.655305224005133,4.11417940323092,27.5787285702869
0.968604599793639,0.00648991938214749,0.0115825310349464,5.52505640859749,38.4669353169302
8.46506473532429,1.12317882937597,0.294289644341916,4.70898389807488,61.1901967528292
8.96703434320845,0.382196566534644,0.712172016035765,2.39794855885249,54.1944282146342
2.2075318760073,0.137791246408597,0.584759188583121,5.2050612577635,46.272570239613
9.50895982783299,0.341723207606676,0.517786598065868,4.71796151108815,34.960508312505
2.46070848174893,0.116314343758859,0.472385929198936,4.34065947374852,43.129886652845
1.09149852210826,0.0227170760044828,0.0311961022671312,3.53940900124569,46.2172723799565
4.65969242362733,0.299466441840607,0.763808501651511,7.86892594584502,33.3151299002691
6.25783739052686,0.407949701115466,0.261467780917883,5.13173298606972,55.4658132207412
4.30853840956081,0.227221275083652,0.354535939404741,7.64518342302061,32.8446361540041
13.3703398791867,0.475462824550873,0.446208970621228,2.28799947898435,36.8942627384934
6.14603950795917,0.111930103506893,0.944478618446738,2.02723649815759,29.5560675553968
-0.819050968421157,0.00481162668598706,0.140083470148966,1.73397100467044,46.3728557440512
5.28248507363944,0.231559442345727,0.895871056243777,6.70419628110404,31.4068688184366
2.43982613704425,0.0294707083289206,0.677261274773628,1.78242733423145,52.9308222960118
3.14807151498573,0.0926929749548435,0.0796604696661234,9.78920085139285,35.669423093359
10.1655372494258,0.57678152012282,0.565057825762779,2.66428864420002,56.0016456245984
6.35154312373715,0.181751047127866,0.321042347466573,3.11518203491814,49.1877070053803
1.99381965751792,0.0892219736963264,0.187769352924079,7.2060822085962,32.648686442873
4.8684373970299,0.150552882696502,0.829073502449319,7.03164958913185,28.5425159063585
6.96194771183209,0.988965900124569,0.332402008585632,12.6090123790854,44.6601208067181
0.382703681959415,0.00119064508491347,0.0196588467806578,2.7769740145593,51.9847133630782
6.0790318431632,0.283128497180271,0.304274516180158,3.19378364163844,50.7022379843809
0.756634870486492,0.000869863648876658,0.469752649310976,3.04279549529919,32.4811814927571
4.02846131635348,0.069891595787322,0.179312634048983,5.46891880534576,25.1322966422476
9.08695816639425,0.862874254542303,0.483987817540765,7.74739759705978,33.3135745299125
1.86027326457016,0.06357769090175,0.560279976343736,3.61666400311445,40.653292514455
7.38126249192883,0.304080671154636,0.676128477556631,5.35683986926133,28.3630247300874
4.30610414565494,0.072812877362594,0.476023632101715,2.04346311274293,60.8304199855807
8.3476988492838,0.441294896395362,0.89952064701356,2.75590808178624,37.9779940427909
9.71259434201087,0.485177832634604,0.934996546711773,4.95305708580759,20.6412274660394
4.54367500318805,0.295006264714785,0.292055280180648,3.77327834974138,57.7890110817433
0.192195258389543,0.00549062261507435,0.144383839797229,2.17212915585406,42.1458226483159
6.1835766163948,0.404085529947138,0.630404407856986,3.6526933709761,50.0904282569033
9.01611934123423,0.223416198034513,0.734117656480521,3.34781005903883,24.7198447018255
5.66415885048738,0.091755818692036,0.3845930097159,3.3487027196506,39.7606214769967
4.21165484671786,0.047677205008758,0.882804367691278,1.84254863628789,51.3373000668722
8.03373291245897,1.11838955891536,0.335331453941762,16.5810279060017,28.6166309035653
5.7960741157112,0.100667300634086,0.299909974914044,2.51243870362678,34.4559561807247
8.27394802854595,0.333866410179737,0.588909088866785,2.18037881373809,49.402866289513
1.25336087527691,0.140843751840293,0.613159008556977,10.0069081136572,45.3659186083281
3.80829334403078,0.0396079713273021,0.561802011681721,5.75027092685932,23.4065131209242
-2.19524630728593,0.000838555744849145,0.401682499563321,1.32549859383503,35.6608150337259
3.3754197394098,0.1549033181509,0.694605054799467,6.07545373080747,27.2785707066941
2.76230474746759,0.160696441074833,0.561959626618773,3.54661418892019,72.9324634992159
-0.646340463374044,0.082891215919517,0.351450835587457,6.16251543825186,38.0835851358128
4.52867530534082,0.128922928241082,0.225165492622182,4.12775432321155,49.1642810545301
3.60638061516991,0.215591257660392,0.347682697698474,10.7096169627341,41.4767993838371
3.82906150778032,0.0370142826577649,0.144814564147964,4.99311886667018,35.0674498289494
0.0165442681473769,0.0012343742095146,0.00656653381884098,2.0519798105506,52.9830618986954
10.7970329218695,0.283422525961626,0.707697693724185,5.81533782585788,21.6646232519413
6.13591344660656,0.742039842489076,0.503812150796875,4.51860621009649,55.9181506945331
6.49325443104573,0.112930609844625,0.865582904079929,4.84338452044398,13.317223439369
4.35941861548807,0.0484239847928528,0.221063157776371,2.80784319667623,31.1622911327527
4.20159612113106,0.129558912012726,0.586777983698994,4.22461863832295,40.514498706547
8.53348642234899,0.418920974226153,0.991022734437138,3.61655706032105,31.6787283915707
0.207182360293853,0.0177477871035508,0.185808706795797,5.87160133163945,29.0525341351212
4.49670722397694,0.0398374834263556,0.560643271077424,2.53347780007025,35.9804820283544
7.20582937290999,0.201576866897497,0.446079862071201,2.1414816280912,62.1341899448551
1.01280870999504,0.0391002604737878,0.0152574735693634,2.11725178090189,58.5764060868228
0.341833940884798,0.0273444172926247,0.214565696660429,4.40118836553791,39.2181105293309
6.20381198648634,0.759245611116344,0.414861315861344,16.5114786039354,28.4188799541917
7.49919332918367,0.279532199249345,0.715918980073184,4.40490011179061,33.5660178841865
3.72785791447051,0.132552330731414,0.0665152862202376,5.22796516128025,39.5620861809891
2.08581294443136,0.0347220038529485,0.0553828177507967,5.576704742337,44.4610324375213
0.204824986361675,0.0278636520659344,0.195067606633529,5.05873034282245,35.3515833112112
0.170235832863486,0.00998683051688867,0.236873071175069,2.48711512097796,59.9472224009412
4.47440267855305,0.408600334057069,0.723816277226433,3.71427909054577,45.34956798636
9.05029372938626,0.502000711837268,0.886919307755306,3.39559410964514,46.8631417617824
8.5790684541007,0.509068398249751,0.934920219006017,3.31028502166411,33.1360845296127
1.49336999798584,0.119695977159271,0.719130947021767,2.7279037315147,61.7337616257236
1.70256606149412,0.01843270775126,0.52401065081358,1.37812629300464,73.5802808675004
6.18116420225392,0.322831601825285,0.870317054446787,3.30359081876253,46.1242794546353
3.25262587016491,0.0355320876872331,0.0919501504395157,2.12849959476274,49.4095557578051
0.982298155981175,0.0128319839714095,0.0160918952897191,2.85562833740366,49.7777856091553
8.19084662729882,0.760961847485348,0.861483841668814,5.21945035290811,34.0538213474208
7.91904956571197,0.504355276913798,0.816125586628914,3.67950835549481,42.4031227050826
7.05474738398791,0.200753946545276,0.549375453032553,5.53293463539975,23.1317330839263
4.34367167249848,0.278220339900556,0.755731235956773,9.15617476702483,34.726457095195
2.73717549698315,0.137990765622817,0.848505516536534,4.09938843454444,38.0645652918842
-0.197165834203833,0.000918103498406708,0.403913410846144,1.03250690285475,76.2316112114447
6.04482192170102,0.50471079207719,0.743118144571781,5.15479823524509,31.5556194753044
8.69645266999514,0.595636222014362,0.87684271694161,9.63064726823291,25.3081025783989
9.00108354086055,0.522723451972666,0.775694154202938,9.90219943898521,15.0908998498116
7.07933560647466,0.464180416872209,0.482582122320309,10.0268346247212,23.1192583567773
-0.872041517289922,0.00897843768630846,0.415164253441617,4.71399907103833,30.7477162732204
3.59468529141536,0.0944963373476639,0.0370323846582323,5.53283352691787,36.5605239910055
3.49925504917042,0.0572912242827588,0.637001123512164,4.92415093476403,36.241676578241
5.44425141837803,0.584769157195622,0.33111622557044,11.6679608582974,35.8709075162437
0.593692276600092,0.0132235715864226,0.0138257080689073,2.10219942636583,56.7816855074573
1.85557889053998,0.0231658491636252,0.779111177427694,3.08229382327335,52.0039165159335
0.199869878518356,0.0713515464449301,0.244233778910711,7.60340389710919,53.9442310346821
8.23632050813971,0.726316861766291,0.848025832790881,3.05615978966136,55.0250599941663
2.55049333472103,0.0536977689035838,0.214545431546867,4.92956576845718,35.531635346369
4.60591403111842,0.0517211258411407,0.830166742904112,2.45294514397095,43.9422016490329
2.48547755149516,0.00613993374544789,0.752797985915095,1.20427980099503,55.7985052790707
11.2920551503472,1.36732250118727,0.829230667324737,15.6246416026787,18.6312159462768
3.72036161124222,0.203106739176484,0.779359188862145,3.8841099164104,43.7977050894763
0.959757394973069,0.0470727146979345,0.590880520176142,2.70154546128692,67.9155136634846
6.4219233291965,0.431169319411224,0.656723698368296,5.98739165300066,29.1382917427729
4.9932370179595,0.498017429818815,0.729348685126752,3.75130162209057,67.1191501330026
4.74867958261729,0.0529924790953623,0.0601541234645993,4.0356665119618,36.5133142662448
4.87998171769049,0.0594623427605256,0.553508908720687,1.62238922770375,61.4396758730128
-0.0315572189592093,0.00283500231055074,0.309689560206607,2.68973102183383,53.4653133152409
2.89778232910745,0.138249030903795,0.345688821282238,4.81719140040642,58.1943332168487
1.60366559461453,0.0441335847135633,0.0193524919450283,2.63653657967153,88.9851611065755
5.77649666964582,0.268010792760321,0.805992756271735,7.64394267289236,17.9412332537502
5.51250199237217,0.101604865049012,0.746991171035916,1.87911314438092,50.0778914268136
3.86628630888749,0.183601313320257,0.915345669258386,9.98719409191595,25.060451375444
2.07225576463703,0.0219883871031925,0.346671427134424,2.3127345344155,51.6150575987865
6.75785691669371,0.405663650461888,0.257414007093757,3.43731822983654,55.8789661495503
9.02042735283571,0.378715051782733,0.985599376726896,3.98788360410953,18.63874702331
2.32064379435307,0.010797103631035,0.112480271141976,3.30839093459845,49.0609715516529
9.00965935234728,0.984685340378076,0.720372897107154,10.035707599292,22.5649528573196
1.11450480332026,0.00391715799923986,0.00179652334190905,2.0707580365825,52.772231994213
4.20413620736402,0.0376842647846547,0.0744945576880127,3.60338273590155,31.3300791796006
6.59397063473124,0.620295986035997,0.279624531278387,11.0812381642754,22.2274681568308
8.73137666867899,0.477647291941053,0.27433364582248,3.95328042791112,37.190840680073
4.25259558725369,0.400864034714759,0.575390840880573,8.33332181686306,44.709531377448
4.85165606701955,0.397759662454432,0.565051852259785,8.62371172365233,27.6357366486488
5.91166083905322,0.117972030653618,0.890857101185247,3.43268020855316,31.2758090147269
7.50898943092312,0.639314705464649,0.938333984697238,8.99817958587512,16.6903785450044
8.2749212751058,0.229525983323085,0.585413343273103,3.08361563380267,39.795446611864
4.17481822822308,0.272642164713445,0.821377499960363,3.40820235686165,54.1991358124414
4.47950935836574,0.490405797006047,0.433360402006656,8.78585065736026,39.4861560988062
8.98530070746554,0.199697060732845,0.545480504631996,3.55191227016615,35.2995457959769
0.258472005595356,0.0182436406612396,0.0410691904835403,3.55537775957927,51.126375750244
8.40647397176655,0.935754345211774,0.924129648599774,5.01405933238181,34.0238750743271
3.99537390431498,0.048767612199299,0.24046522541903,6.028944791204,27.8599771930116
2.2138276264557,0.0748090881163187,0.374144859379157,7.35711860116165,31.1426651334854
4.35628533930495,0.372155240496218,0.635879703098908,4.64958415656557,41.5721486120644
3.69447568145847,0.113032538443804,0.853219366632402,3.03224595320039,57.7042720266444
5.82858125823515,0.0784659114286976,0.559881207766011,2.33182591751913,30.0371115266241
7.85899830646369,0.366848194019353,0.989050487289205,3.51454597758714,26.7560906285743
2.60178420735003,0.0358408651590228,0.0267809275537729,6.89863767415549,22.0419822028572
4.36585289841344,0.0547989785602363,0.869963420554996,3.18143523713,27.9091869370585
4.18000815954978,0.324363115000281,0.474990813527256,8.54952024059514,29.7672063967203
7.24388039164389,0.138098150142469,0.80185750965029,1.61132765490102,30.2318534504963
4.55098364676509,0.0553273849654943,0.646252609556541,5.27888003422807,28.4313997599177
3.69513017271582,0.0665348112815991,0.129603322595358,4.06600078807041,38.619819505944
3.41092848887876,0.254104488984424,0.241151004564017,3.65151350304447,87.1332859928416
6.80190586469105,0.516298398354507,0.767817893065512,6.67798400410037,35.9016909408164
3.73788035831059,0.0450771634932607,0.542110068025067,4.04704749441431,33.9285258426833
4.68563749598513,0.0791599880636025,0.455694619566202,2.91521980242433,48.2187476579111
7.04696819288426,0.134577936376445,0.939462353242561,1.94225768675215,41.0647365096456
10.6529365181714,0.611588789584273,0.938921057386324,4.70665007365245,27.6630606570982
4.28120886321499,0.0606072755763307,0.369631411274895,4.57188488010451,26.1289701388332
4.89008179593657,0.0477238381920122,0.436802892480046,4.0102333453799,19.962108527828
7.25266428073,0.140116064809263,0.149407742079347,3.01080582092953,45.7250993660421
9.80153807032796,0.2944999942451,0.347821238916367,3.76554504364533,26.0893767577017
3.7623989335715,0.333309947735372,0.134417933644727,6.81363399670953,39.8187616262991
2.64090160597471,0.242749718705866,0.722653814358637,3.43949042983674,77.8827526504924
3.25004030102379,0.24386516282216,0.70360111980699,4.89080730713416,37.8979135469112
6.13257917169666,0.331081141241568,0.248020481783897,7.93716154880157,22.7183620943162
6.03471157861001,0.241270058777857,0.142871497897431,4.53446561444817,44.0770384059285
5.84098002428087,0.119231562595814,0.842612774576992,4.75007099833441,28.9556299792436
4.49055065445531,0.370776165721423,0.911496963351965,4.20226022655568,46.0205858287375
4.62353028636804,0.0883947646943852,0.877473773900419,3.1298707027651,45.861214823163
11.8651424844038,1.0273822149668,0.522822734666988,3.76276532402728,39.4654257766715
5.13483898393543,0.128594562760554,0.902798724826425,2.57721613696202,41.6854779084385
4.06902878294968,0.0501102640992031,0.579776735045016,4.0489985083496,32.4459613522639
6.29960647205967,0.537473029891187,0.993727626511827,3.76042086664635,35.186147992135
5.44855305823147,0.0662843368700288,0.333299936028197,4.49175062298918,18.4001402552123
4.6956724430368,0.177518997610671,0.920586100546643,2.3144735015859,37.3306591020156
6.13103960250876,0.343425568415526,0.729962394339964,2.98833803179276,39.111696569053
3.83161008132519,0.161918558413163,0.541105048265308,4.62746295158465,44.0762538241162
4.96301018769798,0.233203809882974,0.697340667713434,2.35610405897605,72.3647311400801
4.79714812949712,0.255149439432401,0.297383447410539,4.22364703936442,44.6341290296199
2.36431035369692,0.0261590736918151,0.699842882342637,4.00005344537637,37.7747605098958
2.25358810174293,0.0839677781332284,0.423350861761719,3.94790079027541,50.2953231896706
-0.78877037894453,0.0577835362602371,0.353433382930234,3.28974262363968,54.4303905921001
8.25465090812152,0.165737422009855,0.365772809134796,2.44467666463945,43.6704624905272
7.65262513048354,0.444478869417167,0.388100718613714,8.88634711172811,26.1030735192108
9.32122446011975,0.826115123885584,0.740799664054066,6.38528518253375,26.298679584503
3.93178819242257,0.0662679121596739,0.640227705938742,4.50083008592807,31.3739771004165
3.26095210524141,0.0240239648062988,0.557966903783381,1.09001720772177,71.5988783949129
7.30581439873875,0.192313707957356,0.402356806676835,4.78141003225816,28.6037696357743
3.48262393002585,0.202225541219789,0.612035862868652,3.54367909988677,63.8183327293359
14.5904093437679,0.367789158110923,0.892154127592221,5.64787502693342,14.2302444697791
8.9798794056738,0.60430388289147,0.6664779484272,4.47141161885908,29.1015295682716
5.39844299599022,0.0729740440146998,0.850451739970595,4.3632904795562,15.1042129896462
6.88416070338875,0.227568450054619,0.375320519320667,4.30350104247809,37.9685542713316
12.005374707619,1.32360331287705,0.517469963990152,6.98118234434554,50.7565143879722
7.12792360178129,0.537569922006545,0.96934820828028,4.11276482930918,30.506919777884
4.18956424839888,0.130114366766065,0.144730246160179,2.18954860699149,76.7097137199535
10.0740867653041,0.358503519348718,0.807710405439138,4.2794765313691,23.9584101533582
2.5555141105789,0.0233879642607992,0.368535078363493,1.72628880969025,68.3251482862484
6.41335815671976,0.7785520851192,0.353933986509219,12.0075899925994,29.9889782567311
