K:5
N:2000
Gap:0.274939348045174
Rho: 
1 0.8 0.45 0.2 -0.3
0.8 1 0.45 0.5 -0.1
0.45 0.45 1 0.1 -0.3
0.2 0.5 0.1 1 -0.5
-0.3 -0.1 -0.3 -0.5 1
X:
91,7,42,8.82899502098276,0.0129677893128246
93,9,31,5.46114475969347,0.519832629689431
28,5,23,6.75706913295479,0.930835043493301
83,5,39,7.29238869618919,0.000395042675695187
64,7,28,6.67721886845723,0.100980188324392
51,4,31,6.8593230050012,0.00456967826984917
73,4,34,3.92453607070505,0.00861250785768254
13,5,29,8.89577403434053,0.233325061843473
65,7,27,8.2984713698672,0.0922443822007539
70,6,28,5.95948578044909,0.0285080405227651
45,5,25,7.10917123032364,0.0654049532022327
71,7,26,10.0322662531065,0.0649468321353197
93,9,31,8.5096533758951,0.0594108981313184
25,2,24,4.9697072224275,0.0103890218306333
46,3,23,3.50652248110466,0.209363910420949
94,10,35,7.85214447192707,0.10751531762071
97,14,29,8.29670586026222,0.239871643134406
11,4,27,8.21866994736816,0.0383866883792177
47,7,35,9.09969440132845,0.0446202054530898
56,7,32,7.59394205574143,0.29659505233981
90,9,34,9.91976745924153,0.0597922953311354
13,2,26,4.89927384298734,0.105610190748946
98,7,35,1.33809779052497,0.22788249048213
94,11,32,5.73927000428638,0.189267446575942
8,3,29,7.84981531586191,0.15034564002417
51,4,30,4.44100445582612,0.0957033420775148
39,6,33,7.46632223712029,0.0485274555093906
90,6,28,6.68096073804602,0.0383732869522646
44,5,26,5.30590851023555,0.150060168118216
83,6,37,5.26507421857105,0.00913184785877322
73,5,28,4.58955114637452,0.0338398879393935
81,9,33,7.25946358270885,0.216975613253865
38,4,23,2.65810662710883,0.422542309833175
68,6,32,4.34082284306468,0.267294637382704
0,1,31,5.4663151083906,0.0224853242980316
83,5,25,2.33058923930867,0.121322713021148
0,1,29,6.16498254103269,0.0115538092795759
20,3,27,-0.151941702380668,0.819082818883372
90,10,36,11.336417935644,0.00957102980464697
61,4,24,-0.523632838559808,0.409242242758808
37,6,30,9.14959123089367,0.0484146857634187
43,6,25,8.87714068652323,0.0773531275335699
3,2,26,5.05570182193392,0.161855309619568
97,6,33,4.20821426711575,0.0907623999519274
43,6,28,3.16916535734981,0.546679629447097
95,6,31,4.68469161686429,0.0760875178966671
88,9,31,4.05478887743931,0.416999425013328
63,5,31,7.50181113870005,0.0346756321378052
97,9,42,9.18235300357738,0.00309649528935552
61,6,34,8.22553867788985,0.00465422787237912
33,5,25,3.7594047121995,1.53431775785031
34,3,28,-1.65083083214135,0.388394705464548
39,4,27,7.91207485034563,0.00942111244331186
78,8,35,10.3767110608671,0.105195232084952
3,2,31,1.52009066163713,0.239687962447035
74,8,33,5.52500843858618,0.427041404859579
67,4,25,5.07666510118748,0.119563354620968
17,3,26,2.20230649232868,0.588093229072327
26,3,33,6.41768025614708,0.0279137342004105
51,6,28,2.44563608407909,0.931993735435993
67,7,30,8.89570450234958,0.0988828735581725
98,8,28,4.9998960562843,0.13652461708989
75,4,26,4.49496757886001,0.0292310771319416
56,4,29,0.279525486346968,0.223685261550102
84,8,31,9.74103793098095,0.0173121542187446
18,2,30,6.44981641304487,0.0151797470171005
27,2,21,2.28907417643574,0.522955296864619
82,6,36,6.28824901654509,0.0380829311907291
69,5,34,7.24368157249629,0.0017054008387025
24,5,25,7.95784219702336,0.143308883765712
4,3,32,0.52313362662707,0.415358604600128
14,5,35,4.13154647459194,0.912412406358511
21,2,18,4.02517600334621,0.09506826242432
47,5,30,3.8034131440754,0.208037062537599
19,5,34,10.8329011283721,0.0512635379564017
71,5,36,3.10723137901697,0.192742748641151
0,1,23,6.98765768954211,0.0295635601505637
37,2,28,-0.29370006372496,0.260898366792801
51,7,34,8.49567735743482,0.239292582158428
0,0,18,4.81009553092918,0.035607112847069
58,4,27,2.22119448981584,0.0861987303942442
15,1,30,-1.63196499477867,0.365272027885026
35,4,23,3.39035049480264,0.407970869176551
64,5,29,2.13375860287641,0.208808848391029
77,7,26,7.7768897893768,0.0568582862601274
56,4,31,4.40513230829787,0.0206506211200297
23,2,29,-4.00704844972435,0.670517071584398
8,4,32,4.44136926325188,0.44695413855598
8,3,33,4.62175790824507,0.120031191659492
30,4,31,6.28109667902054,0.0548238862554928
66,6,32,1.39204418782538,0.265003786877471
0,2,29,-2.11484025861369,0.344725056540895
20,3,30,2.72350076526851,0.165640811552294
93,6,28,0.345296831772925,0.41487813645736
92,10,30,5.20512009486538,0.444237395023973
73,6,32,1.39619539879184,0.716531866225754
33,5,32,4.0457249727032,0.285204527190629
51,7,30,4.89652533292113,0.332212388970631
74,7,29,8.57914972487257,0.037647296761124
61,4,30,4.54579472890427,0.0756156944620287
62,4,35,1.9115709355807,0.077987689175643
21,2,29,2.95950244033142,0.0937922826269642
21,3,30,1.40734264195757,0.283116612805727
38,4,35,6.93030210140025,0.0210471217287704
94,7,34,1.66037490067476,0.197490153823721
96,12,31,11.451464551934,0.0379633588017896
73,5,37,-0.00860889182146352,0.194456519992143
73,7,36,6.72837074961396,0.0192054636859901
53,4,29,0.331575321834111,0.763129064094835
0,1,29,5.78004542137251,0.0586130948504433
60,4,33,3.2308788917345,0.153627254185267
83,9,29,4.46328547165834,0.412504629210985
75,4,36,2.08133062116418,0.159939174889587
45,6,36,6.44190193560784,0.277195233582058
53,6,32,2.94429534860654,0.409093551348796
53,4,34,3.74479980836478,0.0465994549449533
0,3,32,6.33181295926786,0.26499381694924
35,3,35,1.99245446964756,0.0896062524989247
61,5,35,5.91303010590741,0.0212124714997194
82,6,26,3.91944588241375,0.150265984004363
35,2,30,1.33087258065994,0.209589029186147
41,3,23,-0.842907678344523,1.13379094463991
57,8,27,5.19941041790363,0.620807484226459
58,5,29,1.65584130654841,0.347144326002697
71,6,30,4.02657438074305,0.371808508390045
39,6,24,8.36072455517301,0.356202864596914
91,8,32,7.29601105722401,0.220964469337914
96,9,38,6.5084942055083,0.163364539621398
23,6,30,3.55827674784076,1.46701365328374
72,4,30,4.64998790864199,0.0355998643208295
90,9,36,8.30153427361374,0.0571819681208581
60,5,35,1.94179002048018,0.0729305072454736
63,4,32,1.90953766248818,0.0510269303340465
93,8,28,7.21115303118328,0.035660086196609
85,8,28,4.93261444084769,0.255149034310925
57,5,27,1.40106072999809,0.367821554453633
82,6,38,8.31521335581554,0.0117095554014668
11,5,34,9.19561348274037,0.0485966176403664
76,6,25,9.67219517804417,0.1168270658236
62,5,33,6.7560330492038,0.00993663887493312
14,4,22,3.35575566298592,0.686387639926905
8,2,29,5.25099356784973,0.137115012854338
46,5,25,6.13401085011068,0.231913732723428
77,5,27,3.72898766349174,0.0334436089203078
73,5,28,5.81779160544679,0.101368033909239
81,7,29,4.86746273029872,0.240756169741687
17,4,35,3.61422412658122,0.25275956558876
94,7,32,8.58660787276328,0.0547483678674325
29,5,29,6.66585124422428,0.359644951335312
14,4,24,6.05683828146484,0.210438262195069
71,7,30,3.93644096470402,0.359649343210616
32,3,29,1.44339055890637,0.30144336259805
77,5,34,3.18457106077621,0.0520760115547731
39,6,30,11.0269617119848,0.0145882852375507
67,4,24,3.91671505004782,0.27402774709158
77,7,28,9.64331372700216,0.183858053748238
18,2,28,-0.272789508146841,0.74106364693017
2,3,22,3.22078383370913,1.13944375974344
13,5,29,9.49460860333427,0.066422576433979
68,7,31,6.19567823030918,0.348028745015568
93,8,38,4.14167932762805,0.375846945659673
55,5,27,7.80833097008804,0.0383190178545192
60,5,32,8.01616088125633,0.014464104315266
19,3,24,6.8490618747004,0.151639953488484
53,5,26,1.01239620127683,0.612877823006988
17,4,33,6.24602304664925,0.100743022863753
45,5,32,3.30864994963176,0.288710074488747
31,4,25,6.54662453810212,0.348081554730839
11,2,21,2.16262035365173,0.690018101098174
18,5,33,7.00469937461915,0.198516551394689
72,7,31,7.04724370405216,0.141161743900739
41,6,29,5.48584916611933,0.160041896044277
41,5,34,1.37096277568657,0.27615759683654
48,3,23,6.13851338950137,0.111756958259467
42,7,30,6.70387466561857,0.566568423496717
13,3,33,5.66443425385412,0.169790167477913
82,8,28,7.39116800564462,0.123071900568902
59,7,26,5.20125397558137,0.336171395134854
79,5,28,-1.27398482066462,0.384395629612213
76,9,43,10.087681394979,0.0283605031430076
91,6,35,-0.44720036597265,0.347165881591684
86,10,28,11.1211280128749,0.232929586189541
31,2,33,5.66630611705103,0.0549159506335855
25,5,24,9.46052576292808,0.189893461691391
74,5,26,1.59949343255271,0.383032999799207
74,8,34,8.93875346196306,0.029945723246783
91,7,30,8.44834615942278,0.0700101333204657
79,6,32,5.40872447922521,0.0549421128816903
13,4,30,2.85121035090492,0.429514721014953
28,2,22,-0.00918832517301293,0.495287148726589
19,2,31,4.28182958356297,0.111132039921358
78,7,41,7.13379303736384,0.0243636315804982
12,2,25,5.94090029996049,0.0493905674666166
12,2,30,4.23067101706979,0.32330498866618
7,3,31,3.25657397241954,0.17042322398629
5,3,30,2.39251088682114,0.340664556239474
53,6,37,5.91348886723495,0.138720891438425
11,2,24,2.29171179211142,0.181917580838942
74,7,33,3.24064473406392,0.578637602241868
73,5,31,3.14653716070439,0.0592369572259486
88,6,39,4.94090474635211,0.00190760591067374
51,4,27,4.3441588409522,0.0546068212715909
85,5,29,-0.369668765361259,0.17932452246607
44,3,25,3.9352619677992,0.334581475694406
15,1,21,3.14606047738388,0.340991442779753
44,3,21,3.91917161099896,0.0595592364760358
96,8,28,10.4803917722498,0.00719191517385314
48,5,31,5.76942835534802,0.0457638732800013
25,2,21,4.91670051612634,0.097561115748249
25,5,33,6.62471882233206,0.284492402326989
54,5,37,4.27191374757245,0.123324873973615
64,4,28,4.92612818494855,0.0207329293480143
33,3,25,0.0287774584860339,0.332222270840241
6,1,30,-1.75946685175969,0.543449563729826
45,4,23,3.19267742900303,0.454291706883764
83,7,28,5.66404895321137,0.48141717489571
57,4,24,3.2028221942469,0.401093538058627
35,6,31,9.70568200734925,0.103444224638137
54,6,30,8.5275257244117,0.053389706653775
89,8,36,7.32267857384712,0.103937854734988
48,6,31,2.65031897920171,1.02000103280285
17,4,31,2.88292353638903,0.200031417721192
54,4,28,3.39665307838646,0.180871283857825
96,12,43,11.010003735299,0.00607259059324861
31,2,32,-1.8390321599634,0.491061267887658
82,10,37,13.5579548242249,0.0102035468521026
30,5,29,6.93651050637108,0.336188202247697
18,3,25,7.51739225893482,0.137453780396541
4,3,23,3.96154334208764,0.729970056521607
24,2,34,5.3835373557222,0.00926139438174214
35,3,32,7.03022924332789,0.0463832842825184
15,2,26,4.74569397515542,0.0270632972453022
30,4,29,7.15500048688229,0.0435159724438563
1,3,25,5.6024928532261,0.33299598818526
99,8,36,4.26776916039399,0.230196100416336
80,8,39,2.82254200936928,0.32900799041495
8,3,21,4.99874900773641,0.577276842171484
86,6,33,0.941554855819931,0.314436637320298
55,7,29,9.07953803004773,0.266396609822962
42,6,32,5.21966469894046,0.35646710496158
6,4,23,7.93719422159615,0.234401958751234
56,5,29,8.33979087008302,0.0313498957629658
7,2,28,6.11836974689682,0.273490299195008
21,4,30,6.15555360673712,0.282794220336018
54,6,31,7.18596774525926,0.189458750884948
48,5,32,2.44342935946519,0.352234851375903
15,4,31,2.28795015652526,0.935507242980987
14,4,28,7.80083189440855,0.171377165592276
49,5,27,5.27402556014048,0.0982534138623306
94,8,29,9.66828626056022,0.0549273315118626
33,5,26,2.48590638703329,0.921352782699853
18,3,28,4.24357714740711,0.0514920764835551
26,4,35,2.41188384758709,0.283334817261177
53,6,27,4.61250118998886,0.287270162011239
2,3,18,7.93554201923181,0.152726883767173
79,6,31,1.86541698737671,0.259433292047087
11,4,28,8.12455827574545,0.249939351797777
53,6,33,9.4866968621435,0.0118014929614898
57,4,33,5.89156789129283,0.0758958258147841
61,7,32,8.23020866296756,0.0569492472693408
71,5,36,6.33095730251985,0.00136024062521756
12,1,31,0.513601930120736,0.277346088540483
31,3,29,5.63166137839505,0.0898368355119601
94,7,40,6.56802446980604,0.00143149434200436
50,5,29,7.2969629629084,0.168330989545211
13,3,24,8.25302503157968,0.113481960259378
86,7,32,2.2353845347988,0.625226160945529
20,4,26,5.35588090910804,0.428075359181917
92,7,33,8.83368539934259,0.0573816036339849
88,9,32,4.72968559752043,0.529315003628069
13,3,30,0.70128276454977,1.16254603577064
78,5,25,6.50320973639082,0.091967344051227
45,4,34,4.73524802168386,0.115175604471005
13,4,28,5.45678755105601,0.35485937304557
88,7,39,2.21203130904475,0.320225360792804
33,6,27,4.25166679133928,0.851151779252005
31,6,31,10.7960425047548,0.0208164340816573
40,5,35,1.76651997515983,0.284498663551112
47,5,26,4.35313479104675,0.812834639060211
36,3,30,6.27473402899738,0.0532765449024737
46,6,24,10.7012995955855,0.13310820876627
4,3,28,0.707657726479644,1.42060255623403
18,4,32,6.37896675967142,0.144471102510579
98,10,29,7.15629908986692,0.19522993521646
32,3,31,6.70197767873144,0.02820913575124
17,5,34,4.94210492425666,0.659993324779655
48,4,32,3.44165699280469,0.193279115369928
1,1,21,6.16958514530865,0.149693208630197
33,3,33,3.59992441787575,0.0335259513230994
2,3,25,2.51446310017472,1.15827656877068
86,7,34,3.01465079419554,0.155405441188861
73,5,26,7.4593616678519,0.0277708646524432
31,2,29,0.0812378098809878,0.338825845149088
38,4,26,7.06502544030899,0.0524152966681868
33,5,29,9.13833504079753,0.0849995809840038
8,4,24,5.15015912219826,0.546829653508277
75,7,29,10.2784231325105,0.0347689527552575
60,7,28,4.81409811695035,0.466576819752759
14,2,22,3.02138990692369,0.370725390480316
3,3,32,5.67222907166601,0.110883161272987
48,6,27,6.19801532537203,0.19013645048176
44,3,29,-1.70060792787359,0.591883945809557
6,2,31,0.462075316424206,0.542303765851058
32,5,22,9.65268076102308,0.106791642001669
87,9,39,8.19307489764079,0.0917505985125899
93,7,27,3.07223521569926,0.512154305332756
39,3,29,5.82860172989034,0.0127530887263019
15,5,27,9.97484246675095,0.230347650122462
31,5,26,10.6114187058485,0.155578227480873
30,4,34,6.69174467084428,0.0466787326907482
10,2,30,4.47017157033124,0.0350902333758202
97,7,35,5.86414669532085,0.0203619598178193
49,3,35,-2.33711954864924,0.581098329264064
9,2,20,3.73405550253565,0.180566018203947
21,5,29,3.8057568683604,0.87726176292041
93,11,31,7.26946506971207,0.413972571471191
29,4,32,5.11307598496409,0.221158318443897
65,8,30,9.49658504651437,0.215004882081003
90,6,30,0.672351789635793,0.14011609822046
99,7,28,6.61044420214603,0.0391691408585757
43,5,31,8.47875181460494,0.00757705455180258
39,4,23,3.12003776740778,0.362317866761992
14,3,26,3.32606396560789,0.413927323126131
27,4,27,8.73203721493168,0.108664487022907
56,5,33,3.12900290714595,0.37715785296396
93,9,28,5.51659210674592,0.619673160338932
35,3,25,3.82780994033192,0.137426126399077
84,9,35,7.45860782988275,0.0680444230092689
72,5,28,1.33621800930015,0.479677807053036
75,4,26,6.70448824855955,0.0679658000234519
92,9,29,10.4206069007984,0.108130232896656
0,2,23,0.963915447822468,0.82342896792562
16,2,20,2.97543128225034,0.157528381794691
39,6,36,10.4083042448367,0.0540392402326688
67,7,30,10.2067800705756,0.106130857835524
48,6,28,7.7654497840052,0.292926707061681
53,5,28,5.14607464721197,0.310190807318989
31,6,28,11.3175853301905,0.161581148742698
81,5,35,6.07188369684369,0.00230427205546014
29,2,30,5.28511573258701,0.0150046310442444
40,3,34,1.1553132974766,0.203529724772483
9,2,21,2.19714197128732,0.785273728850198
79,7,32,4.7757257286266,0.245249379415739
35,2,29,5.23265547044207,0.0191354878069388
4,4,29,9.65152171018959,0.0251152831612295
4,4,34,9.39177860532024,0.0349682449582095
95,6,37,6.48831145410379,0.000743894255720079
37,3,25,8.04405920040962,0.0720649010036141
80,7,32,3.23484033417771,0.323077365512702
91,6,30,2.30247620084269,0.0826681354186698
44,3,24,3.36191560071884,0.316249404324892
57,4,25,6.49744421697962,0.0513354206376789
7,4,33,6.21018213008642,0.186765924784097
16,3,33,1.17341886174328,0.735262848394823
73,5,34,3.4592052801535,0.0491810613204072
47,6,32,9.99088336306333,0.0341355286326032
68,6,27,4.65776516615186,0.116503460681997
95,10,37,8.43245472254377,0.212822590333512
49,6,35,5.88801658451777,0.0665251376340166
47,4,33,7.76922867913019,0.0651794114382938
56,6,27,1.99313598270763,0.528361170254279
65,8,27,5.80317493286857,0.686701153839165
27,4,34,5.69246767644518,0.169086936744861
97,11,39,10.1130741787692,0.07729252288118
64,7,33,9.94684192543668,0.0127122150734067
58,4,33,5.33708785506465,0.0168529943330213
61,5,33,-0.140423907115716,0.292994254491034
92,6,28,7.56095634340524,0.0175187803106382
39,4,30,5.09961670670211,0.0462192335398868
28,4,25,6.80591494474011,0.0945712057873607
9,4,26,8.39744860520374,0.235097935645583
32,6,32,5.57706828775194,0.201235112025145
75,6,33,7.00287339431809,0.0647515178405477
10,2,32,5.29297533771932,0.0452920606611135
71,5,28,2.00070337491407,0.207568876900452
96,9,34,5.96887962268845,0.115470206830651
20,3,26,7.06865375201491,0.0823003308614716
10,5,32,7.45703665584935,0.336273649464104
5,2,24,2.49220187343009,0.401656358947462
82,7,31,3.06606702053888,0.490918832344419
58,6,35,6.0529794171328,0.0898219235241413
47,4,22,1.77395078992711,0.441622682360417
36,5,35,1.41996885958134,0.44296894034133
28,6,29,9.84435925815764,0.23262088520741
59,6,30,6.33471773881432,0.23513449098796
81,7,32,7.2733769404254,0.113848551758565
9,2,30,-0.67479431580036,0.484323931836939
96,10,37,8.07957454620805,0.202756312279548
16,2,34,3.80738349560988,0.137008496676572
8,3,28,5.4639850449088,0.333658155974674
86,9,31,10.1457704180238,0.0747704652603716
52,5,26,8.6528908813101,0.0521566011391998
65,7,29,5.19776040315282,0.607400728323254
22,3,25,-0.636651915281686,0.76517046797545
72,9,34,8.08990649107718,0.0985044481838353
49,6,32,4.59395303074427,0.46663195172087
96,6,34,-0.361169321890722,0.154664293979295
90,6,28,2.03265662163422,0.284515894473273
55,4,30,4.17841274523315,0.10626628553407
7,1,29,1.40897514207786,0.38454561352492
2,3,19,8.26687921425217,0.374647788682437
51,5,35,1.03788520041359,0.640022349045937
63,8,29,10.3695004607783,0.0428930088024819
41,5,34,8.49521336025369,0.0234747303184122
87,7,33,7.7972555593398,0.063117686775513
10,4,28,8.43043468084018,0.0832163505453929
98,10,37,7.16348431955091,0.0856049645226449
26,5,25,3.7760275715969,0.357735147213048
8,3,30,3.15847120302112,0.464992554831762
38,3,24,3.46550222545221,0.147534579737112
12,3,32,3.02320060928091,0.178000402483201
58,5,35,5.3915515088705,0.20177879439548
24,3,22,-0.412290182494092,0.72567099514873
72,8,30,6.21095249575288,0.193631454891562
14,2,33,0.647148843885047,0.129940349026583
15,5,34,9.01483034683519,0.236296389008614
25,4,21,4.31508979784838,0.352213158326472
77,5,36,1.54687956562529,0.15705377375707
42,6,30,7.38402559863279,0.299894121232185
6,2,27,4.55486127395602,0.215489509870386
11,4,21,10.4947954098822,0.308259848494756
48,7,28,13.3404811846651,0.0503758715931326
97,6,27,6.34849497114728,0.0428911083145067
81,8,27,11.0767878862971,0.0877823467599228
54,6,26,6.51671179861869,0.398831331803947
7,3,32,8.69165554942724,0.176820855111557
46,3,28,4.59787471250733,0.0771524790907279
33,3,28,7.64307197884044,0.011671543699997
68,8,35,4.36932321361762,0.863409353378129
51,4,36,-0.356773709339114,0.440259769537902
51,7,26,5.31284363579487,1.36888724232191
54,7,37,3.95094048359704,0.151117773610167
44,4,33,6.50425863856019,0.0641902398783714
8,5,33,10.6957588348081,0.0601851786486804
93,6,37,2.70891982531532,0.0344135629711673
1,4,24,3.33303740609157,0.459142134969539
41,3,34,5.86728168410408,0.0546699671540409
22,4,28,5.36625876449874,0.230532423022886
9,3,31,7.00368393590179,0.114608631491843
48,4,33,6.23715763918632,0.0142481740331277
65,7,33,7.36132303740477,0.196309641458768
92,5,27,7.29369090729959,0.0160381734875516
36,5,31,7.03232199542018,0.376387959790832
85,8,37,9.8178502937214,0.00793117582728553
30,2,22,6.03012335264274,0.00897240685299039
46,7,35,11.1625530263211,0.00545019714627415
14,4,25,7.82587610087383,0.241729842775422
80,6,27,4.55174526817792,0.137336478219368
66,4,28,5.47882631641142,0.0040660718209051
6,1,21,3.23840411599439,0.153343226877041
43,6,33,4.55952532498973,0.196030484269115
39,4,25,7.99161269226459,0.0279697398162946
69,9,31,5.80403504355027,1.05769476008819
65,7,35,10.3177126484225,0.015115431160666
40,3,33,0.489048293408882,0.491596579065031
30,6,23,10.3989089446597,0.0953138827489077
25,5,29,5.54805275880609,0.302160749434236
67,8,27,12.3646021361943,0.0708910961738881
89,7,31,7.10499527676209,0.0854293607408181
84,7,28,2.8990710884078,0.643720197220014
39,3,21,1.01457995470826,0.288950990176502
7,2,24,7.23662111908435,0.126396101200953
82,10,32,6.36125376714228,0.185267841200087
7,1,28,4.0642926657518,0.0460949641419575
11,1,15,4.94758538399195,0.151834790827706
63,5,32,1.05612649389781,0.371690493056035
32,3,33,0.0456186969692425,0.159807600779459
18,2,31,-0.305486645845007,0.406303139398724
39,6,34,9.28776220380523,0.0884337349561974
86,10,28,4.90980424070689,0.619470639588469
34,4,34,6.19533658303886,0.0977968227816746
0,2,26,3.89079447805652,0.288701232279393
91,8,37,9.21921538277244,0.0538353213341907
95,6,37,3.82613072998051,0.0264669496199285
49,3,29,2.82630955467548,0.0579356409143656
46,7,32,9.72484788175347,0.104435135610402
59,8,34,11.8519680794705,0.0923471563728526
90,9,29,10.8392846687529,0.156216144678183
17,3,29,7.34606168271948,0.0741986479510187
78,6,27,2.10805525653329,0.275695981680158
23,5,33,8.58616908302422,0.129775192355737
57,7,29,7.34689523991344,0.0716910639312118
84,7,41,1.40252462231836,0.418159940724677
13,2,28,1.30686660318994,0.51899272573874
89,5,38,7.05306089328653,0.00853457383796294
45,5,36,4.44974980422158,0.112271067569964
89,6,27,5.59832226937882,0.0856663095701795
24,5,29,6.79536315047349,0.141554685309529
8,2,30,6.38787514483605,0.0582957194419578
4,3,28,7.12109626045835,0.356105370891696
97,10,38,10.5657924473648,0.0417302066593041
48,4,28,5.61219462132676,0.015135113382712
84,9,41,8.009363879997,0.0957979543600231
41,3,32,2.56573002393708,0.153992536128499
48,5,28,5.84755768331796,0.188716358960348
18,3,30,6.11021372062076,0.138144769073555
75,6,33,5.06897100804967,0.132592531270348
30,4,35,8.11366116604378,0.0479176499134659
16,3,29,2.76235704272637,0.224474292005155
3,4,25,8.64723446156588,0.625118695633644
13,4,26,7.93316344953364,0.253362806045319
17,4,32,4.28183152696176,0.330214652687985
51,4,30,0.393594259790444,0.21982294483685
81,9,31,5.94466027759884,0.585828252570862
11,2,30,1.90434228874909,0.206677204453129
89,6,35,-0.715710857589521,0.124625023920089
57,6,35,10.1412298738202,0.0438905999762937
14,4,23,4.05492463110379,0.519502792952067
90,7,35,8.806436863394,0.0265251051168889
25,2,30,4.54826589629213,0.147887992789038
15,2,30,6.32967824572036,0.00935216265583945
76,5,31,5.43980686226092,0.135001409100369
23,3,24,7.2420088813758,0.0409246600465849
30,4,22,9.4664261255341,0.0620811179359572
51,6,35,7.81275598461814,0.194050367445427
33,3,24,0.742088717618898,0.931685009453088
15,4,24,7.03234173976016,0.14169946743641
26,4,22,4.13482285195207,0.550789670662932
35,3,20,1.35484716102205,0.26523943459495
57,4,29,2.17103654522079,0.481533290797329
80,10,30,6.85526345515702,0.844449385174953
93,8,36,3.8649460853651,0.16539865010418
83,7,28,3.37341424140551,0.200088277215812
12,3,30,3.86050821760252,0.255822623328064
64,4,29,-0.495876442403668,0.115368987084366
69,5,29,3.13043024472382,0.0587235623970628
3,1,30,3.00830290729785,0.101298816502094
92,10,35,7.36485053990992,0.281204755873162
47,5,30,7.61031421970094,0.123574331053533
26,4,24,4.46761987787051,0.282965239825401
85,8,31,12.0582200870911,0.0195877863685277
22,3,27,7.41560433850093,0.0658449766970722
79,8,41,6.36166817415851,0.135820815223269
64,5,26,7.17393412803026,0.03864155146026
42,5,36,2.9734827455033,0.13827306847088
9,1,32,3.33058590529365,0.0146227956283838
0,2,33,0.420501399710759,0.183426022931059
53,7,34,6.69255090509822,0.350945006733099
52,4,34,3.19965033502665,0.0448462517898506
21,2,26,2.81483414116596,0.391047225312746
71,6,34,8.028867503974,0.0328391204820946
96,7,32,6.54333153645927,0.0128596957074478
51,3,35,2.42676922709436,0.0296173262528354
17,4,35,7.9014219419788,0.237625826838169
56,5,29,6.86305814656988,0.0121013960241401
75,8,36,5.67366134528313,0.0930912008043379
66,8,30,7.94601037890881,0.0761760505847633
22,4,27,8.321720644796,0.189809542138803
34,4,30,4.88905919258786,0.18072519613311
31,3,33,-1.6330653088233,0.669047750966781
90,8,41,3.94085694781656,0.0790261699585244
19,3,30,3.95115736583518,0.448082376250482
68,5,27,6.37997639117385,0.0237127862637863
13,2,29,0.440642437196315,0.499792425872243
10,2,27,1.31400811378932,0.323627400434318
9,4,24,2.58989931055516,0.802974894521195
91,11,37,5.08936554871822,0.532221083963448
27,6,33,5.95489453563765,0.279554057825359
88,5,36,5.98047799819485,0.00062603410333395
77,6,32,4.65462154205832,0.200173717214468
79,6,34,1.41041735963331,0.378575296585864
20,6,31,4.75172943561633,1.15966340613769
4,1,30,5.38073938830344,0.0660888558131285
3,4,29,8.2851697741567,0.0869545976165682
28,2,29,2.63549295132995,0.111226143082604
34,4,35,5.80604202393537,0.0132581968791783
73,6,28,4.39053013470554,0.411947763038284
25,2,20,4.14652862595555,0.301047408709976
51,4,26,1.11150566039736,0.299335015927184
75,7,39,5.52924129798872,0.0335675348160448
63,5,29,6.39024347524345,0.0102244440931827
20,5,28,2.82362746167298,1.23846517169947
99,6,31,3.6777959017513,0.0453403366263956
0,2,25,1.66107949449379,0.526946434264912
20,5,25,5.54212696773972,0.377131308407939
63,4,29,3.91042742352261,0.0593058695633648
1,2,30,0.0241425474608139,0.950291359278947
2,2,17,3.33552892428979,0.242669191206043
60,6,30,8.89348751577903,0.178112681944597
57,5,33,3.80771540014657,0.166204359967507
24,4,28,4.05436785735554,0.453952723627395
91,11,32,15.1927628613953,0.114875672967173
67,8,37,9.74493679536593,0.0217809753958136
64,4,36,3.143181763128,0.133131428039633
20,5,25,9.01334696479486,0.240465464292768
48,4,36,-0.552634662290428,0.194320386221069
98,9,42,4.5029416127385,0.248683154106814
99,9,28,9.66674415836397,0.0420255939243361
45,3,24,-0.417246370360814,0.68112108899855
71,8,39,6.61691345698147,0.0387832399727706
31,5,35,3.60015209703618,0.54081480807268
83,7,26,2.42251542791924,0.23643198305622
43,7,38,3.34560268746518,0.765996478455973
99,14,28,14.6903817684206,0.0561953752203001
80,7,35,6.32982734203953,0.035509520326741
48,5,26,7.51052418876671,0.0899429987184703
53,7,36,6.16728522476454,0.116562215326241
34,2,30,1.04665305253575,0.338246637944806
5,2,26,1.6183334978249,0.243736168359149
45,5,29,2.42748824032965,0.405029447871071
49,3,30,-1.27656214638166,0.582426687205368
28,5,26,4.04576759176196,1.05439913570782
77,6,28,7.3452440623452,0.00949731946457177
30,4,34,4.59423880763237,0.121465707266663
51,5,32,6.71613494436192,0.167549012810923
47,3,31,-1.83243630137514,0.225451057066326
76,5,25,1.73230713444346,0.705847572493267
16,3,21,7.87089004518954,0.0590983846632568
44,4,25,1.39015677112649,0.24305045743354
52,3,24,5.54531576846426,0.0708727168384939
47,5,29,6.71645576633797,0.254845717911351
52,5,28,6.3826511211351,0.170326773193665
68,7,38,5.17023084418532,0.159846121096052
35,6,29,11.8303226345164,0.0763179123168811
83,7,27,5.5605007031284,0.405746769604689
92,5,28,2.72560136137937,0.310607824929732
10,1,24,3.37079470775722,0.297236848844889
20,4,27,1.14159877687215,0.657938338994278
48,6,37,5.3807914401516,0.151614621048793
32,6,35,6.78091819988902,0.517733570632941
47,3,27,-1.51533666464297,0.283160025941882
58,5,36,2.75767430064296,0.310936283309686
22,4,34,1.34580366789916,0.43319539469841
73,7,34,5.62168287911154,0.131730252760462
15,5,22,3.38613793661469,1.04304112528014
69,5,37,6.67553522414879,0.00102644052822143
26,4,23,1.90226784112313,0.775416441219759
42,6,37,9.07185429709528,0.0197923701489344
72,7,35,4.20441600229901,0.159791156416759
47,4,27,3.64668831428067,0.257774726244363
33,6,23,5.293326597169,0.423428470713502
24,2,25,-2.17911152136963,0.405351935035076
21,4,27,6.43695623126295,0.253254208470437
24,3,33,-0.514056692179043,0.534336831854814
56,6,32,6.82741114606658,0.0862199243856594
71,6,37,2.28385929851387,0.120196352541374
10,3,24,8.49813392704661,0.264904630176311
51,6,36,3.24286269657901,0.391383095157749
85,8,28,4.1038214712492,0.321815517254847
71,7,40,5.92437597241417,0.0331967432284728
31,4,29,1.02393148682732,1.1181938702354
11,4,27,6.64821544709129,0.471612917703992
57,7,32,3.66485572625259,0.292151227675662
83,7,38,8.38820267602935,0.00612101727165282
52,7,38,5.50281025176816,0.253619854049425
69,8,29,11.3572438992516,0.1054418515414
49,3,36,0.947980115685247,0.176378566539454
35,5,25,5.94044729338917,0.21386800938167
96,6,35,-0.0372735815166934,0.415828509234164
92,9,28,6.75038956447473,0.12821572413668
20,5,25,4.77894468248314,1.26476761365408
95,9,38,6.90794644733786,0.0870003669988364
87,7,28,3.64336109306332,0.131889165029861
69,5,35,3.71360297770435,0.146928422967903
51,6,28,5.65936640339498,0.305346698024052
48,7,28,6.78110339898767,0.663460735665792
20,3,27,7.10192753182687,0.086953220074065
10,4,26,3.63768822037314,0.468779364114112
47,7,24,7.56363057401835,0.294997773355547
31,6,36,5.87433972995554,0.15682644455228
77,6,36,1.23123971539066,0.314968994153302
90,9,30,11.4385929359713,0.118772943387739
33,5,31,6.77332278122152,0.276636952058154
82,8,27,7.53801898047831,0.180508820566143
22,5,33,3.98961527488373,0.927244565675423
76,5,27,6.92715667296109,0.0401363718961727
56,3,36,0.609102237145045,0.0880684023723006
42,5,28,5.24599265479167,0.132073347573169
83,7,27,8.05973712273446,0.0515073029091582
28,3,34,3.31573585295819,0.100659600228668
47,3,23,2.89589791380522,0.285817781452763
78,7,33,7.29364008984401,0.0314607152249664
8,4,32,2.50713556642632,0.817936126313626
39,5,34,3.63390238315691,0.487393497934049
9,3,22,9.41847265872445,0.0614247320918366
13,3,28,7.40502686436984,0.0374381177931797
22,2,27,0.338024651062915,0.308525201388377
27,2,28,2.42277329026002,0.124744867091067
29,4,28,3.01754206481833,0.824828659378528
37,3,29,-0.361251235385837,0.231969394710589
49,4,28,6.14903911498974,0.0391534324469376
87,5,29,4.13846424112476,0.172635865281336
74,4,25,4.91697552315908,0.0230856155158102
95,6,28,6.32261590682256,0.00548484140886774
33,3,35,1.58727871536704,0.170221041189507
82,6,34,1.91157511560775,0.331686744223091
13,4,32,6.13089120224554,0.151711740880273
12,2,22,1.45537474126753,0.395343325288684
72,6,33,5.8052113557145,0.206458813965994
54,5,30,4.26970062980282,0.152835862245411
60,4,37,3.23307628502735,0.0658982350723818
12,2,25,2.49937961837357,0.160012379288673
87,8,30,6.79994779337889,0.0602088179439306
84,5,29,5.58487812032167,0.0112331013660878
4,2,31,1.49484225799325,0.177709246509451
70,8,33,8.29362731921733,0.0502621687084864
53,7,36,7.13361371165029,0.133461063727736
94,7,35,2.57720122827039,0.328885592044073
91,7,27,9.22600949668727,0.00393706583417952
45,3,32,5.05981209263701,0.0538197224618391
76,9,35,7.24184997885341,0.161579430568963
50,4,30,2.793342038641,0.0986553630791605
20,4,27,6.53641699736699,0.464715036542571
71,6,32,1.87691220018669,0.158444341504946
76,6,36,0.967815115362537,0.500983251237726
70,8,31,4.59871109051257,0.474552440901703
19,5,22,4.7692801093802,0.79702482554586
29,6,31,5.94396416143178,0.698352799823895
32,5,26,7.16351390329212,0.278382941837165
57,4,25,0.250772759590536,0.382990537655956
88,6,38,5.15951688560156,0.0513930740999058
87,7,37,4.86491585361818,0.0506869449617849
38,5,35,4.55400755034993,0.124362367670983
73,6,31,3.91732389920169,0.108103765523992
79,6,33,6.56625977162075,0.0399532205206207
72,6,30,4.76189546464751,0.0640544622235837
38,4,23,2.58071915749274,0.381575363079086
29,3,34,6.45874958778227,0.0688183242900887
5,1,32,-2.85647295211372,0.587538009943599
67,6,32,8.19916614430125,0.0598356717964634
19,2,20,2.96188401796345,0.302505913878533
62,5,30,6.97160853708728,0.0233681352992548
13,4,30,5.66292508710907,0.237888341991904
37,3,25,4.46844639350105,0.115183586603962
31,6,33,10.652227720669,0.0741509106010199
81,10,35,7.91768361163763,0.143825456500053
36,6,31,10.8407504678272,0.091436201473698
43,7,34,5.44827474457477,0.524599722089404
43,6,28,5.05309354985768,0.731073891636252
60,4,29,2.68656349493205,0.170149166602641
40,5,36,8.9202858981891,0.00527677152520357
95,7,31,9.04234772102489,0.0235487352040079
97,6,35,6.21116218452534,0.0286662910366431
91,9,32,6.16945199513027,0.432691794059358
8,1,29,-2.47234354182171,0.293006583339277
47,3,35,-0.73914102638055,0.473691092317408
33,4,27,4.96867362902791,0.130467415205203
67,4,30,6.7092597082061,0.00258781132288277
63,5,35,3.98367393753295,0.119267126428895
85,8,27,8.79789875863127,0.135852293111384
94,7,32,3.72337321661259,0.258223733621392
57,5,24,2.03403571454945,0.665353606889182
53,5,32,8.07743998798598,0.00894414237700403
94,6,30,2.88365568333066,0.0618083853041753
89,9,35,4.87423999202745,0.383578529560423
41,4,30,1.8774810112664,0.278246539933226
5,2,33,-0.874556152425273,0.544184923606151
77,7,29,5.25624207289138,0.106484930613078
92,9,35,5.44739953079606,0.209491591201826
37,3,30,2.9158050097455,0.155408026650548
24,5,32,6.52735452500649,0.450578925178802
8,4,22,5.79527616102409,0.59428393076114
39,6,29,5.8679009559371,0.511960216311222
18,5,30,7.83358785926396,0.189457273518035
13,5,33,8.31100174625219,0.164688698714599
25,5,35,2.93401552429027,0.462506399934596
55,8,30,10.2402454683958,0.244414661767635
14,3,27,7.68211744172608,0.0254254370229319
96,6,28,1.53700512012899,0.527594431108829
94,8,29,7.71812079775693,0.166650199331343
99,10,40,9.19787339577113,0.0251215774333104
70,5,24,2.48003519857923,0.161882153246552
14,4,27,7.68740779714837,0.232828323103873
0,3,22,9.57111464982544,0.100362716475502
68,8,27,4.11920372252151,1.43222757888857
68,5,25,4.64864510615943,0.0472073445137674
91,12,31,9.71169752629207,0.2988053583435
40,5,35,1.48425638354999,0.634519100623363
42,6,33,3.00679996537719,0.869182091874311
53,5,32,5.31915701491521,0.0369131768820807
41,6,32,8.23154476325173,0.255065423658791
9,3,29,7.26760041676913,0.153795424033888
38,5,29,2.88746698786971,0.46059360227185
19,4,29,3.56328048963846,0.24888426157527
72,9,26,7.90486399441433,0.207864804881367
1,4,23,4.33302650662114,0.566830254594022
91,6,35,4.90539222760166,0.134388265199959
90,6,26,5.06970924988213,0.138572741299868
75,5,36,6.77410525330133,0.0294345829011957
95,10,38,5.02073470249056,0.115624318132177
62,5,26,7.61346411697406,0.0368732836795971
65,6,35,1.84784636967808,0.432226297424591
38,5,29,6.01583134012043,0.168046910664998
6,4,23,5.52339289625081,0.452941027092365
69,4,33,6.2450413147423,0.0177768713328987
12,3,29,2.04659311960631,0.864546406972122
29,5,32,2.64037280428707,0.354902113766825
63,6,34,5.50347894464417,0.207537854079831
39,6,31,7.02792692071431,0.219385429973456
7,4,26,7.57328563464036,0.54697320933097
86,8,37,3.48173851654762,0.224361582415852
38,5,28,8.88443642829149,0.10862868395634
67,5,25,8.24339391759534,0.0283227548186301
2,2,30,5.55861208751512,0.113077047863044
59,6,25,6.6206648785807,0.471527386772174
27,2,31,-1.80803173778736,0.796176092210741
39,7,28,6.83099877732313,0.314417179896239
14,1,29,1.01649883266616,0.149715983192436
82,7,30,8.91561466468147,0.143027660669759
14,3,28,6.84629356984173,0.15226340549998
90,9,43,3.2943756724722,0.211228266115043
89,10,36,5.32119614923159,0.187460711681026
19,5,24,10.9545769993836,0.0453246326651424
53,3,34,2.07530368457245,0.0313955161689782
52,3,30,5.3163703129475,0.00485636031680238
16,4,24,7.95578954844154,0.382242381148096
51,7,32,9.00110522808408,0.216767669179219
22,4,29,7.2745787332312,0.0544488365994766
28,3,34,2.72623373504749,0.0678898588372238
50,4,29,-1.18427539709204,0.665945699872607
15,2,18,6.11430581977215,0.139448475791141
92,9,33,9.67690275230282,0.178528520500961
49,6,31,2.78651286921444,0.786344697656942
61,8,29,13.1289341109052,0.0279717407190813
74,5,28,0.710702784871176,0.191058026616204
61,8,26,10.0574384861016,0.232913064061406
93,8,27,5.31136137824404,0.456256595419204
8,3,28,6.23643890923445,0.106193723971955
2,4,23,3.30820859554939,0.936228313896448
54,4,24,2.83896583249616,0.124324872758947
24,4,29,3.58873167661871,0.179946042586792
64,4,35,1.10782279093471,0.155229229712859
37,7,34,3.61215061922898,0.444459445287889
4,1,31,4.60805416201303,0.0458787635434419
4,2,23,3.70274971613627,0.261824505393136
96,6,30,1.94094441464343,0.163540016743354
22,3,20,2.5676209079217,0.824778305324626
1,2,17,6.84283522958459,0.456322621998793
21,4,26,4.96987892601187,0.234033395725503
5,4,27,3.60074664948817,1.0804383130114
23,4,32,3.50553865984549,0.393217644488666
40,6,34,3.52108930494782,0.425403882192269
1,2,30,4.55074213880183,0.07433304032784
36,4,28,0.885851800395539,1.05632670090675
58,6,30,1.81240981655395,0.854804137679649
60,7,26,6.68360968741465,0.156414630939253
26,2,28,1.77813626915159,0.241562504394228
67,9,29,10.0158461607284,0.105971735238397
93,8,41,4.0200907125848,0.316176925542507
0,4,31,3.9098399099696,0.901004248711854
78,6,28,3.14867259989741,0.172347953310236
80,5,25,7.32597164617571,0.0699181212955752
7,3,28,7.73542045585305,0.0667557282140478
56,5,26,1.96804762844615,0.288994364429939
53,4,23,6.13575166492318,0.0762143039610237
13,3,29,0.955402886518116,0.701144007923913
27,2,20,3.90222803984351,0.120526438811794
35,5,29,4.60168110309828,0.706912513780308
81,7,33,4.07883568352618,0.0943608656584373
17,3,29,2.62699344827647,0.269668114361096
52,7,28,8.45958597031594,0.169688823167235
76,8,26,8.96421006177577,0.0916561211925
28,2,29,-2.12931892535159,0.224497822568494
43,3,34,1.32543712283339,0.0643128051888198
66,4,35,2.79843292022171,0.086949227610603
3,1,31,1.29029126138593,0.398787259568876
56,6,33,7.95708829701566,0.2382851249899
93,8,38,9.62368753735678,0.00121926167048514
43,6,29,5.45276109838865,0.262308191264722
93,7,29,6.86711775493685,0.0470770632007766
97,9,36,6.45727408318051,0.24122658859156
67,6,26,2.02499680166193,0.244915707200346
29,3,33,3.90849026678156,0.109362908522598
20,2,28,2.9005791234605,0.0881734914146364
31,5,24,7.48643012829187,0.129516263797772
85,5,37,2.94731370843996,0.107485688873567
6,3,29,4.62206824388586,0.142669214401394
18,3,31,6.34344020423001,0.0738798854872584
48,4,30,4.66546645042553,0.193552278603844
33,6,32,5.33381206977404,0.559968697148969
81,6,29,3.31721156978199,0.206991829433221
87,6,31,4.04961824707338,0.0484133591449205
1,1,20,0.694870098226728,0.307233841437823
82,6,28,5.43909799768949,0.138954635476694
40,6,28,8.73619828179257,0.223213051668111
67,8,32,11.4272665046268,0.0534864233298757
11,3,22,7.6110362928628,0.176167928562243
47,7,35,10.5141503311677,0.058296253439039
92,6,28,5.52166415308423,0.0099510143045336
57,8,32,9.47474317684335,0.284314299690279
91,9,30,8.24303649271129,0.0697223738534376
75,6,34,4.47382049837946,0.128520785016008
63,5,28,0.906817677551276,0.294908849842917
79,6,33,3.67826623359819,0.110768681624904
92,10,40,9.44081406115389,0.0191804858282117
16,3,33,1.33908670525589,0.698618943134097
19,4,26,10.4853280476388,0.18780398647182
9,1,32,5.42629834788002,0.0457178711658344
82,10,32,5.66461111654159,0.428146610015488
80,7,28,2.33505177713287,0.607042267421419
27,2,26,-0.096570767956548,0.392827381659989
44,4,29,7.12595004141063,0.0131058423238191
62,4,24,1.08307483525985,0.648359104493791
37,6,29,4.58303786998435,0.410480353960252
38,5,26,7.47270595811471,0.0699495329638103
91,8,33,2.49609000238035,0.641002646150226
39,4,27,4.84442947128803,0.346350840515199
7,3,30,1.64783819204288,0.636734818542534
70,7,36,7.96589903236243,0.0524856349224083
69,5,25,6.23948498525406,0.0341602664288491
9,4,28,2.40237836702696,0.841847961726499
3,4,22,5.26297190492379,1.19194845569538
40,6,34,4.05107497185501,0.252851847903588
1,2,20,5.67008547255289,0.418518295490599
56,5,33,3.70632314173034,0.273370672175947
94,6,29,6.84502847098747,0.00446847643739202
34,4,26,6.35784114975599,0.0419658735325859
24,2,24,1.57515683676559,0.126541338511743
54,6,34,4.38803221237775,0.187406826791907
11,3,31,5.11404392723646,0.0406273072585464
37,3,30,-0.446858262019365,0.450179848333305
32,4,28,9.17957914912339,0.014275949398218
94,10,35,6.53674910541564,0.213583371232419
91,6,30,8.08384722475507,0.00694459288953084
76,4,30,5.94113993872672,0.00291109007552633
75,7,27,3.53133389342144,0.513928844572461
99,6,31,0.2437849119785,0.157369183027185
58,5,28,1.36072995791717,0.544261311615044
21,2,27,5.90014767044053,0.041888544918038
13,5,27,8.51603970376981,0.222777754515209
79,9,30,8.69903563629321,0.0888613989344271
98,18,33,5.02021156019721,1.07503682089256
98,7,36,8.43109878076672,0.00107989211187416
12,3,32,3.16490641396291,0.343785224471915
61,5,32,4.74460266700302,0.120762947946787
85,8,37,9.1078434917336,0.00763913548588767
13,5,31,9.28303142722054,0.0867766903247684
36,5,28,3.58079352921136,0.932063573453218
15,3,33,6.07165549139137,0.0294303476105654
44,4,33,5.89475383204323,0.0643828814896154
48,5,29,8.07372006277,0.0272684135707095
95,8,38,2.87645866872635,0.183276360260329
90,9,41,10.3559604284113,0.00631212396547198
94,8,28,3.02177406697768,0.2750286180421
77,7,33,9.13619798746489,0.0962495795683935
9,2,22,7.25336246239547,0.0392972732018666
1,2,24,0.909785072625843,0.46036101549626
33,6,36,5.59334680703572,0.447718783345384
24,2,28,0.643595870414391,0.585739226514632
79,8,32,4.82201970146714,0.626745780432755
49,4,24,3.37657234669474,0.579358742049276
51,7,39,9.01116928862513,0.0351080760803487
7,3,18,3.21297324848838,0.869875026139093
34,4,23,2.28282597553976,0.28795249153741
75,5,25,7.27377983164916,0.0865647180471569
38,3,31,5.76952305527779,0.085556712442986
0,1,32,-1.32170333309516,0.565037596473628
71,9,40,9.46205314477439,0.194507685013789
55,7,26,3.78805446629325,1.08543885220104
7,4,26,4.18111513310274,0.690081115314895
34,2,30,-0.575818083399402,0.284185166925865
41,7,27,9.93039848723785,0.28096635176357
31,4,28,4.15331886356956,0.473826317561275
73,6,38,2.69217938345344,0.148627698072232
38,4,27,8.76268808715096,0.0139570886561736
61,7,30,4.43511931077204,0.987989285442621
62,8,36,5.20325790232325,0.589868815118605
80,5,39,2.88698335545062,0.113002563011833
65,4,35,4.75306687216363,0.0552564628887922
67,8,29,6.82012001803459,0.543736324148411
41,6,34,5.01269193440748,0.144605888752267
66,7,31,6.34491272411508,0.193644107308912
2,2,33,0.804526664600076,0.545422024527723
81,6,28,7.24047365138147,0.0492672669934109
7,3,23,3.81561803309716,0.743028210434032
90,9,33,8.39582838545619,0.0374724524829117
7,1,24,-2.2689302537602,0.80493468600781
19,2,22,-0.0956182372714443,0.691600528048509
77,7,35,3.18610522005526,0.119075730419849
20,4,33,3.70265509742422,0.32762621854313
40,3,29,2.88372242058022,0.117259774709305
44,4,24,5.82569640804326,0.0762021876623598
60,4,27,1.44344631908746,0.347939405319853
57,6,31,6.41899087673833,0.323838534643084
5,4,33,8.52632556681941,0.0579793561482802
18,2,26,1.01067139235143,0.58354030384228
29,2,26,1.95482642893081,0.243174643012437
37,4,32,4.64505351799153,0.0260225258534774
71,6,30,4.40159268913487,0.0631185553502291
12,5,27,3.99849415429116,1.11094572109388
42,3,29,2.33650509135656,0.0801758309826255
3,3,27,4.62830844372653,0.65642194120788
45,4,24,3.38391291023568,0.48536697027967
79,6,31,6.91258243810131,0.0262334219878539
47,6,27,4.45606130092166,0.982539353374034
23,3,29,5.85514909500311,0.172739019035362
88,5,31,5.90749911783792,0.0203860436969095
12,4,32,2.87347499760074,0.698406012686801
26,3,33,6.93757664855885,0.0130725915018198
88,10,32,14.0794242599453,0.0748104923404753
75,8,38,2.9898597354807,0.609506184241758
9,1,28,5.34867662285198,0.112020138301887
81,7,37,3.17385117842025,0.102981112333344
85,5,27,4.89651641361605,0.153463614638895
11,5,22,7.91247241229449,0.430015021448439
13,3,33,6.76081552452801,0.0127599471015856
54,6,28,5.21957780725753,0.626196738766664
5,4,31,4.1925876464102,0.842559888916922
49,5,25,7.63062403279152,0.0622344461735338
0,3,29,4.87824861363378,0.490127139238125
84,7,28,2.96961707453112,0.180594467547464
6,4,20,4.89029250951274,1.35390002137648
81,7,37,6.23196144188295,0.0759851395851001
53,4,28,4.29051549014219,0.127571684657596
49,7,34,4.94298546736379,0.315658107156608
2,4,34,8.77443347362351,0.113168201898213
55,6,27,9.47851460157939,0.0184092023409903
71,6,38,4.85013305950017,0.151116703636944
23,5,30,6.42067715154455,0.257648370451036
81,5,31,6.52336769346135,0.0199243521783501
42,4,24,4.97123998187995,0.13005111028906
56,6,37,5.05586717376612,0.117853929987177
15,2,25,-0.0526367573349997,0.445525141411877
19,3,25,4.80528509783279,0.166684191906825
16,4,30,9.09740386951825,0.182885246443778
83,6,26,7.37249932867392,0.0524842798477039
11,1,32,-1.55836406255976,0.34297998038933
26,4,28,9.22915741788654,0.0644479588372633
79,10,36,6.63293409581928,0.162390962592326
29,5,26,2.79686489607725,0.548139416762495
86,6,36,5.30181114512431,0.027424531406723
3,4,28,7.03380022327277,0.163041426683776
33,3,27,0.42417145462303,0.753066323619891
30,5,23,10.1216310079449,0.206242949959918
12,1,20,0.483471276549841,0.74892170723052
37,5,24,8.72786155870938,0.0517271066782996
46,4,36,1.13605185312184,0.176639423371939
4,3,27,1.50438545564045,0.81882671102498
98,6,39,3.25096019098915,0.115174258382384
90,9,27,6.59801545979783,0.513876675607121
97,10,37,8.4078657705491,0.166663750773296
17,3,24,3.68797246354207,0.59123138702994
4,2,22,1.83240687794524,0.284528675801825
14,2,22,4.4672387566647,0.173484661480551
36,4,26,5.08634710402803,0.0818094122223556
54,6,34,3.7355683794378,0.309947386976278
93,6,28,7.29184232576091,0.00271902640815824
63,5,25,5.05867213857257,0.197074719228524
48,7,25,12.7980548450349,0.0267480638531869
8,4,33,5.33876913425046,0.383723763727999
94,7,36,2.69494499546663,0.0865747013594955
34,3,27,2.87247845419488,0.137678935762071
36,5,30,8.46852115347046,0.163265507319011
62,7,29,11.9274893642785,0.0144601190695539
72,7,31,8.27075688401991,0.125888622715138
19,5,23,4.49791389513395,1.1702539519708
58,5,27,6.84522662684713,0.0719545562150758
84,6,26,5.83658588969005,0.0185781918181584
99,8,30,6.28849820872271,0.0308924093842506
1,1,25,3.71282169395722,0.0334353178041056
82,8,26,8.42114783563484,0.252769555657526
20,5,35,8.33347498570224,0.0447398712858558
11,3,32,7.35060989629048,0.107384634817559
68,7,30,8.87215571120817,0.154590603313409
27,5,25,11.0408570406655,0.141286921454594
82,9,31,6.2464121127598,0.2587085616525
64,8,28,11.5024732197958,0.0228648219271127
52,7,31,5.60761441891795,0.223178405071351
2,0,24,3.92499868672587,0.0390954876784235
28,3,29,6.62414265539264,0.0243403108324856
3,3,26,5.78280172842496,0.372757003546646
89,10,37,4.46000849047152,0.578642558208363
13,1,30,2.18201502191536,0.0959554406581447
5,1,19,3.19207960299274,0.310447577143762
36,3,26,5.76782596935292,0.0286363525083289
69,8,28,13.3835299201596,0.0415382977807894
89,9,30,7.02919624199369,0.106659748282109
24,5,34,3.54524576863495,0.573425632404322
39,3,25,6.13445532898023,0.0516319495245372
62,8,37,4.15408651642284,0.284329356382343
56,4,35,2.08437744803911,0.164757001189387
4,3,29,8.68326283338288,0.0257174620627866
47,4,23,0.607835648290044,0.467578208052969
94,9,28,5.4119402184897,0.355879425054342
24,2,32,4.19365101715202,0.11317071155645
67,8,27,6.41298374852966,0.303432100724802
91,5,35,2.0509276765548,0.175558857376429
4,3,22,8.36592004287487,0.368507209205474
13,2,18,6.70338322451443,0.0525131674787036
10,5,23,3.48441822523268,1.05168068549036
40,5,33,2.93658911355601,0.52058336275273
96,6,28,6.79825072421041,0.00893085554707795
36,5,27,7.23308647702979,0.281348733453754
72,6,36,7.01962962618149,0.01400872363241
70,5,30,1.81669642342442,0.0773611733920217
2,1,25,1.57601379686559,0.20845425550388
94,8,33,3.08433518417664,0.253068102978844
53,7,29,5.685939639798,0.29091609850407
69,8,30,7.12518099737107,0.284276288690719
4,2,30,-1.13532406527787,0.303217345372516
91,6,40,3.4306215901829,0.00846810677089422
3,1,28,0.832854420485861,0.258434414045261
77,6,39,2.75779801416909,0.130064174416475
52,4,36,5.96916342223292,0.0106784320568739
26,5,31,9.25784759779419,0.0622495137982885
50,3,26,5.67769193278949,0.0383981380145997
53,5,28,5.31549633819711,0.385624684616648
8,3,28,3.01066089224228,0.209050728696141
91,6,36,1.55270909604932,0.345770858450535
56,6,26,7.23958300960437,0.267081483256745
5,0,27,5.12713366104772,0.0833959122142778
67,7,32,3.71724002758587,0.474427867659783
62,5,27,3.60287210368518,0.0922646904364228
7,3,33,4.02124060462503,0.098137843888253
43,4,24,4.31729697735406,0.249196681649166
64,7,29,7.64916141260708,0.287717899064276
80,6,34,4.04965902982962,0.182188693889159
39,5,32,8.57903242956281,0.114897285109694
77,5,32,1.49522659933639,0.148141160025261
87,9,35,8.99462077016423,0.0185442535729001
61,7,30,4.64045926966035,0.181539643374539
35,4,33,2.46492957161846,0.275310434390533
93,12,40,5.93742415742775,0.139049823080227
74,5,38,1.85051577705851,0.217060659070241
6,3,28,7.7506016910672,0.132263696053997
10,3,29,5.08977227059124,0.378442501628256
81,9,39,4.01176514674742,0.759542552712274
79,5,38,3.79081340853195,0.017338629657021
5,0,25,4.28819937785846,0.0244730913682872
90,10,31,5.06102549310669,0.833644878077221
72,7,33,7.32227788527712,0.139610851649195
90,9,36,6.46265811326396,0.0541007736335555
53,7,34,5.44493476810171,0.213411902532655
34,3,24,6.35841800623857,0.0389133713582564
83,6,37,2.22840263694525,0.290188247560266
79,8,30,10.4554641680236,0.0426494847051799
53,4,30,1.81521047242778,0.183921544336456
77,7,31,9.46355602182931,0.0131129410442011
5,2,30,4.18396249982374,0.176320956209769
45,4,24,4.90649001541767,0.232743994692204
2,1,31,-1.80323892832797,0.391062762603837
73,6,26,3.54307420080585,0.709601020994472
70,5,27,0.500178508941422,0.6517283511033
0,1,29,0.117934208983145,0.253168831568885
47,5,33,6.33177471193557,0.101121601066552
59,7,30,5.46170983620442,0.685675623329514
28,5,25,4.92253936839798,0.546281217888062
5,3,31,4.5176942616603,0.297133391945365
37,3,33,1.62726286396131,0.218927989230361
53,5,30,8.2685781714543,0.0413863273498868
25,3,31,2.85158267748156,0.407209027537561
94,9,42,4.9088544639288,0.153970925253816
43,5,34,6.89112335538512,0.262062541733479
70,7,34,2.91896369267897,0.236805114184906
17,3,24,5.26693000760284,0.390412496754801
24,5,32,9.1769945492018,0.100987229631739
2,1,30,-5.1598833699689,0.274965379143807
32,5,29,2.1938518330205,1.17596006852793
41,4,32,6.61125576553501,0.0431609967490658
10,4,28,2.33601653719942,1.03231609374622
85,7,31,9.56413140467594,0.0363868286367506
0,0,29,4.38246746555569,0.1147762730252
96,8,37,2.25658094974682,0.307426786971021
80,6,33,6.16142625237412,0.0623395485734512
50,6,29,3.94790522003423,0.219771594497117
93,6,37,4.43480736739894,0.0103022092370107
46,3,30,0.406480477627945,0.0691201689187437
51,7,27,7.15438744932298,0.153338160947897
83,10,37,6.35494728265883,0.11626659182366
16,4,26,3.15674693414063,0.656743656346732
52,8,32,8.85322979084849,0.435698260137932
43,4,33,5.30085513413502,0.186604390577268
33,3,33,3.85615658945171,0.114085116889328
44,3,32,2.91700711567697,0.231860159652981
4,3,29,8.59013002293814,0.133127056527883
24,3,28,6.53535289588016,0.148436507326551
10,5,24,10.2752562072321,0.27657913885814
36,6,36,8.9094753816778,0.147331321262754
65,6,39,9.76281273005311,0.059291173964661
42,3,26,6.29929113487054,0.158592914752289
7,2,26,6.80975229038113,0.145994589664042
68,7,29,6.93848399236079,0.278813392844725
85,6,35,0.989569494517325,0.235180082021955
86,8,37,7.28559008502815,0.0313351608347148
8,3,24,8.41182330242072,0.048109253286384
1,2,24,2.79642961312837,0.473050265086299
42,6,31,4.08342255433267,0.462097591699517
97,6,40,4.59960151034729,0.0479381092591211
49,4,34,4.44866158933997,0.0353436127770692
99,6,37,0.213159207759375,0.0855518422322348
49,7,34,9.07909428641173,0.0231507553048563
12,4,30,2.4728316723064,0.614688534723753
56,8,31,12.5779245516529,0.160532490699552
23,6,25,4.66168934231557,0.649595934400493
72,7,38,2.51632396445862,0.287928259688172
78,8,28,4.81235224666977,0.19860257160731
44,4,35,2.05431380898733,0.31352631979503
46,5,36,3.06609131597889,0.192056099640879
40,3,34,-0.00833429410249042,0.0888426019953935
90,5,30,3.84537931987131,0.0672484508552717
56,4,36,1.55797019171439,0.0642205655184529
69,7,29,9.36006850558988,0.0693074838491157
33,6,27,6.90746518739363,0.843009078833175
9,3,34,1.72159350937028,0.511001799234605
93,8,42,1.93037411742282,0.308611803910437
67,7,30,3.90892752518348,0.542682067482753
1,4,29,8.32619600637629,0.303721511958841
11,4,26,4.61074721463632,0.928882216516525
84,8,32,10.9405806441086,0.0432144208539394
44,6,29,5.3516886934898,0.458873422795391
40,4,33,4.64703210289914,0.0540792653337121
43,4,30,4.44008923479929,0.132774010766298
66,4,27,6.60201169108094,0.00650215998757631
18,5,30,8.20293065543048,0.0673263511453373
83,6,35,4.63597028932493,0.166316306218505
91,7,31,5.89800690006832,0.04255876463501
79,8,31,3.84450168377754,0.218386206340582
50,7,28,5.6000943641635,0.355606396819735
25,4,22,8.7936948797203,0.0621892949075402
66,4,33,6.81911709085951,0.0321425432366247
94,7,37,6.28122731758801,0.0737607597839087
98,11,30,7.96818054254196,0.231439134946952
5,3,29,4.93311091876252,0.100553373573348
38,5,37,8.63281754159516,0.0124850713182241
80,7,31,6.97035625054697,0.195151781885627
54,4,28,5.75552342080098,0.00486024580348534
30,5,31,4.53613710629865,0.475054712479419
40,3,26,5.20694946759494,0.109043872912918
2,2,25,2.17047165237598,0.229682729989513
84,7,38,4.46853227539425,0.213140466472808
3,2,32,2.89164295956056,0.137544434983283
65,6,36,3.27058009082388,0.432279783189003
59,6,27,3.91034823661539,0.748784622135472
31,6,36,4.42502594536272,0.293651648786593
98,12,33,12.8509100583871,0.0146169071085751
82,7,41,2.74394796494108,0.320933860716152
60,5,27,6.4898453226305,0.150192825472914
13,1,26,-2.4385666890577,0.308363791079003
87,5,30,2.61129529910171,0.0344211537632698
57,7,31,5.13641512431446,0.318070191181007
79,5,35,7.23715379343548,0.000844998277073465
2,1,31,3.1704876177555,0.124670802149922
25,5,24,9.85078613892032,0.264986593964252
75,9,32,6.76127038272331,0.16388249094598
82,6,30,8.94163889172374,0.00321462407894222
52,6,35,9.37209776442029,0.132873511983658
63,7,32,5.46642997180585,0.535555019113689
48,4,31,1.16649194081658,0.232536504267457
58,6,31,9.42137254619307,0.0765637012664229
10,3,29,6.17783961757105,0.0995207786327228
84,7,32,5.40223944837873,0.0701977822463959
40,5,33,6.7443822949821,0.247120707518163
77,6,26,1.85191760959475,0.730794176417303
95,11,31,8.30599322737448,0.351581012809134
26,5,24,6.22307728494955,0.340035865538496
82,8,37,6.90414466355221,0.145738982828334
65,5,33,3.1221957732491,0.180923681269488
79,7,26,3.00590928936641,0.624953920862677
18,3,25,1.43470746897455,0.858991567003441
75,9,30,9.82660449163575,0.182243454847532
73,8,37,5.0965461632627,0.107160521438345
75,6,28,6.08801341848424,0.0537189239403233
33,2,27,2.1048769105382,0.068857712787576
5,2,29,1.02837157650451,0.522137144446818
67,7,31,3.7316990754504,0.414395482411959
4,2,29,-1.52390995873732,0.707419663913445
64,6,32,5.94233700916468,0.271353427310216
29,4,34,1.76975231838783,0.146638075006194
39,5,32,5.83601521945716,0.245741844865236
92,7,31,3.57335071676686,0.134549601818435
67,6,27,6.05061599395517,0.280187057320702
71,8,35,5.15649915712182,0.394832777769721
71,7,30,9.8141124917013,0.0366275007836521
22,4,28,3.84804820210279,0.203288264710091
40,4,25,3.8042860314253,0.238031529850288
57,7,32,8.90430063759302,0.0843328426126391
87,10,31,5.59788332031356,0.401114550398147
59,6,38,5.19744874561075,0.0735604406800121
91,6,31,8.40144599139918,0.0120771129149944
35,3,33,2.56858267631411,0.0412710474338382
25,5,25,4.05906067789901,0.50459083446995
71,4,27,6.01423776096106,0.0543035386363044
21,3,27,2.070061202293,0.305959292444143
44,6,31,2.71402979784007,0.718389747622323
69,9,34,4.39699172019391,0.284327197725418
67,7,35,7.20995797144812,0.0540596334030852
18,3,31,4.91537875383792,0.166329067433253
73,4,31,3.72424702533985,0.097935144091025
32,5,31,4.87488034188189,0.323018644925881
35,4,26,7.40287626922879,0.116651983855008
78,5,33,1.10631285012297,0.141810581902973
36,6,30,10.1991520071463,0.162361388211139
28,2,26,1.83261276943897,0.234928013107484
26,2,27,2.73272304436251,0.149323033750989
2,0,28,5.36574139774622,0.079263620544225
65,8,32,9.05875688493435,0.0585616094973922
74,4,37,-0.480462391897678,0.297173050687391
63,4,37,-1.82686544387811,0.45147542839632
5,4,23,9.38242462191139,0.279900801895962
52,5,31,5.96275889484761,0.117021064041182
8,2,30,-1.31062570628789,1.00027445093134
27,3,31,5.13275482080822,0.0454400117939829
0,2,18,0.0386141125248685,0.692766040066415
70,8,34,6.99208126341004,0.163247956312262
79,5,37,2.27879686624113,0.263714645280245
13,4,31,4.83779351419686,0.104831409874947
59,7,27,4.52202453816628,1.37483873630042
35,6,26,8.07681649976171,0.454461067893958
67,4,30,4.91859863062885,0.0604468492659631
36,5,23,2.93694704465901,0.810944091486645
80,6,36,0.794376521288074,0.210300762428644
98,12,38,4.36537418332997,0.776966636958432
48,7,38,12.4753713162387,0.0114182213298355
7,3,24,9.46062370464875,0.0748880234314129
13,3,27,0.702948391820041,1.02512130648235
89,6,25,7.07200914677236,0.051340899663046
71,8,30,5.35835469764611,0.306170865650031
87,8,33,5.50359722870623,0.153086333652027
90,6,28,1.17857041505572,0.51957541562379
47,4,31,7.48090830261019,0.0596435681154231
6,4,24,8.6171924645347,0.293964175354685
71,5,29,3.24325410744058,0.113558147764975
27,5,25,5.20307254894042,0.627198670493597
32,6,24,4.9599760993138,0.680010335022742
38,5,32,10.01774681989,0.0170194852792499
33,3,31,6.8524142026542,0.00377332658622418
9,2,26,4.07269994244598,0.188779218810353
58,6,28,6.66372732465616,0.223133970507163
75,8,31,10.6967084169373,0.102959516923875
51,4,29,3.90001718646951,0.144948668428697
27,3,32,5.24584679068347,0.0150173575384542
44,6,26,8.0983736167368,0.364065482804474
89,9,32,9.72578514173247,0.0290688682403265
92,9,36,8.88924762334294,0.0185855116775756
52,6,30,8.60685008671373,0.0279227247132981
76,5,32,-0.551437702968804,0.13916903664358
76,8,28,11.9770179651393,0.0230370750739402
83,5,29,2.31603516167639,0.154401493491605
94,7,39,6.26223111434045,0.00883731422619494
42,5,30,7.66360367477969,0.0220985264315135
60,8,33,9.94259153268378,0.0712052350064546
22,3,23,5.35753451711627,0.0972690323833376
85,11,27,13.1078880699087,0.040037108994315
92,7,32,8.69780827957143,0.0276334796799347
58,7,26,8.63657973940633,0.212266053528267
65,6,34,8.07940977750199,0.111201339957854
6,4,30,9.23676655452043,0.124705846214979
24,5,30,6.6518429124368,0.537017713748741
50,7,37,8.47860959671679,0.0851066643674847
51,3,34,1.32716014515424,0.258071032459716
76,4,29,6.23268457592038,0.0336909214811294
26,3,33,5.5950676423496,0.113624399422208
68,8,39,4.09104911525997,0.672068173499936
55,7,33,9.50425634740882,0.158040619804524
43,3,30,4.08903792874809,0.0202171677956358
86,5,31,-1.22795183157979,0.201501619991589
11,2,28,5.64360240364839,0.02207125523969
31,3,27,1.47299139182406,0.193167052145079
74,5,30,4.24869057340865,0.181967006985772
54,8,32,8.71496355666364,0.333506571584123
17,4,26,4.48963887602559,0.243774804276156
68,6,35,2.72127351033254,0.132453263573288
10,5,30,10.1357898587738,0.104563114931807
28,3,29,2.79271031444151,0.135540783987381
72,6,25,3.56297253969796,0.164660926093347
4,2,27,-0.476354448419208,0.652626418011421
10,2,21,-0.555783221302076,0.519897437767625
41,4,31,0.374106817531435,0.235449052870947
59,7,29,10.3170792894868,0.025732459500432
19,4,31,4.69392404081612,0.277358493990007
50,5,32,4.14292087399041,0.306902086584571
82,6,34,8.23041117766077,0.0605762639315799
9,3,33,5.76641591686369,0.0611380460904911
47,6,37,8.25366185013293,0.140565529931337
88,11,40,13.8409646463354,0.0443341104546562
43,3,24,2.20031535127221,0.110955483978614
27,2,26,-0.413432019748556,0.461971919962621
5,3,27,8.52058402965897,0.183418360295448
88,10,41,11.1951281462657,0.095380887738429
14,4,33,5.80943001016494,0.315263445711437
31,5,26,3.57487239611156,0.354246234280802
68,4,36,3.8886572591259,0.0182475009244856
28,2,26,0.231888419573357,0.160820041783154
42,7,25,5.9266846742028,0.664802817130619
48,3,27,-1.6688529351085,0.644758511768812
24,3,25,4.06399787871184,0.253836544804973
36,4,25,0.91953418020881,0.399625212864435
6,2,23,1.10532549716764,0.784036913844657
36,5,26,6.68489394495774,0.620431259708637
98,9,40,10.146513017844,0.0401625611120835
19,3,21,1.11151295469997,0.660460491167539
87,7,33,5.07199325400774,0.0300813082662657
11,3,29,4.89974204302886,0.172213038778864
19,2,22,4.43869427260859,0.0825177294900641
73,5,24,3.58457008084714,0.218150681365856
27,3,29,2.53694122414729,0.241136557412076
21,4,32,6.50012093854145,0.122703739209101
58,7,25,8.09438437172883,0.275527748666995
8,2,25,5.7289206077027,0.0778177711181343
47,3,27,1.07437660347404,0.163347470574081
30,3,22,4.40424097743967,0.110615163459443
89,6,26,4.97358635831498,0.143982242327183
21,4,31,5.13495183900757,0.148071722360328
52,4,33,3.66437545686669,0.0636745393494414
1,3,19,6.91076697418867,0.550251132194678
52,6,28,5.00892326205853,0.142093865084462
38,3,33,5.42882504930525,0.0937378264990615
0,0,15,2.81699400448855,0.28382137044214
56,3,29,6.02753609285045,0.0063432278111577
44,5,26,5.41934453234516,0.417989452348507
61,5,30,5.44814701874388,0.0191862544743344
5,2,30,3.13292063719586,0.171221041935496
65,4,33,3.83392031138524,0.0376073661362035
32,5,34,1.42759894519437,1.27033466961723
15,5,22,9.56106959922978,0.399956713800983
21,4,26,5.59738698586435,0.287265451148826
37,4,35,4.52002526611516,0.109221271472052
67,6,26,1.46189412675937,0.602298385305827
15,3,26,4.79056953569523,0.1889088882494
40,4,24,7.30073904612364,0.111382983624935
26,4,34,0.879361182633538,0.830434508579683
34,2,29,4.9035839797777,0.135167909436859
11,5,26,5.24427937345578,1.04713862103628
29,3,23,6.38529282339919,0.0577720200445389
13,5,34,10.0136754885643,0.062806872301735
45,3,25,4.07160552061016,0.187627435418519
73,7,34,1.89958571162077,0.544570243420237
5,1,19,-0.212054810025194,0.909713198843986
39,3,23,5.93100601318275,0.026431458680886
84,7,36,3.470347846231,0.435307950226075
39,5,25,4.65295009877891,0.296577659192237
45,4,23,5.84754281733151,0.221353275537767
95,11,28,13.6201143175857,0.0494099551578984
77,4,25,2.86200004691247,0.0926340938312933
47,5,31,8.61059053150516,0.124979989253916
98,8,39,7.08384621470752,0.0219642971754949
29,4,31,7.32609182606803,0.118400351310261
18,2,29,5.12474732496407,0.136263054446317
77,6,30,8.04424281649691,0.0451982803208467
87,9,42,5.95704335004839,0.181997244915554
31,2,25,-0.124219316469613,0.209168617661052
91,5,37,-0.500164026428187,0.155410088715144
91,7,34,8.02174744885427,0.0216118001008724
80,10,30,11.9218836518123,0.232645835716951
35,2,32,2.9348135405091,0.0910492421826348
67,5,32,5.73633765120263,0.0240077030612156
26,3,35,4.37687739290016,0.260010792164806
95,10,30,5.31567387684916,0.31862856283665
12,3,26,0.576136063470273,0.434645829249784
32,4,31,7.65521456265725,0.0123048944099891
62,6,25,7.08462756952105,0.0808695184532553
24,4,35,9.00021162426433,0.0252801136812195
92,8,30,4.48012957583183,0.540680241273874
59,6,28,4.61678604636962,0.290320293134152
36,3,28,1.16222293618333,0.211106489649708
60,8,34,4.27997166684024,0.346390521143305
60,8,34,11.2202142102611,0.100540163344704
88,6,32,6.37097284858081,0.00757649471722155
63,6,27,8.85564245598348,0.0713688635695224
86,6,29,1.34910146125564,0.376591925443649
92,7,33,3.30594405016916,0.183378272392497
56,4,30,2.14533485071923,0.043945198180154
74,8,32,11.3144027191982,0.0794269180623814
39,7,32,11.2307270848961,0.164736310951412
14,5,31,6.26775874883961,0.21240413431534
94,6,32,3.97174395779361,0.02136612276081
24,2,34,3.31742690888668,0.0872953263797328
2,4,22,9.64602879900107,0.310341574939641
22,2,23,-0.384104979526589,1.00531292096117
23,2,28,3.13313837196739,0.0785436857258901
55,6,31,2.12241016599898,0.419072229394174
66,5,31,7.25640462068393,0.00378731559709289
49,5,24,7.88987266099506,0.0870597903904193
11,4,33,3.18768033614929,0.798286140808959
64,6,34,7.2241859353228,0.0927281473996118
62,4,27,4.45024884500357,0.11715317890048
25,3,34,4.69707480392605,0.073657852364704
23,2,33,3.23659913790898,0.00940864848889132
35,5,28,2.68265812881419,0.422476982430796
30,4,30,5.95300497574199,0.100046634441242
77,6,36,0.120301903539628,0.14606967929285
22,5,29,7.75171233259254,0.288028764295134
46,6,34,3.89821097211394,0.208081289416853
83,6,29,1.50323695557931,0.254064028373662
25,5,29,8.44058675367545,0.15903667814564
46,5,27,8.17892315780781,0.0680776041028852
83,7,27,5.73526365278789,0.168161961599253
33,3,25,-2.04032109904611,0.567476506469176
50,4,34,3.45341880933774,0.129486903198995
77,7,34,6.61517555369429,0.0875390192959458
17,2,31,4.06391839784897,0.0999004486818508
99,11,42,5.81436240665469,0.438422663581973
95,7,38,0.349132003243342,0.12555310933385
51,4,27,2.55788655786305,0.171495154383592
12,4,24,5.18660576618199,0.761970486449909
56,7,29,5.70925371707996,0.582158828588361
3,4,30,10.7202774839753,0.173521937226654
95,6,33,4.82793214591757,0.0198911603174732
1,4,32,10.1717884443572,0.13018507626839
57,7,37,6.05384187106284,0.314018952184099
74,8,35,8.72661800926582,0.0654104773420841
18,5,30,4.02990690810622,1.0924017926909
29,2,22,0.966842454119687,0.36014429759985
44,4,26,1.69957254282821,0.239495691134337
39,4,24,4.2701818113259,0.252716683214522
65,5,34,3.32516394919808,0.184715506144542
61,5,25,1.3872711142594,0.277161254537034
72,6,39,5.57912644028512,0.0660875441491921
32,5,32,6.13342618449379,0.322696171923283
14,2,33,-1.43094678944626,0.483901395441449
5,4,27,10.7648640298351,0.186585597269417
95,16,28,5.65776831042055,0.877233053726119
2,4,30,6.67682878195815,0.256743784750554
92,7,34,3.3773980630038,0.352914596421129
36,3,24,-0.481596291804812,0.390681246649088
69,7,31,11.0233905044909,0.0448691988131031
56,5,34,1.13034772825005,0.116483144811355
28,6,36,8.89401784133042,0.116247822064906
1,4,25,8.16179286750961,0.199990291630186
42,5,27,7.81839901308908,0.237699354289773
61,8,29,8.3013881072385,0.0894100418081507
0,3,30,7.25461089234761,0.218369514438066
66,8,36,6.8850847374053,0.320438256011087
11,2,23,3.79629896055266,0.321217723645943
90,5,37,2.18941435180547,0.0296387998387218
10,2,25,4.14008909383032,0.203725979652929
56,7,29,11.9707515259169,0.0493772582849488
25,4,35,2.5059583751406,0.475929377113885
58,7,32,5.01601078111552,0.518142103662199
95,7,38,3.38515294204429,0.0848427984165028
72,8,30,8.17853098519478,0.280371003308076
40,3,28,0.824273447871908,0.196938416278708
49,3,35,2.01757345881156,0.164131248253398
67,9,29,8.4343425379274,0.193459307531568
46,6,36,8.08114174550941,0.13143591136389
29,3,27,6.09656990035401,0.017760356888175
54,7,28,6.73630300776605,0.192271853786635
73,8,39,4.99406831867315,0.399179489796466
77,8,27,4.0709484708876,0.561356770308846
81,6,36,6.89024023607352,0.072978918091394
33,4,29,3.02475200923751,0.193029791335543
89,11,36,5.51108726586891,0.214910623715689
30,3,22,4.95232360159878,0.332197323431003
69,7,38,6.15122761736268,0.156845667981543
19,3,33,5.11367730446793,0.183484180439653
97,11,30,8.83701787338304,0.345881030651483
16,3,22,6.79389022064767,0.125926774926484
17,3,23,5.54232780242513,0.314866831515658
62,7,37,6.72034297871829,0.0724730545189232
73,7,34,2.84043394341449,0.393816198666996
93,11,35,10.0164748311854,0.0680024267639965
76,5,28,1.00944603420071,0.151070001185872
16,2,33,5.62530321568875,0.0769470165250823
28,3,35,-0.421212062144543,0.623676249558626
42,3,33,5.02117034720257,0.0808890347834677
83,5,36,1.52556414271065,0.0399356149323319
15,3,30,3.95904359520092,0.146815230720676
66,7,29,6.55740162939516,0.269254325458513
81,9,37,5.49589735724283,0.0943106143242505
67,6,30,8.44181975959819,0.0851976959023382
37,5,30,7.50595838189561,0.196733285895291
88,6,37,8.22923727515765,0.00251164789904331
57,4,34,-0.551581127708555,0.103807686029012
46,5,30,5.4397400454556,0.0716960554709658
63,7,31,9.46213579555354,0.0358128984225914
74,8,36,5.50501707776474,0.137354583945125
14,4,31,7.85738107222915,0.0595644696149975
40,6,30,10.2720736418505,0.162278826232068
45,5,33,6.04167015290237,0.134481285931543
55,4,35,5.61803372819441,0.0132610367145389
40,4,33,4.47371787597327,0.0366858846583427
99,10,31,8.44011703754605,0.104694910231046
75,5,27,0.665709012243903,0.260629995249885
18,4,26,1.8741625453333,1.69263600874553
10,3,20,2.6808517714636,0.502740839009589
74,5,28,6.35327186809934,0.0793154950952157
11,2,21,7.17257773780184,0.133325935574248
99,10,32,7.46260852444306,0.0979830332038279
77,5,25,4.37345913064337,0.186122238689735
40,5,31,7.05412474515604,0.0672256016372231
27,3,33,5.75560616266376,0.0451718060066923
95,8,28,3.75119171625211,0.753608159678889
25,4,24,4.70206040501395,0.235590028859008
12,4,23,4.07071240244249,0.559552205229336
54,7,30,6.1925911976125,0.320710165881294
67,8,27,5.11764157094919,1.24106253639542
37,5,30,6.19476601344403,0.262792462705377
14,1,20,1.74087460895778,0.114436675900276
96,10,29,9.27796065569942,0.114041961845942
6,2,29,-0.685262324765063,0.505495383848852
60,5,27,5.33809745830277,0.112068613641895
19,5,33,4.48320329807993,0.361854117808348
56,3,26,2.63190778459656,0.0841467219870538
14,2,28,3.04742885826334,0.324417939166281
82,8,29,5.87256776160669,0.243806775183159
32,3,25,3.49876991323289,0.161336894030683
47,4,31,0.917108264821095,0.363377975705572
18,2,29,2.86235405623079,0.206087270973924
51,7,31,5.80529181712721,0.131919385486136
49,5,30,2.41558611484259,0.299834321940991
14,2,22,2.9893715148843,0.455022161339825
75,4,27,6.0064233428191,0.0832664130721241
1,2,29,5.64440071167325,0.0939256410396223
17,3,32,-0.5945883051385,0.537520550625557
11,1,21,5.99414370612861,0.127039737184532
53,5,25,2.79470199215309,0.526872085433055
54,7,37,7.75235442751325,0.150388559675775
2,1,27,3.70900678979491,0.110800646031951
15,5,25,9.38458253745214,0.293903983420435
55,4,27,7.11206867328097,0.0841294102137908
75,7,38,5.85014770552746,0.162437021150254
66,4,30,1.45865417160692,0.397001677859586
76,6,39,5.33190198849776,0.0181677305372432
14,4,27,6.50240044170234,0.09730540367309
58,6,27,1.680971033238,1.06090183270382
70,7,29,4.23810667308124,0.214777797217223
42,6,32,7.94921247386226,0.135144079453312
99,7,33,3.79399290247722,0.290353816859716
8,3,34,3.56612075620178,0.117902371822946
54,5,30,8.22147650694713,0.0413146601465595
37,5,26,6.23487732724613,0.256375867397267
38,4,30,0.988378659165819,0.735758594764025
32,6,28,6.46650200790097,0.507162369766688
99,7,34,3.12844951103157,0.114934097859077
74,7,28,7.81351472983199,0.0823179640763127
77,8,38,8.82123578737081,0.0139354751445353
90,8,39,5.06040007306679,0.350861096270575
66,5,28,2.32958868820669,0.173994744884524
69,4,26,3.2802150794755,0.267492625619027
94,7,30,5.84180390651741,0.124381468631327
12,2,26,-0.114428992718525,0.445844457929438
95,6,34,1.73078598742968,0.0758159096585587
95,8,34,3.04703260690767,0.184045370890501
8,4,25,3.86036949809561,0.601853254457094
84,8,30,5.64268202226499,0.284122310049013
75,5,35,0.408359309320812,0.286971483834761
58,7,31,6.7205650681089,0.247973254405636
30,4,28,1.27220662035864,1.05840589565443
1,2,25,7.27961029044598,0.148088207817636
32,4,33,7.27927878703834,0.0682822799602912
16,2,24,0.882508890894002,0.890405943099052
21,4,30,7.67346039409018,0.0500974855385721
47,3,25,2.72818394811483,0.137138689868152
0,3,32,6.70004598310499,0.234888573166657
77,6,34,4.41673977081789,0.107448731432669
79,7,29,7.19252792175946,0.0755579470423982
11,3,21,2.8731793059656,1.27503735983843
19,3,33,5.65315754918312,0.0957456680480391
99,6,30,-0.139031659237822,0.119045926607214
90,6,27,3.12506532408521,0.343384299649599
0,2,31,1.62928133333398,0.109439640888013
72,5,37,-0.733143025896211,0.466570123348223
40,6,36,5.22232017234314,0.101938695646822
2,1,29,2.01301234280012,0.407762056433569
39,3,23,5.0062155499693,0.281259981672022
17,5,29,9.09108965145976,0.190241965221915
25,5,23,6.39579617439747,0.539635285430066
91,9,30,9.47789326096708,0.154589196084999
37,3,32,-0.485381830928643,0.191361420896023
29,5,33,8.28550912327247,0.0861082413466647
77,9,31,8.85525744827256,0.278396253463554
1,1,27,0.398810252675289,0.329018511100414
19,2,31,2.42765345900349,0.327643260814923
99,6,41,3.51448021639866,0.00421078785228546
1,3,32,2.80586596208463,0.258977108725052
71,5,33,0.760307035619822,0.363195476566857
53,6,29,7.44311434458302,0.0814260942861438
39,4,24,3.48404048728644,0.560487430976862
49,7,37,12.2543116756744,0.0513645535102114
98,9,42,6.8283357202847,0.059773723827675
49,7,24,4.93972241728711,0.444791851544237
97,10,33,9.67099489520009,0.153761147288606
74,5,31,4.89551833424326,0.0799354598810214
68,5,31,1.07280010194056,0.39747311498732
49,3,28,-1.8564867289414,0.643759263182217
5,2,19,7.97787312893796,0.0789333229186013
78,7,30,10.2231525716509,0.0397665918436839
34,4,23,4.47975557481188,0.139426721958444
2,1,27,-0.0692595766083617,0.385613928993648
62,8,29,10.2114047785617,0.266450118030164
12,2,28,4.30801973747239,0.0985051452880725
17,4,32,6.59150439931719,0.388121696168041
63,5,32,5.23383262597101,0.118243256118149
16,3,27,7.70258789788636,0.0426366307074204
36,6,31,4.39538775344998,0.900104829523355
22,4,30,8.49110316887924,0.0818276019999757
82,6,31,7.6791993075843,0.0377303816944014
0,0,31,3.49334752885919,0.0143630475504324
15,2,32,-0.0308403196215252,0.268767981081012
93,7,30,8.41885863239601,0.00161207281053066
76,8,41,4.7001048548754,0.109521962353028
82,5,32,1.55089364804416,0.0309132344061387
25,4,35,3.88670260855306,0.501420686000443
11,3,30,1.6508041241709,0.262425639423284
13,5,27,9.63138244561907,0.110515517531894
41,3,25,5.18973414192987,0.0993035825667903
36,4,27,5.1301431690293,0.443100513869381
14,4,24,6.44697347566934,0.258293262672353
51,6,24,6.6732544372599,0.463876491458566
74,6,38,4.25305325994584,0.0974668177077547
10,1,18,4.38644080321132,0.179683398883406
36,4,32,4.90548004585816,0.304290331191126
22,4,24,2.38262792303724,0.877098200955659
89,6,26,3.73051702079964,0.261547075806859
10,4,28,9.24688087978221,0.12001684110146
83,5,29,3.53660428062285,0.199422318148251
84,8,37,6.2101662103047,0.275231193797006
2,1,30,0.539115652189119,0.101989637711085
76,6,34,8.13633963321767,0.0536324295608671
27,4,21,3.96357282914019,0.742294270503235
15,2,29,4.36384208570131,0.0353865476790816
9,2,20,-1.16368812373379,1.40569179869237
71,7,33,2.88962285121953,0.562401407832438
45,5,34,4.55703046488007,0.200494417677376
39,3,33,1.58257234978695,0.29955217706852
61,6,25,4.05164367919221,0.535797863705753
13,3,34,6.66090333679417,0.0640498778084293
8,1,25,-0.512843735705848,0.898080640855099
66,6,25,3.65587978589569,0.721881740118785
79,10,38,13.8986367777971,0.00628882882447094
37,6,25,3.74705691280693,0.655473202901119
79,6,36,1.0804440818424,0.315722067131403
81,6,29,8.63137167852149,0.00228655547834933
86,7,34,4.55166793035666,0.07838966534473
42,6,30,4.95255923682575,0.603938607001835
9,4,34,5.33777783124222,0.147625366225839
88,8,32,7.35881345924343,0.0663120232056826
28,5,26,2.99003999935008,1.59154605436931
30,3,29,5.59375636056595,0.0262512873767479
81,5,34,2.15099092293958,0.252359617490995
58,7,28,6.06422928991824,0.52166406611863
66,4,29,-2.10715992029581,0.414479405906395
64,7,37,6.01756181736704,0.0783966893795878
22,4,32,3.12390412787199,0.466899455038315
60,7,31,5.81078481823566,0.178900522035159
48,7,30,12.5262674109186,0.0202642165441636
58,6,34,3.42506289796819,0.410884172296635
81,7,36,3.60523022704968,0.178183219385076
49,5,30,6.11164956350973,0.0475054098347801
8,2,18,1.91823087923481,0.574754738683039
46,5,27,9.9514290146774,0.123932936345227
59,5,28,3.49425298458081,0.307387031138617
91,6,32,7.38458067750284,0.00256878770812546
4,3,27,7.83964508274354,0.0973478932864964
81,5,32,2.55722051055831,0.0482626281801978
8,1,19,1.75997897217136,0.353479035467951
27,5,28,3.88758901862565,0.401935126130506
84,5,27,5.86038815257897,0.026370504677344
91,10,43,6.02833852533344,0.133543233852834
8,4,34,3.68591087448975,0.506378048544234
55,4,30,3.61484207822263,0.176303499782402
4,1,31,3.67482650455926,0.207543923043388
26,5,27,7.93469918328328,0.052779679232925
18,5,26,9.86690205339434,0.0973685350303134
56,4,33,5.61841574846596,0.0639795626047999
6,2,28,0.876691298547869,0.198184118828479
43,6,24,7.97541124171708,0.121891616028734
55,5,34,4.06188057328841,0.0464407857170654
54,6,30,5.50845266621877,0.295005925454873
25,5,27,3.07639188131612,0.581234658571118
16,2,26,4.75239320344705,0.031322787865065
72,5,36,4.416378276751,0.00992064562160522
20,3,30,5.82896681397459,0.0341923520042736
58,5,28,3.83089151669706,0.493405000592886
91,6,28,5.23272766506715,0.111418015664166
20,4,32,7.23710557715942,0.0345638182973825
83,5,30,6.63795513337624,0.016590257640928
30,3,30,-0.277499519315986,0.292818308846561
18,3,26,0.646488657805264,0.91570326729936
51,5,29,7.21175233989958,0.199279985845763
18,4,27,1.10152103525526,1.36269810462469
22,4,24,1.8310917163827,0.617649827586645
95,10,30,6.79617795770318,0.472092613556838
19,4,28,4.85356667959262,0.501227189765728
97,8,32,7.83600815478549,0.00927229135972588
93,10,33,3.98798610816069,0.883915664109975
21,4,27,3.50309295445615,0.314827376034784
35,3,27,1.37368867920898,0.426334960365152
9,5,26,6.07589826335782,0.233679518093097
86,5,30,2.19465531583934,0.130236165598035
99,6,35,3.83527054355813,0.133754509035498
57,5,32,2.29862465090004,0.382973438515672
59,6,30,4.47938445614627,0.241879108118567
70,6,29,6.86057634582976,0.0614447128027678
57,5,35,8.46706038163388,0.00560807937290519
16,2,32,1.29080327453681,0.208838860260996
53,6,32,9.0646740177203,0.0306214140728116
49,6,36,6.92647357622025,0.083521204080308
91,7,33,2.41400005465324,0.391825932014125
45,7,31,8.46126802347699,0.21062009577403
42,7,32,7.13681622118451,0.101778167649172
7,5,20,5.77117715611273,0.514881241579956
92,10,28,7.12175544061833,0.402328147407404
31,5,29,8.32398526342546,0.241252217198464
41,6,33,5.30133613212791,0.440162162741131
39,4,27,5.04564492259059,0.265534812396846
69,8,27,9.39552946213092,0.125353417242877
59,5,36,2.20182312913953,0.398860969559705
15,2,31,4.20079575037944,0.223521641677919
34,5,23,4.80980007718714,0.625050225729281
56,8,32,8.79393456204071,0.0926910342326733
75,5,33,7.09576351375159,0.000657818745821714
88,10,41,5.36965741493317,0.195582912293005
73,6,25,6.18457495174608,0.120641087187712
43,5,34,5.59389864420757,0.171061114408076
2,1,17,4.57864859387808,0.18372504877739
90,7,31,9.12598319123178,0.00282140006100143
12,5,25,10.6760657120492,0.0781613795552403
99,9,37,3.92249056238484,0.441500031368291
6,4,23,5.54920602828396,0.652159882212216
82,8,28,11.0145053680172,0.0358470645733178
35,4,28,-0.206841632372926,0.377217845970249
40,3,30,3.97434888495611,0.0291045538615435
96,12,29,9.479459105321,0.277736964392218
53,6,30,9.75675335651461,0.0163338259279107
63,4,27,3.52301136889117,0.127192100160755
33,5,27,8.16031860378979,0.112814541231221
10,4,25,4.4444075515037,0.389604393371797
98,7,34,7.99977016917971,0.0101835823152214
66,6,34,6.15370809946248,0.0542327720522204
0,4,23,3.52537396928568,1.71011650133739
36,4,30,2.51902189652393,0.324699043052945
53,4,27,7.62470031850637,0.0159247557166964
55,3,29,3.71505607769397,0.096724973525852
54,5,34,1.53133994003497,0.208404602938074
54,6,31,8.1487779985789,0.200842343027446
58,4,30,1.05624085114404,0.529957276846783
6,2,22,2.97303473999754,0.198503001016752
5,4,22,5.96605767755238,0.552466823884744
89,8,33,4.46859619941683,0.437810117357826
58,4,36,2.85858325574516,0.156422085361555
82,5,29,0.439761564347435,0.245844519919458
57,4,28,0.425082283749375,0.36258322275106
33,5,30,3.65771222059481,0.436572319341308
89,9,35,10.6093054062342,0.0854652989655733
6,5,29,5.09341919874634,0.466820597161955
69,5,33,0.161376152892754,0.436183179707682
5,3,20,9.83960823104791,0.176759268146682
86,6,31,6.19705275992315,0.0453375617507845
82,9,29,8.84006290288219,0.181868544769216
16,2,21,0.339527370177354,1.32950623032098
81,6,30,5.63513013730801,0.155501390458085
45,7,26,7.07774307450844,0.423206395074276
25,2,20,-1.9852962116929,0.317475771869568
57,6,25,5.56776194217765,0.374991862082338
68,5,32,3.48377767387864,0.15963781659957
60,6,28,4.81640189558038,0.162778205005452
67,8,27,8.51200451082914,0.225678115373399
24,4,32,1.16556735334202,0.402648294789201
95,6,33,6.06740933508618,0.0453353209596629
93,7,30,2.39365023175025,0.654792989107007
69,6,34,7.94629748536826,0.00460951843797039
27,6,30,9.39087979360409,0.123672045185231
97,7,31,7.94914306361479,0.00629708031192422
5,2,33,1.20665539843396,0.296840590647164
59,4,33,1.93318533917482,0.0476412615032936
65,5,30,5.74883278087692,0.0925316874636337
77,5,26,1.32248218379531,0.13148815499153
74,5,29,6.49781195131476,0.0507816646890535
84,5,27,1.03504074231071,0.494168882237232
82,9,42,10.2765747050569,0.0157949083950371
46,3,32,-0.000642620252815362,0.311586332529083
17,4,27,3.83579199405179,0.272042710280589
98,8,32,3.7851867888017,0.194411049353632
40,4,35,2.48387561739179,0.0760738819952618
76,5,33,6.66335112021822,0.00921905576251447
9,3,21,4.91084839300871,0.331659126084972
89,6,34,7.38695562710997,0.00159476662520319
80,5,27,2.91844412069832,0.342339682149443
62,5,36,4.89995011226927,0.143513628514484
63,4,36,5.26555945965317,0.0126725175398683
90,7,38,7.69421192987891,0.0140869293049529
81,8,26,3.43244640834235,0.516784503569311
49,4,26,2.56292341585369,0.53350201635761
72,7,37,2.26034194074879,0.191341871091747
78,9,27,9.31110912047399,0.248880697461639
27,2,28,1.61669594704962,0.110342290950939
71,9,39,6.30785261186124,0.158206401043572
57,5,26,8.77715012301243,0.0375379417091608
89,9,38,6.90516029043507,0.0578269589459524
2,4,33,6.42907246110351,0.13115372043103
67,6,30,3.7469458684773,0.261032609533195
69,6,29,8.92855708284016,0.0260981048922986
57,3,25,6.76976339825541,0.00323886597665103
83,9,37,9.00238728355669,0.0363341018091887
29,5,24,6.99155422355298,0.210212557566094
19,4,31,5.27374672205789,0.117167203996737
16,2,32,0.862815201658102,0.283083006496283
1,3,23,7.76320172283859,0.0774166116691694
11,5,32,10.1795372704265,0.043083845754154
6,1,28,3.80098868387178,0.0955252120038494
80,5,28,6.66996593394949,0.0278660885524005
13,4,25,9.00602242634823,0.0953192887827754
9,1,30,-2.32328660822044,0.164848083863035
89,10,36,4.19279199910973,0.530196505950782
73,7,33,8.72819659929923,0.102594753727317
50,7,31,9.77883219695815,0.0325524848976094
27,2,23,-2.3489558851868,0.310895597318861
10,3,26,8.11089399090046,0.0187653410248458
84,10,31,13.8790578385788,0.0757164751983153
71,9,30,5.9371556980494,0.304586489013864
80,5,28,5.97090309780354,0.135612442390993
1,2,25,6.32277725036338,0.0527907782234251
25,4,27,2.3235808475739,0.319876331825483
40,5,25,8.74958654695038,0.11935818369966
33,6,29,5.83895884470369,0.332259822859171
86,5,36,-1.64860946669201,0.328085829035907
17,3,32,2.541971516559,0.524087477909559
36,6,27,7.6650253114799,0.123886153334752
2,2,26,6.80348018170425,0.0360198069849963
90,7,34,8.94089734303947,0.00738941004965454
84,7,34,8.10132277540476,0.00241274631116539
96,7,35,5.97047425876234,0.0767833366990089
61,4,32,5.8716113188532,0.00289008836261928
12,3,22,4.36059054056583,0.262784143666479
92,12,35,7.5103446559126,0.209797966516319
12,1,23,5.07282316507763,0.122298626927659
55,7,26,9.96481555181824,0.327999561316076
18,2,32,-2.23118723856148,0.462858637258313
98,11,45,6.86611620403297,0.0585587785869002
70,6,35,7.30828786786867,0.0100129074417055
25,5,23,3.63704819230551,1.52721511936727
79,7,28,2.57488387965807,0.240003776390994
37,7,35,5.59738060767542,0.275298133249137
88,7,33,7.31149467292007,0.112206469872035
13,2,30,2.71549043244089,0.167966182227246
90,8,36,7.36776186852931,0.0293414954794571
90,6,32,6.88428529519753,0.0435596042421555
85,7,34,1.93643184355097,0.327477939416397
53,7,30,5.56689962469335,0.182507425768974
82,5,28,-0.0822102958284452,0.362235263969103
93,10,38,6.97806532350513,0.138771757367067
56,8,27,7.40041228798356,0.356089279500252
39,4,34,5.53377477634608,0.111007399274968
18,2,24,-0.658480187880446,0.665572586903507
88,10,36,11.0367897607786,0.0223624691134319
23,5,22,9.41456128252421,0.255641715124923
94,12,28,9.23003191032975,0.274243591808456
65,6,32,1.73343760291753,0.548411625871593
15,5,23,3.29091650234726,1.70179038811336
95,8,37,8.46746362002612,0.0330462490674108
15,2,27,-0.554269065069994,0.68937862149083
95,10,38,7.71673350445993,0.144909172784537
65,5,27,5.20042353934474,0.121808134019375
2,4,25,4.74372754821108,0.371223189381367
42,3,35,-1.07159086224659,0.267724547302586
20,4,32,2.22925279642694,0.186838936515826
62,6,38,4.92570440336866,0.194624152955341
92,11,30,7.76692478892105,0.286666548334736
57,7,34,8.80368645309318,0.0319960669148713
14,2,32,-0.553637280391817,0.577084956154237
36,3,27,1.14801991118397,0.432666597401208
5,2,20,4.84083071537065,0.37058482642979
11,3,21,0.903141603226127,0.674654615545803
72,5,27,5.11881277604061,0.0691600380427505
16,2,34,-0.698786855126308,0.70841382222485
95,7,39,5.71410732970234,0.0414496617158875
6,1,31,-3.8002657848611,0.444436397848135
97,8,32,1.51500387346051,0.266638595134693
49,5,31,2.03804811809908,0.572059913972551
70,7,35,3.51312213980181,0.582155303532416
72,6,35,8.79207640672427,0.0128290160736887
76,9,41,10.4496618610792,0.00980441663457235
87,6,32,1.74829068883434,0.321371878021139
71,9,39,4.14310309134432,0.469248110873109
24,2,22,4.87955536349089,0.0390916575136475
49,7,25,10.5549884263344,0.130304722231813
75,5,33,-0.0548229749099383,0.249223138580571
0,4,23,3.02560400905075,1.11479321581529
8,2,30,-0.200661946328475,0.493006717858321
77,7,31,7.78960157199843,0.0140541827735577
29,4,30,4.25918305035849,0.301241697965863
34,5,29,8.15979564939147,0.0378320327727124
64,4,24,0.909330927603736,0.618051205264562
84,8,33,10.5695009141999,0.00636619364377111
6,2,30,3.3049960973903,0.136111030122265
26,3,25,0.727606287857053,0.541555790664786
71,5,25,5.88684947488031,0.168142730370164
5,3,27,7.5451125596702,0.0639185402542353
33,4,23,0.192910466239464,0.604603459561402
89,10,34,5.00977450164282,0.874567487369705
22,4,29,9.24390645145579,0.0636372322915122
57,4,31,0.377774393874404,0.177735046007413
19,4,29,7.18127217216316,0.0410177626139496
99,6,27,3.63988129189087,0.22843972708911
50,4,29,7.69219444250369,0.00642066611908376
82,8,29,4.81861866840642,0.261304060059203
63,4,31,4.92251081259432,0.0884048747830093
85,8,31,7.41477907002429,0.0942076521750433
68,4,30,-1.50527379392748,0.391790739705271
77,8,37,6.43785491018132,0.163619550992735
14,3,26,1.23821831499182,0.484258267541832
27,4,31,8.51153154196307,0.0996238008374348
26,6,36,4.00642543266684,0.304232356128025
35,3,33,3.00405436794134,0.0696861228207126
26,5,25,4.95981501283123,0.455408948918289
85,6,29,5.32443697349443,0.057142669800669
73,5,34,5.5470707697364,0.0725045177387074
85,5,36,1.26541451578724,0.090928191389783
73,5,25,2.17380680176254,0.101075854036026
72,8,34,8.40244782932296,0.101113350416119
98,6,39,5.8460968390337,0.0015656236598018
16,4,22,6.16479625302819,0.473695861154652
76,5,32,3.65218809013619,0.0303000829881057
95,8,31,2.8640447975712,0.138783379807137
26,2,25,4.19499730834027,0.143864515470341
8,1,19,1.42258435774731,0.45434405885399
22,5,30,4.54731365322074,0.588687185253925
33,4,28,1.18632324122727,0.761106124105764
95,7,40,5.8855144716099,0.0360241085290909
