K:5
N:1000
Gap:0.342312280261142
Rho: 
1 0.8 0.45 0.2 -0.3
0.8 1 0.45 0.5 -0.1
0.45 0.45 1 0.1 -0.3
0.2 0.5 0.1 1 -0.5
-0.3 -0.1 -0.3 -0.5 1
X:
74,6,4.85056644689057,0.209544648391343,0.199648585868999
28,2,7.71255477320728,0.081754915532656,0.364055127603933
50,3,5.60894073497154,0.290048501210961,0.0174005199223757
57,4,6.80046410283229,0.361494041492647,0.150333012919873
3,1,-3.36737036372408,0.040252483333461,0.514326775213704
14,2,5.15448367976083,0.0177525186445564,0.852019146783277
44,6,4.72258772608807,0.0675890791462734,0.919337798142806
5,2,-2.15107888766244,0.0420277701508477,0.907757719280198
11,1,6.05852371311806,0.118606152995735,0.260977277997881
44,3,7.9915778549445,0.231384497991165,0.0785733924712986
9,4,1.39612354842068,0.603398589851493,0.50161670288071
0,2,-0.72564043860121,0.0848570394694277,0.9249150918331
82,9,11.3511944135829,0.208080589319164,0.718942206352949
14,4,1.20488070672206,0.0598208057062482,0.953940434614196
43,4,7.05409928455718,0.0503220557002351,0.76721511548385
18,5,3.24843011304725,0.143622799310833,0.957571094622836
5,0,-0.120862320661643,0.0518493924755603,0.660660656401888
43,6,8.44891145024962,0.119461876922287,0.878214080352336
20,5,-0.1213261903325,0.281753010338846,0.856722560944036
29,3,5.60267243042093,0.349310636499381,0.0927828878629953
64,7,10.037657474712,0.0867215705802664,0.65494945878163
39,4,1.59135886490798,0.0200041804928333,0.831691249506548
37,3,4.42237611665118,0.210951050034466,0.0272889093030244
48,6,1.85954887037648,0.115752909276779,0.978333754232153
23,4,8.20973096888259,0.328940909856999,0.0751811964437366
32,2,5.87757696582869,0.0198554084636271,0.220375785371289
24,3,7.04350712792825,0.0234430525451899,0.480491202324629
77,6,2.09271005363827,0.122422898886725,0.365784274647012
35,4,4.73628602496298,0.317638896162364,0.0542224533855915
81,9,4.56731348776595,1.65309530233953,0.111574518727139
55,7,3.17665286315826,0.291280302441421,0.442080007400364
76,5,6.77168889475504,0.127883784589358,0.427955776220188
94,12,10.6863593811095,0.574863999692858,0.354349977103993
11,3,1.71872081653991,0.443649660774922,0.376942776609212
8,4,6.65173198509102,0.111041879048571,0.857517798664048
58,8,6.06085485927824,0.143044513766654,0.965841890312731
99,9,15.0796681247223,0.306900627667758,0.073060488793999
33,4,8.42381191332732,0.108861534507014,0.428985283011571
88,6,8.24860088008278,0.0823393329046667,0.377920261351392
47,5,5.6923819920947,0.564781063670451,0.126172906951979
52,3,5.47379132333756,0.00900520046707243,0.73827668139711
31,4,5.80315860970028,0.32180111388557,0.142545620212331
66,7,3.7430781082248,0.57585737245732,0.162311079679057
27,5,6.10915474956018,0.537090446302825,0.531218057032675
17,3,5.56717768884563,0.0336085831513628,0.704034764319658
44,3,4.45126460672007,0.0188740991288796,0.821132539771497
25,4,5.41882634276122,0.0180618501250888,0.757762926630676
29,4,5.22201541076936,0.0376994527177885,0.89372325479053
48,4,4.44752781475651,0.415927629431194,0.024696204578504
49,4,4.52717312312431,0.0387043838854879,0.895920914132148
1,4,-1.99127732863831,0.174916316159451,0.945178740890697
7,4,6.76630132279434,0.414234603905046,0.299001394072548
30,2,1.24764339737234,0.213881022074083,0.309088916983455
67,8,4.41073540437494,0.292525701447132,0.898976064985618
88,6,5.890393024741,0.0555633277418309,0.813644246198237
56,5,6.42012598919958,0.221888032088742,0.430283481953666
93,9,5.57465424594634,0.519681636223054,0.204029018059373
41,5,2.85625370186665,0.910156664851696,0.0773944964166731
57,6,8.1447305860679,0.147650513565168,0.704058555886149
13,2,4.93734072559835,0.14160894008819,0.604609244968742
47,5,4.63677870478407,0.307751976641569,0.515972842462361
37,5,6.24664714369737,0.503169987795359,0.586361667141318
95,9,7.63525464400396,0.11587789680934,0.60317884455435
48,6,8.65125858772385,0.218229845621365,0.504465197678655
92,6,4.24043757829464,0.0281149831357704,0.541587142506614
94,12,11.9484312996781,0.486521493622518,0.121905230451375
7,1,3.9961846102287,0.142099494114518,0.542728375410661
60,7,2.08604675882076,0.545935901316128,0.772063612937927
55,6,8.78447453474549,0.720356106958074,0.0390370222739875
95,7,5.4984953633647,0.233107401746067,0.520864731399342
74,6,4.40626643105382,0.397385076133019,0.16151219420135
2,1,-1.29731226513848,0.155300499638543,0.737000789027661
54,7,8.24184514557365,0.228456296016204,0.776734584243968
44,4,2.34678995725899,0.121717697824351,0.757782752159983
54,7,9.01415645241828,0.421759479658163,0.656242771307006
50,5,8.17856837973825,0.116209285217337,0.699569535674527
43,6,4.11804074279752,0.211303677166554,0.474356448976323
14,3,6.95367077094465,0.324452373654324,0.0706863927189261
42,4,1.7123063662032,0.347529128638512,0.121862871106714
98,6,10.6980973588984,0.058701383182779,0.0490381680428982
43,3,1.14992933870506,0.361723042175742,0.269284407841042
74,6,7.06692143471313,0.361906084535116,0.42124361009337
36,2,3.79685952090766,0.166654477710836,0.238049472449347
26,5,0.165666667291831,0.681469028318459,0.645045801997185
44,4,1.42097529251708,0.339674680017608,0.606666499515995
20,4,5.35214380683427,0.309956433473829,0.769284857437015
83,9,4.15064221960605,0.113914901274256,0.86022975249216
50,4,3.51115905305771,0.08023265545305,0.324215984437615
99,6,7.40963118571774,0.339385941148478,0.0781416497193277
91,9,6.50249174766576,0.947766029535285,0.171919930027798
29,3,6.59496494145627,0.0853935134364292,0.601001864532009
26,4,3.51844470287214,0.266351781774986,0.482093090657145
41,4,3.18002493529212,0.0890270961681381,0.890023815445602
61,6,4.65752752348716,0.49287063020975,0.0648183636367321
31,4,8.23945282250281,0.0882975419517606,0.298050600569695
40,6,6.45022824333481,0.523960641518933,0.225448191165924
97,6,2.77590842540155,0.224283733860332,0.0477302097715437
82,7,4.13872574922682,0.0953219952551934,0.522279693977907
16,4,6.1452882103229,0.651987118149334,0.0879084011539817
35,5,8.23413159701496,0.289680887701663,0.140054794959724
0,4,4.99115468719162,0.370793233604586,0.672543773660436
71,5,8.45691806234334,0.291983862464062,0.0217464833986014
61,8,11.0514292723524,0.162008483661339,0.792513641994447
95,9,3.76320735327737,0.433371339437968,0.771965810097754
1,0,2.92398911568716,0.189295277857546,0.171598536893725
50,5,2.72817140949955,0.06290898041334,0.750088207190856
7,4,3.37150982036306,0.548631527895266,0.198670186568052
59,4,6.66313636938845,0.0203576154891923,0.56766577064991
93,5,6.58099647188862,0.0696645816788077,0.421685489593074
10,3,7.32838034153968,0.0195652243366957,0.930441383970901
87,9,6.50827947241514,0.413163839352733,0.628463023109362
38,4,2.70536515344678,0.0797839732840657,0.812083119759336
72,8,4.23705353593349,1.66507374811779,0.0556077098008245
18,3,3.90904332610522,0.0172949709231034,0.978232940891758
1,3,2.5371056898804,0.102104043937288,0.988108031451702
58,4,4.19481246067679,0.192407463524886,0.0940236779861152
28,2,2.01379550089622,0.00481381232384592,0.973756061168388
18,5,3.73000195085493,0.130045380395553,0.883756075752899
3,0,1.78655182710932,0.0484298725137562,0.741915677906945
68,5,5.69197488936527,0.0498776562744752,0.451100869104266
84,5,9.39793162109283,0.201597457508299,0.0899750937242061
5,4,1.874339485569,0.106154209640427,0.981456455541775
24,4,4.14454658924621,0.312401722873303,0.170897058444098
42,4,5.01031115288277,0.0636708264937624,0.557835259474814
0,3,-2.54297087392657,0.0718829251127318,0.985445567872375
27,6,5.44661921191008,0.754714933848261,0.717413147212937
78,7,2.36952110398014,0.49508665174008,0.191654611146078
84,10,7.12665773793165,0.938266364339382,0.329123397590593
93,8,3.90993466981806,0.276323583665046,0.39908439014107
32,4,3.37059896644206,0.417456860633051,0.684921600623056
24,3,6.7694213482364,0.205815580961376,0.229657896561548
41,4,3.08232466441976,0.368903033231024,0.125305688707158
37,5,3.00281954393584,0.0845876404406873,0.762609032914042
14,3,4.15135541362657,0.090982156173279,0.513011287199333
57,6,3.74481265382762,0.310101034264982,0.66503516654484
28,4,6.49215190818169,0.110633769305423,0.527564407326281
30,4,6.76396270405989,0.0203798218264915,0.941918011521921
21,2,0.397972393048487,0.268070673093873,0.115591293666512
86,5,7.86138619494275,0.0418123246636242,0.332597966305912
61,4,4.41980969348719,0.0167922769905999,0.763177415821701
66,4,7.96443088023226,0.0808862308040261,0.103491715388373
91,10,5.69709650120337,0.682153914557928,0.313624136382714
8,1,0.379065150345369,0.0105854572029784,0.959841657197103
97,11,6.82453299105013,0.288164446352723,0.780204374343157
13,4,5.02332850681956,0.803620802196574,0.425232552457601
12,2,5.25332018626048,0.00555598717433854,0.80539005366154
52,7,2.54752862208305,1.6094015674078,0.371956603834406
83,5,10.4701177302279,0.0199087061919272,0.324493379564956
76,5,9.96953628267178,0.0477248278912157,0.110364748863503
95,6,11.1044776853704,0.306409951521757,0.0452103933785111
25,2,3.68863274732994,0.00598788715433329,0.780804864829406
30,3,4.53388688865215,0.0179249761858955,0.633419137215242
32,3,0.235201918793899,0.0343705899859724,0.765270377742127
39,6,2.67620553277322,0.706569772171688,0.684477539267391
30,5,7.19001272621449,0.394570748766369,0.455171015579253
65,6,8.60339897103492,0.617011820400292,0.0941638494841754
4,2,4.20360891282719,0.00861281820277631,0.799894951749593
74,8,10.043013582644,0.599926844673389,0.282810453791171
85,6,6.70593569599305,0.0324634769402621,0.38251285860315
22,3,4.30610247269429,0.293955799647349,0.213287418708205
59,8,3.37625268131257,0.37894769523055,0.671983493026346
18,4,5.91445177435586,0.0964114872040227,0.863536232849583
61,4,0.897405214025405,0.0162560080253492,0.720285553717986
95,7,11.0730377228412,0.293287595956329,0.10596373071894
0,0,5.2604452336622,0.0760137444594875,0.273133401060477
96,10,3.90100888458819,0.880870946108817,0.285387064097449
14,2,-2.57487882282998,0.119703674921766,0.441807905677706
70,6,8.75501207394018,0.243289702794257,0.10545935598202
75,8,7.92593120363356,0.165901191532612,0.715180479222909
32,5,3.62507205716971,0.310724064930084,0.560876007890329
73,9,3.33385960773868,0.358560033020838,0.910645734518766
41,3,7.77692217308501,0.00216194265522063,0.830561114475131
21,5,7.99626734144819,0.0816160493995994,0.769506639335304
28,2,6.60199620826853,0.188871904693298,0.187114909291267
26,4,4.4610256749239,0.0386238857153755,0.784621022175997
60,5,3.84835338212884,0.505529564318663,0.279867500299588
67,4,7.25520286908527,0.0123488693253223,0.68328273575753
66,5,2.1331680542271,0.0909899327671155,0.479649584274739
61,4,2.50492603386865,0.0110205141325155,0.729536862345412
37,3,1.28039718688074,0.0779880478512496,0.646738504990935
87,8,5.82185328218035,0.214665796131569,0.46676130220294
15,1,4.17073120764999,0.12789833440911,0.258308173157275
93,11,3.63916700482164,0.462386164793229,0.671165167354047
28,3,2.1230513061534,0.0335606115404516,0.643309156876057
22,4,4.17861993917276,0.244164978609163,0.209717910736799
99,9,8.65051073193998,0.0603995533892885,0.632584956707433
56,7,1.98962710370643,0.126713389181532,0.864061022875831
31,4,4.26784382992178,0.423494882394976,0.474508220329881
21,5,8.4793413794509,0.163646209519356,0.961075870320201
93,6,2.32991403151435,0.098227376700379,0.656405044021085
43,6,9.65794009712289,0.118906809017062,0.803528155665845
71,5,3.66256793102822,0.23011713355754,0.0515513638965786
5,2,4.27936503381598,0.280842444507905,0.402144950581715
58,5,7.94126871988672,0.380980392431325,0.171129930531606
40,4,4.53247673818045,0.184759198841863,0.377790635451674
38,4,6.88039363287293,0.0363362468779087,0.788493182510138
70,6,2.49809696009865,0.618294756362373,0.257861430523917
96,7,8.8176878869073,0.111599252209999,0.30005423980765
35,5,2.2146488684169,0.268747978797955,0.680021580308676
96,10,10.739751725795,0.184414650070223,0.49775811471045
46,7,4.63853527890641,0.730325923487052,0.229823688976467
11,2,4.03761978410744,0.195895660192448,0.541993606137112
99,8,5.95581486452163,0.307665572025555,0.193076779600233
14,5,6.71216334097923,0.290792488249692,0.72054592333734
6,3,0.219024780904299,0.0835838125785813,0.735798623412848
4,1,5.35993309001416,0.0483960775891319,0.454257312230766
59,4,8.06903426677917,0.0529547380283475,0.336487316759303
67,6,9.19733839273201,0.463701219276941,0.115534165408462
17,2,0.269435788451212,0.31677845189229,0.232695697108284
59,6,4.77711351826242,0.0523351564055862,0.809594599530101
92,7,5.30159547228126,0.19922937475026,0.112940102582797
35,3,4.86482405935774,0.0285773393698037,0.427909293211997
37,3,2.39275295551601,0.010453387321381,0.691827134927735
96,9,5.29741487890961,0.958229561749488,0.0315436848904938
40,5,4.64241109109872,0.307957584726366,0.798492139670998
68,9,8.04599321793119,0.194955542879675,0.8493224196136
35,4,1.22311643862891,0.0259696539650357,0.941880768630654
98,11,11.6256705633606,0.179844817834649,0.757358729606494
83,5,5.98456056472481,0.0128657886525616,0.36074537737295
60,4,6.34766457755832,0.0114036748113607,0.919899075524881
40,6,5.90047659765947,0.0918643329059705,0.911262989509851
35,5,7.01192066031706,0.481900791150934,0.0466951283160597
30,2,1.6819584077966,0.104865900124423,0.113206151872873
38,6,1.32964476758871,0.6029604836052,0.357110952958465
5,4,1.64776106793619,0.124274006584812,0.987967088120058
73,7,4.92843775740137,0.116055456486084,0.813316504703835
27,3,5.7340753682532,0.00276257970836014,0.914795121876523
11,2,1.02046997478053,0.303601811862293,0.494084887206554
64,7,5.56610668971985,0.0774933050852269,0.975151966093108
25,5,5.31316635196876,0.0957968404766069,0.927757474128157
25,2,-0.0448670277040346,0.122638828470372,0.108525861054659
61,5,8.46599600792398,0.0386243013199419,0.84841742599383
29,3,0.828890644936398,0.171824741642922,0.288589051691815
70,6,3.8096887770386,0.154845844954252,0.735474334331229
93,10,6.86173528556715,0.161558635998517,0.915296954568475
81,5,3.5451656259857,0.353029712547964,0.0180662446655333
33,3,5.01334968364403,0.232237517124715,0.158986959373578
18,2,6.52575935276115,0.198152421963143,0.00923179090023041
90,6,3.41540367532456,0.34835366856069,0.199856241000816
60,5,4.00411478183288,0.167909766198136,0.639274211833254
38,4,6.65472927861413,0.304295572684943,0.143079713219777
69,8,5.58500923358638,0.32139129260436,0.27523219701834
67,7,8.39649380940639,0.132834022864699,0.848560396349058
80,8,3.2250002763934,0.0975849500391632,0.692635814659297
73,4,2.60829767197121,0.0302697568920441,0.360132797155529
39,3,2.64312607199127,0.113314423337308,0.689306084997952
80,5,3.02665855723808,0.154265748686157,0.638345108367503
38,6,8.99358246254377,0.365857150339902,0.530916654504836
49,5,7.54787194759795,0.100633225636557,0.753072114661336
19,3,4.18333992966637,0.165640848339535,0.550030781654641
92,7,4.06804558786755,0.544129828757318,0.108757406938821
85,11,14.1986910668938,0.689946726398701,0.0796383926644921
17,4,0.773032488891218,0.473121471216387,0.624892540741712
23,3,5.75475552801412,0.393639110007739,0.291701152222231
85,8,5.01262443565081,1.21473196900016,0.0511905939783901
80,8,4.91699007827907,0.106560563006871,0.730082174530253
24,3,5.33253326367845,0.144734622095712,0.145057083340362
55,7,10.1018278121969,0.371198665329671,0.681956076761708
90,7,6.9271610925351,0.247389047411468,0.309944529784843
68,8,8.84597243864299,0.343508837035599,0.354464975185692
63,8,5.33773980999591,0.721969975400769,0.205663475906476
48,6,4.65133653338169,0.548220923604602,0.591412431094795
12,5,2.51855002329384,0.377747431842095,0.928926252061501
42,5,1.33352169416622,0.164091128390282,0.71827617730014
95,8,4.60922491107964,0.222264865868467,0.467349161859602
24,4,2.36272213472538,0.651270017590832,0.42201322875917
4,2,-1.49725777440866,0.0127240393845859,0.991146777989343
44,3,7.06483990667167,0.0810646818135695,0.597452913410962
50,5,4.18095013523519,0.6603570212295,0.171780841657892
17,2,4.61556091259762,0.0163154329781418,0.889991173520684
15,2,-2.4214932473342,0.0577950329752639,0.851843488169834
17,4,6.41139555509767,0.0505990375531837,0.965027794241905
26,3,7.06320788829981,0.0520799179794267,0.831535384524614
95,5,5.07768284920727,0.179076756047739,0.03570271958597
9,4,6.97491000021905,0.31152127519131,0.146496134344488
62,8,3.48690400400665,0.209201679338772,0.908516607480124
84,9,8.82022678474227,0.166987248579971,0.786136743379757
44,5,1.54581955061394,0.096430707606487,0.964871187927201
43,6,6.04093457086942,0.343808931055221,0.260741518111899
53,7,1.8305362561231,0.190137459420341,0.965064843185246
97,11,7.78942323253967,0.276785763435739,0.658360761124641
46,5,4.00273147995673,0.129202284091707,0.820713664172217
71,5,9.2386682446464,0.139325412572362,0.0445905465167016
76,8,5.86769753154891,0.508204658960408,0.143767469096929
22,3,2.51572056564301,0.262921023870561,0.310079991118982
42,4,0.869773281251099,0.0829067885642871,0.44345393916592
43,5,6.29162006427087,0.0912858153314636,0.846567980479449
38,5,2.77136237367953,0.793928489047003,0.21747146663256
14,3,3.82519958494279,0.419209052787578,0.069371635094285
30,5,5.2700485545539,0.163815765525214,0.851114048156887
52,5,3.49940345841902,0.227287132049653,0.754455406451598
23,4,0.491677993146757,0.109722510795109,0.963865517172962
96,7,3.22981339284724,0.0616506789810956,0.629300340311602
14,1,2.6872047011539,0.00814784201793373,0.702455169055611
82,5,6.60647719908743,0.0272616833695175,0.607971624005586
94,8,8.31892436626508,0.549628419438293,0.0578084231819957
20,5,0.3519366128086,0.356194089145815,0.909909286070615
94,5,6.24639341633526,0.101910841884091,0.0915935407392681
88,6,9.67638396711432,0.0443897633677634,0.536345177330077
6,2,6.07946459284568,0.0176745259668678,0.634954490698874
36,3,6.09393596615941,0.0967862773686647,0.200481050182134
73,4,3.51650239319056,0.0342036829489538,0.351623874856159
51,4,0.271048904360379,0.0769713035551831,0.622975136386231
3,4,5.35933709798695,0.922669131415915,0.122313400963321
68,6,3.07858716195408,0.202113411316596,0.784883680287749
78,4,6.26884534297874,0.207955873560834,0.0045503699220717
23,3,7.70217176982152,0.0369687803322449,0.80582467187196
4,3,-0.213201386030643,0.253976250755343,0.799819389590994
26,5,5.31400706405451,0.994972133490831,0.19780049379915
31,2,2.73870256715814,0.0055158413009683,0.737581884721294
40,6,6.67141693669413,0.985588995660056,0.386769605567679
86,7,4.36518433482072,0.179480448160623,0.764488258166239
75,7,8.22879413704289,0.452729962279505,0.124296301277354
55,3,8.80792323751417,0.0057914967770567,0.360813841456547
4,2,3.59222841734745,0.0715322464238852,0.755970504134893
35,6,6.96648153554224,0.170495035476051,0.770350317936391
86,5,2.69987525138839,0.167150804307312,0.469089384656399
53,5,5.74709506285675,0.0820027887821198,0.882605429505929
69,4,5.63590926682697,0.00828059285413474,0.857869720086455
64,7,2.10582317234363,0.249640034501183,0.796452498063445
33,6,6.67522654986547,0.486962647011958,0.640859817620367
57,6,9.56406921079212,0.402205098399377,0.381768353050575
26,3,5.52263013465413,0.205931996239557,0.0856118698138744
49,3,0.877870173397191,0.111563983024098,0.437691362109035
15,3,3.13328914951121,0.254466215603727,0.513057880336419
4,4,6.19903567796821,0.151743969065137,0.700860309181735
34,5,8.01218212669365,0.0845555230043828,0.940369277959689
13,3,1.51777162078326,0.144553474732675,0.624946668278426
68,8,9.43873440079513,0.769462810126587,0.0418532732874155
46,5,8.75515899705453,0.200317157421935,0.489610988181084
30,3,1.57326814154565,0.313996552712026,0.0738090828526765
75,7,4.64504827936564,0.767436332958651,0.0574439042247832
69,5,3.61343897797269,0.176173099649039,0.483610783470795
28,3,6.41844567681217,0.265496956406835,0.378367572557181
34,6,6.79245384594251,0.873032636451344,0.0598481518682092
37,5,4.13874038265231,0.470376204678273,0.203504118369892
31,6,8.14571808948229,0.336470572733063,0.429727689828724
51,4,7.21679579794781,0.31365222087011,0.0111829545348883
39,5,5.26599029125476,0.118458062759601,0.528905184008181
96,7,3.88355400632678,0.0366657712541421,0.815207561012357
34,4,5.67343014499931,0.455880204194641,0.015655069379136
70,5,5.41379455572813,0.0999592933803797,0.122708905953914
78,8,5.98606542416929,0.841053461613965,0.156870653154328
99,8,9.30594487926724,0.0826904372560778,0.231702160555869
0,3,4.22210776276509,0.064620600546055,0.96706317528151
65,7,10.4463973638088,0.258309370108326,0.236443733097985
59,8,5.30090693524882,0.177549934004176,0.779453967465088
11,2,-0.266051783242773,0.289530937973285,0.287032115040347
69,5,5.03576482304503,0.0947967012035927,0.625427434919402
46,4,1.89726794188424,0.122373221092857,0.39770891983062
33,6,5.62356996458685,0.119445989956148,0.989344652742147
33,3,5.6096961360263,0.00930219807196409,0.606604027794674
44,7,1.91588573391497,0.831121579739135,0.824672128306702
43,7,8.78478061432444,1.30674813354487,0.244669706327841
26,4,4.47285473685482,0.108717089984566,0.837130404543132
69,5,4.97019831871056,0.420564634238786,0.01886116550304
94,8,10.3661813023637,0.0989001673879102,0.65313684544526
32,4,4.02430769399483,0.204164983228523,0.295670107472688
4,3,3.96112808885497,0.0561227230355144,0.903605982195586
22,3,5.33867261687795,0.0485320003936067,0.902197263203561
3,4,-1.23398864465694,0.107668530428782,0.877567955758423
56,6,6.61025544386098,0.271364254167977,0.412783354753628
67,4,3.6072880812598,0.19761991034143,0.256303006317466
60,7,6.2413190319009,0.130288137355819,0.944707453716546
6,1,6.3504689660861,0.118872535237768,0.190491711720824
55,5,5.50307443710118,0.271241990838873,0.321099111577496
34,4,5.49396059597205,0.220325965414615,0.532784115755931
23,2,3.15984307002093,0.00230938851312736,0.892081204103306
35,4,4.81118264837744,0.152790309279226,0.733288634102792
40,3,-0.0882818535487582,0.0903916800495252,0.653993260581046
23,3,2.1759147749975,0.4579696903032,0.41770502878353
6,3,-0.103325017874447,0.288026298899654,0.725838137092069
7,2,2.99295356723083,0.102115907814829,0.293129000114277
2,2,1.77614814915751,0.431950690669423,0.424998141359538
90,8,4.23626879365103,0.460738475210676,0.178327024914324
1,4,4.81615429767501,0.233398800891576,0.930385740939528
83,10,6.29926265980082,0.350593238678953,0.675941824214533
1,4,1.95101914011322,0.103924928233027,0.906727454159409
87,11,8.07654767655345,0.124309920938686,0.931566787185147
34,3,2.79642227906519,0.0622399307032973,0.900581437861547
59,6,8.90299093755132,0.0753445060690865,0.435160934226587
36,3,4.22559874417146,0.213966073292871,0.0414554222952574
11,3,5.51092569327331,0.191772282698741,0.369093808578327
7,2,6.47299573911561,0.0795315376017243,0.285583877470344
72,7,8.9467378168273,0.267504570296708,0.0711630540899932
6,2,-2.50731116683758,0.0849968952825293,0.628932924708351
17,5,1.29680990624699,0.119920203695074,0.996123197721317
25,2,0.471938421981801,0.00687998929060996,0.875412849942222
95,9,7.0870743173106,0.248320010480213,0.596222791355103
99,9,4.45693751090352,0.293775176618922,0.584580281050876
59,6,4.02286722328375,0.416771495228118,0.642036933451891
80,5,6.72052197156348,0.233951725753698,0.0057222789619118
52,4,3.05825022142871,0.355464439720733,0.089099548291415
81,10,7.82744772796787,0.325823568030003,0.447961694095284
45,6,6.61675311094359,0.071744337095879,0.881460474571213
37,6,8.06986972443164,0.168210396077484,0.626291246386245
15,4,-0.51413945277549,0.257199501613756,0.931603742064908
83,7,8.21888531706288,0.163723537931219,0.210643120808527
33,4,-0.399263139067278,0.133754535927437,0.511298853205517
48,4,8.73851867999576,0.299652805308554,0.0067119225859642
4,2,6.84155815955265,0.154188410029747,0.673666864866391
97,6,8.94091508172299,0.166344162425958,0.0254584862850606
3,3,0.4320527417377,0.0916851949709087,0.858730061212555
58,5,1.80391803263214,0.506266579942262,0.320962320780382
69,7,4.64543200456051,0.564768769281143,0.250173832289875
69,6,2.11499290374214,0.376284807462766,0.289803128456697
43,3,4.77661864291373,0.0193580774357542,0.696094874059781
12,1,2.71393316082256,0.167304500355385,0.132801296189427
98,5,4.88937510043424,0.0742668529828897,0.20111586083658
20,2,0.123451383362735,0.0114571970343609,0.825709079857916
72,6,2.09640972966195,0.205574082432988,0.571019278140739
70,4,6.8079599597545,0.194024006359953,0.0253712991252542
77,9,4.96727955667256,0.131123607246975,0.990949767176062
42,6,9.0971577758349,0.410957288907325,0.33524837042205
81,5,4.8788508059797,0.179430248510272,0.159958970732987
49,5,1.24674240784185,0.0789753075969547,0.987120475620031
48,4,6.15427173681055,0.24508835094862,0.106349961832166
17,2,4.68370460883584,0.0821761930128559,0.685561713064089
76,8,4.73359116601708,0.18116260691427,0.700908527243882
0,4,-2.45913995536826,0.319852327684614,0.684698838507757
40,6,5.17754343659653,0.586699512520527,0.230956839164719
18,1,6.77870984467198,0.0741440971349582,0.334800262469798
18,5,4.50407875859591,0.202130821345516,0.703571029240265
4,3,0.483622194109859,0.435647335219328,0.587940907338634
15,1,-2.63969013692936,0.0468137032585219,0.857635245891288
19,3,6.52478986555543,0.0368773457134089,0.883289300138131
97,7,4.18565403958772,0.386549349853253,0.154265270102769
46,6,3.90644645857717,1.00749436155298,0.249540998600423
31,4,3.88262865304272,0.119649459607899,0.866704805288464
20,4,5.23858299488651,0.230937675616424,0.295868020737544
77,6,6.49436698240927,0.0333319829078391,0.649985552765429
23,4,4.23362532151984,0.468485038706517,0.324271322228014
59,4,1.31460402771647,0.0485385436331853,0.701946408720687
90,12,6.14638983179275,1.71377914715419,0.507539363112301
62,7,4.89497521004568,1.39698508000913,0.380078888731077
18,2,1.69885537931694,0.0600563662592322,0.437243130523711
8,4,5.74706892163462,0.168887796811759,0.803304729051888
3,0,5.09302735287466,0.187642160559747,0.110548094147816
46,3,4.7399135528179,0.0983785275602713,0.365800124360248
82,5,7.88735589102968,0.0202549106907099,0.344270747620612
56,8,5.10997634669436,0.1957738075766,0.932748353341594
91,10,9.45623293000956,0.608445343064302,0.152727558743209
80,9,9.37664632285891,0.314584885480556,0.438933670055121
27,2,0.764046978698937,0.0554038680857047,0.540855997707695
12,4,3.05008726193745,0.326159425534982,0.6187273634132
46,3,6.55880838927309,0.00678351837943635,0.509768811054528
42,4,3.66595150059188,0.219958076243031,0.274179526837543
46,3,4.16397400527822,0.0513388086523122,0.252113483380526
5,2,5.42065850071793,0.0767090449808165,0.524551661219448
80,9,5.65805655317825,0.25861857504465,0.51593504101038
52,6,4.82636726718128,0.290786825569373,0.409536737482995
29,3,7.53915274531356,0.0390254389001783,0.285108925774693
78,5,5.93051542264483,0.0199094176059589,0.397812348324805
97,10,8.88994642800372,0.422730399736216,0.413098726421595
91,7,3.80543885336698,0.0584903876297176,0.805873933713883
28,5,-0.280839282574755,0.301802800492126,0.865157653810456
37,5,0.862912192505934,0.188338276552566,0.74963216111064
32,6,6.64319360068506,0.160455169039778,0.765821972163394
88,8,10.9876101614345,0.0559115934797777,0.865833275718614
86,8,4.29782454424341,0.355168950401177,0.430162772070616
46,4,1.16449470807474,0.209458294314075,0.162875006208196
26,2,-1.21463381391789,0.0624257760355249,0.859677150379866
84,8,6.66528034501013,0.223976446305144,0.233810259960592
85,5,9.33863663457081,0.270810098143968,0.0452445419505239
57,4,6.34554340552838,0.0545897815609351,0.441359213553369
20,5,2.45427759281462,0.133469548192807,0.915047431597486
70,5,3.93084448301138,0.0154537221820269,0.643503614934161
27,3,0.518352226748437,0.054904185119085,0.765821883222088
94,11,5.52127016751047,0.493860466958042,0.284627522341907
14,2,0.636509941096032,0.00189529755152762,0.969800649210811
4,1,4.36780054908115,0.121973106728167,0.117431180551648
41,3,0.561988416153653,0.0180905169108883,0.688443360617384
71,6,2.73013442101743,0.303526435502547,0.1158934882842
26,4,7.79395866613596,0.0982524906285107,0.691709431353956
98,6,7.91461717426821,0.0537306251935661,0.27835566457361
76,10,10.5734364958913,0.287175182009789,0.574166873702779
71,6,6.31932594075187,0.293900166627693,0.3298848005943
63,5,5.42865815103371,0.0661523529561237,0.525285601848736
89,7,10.7516692581855,0.393417855238026,0.00837695715017617
90,6,8.56848424544265,0.0895733799636225,0.117159405024722
72,5,3.82197368627421,0.0201952430652454,0.911984401755035
38,6,3.45239337995063,0.316286338249895,0.923822061158717
8,3,7.13344218329702,0.0553954219212756,0.875380113255233
78,6,2.70019746418671,0.326240696235302,0.508289783960208
41,3,3.45407851040076,0.175501754729751,0.196383883245289
83,7,9.24883252231093,0.246240309429097,0.183374106651172
67,5,2.67814821636643,0.484475424957877,0.101759048411623
31,3,4.45892934700571,0.363135987406081,0.0562162513379008
48,4,7.47523630836818,0.0362646283930007,0.670923871919513
99,7,6.02379688416379,0.0403708422090858,0.479045687709004
20,2,-0.306962287613795,0.15850858669728,0.552213718416169
79,6,5.50829727648867,0.1639081396861,0.323141325963661
40,6,3.03614052116441,0.226219660359177,0.857407379196957
30,6,4.31256467303721,0.557597676726216,0.399912755703554
32,3,5.62772464244184,0.297739196558225,0.234938537236303
85,9,7.91798597520249,0.38242849189732,0.564573319396004
95,9,13.5861179694042,0.0664639972383156,0.763371509499848
0,2,0.0437442683457219,0.0253894413392452,0.951209178660065
30,2,-1.75657947102231,0.0252537444466725,0.510120501508936
62,7,5.59199208220528,0.226023982966992,0.578289258060977
91,5,3.27208597528425,0.0482517324853688,0.475710126571357
44,3,3.83156480060658,0.0112578209955245,0.89954879693687
26,5,-0.17323815616992,0.295791596396568,0.758249702630565
26,3,5.24280201869214,0.0960653434740379,0.414775155950338
41,5,1.77767176028583,0.172878682613373,0.562893109628931
47,5,6.37589135174847,0.0346434317762032,0.810256551718339
62,8,11.2347335777988,0.667598409081036,0.325763056753203
47,3,4.2275087952542,0.0587897119712654,0.302816011244431
17,1,5.5205542363584,0.0536028580550581,0.11903612059541
39,5,5.69638985087757,0.0757383549353108,0.806667363271117
37,4,5.81052224194373,0.22029739570685,0.253715141676366
79,5,1.56600459903869,0.0487455163505723,0.854101681848988
96,8,6.09162991706435,0.125894144992344,0.396171202417463
19,2,5.32635535685178,0.0842486993642524,0.711043886607513
78,6,6.84885631270914,0.0567307512974367,0.333467111457139
86,5,2.37927189790394,0.0172303983387348,0.947333842283115
61,5,8.24638721443122,0.17982796958678,0.134578993311152
90,8,8.71358313400634,0.164736091159284,0.284981549251825
89,9,10.5583225756821,0.732374431523395,0.174489302095026
3,1,4.05537095462022,0.194989219356997,0.387578927678987
29,4,7.21766182163917,0.133496815338731,0.628698305459693
32,2,6.73983302243616,0.0304121463559568,0.280060967663303
20,4,2.16811182183394,0.0982023957030199,0.751341103808954
31,4,3.77364859252787,0.569542263674303,0.105347103439271
73,8,9.31950139085671,0.394847563912577,0.669674823526293
3,3,2.73674291651929,0.0639959365362301,0.86919362610206
78,8,9.53579371017684,0.711774134322127,0.108297801343724
8,3,4.70547170524074,0.0422966041369364,0.9740959207993
65,6,9.57384135201467,0.140965485014021,0.732047030702233
39,6,1.98398177170581,0.988093640338827,0.152672569034621
95,7,6.64512056343622,0.0564997416222468,0.749278814531863
86,6,7.96656814278783,0.073821698082611,0.526995373889804
20,3,3.12007801359282,0.432513415873655,0.401696742977947
79,9,7.58067537289356,0.427762111627913,0.38530310895294
78,7,10.5965534364747,0.384712486972517,0.0291678318753839
57,7,1.82634232219162,0.81916848379643,0.185017972020432
35,4,4.53615118522153,0.139100128202699,0.495989102171734
16,3,0.838376531159286,0.0505885773885772,0.85791883431375
20,3,6.27879559837998,0.0731505604013634,0.661978766787797
45,7,4.96233375592735,0.153351957444102,0.769494962645695
91,6,2.94996001899684,0.0986868339043113,0.406295947497711
17,2,4.84295141249749,0.197457433434877,0.16782999667339
80,5,7.56415905380545,0.251136810508299,0.110081483842805
61,5,9.04056748198949,0.206109043314322,0.0473303927574307
9,2,2.67183868078454,0.0631558426325649,0.828756199916825
4,1,2.6592208506241,0.000708402367308736,0.852520890301093
57,4,1.57929497088152,0.322805865191597,0.0776169027667493
54,6,2.46059569110457,0.47634219189868,0.644976084586233
87,6,5.7494572752567,0.246474272328171,0.14992128754966
41,6,4.62066340744019,0.500539483015841,0.628438458312303
4,4,6.77820799317652,0.240663220396939,0.54185554315336
93,8,5.92696630022628,0.238809100128272,0.627810884965584
74,6,4.55653649955913,0.110566785672135,0.449993476038799
86,7,2.58665643814053,0.125383507926017,0.762697926722467
13,5,5.36420640218652,0.166019729338586,0.68212517327629
56,4,4.62302145214903,0.244605954352498,0.25981024093926
7,1,4.54873173249294,0.00234777047891121,0.750528434989974
34,4,6.89306020521895,0.155300696846098,0.648946332046762
60,4,2.85768510374264,0.0170808862894773,0.675648777047172
36,4,4.02786593137959,0.202171644651073,0.298048308584839
74,7,9.74800945449323,0.237113558394804,0.125396173913032
23,3,-0.365148013643914,0.201660211653191,0.140292404685169
74,7,7.45681349315853,0.370805001796639,0.452967669581994
84,10,8.05490164041906,1.22083464910938,0.294322892324999
72,7,4.92337476844484,0.152766395337738,0.531963213579729
9,4,0.908676405806371,0.231167410670104,0.973040690412745
40,5,3.82410284268608,0.0444080282468349,0.932755584362894
64,7,7.21491044357534,0.29365314691265,0.384485096670687
5,1,0.682340517348564,0.116926335380413,0.130961979972199
96,8,5.77334542408562,0.171506888233125,0.216040565865114
3,2,5.98523508677933,0.278093164942889,0.0579157713800669
20,2,5.95208073184178,0.0437362194482411,0.78149049077183
88,8,11.2803808853779,0.614259838560754,0.08567278762348
17,3,1.14425666829797,0.170531342504546,0.737406850559637
47,4,0.760819472679374,0.210174466239962,0.588554502464831
39,5,7.97772502071787,0.26547825661369,0.196330928243697
23,3,1.47575750993372,0.286738333980295,0.584775912808254
26,2,6.17124846707206,0.015912580031613,0.660563778830692
55,6,4.36505152067139,0.7468292787251,0.28589161625132
11,4,0.622189556495927,0.672057154091233,0.811354391742498
8,2,-1.21743191857551,0.0741639153566211,0.403248275863007
5,3,2.32192601806105,0.0900998962310221,0.866506076417863
8,2,3.40788639590651,0.171119245700538,0.218627382069826
95,15,11.4896263080117,0.519512699430293,0.584981298074126
71,6,5.60146598705819,0.403887530767775,0.0570688198786229
88,12,7.77757075883904,0.227213707375832,0.841153002111241
41,4,5.84477108470858,0.49627843077988,0.015698526520282
12,3,2.60526450941494,0.301680338558483,0.651309418026358
86,5,5.42368417472955,0.0143713492863799,0.649869921151549
42,4,8.53499195812604,0.12991558003705,0.231527019292116
68,6,7.64445431490681,0.170905314502306,0.178368178429082
68,6,7.82025051205069,0.0516754101836867,0.593054008437321
15,3,3.40522865626354,0.118007093435153,0.625750415259972
6,4,5.02580445642312,0.157062163460068,0.561090055387467
37,6,4.88841538398775,0.926124093965561,0.420889361063018
11,3,2.80353379525882,0.103714312775992,0.808464632369578
1,3,2.05521975278457,0.429629552622742,0.15079753822647
33,5,2.11795367793437,0.104500935762189,0.822170048253611
62,5,3.97570682404125,0.427101323316791,0.244019345147535
40,5,2.11264515255626,0.0900158502627164,0.92855036794208
44,4,5.123002067327,0.116701936931349,0.529144933680072
66,7,6.03012497915578,0.501081212868399,0.455260760849342
86,7,5.42538470147508,0.424705114660269,0.11411866126582
13,2,3.13396423335144,0.00351422629319131,0.784619537880644
26,4,4.84675626842567,0.240896140214729,0.375705410260707
29,3,-0.727948313336791,0.235284564540464,0.28918314143084
7,2,0.688980911099646,0.0180717090843245,0.959788131527603
26,4,-0.470276887145392,0.0210089477359371,0.99589801649563
36,2,2.78443972981521,0.0306510484078899,0.607436919817701
4,3,1.76516366629112,0.316804292601276,0.485563330352306
55,6,6.95193404413019,0.84835782642932,0.222331344615668
21,4,7.8971601354935,0.836093164938402,0.135407416149974
33,5,1.06252199573836,0.300800500427115,0.908385558519512
51,3,5.28335032897208,0.186099904346022,0.0731217483989894
48,4,5.46165640549419,0.0337350865897507,0.783675381680951
54,5,4.4102509640087,0.490328408291048,0.0702952505089343
27,3,7.98328666370469,0.198572624929923,0.248476712731645
1,0,4.98899280107915,0.126924860524014,0.0762710561975837
10,4,3.37186018301643,1.10312776726888,0.405362989520654
11,3,5.31058361076885,0.0526196751743555,0.821572622284293
21,2,5.46052445955336,0.146109239547513,0.0352228693664074
42,5,2.75739934000819,0.104287009569816,0.916751622688025
70,7,2.64869929570817,0.429608228648961,0.813765904633328
31,2,2.16619999467022,0.0980924073373899,0.422781829256564
21,4,3.7927533831625,0.0979559635743499,0.773204716155306
76,5,6.92406944839644,0.0488593976683251,0.804560382850468
84,6,5.77133943691292,0.453610422534353,0.0929149952717125
48,6,7.05466430835678,0.0840180347440764,0.843059522565454
58,4,0.801119781680508,0.0244632205625753,0.965145258465782
54,7,4.53789848264358,0.26215002288923,0.525104084983468
42,3,6.06479223135416,0.0358895873650908,0.360339136095718
45,3,4.42405766455571,0.0131070843497378,0.440378961153328
0,3,4.43069785549861,0.0386141088362598,0.941691547399387
78,6,6.99213661020413,0.0381433223374188,0.879790846025571
99,6,6.54455204595087,0.288702244554459,0.190005499636754
22,4,5.19799244371329,0.116954825149777,0.908550498308614
11,2,0.091538466966937,0.0242768396856263,0.909494895953685
17,1,4.47637269514203,0.0827712371263376,0.08163130027242
53,6,7.72762979667369,0.592686526911491,0.0447021028958261
58,5,4.73024408272771,0.0573877485003322,0.715185830602422
91,12,8.41874418327295,3.20555757619163,0.00777976913377643
76,8,9.5336067996022,0.144663160783239,0.834988119546324
57,3,5.53413374500392,0.0791778213674022,0.17969001387246
94,9,7.30595121793983,1.00242057204583,0.00201249262318015
24,4,2.96804776250267,0.237129212812263,0.325183901470155
17,2,3.58211606588938,0.247346728436551,0.247627622913569
10,4,1.07317491699682,0.580237485902542,0.720236440189183
80,4,7.29476296891296,0.0052200586221845,0.64900135458447
17,4,-0.508532716380683,0.168469487805851,0.56013292609714
43,3,7.96704275956057,0.233399561828676,0.0647501097992063
49,4,5.58067522245155,0.0574966262960407,0.421321683796123
19,2,2.46044086277736,0.199749648099776,0.42815810488537
31,4,3.03175095352762,0.491754904368377,0.058352823369205
45,5,5.30794694554337,0.0601526912068948,0.984865262405947
81,5,3.17914762622539,0.309604521131817,0.0604746998287737
77,7,8.91927376004887,0.594895355837578,0.0780549354385585
48,4,3.81634752900953,0.168210306321271,0.527759025106207
1,0,2.3062119008712,0.00744411908090115,0.876482955412939
40,5,2.92716091300583,0.120071665616706,0.671546483412385
6,3,7.32740890090035,0.182813910989764,0.100758323678747
67,7,4.10014818079471,0.171026482712477,0.910849191481248
25,5,4.18277947905994,0.170658071292564,0.950076445238665
80,5,6.7515680366911,0.225584400108758,0.0818967067170888
24,5,1.87110256514017,0.155560745042749,0.883375939680263
46,4,0.0690559781341591,0.362748301124398,0.334101837128401
15,2,3.04352686446036,0.208947476454753,0.317187933716923
49,4,6.76446186112748,0.379343494751906,0.126637236215174
9,1,5.81849253766541,0.000204898892725562,0.734643195522949
74,9,8.41264972653587,0.515814385355866,0.63379441597499
86,8,5.71217306404454,0.133662110123595,0.619804044021294
87,8,6.31939197775887,0.315151806444603,0.253924776101485
75,7,5.96617810962514,0.222760832159522,0.325873593566939
90,11,8.12572329907507,0.684972735556001,0.141936949687079
1,3,5.68038491090409,0.0526946583995596,0.769058275735006
3,3,4.12275936566332,0.118934984435327,0.677906788187101
33,6,5.02067420793325,0.750253274994803,0.189465426839888
60,4,4.42636151622364,0.121393933548639,0.391539646312594
98,8,4.7255667139395,0.521200629589556,0.072846531169489
35,6,5.24878526378125,0.713639633688045,0.225765085313469
88,9,11.7223357204049,0.274982615042727,0.543802029220387
29,5,8.61190778869737,0.118628695607185,0.819342095404863
92,7,4.04443072810178,0.17074475903064,0.267495052888989
90,10,12.1560786306151,0.237789278373796,0.715880896896124
95,6,8.97406621518179,0.260247033303968,0.086850869236514
60,5,5.07831422430352,0.0220915749669075,0.551662661368027
64,5,2.31316021625811,0.045871022157371,0.856361553072929
22,2,5.37885175977424,0.00029712007381022,0.746464957715943
84,8,8.38828264665046,0.0825085409451276,0.703731677960604
81,6,2.90178604433564,0.146526360418648,0.569625423057005
49,6,2.11332470673985,0.210586698252243,0.685876242816448
68,4,5.06503494436221,0.174137588623494,0.021165985846892
98,9,10.6353916638774,0.153405845281668,0.468096962431446
87,5,10.1592606308243,0.141097758547403,0.0537536439951509
26,2,4.33306168323534,0.286873995315957,0.0106706933584064
85,7,7.17003971695341,0.243052375958043,0.502230458427221
69,9,7.56420520564514,0.41843613933534,0.589409663807601
41,4,1.12301036109113,0.0414580416399986,0.715913533233106
46,5,0.803350705341741,0.437427913283414,0.48593410779722
68,6,6.47729568502973,0.0985016798910742,0.475256123114377
47,4,8.29232036398884,0.4856617427221,0.0570869506336749
44,7,7.97504758527992,0.872412543472342,0.256012088619173
1,2,1.89943177234518,0.448852712733156,0.454741119407117
16,3,-0.392407646626257,0.0557696447940543,0.900580348446965
19,5,6.15396503783177,0.862816801252675,0.600129609461874
80,8,5.94919245835164,0.381502226981605,0.3710432338994
80,8,10.2058261927921,0.806922031524491,0.0555995600298047
6,3,-1.99397739383673,0.0599234549281872,0.993334429338574
16,3,1.32162098550175,0.198351433629234,0.499242898775265
75,9,11.2964380132134,0.642992660837406,0.359628285514191
64,7,7.61648743665168,0.249797373766753,0.782502998132259
10,1,-0.0477656526174925,0.0120820478769019,0.814347424777225
1,2,3.393667686232,0.0292784235207364,0.953252164879814
20,2,5.96862041715226,0.0367479820810159,0.4884394032415
40,4,7.43487755343569,0.0894532901002094,0.325131910387427
6,2,1.55190890457407,0.0987744085723534,0.422015407588333
77,7,4.34894276585464,0.401670170701251,0.251503403065726
59,8,2.09800576223662,0.570144355306432,0.280137107241899
28,2,3.42143100594608,0.0290136059047654,0.727855669334531
4,2,6.70104253563102,0.0437044324353337,0.384503911947832
50,4,5.42690166856679,0.14588776580058,0.215223414823413
82,7,3.56453503177574,0.0803699600510299,0.742612165631726
99,10,4.46922518151413,0.470429059562689,0.482753982767463
25,3,5.03053707515172,0.184004453170577,0.113091329112649
70,9,3.65025754914243,0.155211131437682,0.983468263875693
4,4,-1.25085622900699,0.625215130565441,0.485637534875423
69,7,8.26842236850501,0.123576504178345,0.297005998902023
79,9,10.798626603001,0.168608290958218,0.645716928644106
81,10,5.41169065779899,0.451939565181173,0.671992954332381
9,4,1.61988777390484,0.928052396926672,0.783712481148541
41,3,-0.375706208335934,0.0944427287793805,0.272518607089296
79,5,3.10424428821831,0.0548782657200696,0.363549144007266
68,5,7.46197332887089,0.0570048817899078,0.609636977314949
76,5,2.64321582539845,0.02234534547424,0.633683989755809
27,4,6.34751356725086,0.345621488745067,0.264792966190726
36,3,1.22412420947534,0.0438672191302378,0.79738032608293
52,4,3.4979297886142,0.11938517249655,0.531825379934162
43,6,4.32809004585621,0.251944635965644,0.637254983652383
84,7,6.79857179491368,0.128048234735616,0.705473348032683
78,8,4.81573263343704,0.0936612788354978,0.680636693257838
5,4,3.53834330082545,0.752313189166498,0.606037579476833
50,7,5.88359762106585,0.533517794186407,0.160297537455335
18,1,-2.23762228155867,0.0823514233343303,0.345627995440736
72,6,9.48998475415321,0.459045503733164,0.0131288862321526
60,6,3.8178273964595,0.32266531860337,0.270089696859941
64,7,5.26335414318064,0.120360728236847,0.966939307516441
4,4,6.20318206281782,0.176177345904264,0.811585493618622
94,7,9.01823591944978,0.103841624804772,0.428900632308796
69,6,9.45478284808683,0.023562710499391,0.839815114391968
3,2,-0.421667353136191,0.0597935686819255,0.94978232961148
16,5,3.61139843535345,0.510414240395135,0.842512391507626
68,8,5.01620403563791,0.677771149637336,0.399676030967385
24,4,2.62841685385574,0.112496418063529,0.955575821455568
41,5,7.73578426171201,0.806436274581322,0.0317346930969507
81,5,6.48105874015014,0.0624637511791661,0.236045860685408
54,5,8.96679404436023,0.165415000985377,0.0448690473567694
72,7,4.99158471477384,0.494760248323387,0.53375498089008
53,8,9.87766326437692,0.934074205443065,0.383009983459488
92,5,2.24159318415434,0.118932623066939,0.440597773529589
74,5,2.35813493948563,0.426746559308326,0.0896111666224897
22,3,6.36046699054258,0.166148260235786,0.500904080225155
96,7,11.3909119054137,0.0236545054679481,0.235890254378319
5,1,5.5032355276713,0.0406949630068343,0.136714419582859
38,3,5.77308775687303,0.0712310131639242,0.262950778240338
12,4,5.68312305719141,0.0810391079867259,0.742170095210895
16,4,6.17677769212151,0.0291784553555772,0.969487135065719
28,4,4.90520331588564,0.572688992569381,0.405632561538368
22,5,8.39778172066075,0.0565029678400606,0.926640601130202
8,3,4.01650660197128,0.266004873252437,0.550471717957407
93,6,7.94517505741967,0.155318483826704,0.23000843077898
60,4,6.4141044521279,0.0701501108705997,0.57728782761842
27,4,1.97670603768767,0.408440576379603,0.344031767221168
55,5,7.31215718426615,0.492629812543696,0.215557076269761
24,2,4.96899929417577,0.00186139863240868,0.816558258142322
8,2,7.01937284797617,0.0397098227404058,0.500214077997953
95,6,6.32007876134903,0.0653171095489615,0.430094502167776
87,6,5.02803884420284,0.249963837199587,0.0872932749334723
59,5,4.14546431869098,0.640174578378135,0.112840743036941
4,2,0.367567930275097,0.416146637850857,0.609441316919401
78,6,8.29779902079456,0.0612256382496033,0.799203022383153
48,7,7.73411502088901,0.175965653239469,0.725748033728451
1,1,5.61401739809471,0.00870365754235536,0.949654994066805
59,5,7.88302282218237,0.489344347424753,0.0451405041385442
71,4,7.0076174054057,0.0098245230037719,0.480155554367229
76,7,9.64214583921125,0.131148136337288,0.412576080765575
80,5,2.73297827746397,0.342795217864889,0.0301168009173125
92,7,4.25160952421827,0.139630865189247,0.642439312068745
84,7,2.71165209495363,0.131201412645169,0.479956852272153
4,2,5.58698138503907,0.0151552404450348,0.93079377966933
1,0,3.95975237247003,0.0414269008906558,0.65466747363098
40,5,6.76483764343534,0.177356122356658,0.605344431474805
16,4,0.817138227796097,0.537710747709665,0.285277210408822
15,4,2.29323215051656,0.193908120280292,0.850655718008056
46,3,8.49641174043965,0.033918745117262,0.533140496350825
41,3,6.11550778017784,0.116434553638101,0.0331402383744717
54,3,8.34387303135134,0.189809774503785,0.0434470120817423
72,6,5.92423045909116,0.546822456145817,0.0445063873194158
86,5,6.18859176318074,0.0327676263081307,0.744731645332649
91,5,5.6758306298676,0.105870950967073,0.0630313816946
61,4,5.04375290086202,0.116854482796043,0.171716223936528
55,6,8.42510041027399,0.0646930313669145,0.835908364038914
72,6,8.75804445787786,0.12350165734256,0.355007572332397
22,4,0.702622824553194,0.537712080838317,0.292251334991306
44,5,8.33517758624378,0.527845656002098,0.0903733833692968
53,4,3.72033847155253,0.132078460417688,0.133650529198349
24,4,3.11195404955498,0.129181025084108,0.941553221782669
58,4,8.04758349252891,0.267064065196294,0.0302877046633512
1,4,5.92371536951354,0.545969139287406,0.570698993513361
49,7,10.3299421324881,0.628420440914267,0.0631386344321072
73,5,7.95352139355702,0.156721648527309,0.0190079512540251
33,5,2.5490502616843,0.0891794312046841,0.959859521128237
31,3,2.85487397829315,0.39435594154284,0.266836123540998
14,2,6.51753519158972,0.152944661560468,0.449329760624096
75,8,7.57259327670866,0.659517960742905,0.445764466188848
5,3,1.07110638692978,0.341931497900489,0.179232268128544
66,5,6.66291884973096,0.10648515180219,0.276327076368034
85,5,4.29105124432119,0.0300684319305135,0.451349439332262
56,8,5.37454598989389,0.1216379677644,0.971991871483624
76,9,7.131626764651,0.1252657197183,0.84198400657624
35,6,7.12844072448139,1.12512794596361,0.395228809677064
57,7,4.84209647454389,0.410180465199976,0.318193953018636
6,2,0.309250747798959,0.203628962780565,0.584335982101038
6,4,2.30823581046909,0.235560819503168,0.468578282510862
90,8,9.40943403812267,0.0872907807352021,0.605488882400095
76,6,7.40066795472848,0.513952657559371,0.00630330899730325
41,3,1.48432087192235,0.0184199153765244,0.767862985609099
16,4,8.11666358083655,0.137089989497326,0.63682441203855
66,5,7.41358232667153,0.14515477581881,0.340071986895055
47,6,8.79935879815935,0.501248762456185,0.46592587349005
5,1,2.71762994537142,0.104926626197994,0.329503388609737
92,8,4.33568076942682,0.551398820225156,0.243299992755055
34,4,2.35664132254549,0.028794460115023,0.822344324318692
5,4,7.49685298660669,0.331000148773867,0.484738251427189
3,1,5.4032496544086,0.0105250893393531,0.66594896861352
85,10,4.03623755225254,0.29998941992489,0.827411195030436
35,6,2.93289819552188,1.37272514069552,0.103773609967902
75,7,3.02978413529327,0.619730810137624,0.108029909431934
96,7,9.19847426917759,0.277442122333425,0.00873289676383138
31,6,0.957999790427397,1.01018743351439,0.270649852696806
83,5,3.45182806321083,0.014602547744289,0.916329114465043
54,7,9.06785829990985,0.206878956396003,0.737448910018429
38,5,7.8416581704852,0.0792909832671285,0.916276528965682
71,4,6.26841376070075,0.0370723984669894,0.534910505404696
35,5,0.646522483248337,0.0770707974443212,0.996107443701476
21,2,0.372169139156087,0.170402990886942,0.19832769734785
97,12,6.00303084315043,0.151615900686011,0.835748977260664
77,8,6.83068727946103,0.192193148531234,0.674617474433035
43,6,7.91268815821331,1.01234438777307,0.121437861816958
81,6,9.71514130263468,0.141673701233231,0.111532707232982
99,6,4.94834612629695,0.0395752302138135,0.626933864317834
92,5,4.67595296120028,0.109963488204876,0.0636823682580143
87,9,7.91695721749804,0.569644762637252,0.360555477207527
21,3,0.913641888043471,0.0534443196374923,0.683988970471546
78,5,9.91713918934492,0.0109684517374262,0.430185209261253
17,5,5.10211593671113,0.212663060730332,0.85215551382862
97,7,6.9883860464737,0.0639253223780543,0.385001193964854
59,4,7.52979837015496,0.02083106145447,0.643438227009028
47,6,6.18523615993267,0.0805438880079073,0.654122449690476
24,5,3.72879088762202,0.175189069231092,0.600608145119622
1,2,6.02728015049035,0.0117196821295796,0.957057213876396
49,5,2.04983174748738,0.247248306627128,0.402129875263199
55,5,3.00828157028028,0.470894775332368,0.558651845669374
14,1,3.66021456487477,0.0901829252252355,0.204669110476971
0,1,-1.5354248212102,0.132089007413015,0.286426934879273
44,5,6.13570466758819,0.328761000408533,0.533600894967094
2,3,1.38120232201949,0.0915101629216224,0.991554043022916
83,6,8.76931203671199,0.104206131538376,0.242358105257154
7,3,7.24020940887337,0.118130897521041,0.637474811635911
31,3,4.64236027514399,0.0375947744044933,0.901114175794646
70,8,8.58894474499465,0.387550808437715,0.386373886838555
32,5,6.56039664008364,0.270925900941398,0.305220336420462
93,9,6.55444139520208,0.348786139423366,0.358700061682612
57,4,3.47371849001589,0.115497584920377,0.252526726806536
71,5,9.0877594818228,0.202882798603002,0.147260445635766
25,4,1.85001807913759,0.463219163806173,0.588437681784853
73,6,8.82019319112113,0.0754731236124334,0.729400974465534
81,8,4.99602910892471,0.467534161643477,0.335317941149697
8,1,-3.94919412263982,0.0654345368378013,0.44848269270733
47,3,7.91496715883188,0.0813406476518139,0.141119960928336
58,7,5.70601547077215,0.147949428181164,0.900000028777868
7,1,3.19900392508838,0.0458883702801068,0.214572228956968
48,6,2.73398113064687,0.510712095980948,0.292000207817182
18,2,7.26297294715756,0.0420360929429666,0.212131139123812
92,9,5.24757498627797,0.193389102573249,0.395430406555533
29,6,5.48659118511566,0.796456152531219,0.43836641125381
23,3,4.0024302843865,0.1508631616598,0.346760546322912
61,5,8.02484287014038,0.111094762105495,0.329620376927778
78,9,3.35410147796156,0.211736974295902,0.938208536244929
58,8,2.49018619661118,1.9446998782232,0.327927597332746
87,10,10.8923239182893,1.19646030158553,0.139933207305148
15,3,-0.475823171846623,0.393536178374148,0.662033251719549
47,6,6.03861971764356,0.609658120759185,0.284514896338806
83,5,6.9851576916004,0.0521647577845303,0.401897311676294
96,8,8.05520942057988,0.181690338522869,0.571106587070972
73,7,7.50749025673721,0.957568512711317,0.168503095628694
46,4,4.72314465617436,0.0544426420237869,0.724118743324652
83,8,2.92471150993551,0.098391227889806,0.84113832633011
0,1,3.36713759382518,0.0800321169250305,0.565596931613982
64,8,6.82472583629238,0.924070887943936,0.289608621969819
31,3,3.4473478564054,0.0114925737725571,0.896697491407394
37,6,8.24885188381561,0.246951726021919,0.70225833915174
29,5,5.04049386389662,0.843425068962288,0.440208730753511
89,8,7.40861834324433,0.699548078903315,0.269748349208385
50,4,5.18203516010661,0.0726112351768266,0.808167941635475
81,9,11.7306439010723,0.271481850173998,0.635962800588459
52,5,2.03582008140977,0.0581542003847091,0.933588535059243
28,5,3.3234788439469,0.418694771805263,0.354797591920942
50,4,1.87310221657759,0.0245792062314794,0.96776983840391
78,9,11.4394811217944,0.85440754886241,0.159632857190445
63,8,5.91519061098161,1.07164064824997,0.50836048508063
53,5,3.93528384157099,0.0371819728752598,0.964652145514265
0,4,2.44601104626491,0.0961983512388542,0.921482019592077
62,5,5.12046377798829,0.0509317811811343,0.872437492245808
18,3,3.02594515347088,0.217518980705695,0.187116137007251
47,7,4.73576213453057,0.116058966494165,0.963980931788683
48,3,7.19171186526873,0.134965585893951,0.322699615033343
22,4,3.7755049618052,0.120639454689808,0.870931448880583
38,6,4.83153302167398,0.0957938153296709,0.9873584988527
61,4,3.02633856872763,0.479291017146266,0.225209432654083
50,7,6.71199707534325,0.146884121248973,0.657415570924059
97,6,4.08918292937163,0.409174598732448,0.0155192154925317
63,6,3.55817027751956,0.249889457767923,0.379387054592371
32,4,5.20914104780187,0.19350422022167,0.384481247514486
87,8,9.55860411881419,0.66549233763122,0.0401878952980042
89,8,9.27652072919615,0.892532979256787,0.000541054410859942
44,6,4.11793776484782,0.691772623421782,0.413898235652596
94,9,5.09599881377966,0.0978243801509961,0.620584309566766
21,4,4.10264355694855,0.0665855488041416,0.986544609535486
75,5,8.91368226155365,0.326923919365484,0.0726962457410991
44,4,8.28688086731832,0.266282428743991,0.119056828087196
10,2,2.18349574502022,0.0288643008745946,0.628960864618421
59,7,7.74678146964142,0.169873477658257,0.579521600855514
63,7,7.7430914242282,0.403904690316444,0.326821187045425
19,2,4.22945179994645,0.0663820842746645,0.838281048694625
45,3,2.0539684646351,0.202225077886808,0.275131947826594
85,6,5.42396909563362,0.0324537205742672,0.52652665739879
55,5,5.90413148858065,0.18381253768571,0.183643845608458
3,1,5.8126193547049,0.00297391676075408,0.446161600528285
3,4,7.12243191119478,0.192945162826785,0.891262221615762
14,3,7.66427759337449,0.0754706761145033,0.374720321269706
63,5,4.47316736325653,0.209321653692725,0.643274697707966
53,5,1.34705535344652,0.317025210697877,0.353666985873133
21,4,5.60066910026682,0.0549879017053172,0.983338978374377
63,7,9.1182538636001,0.0710812206308957,0.944620883557945
59,7,9.03401744499573,0.102262941538356,0.654545838711783
22,3,4.56381539288289,0.0918207697012106,0.364717256743461
45,3,0.703576152280412,0.196480085829946,0.074524367460981
39,6,2.23341895660268,0.691201119186515,0.833727387478575
50,4,7.36385490960219,0.213687794039699,0.267425077501684
71,5,4.9545723798557,0.164117175154388,0.683705080999061
4,4,1.50386787530384,0.5423675123149,0.447121914476156
1,3,4.78718084878397,0.143613567110151,0.740279507124797
59,4,8.93980016274289,0.0872342119691893,0.0856124102137983
23,2,5.33775767479682,0.0952148241922259,0.0403214723337442
97,9,12.4677158211556,0.176132543467659,0.157686724793166
58,6,2.18090557813433,0.765183148782016,0.285419423365965
20,4,7.89070192294528,0.415792431374934,0.408031905302778
44,5,6.3454362692698,0.0253368121854924,0.972442959668115
51,3,6.3232935415915,0.0367700153728947,0.117649719119072
75,7,3.51786666729141,1.04836225969003,0.0404660284984857
67,9,2.88571226184053,0.350324575005085,0.629598633851856
69,8,9.83593896279131,0.217993806318721,0.691197534324601
16,4,5.27460207325171,0.230724744466554,0.847841569455341
54,5,8.14432091697818,0.0629110381705686,0.608616889687255
92,7,6.77197340550925,0.401355863062149,0.0310988130513579
28,2,1.56961963157168,0.00965801312122494,0.777024943381548
13,4,5.49399559267879,0.500609183197326,0.42189994151704
36,4,4.3145729217159,0.0895873683039099,0.349346342030913
12,4,6.53508639688945,0.428229329620904,0.487214278895408
25,3,7.84279049600315,0.0657087567960843,0.398521301336586
7,4,7.79530251780024,0.0529024073621258,0.816004849271849
81,7,10.6361013212131,0.782732354435039,0.00450812978670001
75,9,9.38270281291653,0.125932910409617,0.603651508688927
67,4,6.61835535576746,0.0719266635132954,0.0448233620263636
38,6,8.1752654128964,0.784608868840051,0.130733648780733
66,7,8.71911024605767,0.198657084047398,0.744897841475904
76,6,4.70081872052077,0.391239191384471,0.227395201800391
65,7,4.68655170421848,0.816291579934669,0.0819903982337564
69,5,9.86273986450246,0.174052937318977,0.0750189966056496
42,4,2.47016311285238,0.1298730293056,0.83740915171802
76,6,2.84479532579817,0.331490124332461,0.141318571288139
19,1,-0.454487717998113,0.0381296461446574,0.369115754729137
63,5,2.93572969469973,0.111745363247101,0.847388175316155
49,4,4.68632392146818,0.27468658912808,0.227766303811222
29,4,6.33550630431006,0.129226738534652,0.602951172739267
44,3,6.71323982682547,0.0619013856630772,0.373017431935295
20,4,5.56501151829714,0.126367310411297,0.897036501439288
15,5,3.84600100776575,0.271922949225384,0.963147358270362
41,4,0.584128564614259,0.123001063824631,0.456260428531095
52,5,7.40503396273421,0.27272814498275,0.402409839909524
12,1,4.76871457216434,0.0666975488549761,0.4469738334883
68,8,3.09286783416367,1.28961948122485,0.0906701933126897
64,4,6.30490583602628,0.381185164654112,0.0175696928054094
42,6,3.42416260330659,0.486604876329607,0.714734639041126
0,3,3.47877817816543,0.0462708849227056,0.996131784515455
19,4,5.56572676538619,0.132993432111107,0.633554179919884
74,5,6.15006844207805,0.139750098111108,0.298928602598608
70,6,2.70484012997034,0.102821130654775,0.847763548139483
12,1,2.80487455290537,0.0178415715591581,0.844297553878278
88,6,3.25812133300883,0.0633432653684968,0.914148497395217
16,3,1.23717852019684,0.0814164886251092,0.704584517516196
