K:5
N:2000
Gap:0.175819178528355
Rho: 
1 0.8 0.45 0.2 -0.3
0.8 1 0.45 0.5 -0.1
0.45 0.45 1 0.1 -0.3
0.2 0.5 0.1 1 -0.5
-0.3 -0.1 -0.3 -0.5 1
X:
91,7,42,6,-0.00918832517301293
93,9,31,4,8.49813392704661
28,5,23,5,10.6957588348081
83,5,39,5,-5.1598833699689
64,7,28,5,3.7355683794378
51,4,31,5,-1.43094678944626
73,4,34,3,-0.551437702968804
13,5,29,6,5.89475383204323
65,7,27,5,3.53133389342144
70,6,28,4,1.16556735334202
45,5,25,5,2.8640447975712
71,7,26,6,2.86200004691247
93,9,31,6,2.68265812881419
25,2,24,4,-0.277499519315986
46,3,23,3,5.65776831042055
94,10,35,5,3.8886572591259
97,14,29,5,5.96605767755238
11,4,27,5,1.66107949449379
47,7,35,6,1.99245446964756
56,7,32,5,6.70338322451443
90,9,34,6,2.71402979784007
13,2,26,4,3.83392031138524
98,7,35,2,5.84180390651741
94,11,32,4,5.3915515088705
8,3,29,5,4.80528509783279
51,4,30,4,3.61484207822263
39,6,33,5,2.20031535127221
90,6,28,5,1.66037490067476
44,5,26,4,4.7757257286266
83,6,37,4,-0.495876442403668
73,5,28,4,1.40897514207786
81,9,33,5,5.76641591686369
38,4,23,3,7.84981531586191
68,6,32,4,6.32982734203953
0,1,31,4,0.906817677551276
83,5,25,3,4.19365101715202
0,1,29,4,-0.200661946328475
20,3,27,2,10.1717884443572
90,10,36,7,-0.417246370360814
61,4,24,1,7.75171233259254
37,6,30,6,2.19714197128732
43,6,25,6,3.16490641396291
3,2,26,4,4.96987892601187
97,6,33,4,3.50553865984549
43,6,28,3,8.79207640672427
95,6,31,4,3.12900290714595
88,9,31,3,7.81351472983199
63,5,31,5,1.44344631908746
97,9,42,6,-1.6688529351085
61,6,34,5,-1.31062570628789
33,5,25,3,13.8790578385788
34,3,28,1,7.46632223712029
39,4,27,5,-0.446858262019365
78,8,35,6,3.82780994033192
3,2,31,2,5.96275889484761
74,8,33,4,7.9014219419788
67,4,25,4,4.15331886356956
17,3,26,3,9.00238728355669
26,3,33,5,1.11151295469997
51,6,28,3,10.7012995955855
67,7,30,6,3.70900678979491
98,8,28,4,4.49496757886001
75,4,26,4,1.20665539843396
56,4,29,2,5.82569640804326
84,8,31,6,0.425082283749375
18,2,30,5,0.374106817531435
27,2,21,3,8.52058402965897
82,6,36,5,1.6508041241709
69,5,34,5,-2.11484025861369
24,5,25,5,4.62830844372653
4,3,32,2,7.80833097008804
14,5,35,3,10.5695009141999
21,2,18,3,3.60074664948817
47,5,30,3,5.62168287911154
19,5,34,7,2.28795015652526
71,5,36,3,5.44814701874388
0,1,23,5,1.27220662035864
37,2,28,2,6.23196144188295
51,7,34,6,5.95704335004839
0,0,18,4,1.50438545564045
58,4,27,3,3.37341424140551
15,1,30,1,7.2969629629084
35,4,23,3,7.73542045585305
64,5,29,3,5.64268202226499
77,7,26,5,2.541971516559
56,4,31,4,0.742088717618898
23,2,29,0,9.47789326096708
8,4,32,4,8.07372006277
8,3,33,4,4.17841274523315
30,4,31,5,2.5059583751406
66,6,32,2,6.28824901654509
0,2,29,1,7.16348431955091
20,3,30,3,5.06897100804967
93,6,28,2,7.80083189440855
92,10,30,4,8.01616088125633
73,6,32,2,9.71169752629207
33,5,32,3,6.59150439931719
51,7,30,4,7.07200914677236
74,7,29,6,1.6183334978249
61,4,30,4,3.10723137901697
62,4,35,3,3.18457106077621
21,2,29,3,3.57487239611156
21,3,30,2,6.50320973639082
38,4,35,5,0.804526664600076
94,7,34,2,5.52924129798872
96,12,31,7,1.64783819204288
73,5,37,2,5.49589735724283
73,7,36,5,0.647148843885047
53,4,29,2,9.9514290146774
0,1,29,4,2.63190778459656
60,4,33,3,4.87423999202745
83,9,29,4,7.76692478892105
75,4,36,3,4.94298546736379
45,6,36,5,6.41768025614708
53,6,32,3,7.7506016910672
53,4,34,3,2.13375860287641
0,3,32,5,6.28122731758801
35,3,35,3,3.49334752885919
61,5,35,4,0.824273447871908
82,6,26,3,4.79056953569523
35,2,30,2,5.66292508710907
41,3,23,1,11.451464551934
57,8,27,4,9.17957914912339
58,5,29,2,7.18596774525926
71,6,30,3,7.32609182606803
39,6,24,6,7.26760041676913
91,8,32,5,5.80403504355027
96,9,38,5,5.02021156019721
23,6,30,3,13.6201143175857
72,4,30,4,1.50323695557931
90,9,36,5,2.56292341585369
60,5,35,3,3.01754206481833
63,4,32,3,2.28385929851387
93,8,28,5,1.51500387346051
85,8,28,4,6.16728522476454
57,5,27,2,7.30073904612364
82,6,38,6,-0.140423907115716
11,5,34,6,2.20182312913953
76,6,25,6,4.07883568352618
62,5,33,5,-0.384104979526589
14,4,22,3,9.50425634740882
8,2,29,4,4.5029416127385
46,5,25,4,5.86728168410408
77,5,27,3,1.39619539879184
73,5,28,4,3.7760275715969
81,7,29,4,5.97047425876234
17,4,35,3,6.13342618449379
94,7,32,6,2.49937961837357
29,5,29,5,7.27377983164916
14,4,24,4,5.66630611705103
71,7,30,3,7.2745787332312
32,3,29,2,6.7560330492038
77,5,34,3,2.33505177713287
39,6,30,7,0.250772759590536
67,4,24,3,6.35784114975599
77,7,28,6,5.33190198849776
18,2,28,2,9.8178502937214
2,3,22,3,11.5024732197958
13,5,29,6,2.88372242058022
68,7,31,4,7.21115303118328
93,8,38,3,7.35060989629048
55,5,27,5,1.65584130654841
60,5,32,5,0.2437849119785
19,3,24,5,4.81861866840642
53,5,26,2,9.09969440132845
17,4,33,5,3.73405550253565
45,5,32,3,6.63795513337624
31,4,25,5,7.21175233989958
11,2,21,3,9.57111464982544
18,5,33,5,5.54232780242513
72,7,31,5,4.59960151034729
41,6,29,4,4.95232360159878
41,5,34,2,6.38787514483605
48,3,23,4,3.95904359520092
42,7,30,5,8.87215571120817
13,3,33,4,5.11881277604061
82,8,28,5,4.23810667308124
59,7,26,4,7.10917123032364
79,5,28,1,7.44311434458302
76,9,43,6,1.16222293618333
91,6,35,1,7.19252792175946
86,10,28,7,5.89156789129283
31,2,33,4,2.50713556642632
25,5,24,6,5.41934453234516
74,5,26,2,7.40502686436984
74,8,34,6,1.30686660318994
91,7,30,6,2.97303473999754
79,6,32,4,2.51632396445862
13,4,30,3,7.91247241229449
28,2,22,2,8.4078657705491
19,2,31,4,3.93644096470402
78,7,41,5,0.988378659165819
12,2,25,4,2.22840263694525
12,2,30,4,6.99155422355298
7,3,31,3,5.13275482080822
5,3,30,3,7.13361371165029
53,6,37,4,4.55400755034993
11,2,24,3,5.293326597169
74,7,33,3,8.90430063759302
73,5,31,3,2.65031897920171
88,6,39,4,-2.10715992029581
51,4,27,4,2.49220187343009
85,5,29,2,5.24599265479167
44,3,25,3,7.10499527676209
15,1,21,3,7.13379303736384
44,3,21,3,2.68656349493205
96,8,28,6,-0.636651915281686
48,5,31,4,2.07530368457245
25,2,21,4,3.66485572625259
25,5,33,5,6.54662453810212
54,5,37,4,4.24357714740711
64,4,28,4,0.760307035619822
33,3,25,2,7.07774307450844
6,1,30,1,8.72819659929923
45,4,23,3,8.09438437172883
83,7,28,4,8.31100174625219
57,4,24,3,7.65521456265725
35,6,31,6,3.8034131440754
54,6,30,6,2.41558611484259
89,8,36,5,3.8057568683604
48,6,31,3,11.010003735299
17,4,31,3,5.55861208751512
54,4,28,3,5.27374672205789
96,12,43,7,-1.07159086224659
31,2,32,1,8.38820267602935
82,10,37,8,-0.356773709339114
30,5,29,5,7.11206867328097
18,3,25,5,4.54579472890427
4,3,23,3,9.74493679536593
24,2,34,4,-0.481596291804812
35,3,32,5,2.10805525653329
15,2,26,4,1.08307483525985
30,4,29,5,1.93643184355097
1,3,25,4,7.08462756952105
99,8,36,4,5.84755768331796
80,8,39,3,7.03380022327277
8,3,21,4,8.89577403434053
86,6,33,2,6.86305814656988
55,7,29,6,6.30785261186124
42,6,32,4,7.26946506971207
6,4,23,5,5.90749911783792
56,5,29,6,1.33908670525589
7,2,28,4,6.35494728265883
21,4,30,4,6.49781195131476
54,6,31,5,5.40872447922521
48,5,32,3,7.23715379343548
15,4,31,3,10.7648640298351
14,4,28,5,5.14607464721197
49,5,27,4,3.68797246354207
94,8,29,6,2.51446310017472
33,5,26,3,10.6114187058485
18,3,28,4,2.31603516167639
26,4,35,3,6.5084942055083
53,6,27,4,6.61517555369429
2,3,18,5,4.84083071537065
79,6,31,3,6.21095249575288
11,4,28,5,6.11430581977215
53,6,33,6,-0.139031659237822
57,4,33,4,3.12390412787199
61,7,32,5,2.55722051055831
71,5,36,5,-2.32328660822044
12,1,31,2,6.41899087673833
31,3,29,4,3.49876991323289
94,7,40,5,-2.2689302537602
50,5,29,5,5.11367730446793
13,3,24,5,4.01176514674742
86,7,32,3,9.22600949668727
20,4,26,4,7.90486399441433
92,7,33,6,2.56573002393708
88,9,32,4,8.59013002293814
13,3,30,2,11.9218836518123
78,5,25,5,3.52537396928568
45,4,34,4,4.05478887743931
13,4,28,4,7.2420088813758
88,7,39,3,6.92647357622025
33,6,27,4,10.2784231325105
31,6,31,7,0.794376521288074
40,5,35,2,6.55740162939516
47,5,26,4,10.1412298738202
36,3,30,5,2.41400005465324
46,6,24,7,4.44866158933997
4,3,28,2,13.3835299201596
18,4,32,5,4.64864510615943
98,10,29,5,5.50501707776474
32,3,31,5,1.14801991118397
17,5,34,4,9.44081406115389
48,4,32,3,5.45678755105601
1,1,21,4,4.76189546464751
33,3,33,3,1.40106072999809
2,3,25,3,11.8303226345164
86,7,34,3,4.89974204302886
73,5,26,5,1.10782279093471
31,2,29,2,7.12518099737107
38,4,26,5,2.33650509135656
33,5,29,6,3.31742690888668
8,4,24,4,8.7936948797203
75,7,29,6,1.45537474126753
60,7,28,4,8.22923727515765
14,2,22,3,7.32227788527712
3,3,32,4,3.92453607070505
48,6,27,4,5.42629834788002
44,3,29,1,9.01483034683519
6,2,31,2,8.72661800926582
32,5,22,6,3.86036949809561
87,9,39,5,3.52301136889117
93,7,27,3,8.45958597031594
39,3,29,4,-0.0548229749099383
15,5,27,6,5.85014770552746
31,5,26,7,4.90548004585816
30,4,34,5,2.14533485071923
10,2,30,4,1.46189412675937
97,7,35,4,0.710702784871176
49,3,35,0,8.9202858981891
9,2,20,3,5.26507421857105
21,5,29,3,10.4554641680236
93,11,31,5,7.7768897893768
29,4,32,4,5.8052113557145
65,8,30,6,5.74883278087692
90,6,30,2,4.59787471250733
99,7,28,5,1.74829068883434
43,5,31,6,-0.555783221302076
39,4,23,3,7.29184232576091
14,3,26,3,7.76922867913019
27,4,27,6,3.90222803984351
56,5,33,3,7.36776186852931
93,9,28,4,9.14959123089367
35,3,25,3,4.53613710629865
84,9,35,5,2.91700711567697
72,5,28,2,8.30599322737448
75,4,26,5,2.9005791234605
92,9,29,6,3.89821097211394
0,2,23,2,10.1795372704265
16,2,20,3,4.91859863062885
39,6,36,6,2.44342935946519
67,7,30,6,3.83579199405179
48,6,28,5,6.67553522414879
53,5,28,4,6.83099877732313
31,6,28,7,4.9697072224275
81,5,35,4,-1.9852962116929
29,2,30,4,0.338024651062915
40,3,34,2,5.5950676423496
9,2,21,3,10.0164748311854
79,7,32,4,6.05683828146484
35,2,29,4,0.609102237145045
4,4,29,6,1.00944603420071
4,4,34,6,1.45865417160692
95,6,37,5,-2.85647295211372
37,3,25,5,3.00830290729785
80,7,32,3,6.98765768954211
91,6,30,3,3.2802150794755
44,3,24,3,6.90516029043507
57,4,25,5,2.28907417643574
7,4,33,4,5.35588090910804
16,3,33,2,9.77883219695815
73,5,34,3,2.20230649232868
47,6,32,6,1.41041735963331
68,6,27,4,4.0709484708876
95,10,37,6,5.69246767644518
49,6,35,4,2.88698335545062
47,4,33,5,2.86235405623079
56,6,27,3,8.58660787276328
65,8,27,4,9.56106959922978
27,4,34,4,5.11404392723646
97,11,39,6,3.15847120302112
64,7,33,6,-0.0692595766083617
58,4,33,4,0.420501399710759
61,5,33,2,6.67682878195815
92,6,28,5,0.440642437196315
39,4,30,4,2.1048769105382
28,4,25,5,3.60015209703618
9,4,26,6,5.92437597241417
32,6,32,4,5.57912644028512
75,6,33,5,2.85858325574516
10,2,32,4,2.03265662163422
71,5,28,3,5.61803372819441
96,9,34,4,4.06188057328841
20,3,26,5,3.25096019098915
10,5,32,5,7.12109626045835
5,2,24,3,7.6650253114799
82,7,31,3,8.36592004287487
58,6,35,4,3.49425298458081
47,4,22,3,7.99161269226459
36,5,35,2,7.99977016917971
28,6,29,6,5.87256776160669
59,6,30,5,5.9266846742028
81,7,32,5,4.02517600334621
9,2,30,1,8.32619600637629
96,10,37,5,5.59375636056595
16,2,34,3,4.49791389513395
8,3,28,4,7.10192753182687
86,9,31,6,3.06609131597889
52,5,26,6,2.33601653719942
65,7,29,4,9.09108965145976
22,3,25,1,9.96481555181824
72,9,34,5,3.70265509742422
49,6,32,4,8.23020866296756
96,6,34,2,4.89652533292113
90,6,28,3,6.56625977162075
55,4,30,3,3.84537931987131
7,1,29,2,7.45703665584935
2,3,19,5,7.34606168271948
51,5,35,2,9.25784759779419
63,8,29,6,1.91157511560775
41,5,34,6,0.947980115685247
87,7,33,5,2.79642961312837
10,4,28,6,3.29091650234726
98,10,37,5,3.35575566298592
26,5,25,3,7.2733769404254
8,3,30,3,8.22147650694713
38,3,24,3,4.70206040501395
12,3,32,3,5.23265547044207
58,5,35,4,5.59334680703572
24,3,22,1,9.74103793098095
72,8,30,4,5.4639850449088
14,2,33,2,4.38246746555569
15,5,34,6,5.94044729338917
25,4,21,4,7.23710557715942
77,5,36,2,4.91670051612634
42,6,30,5,6.73630300776605
6,2,27,4,5.75552342080098
11,4,21,7,6.80975229038113
48,7,28,7,2.26034194074879
97,6,27,5,1.9115709355807
81,8,27,7,3.45341880933774
54,6,26,5,7.61346411697406
7,3,32,6,5.21957780725753
46,3,28,4,3.15674693414063
33,3,28,5,-0.151941702380668
68,8,35,4,10.3559604284113
51,4,36,2,7.97541124171708
51,7,26,4,13.1078880699087
54,7,37,3,4.81409811695035
44,4,33,5,2.82630955467548
8,5,33,7,2.72127351033254
93,6,37,3,1.42759894519437
1,4,24,3,8.15979564939147
41,3,34,4,2.49609000238035
22,4,28,4,5.85514909500311
9,3,31,5,4.04576759176196
48,4,33,5,0.161376152892754
65,7,33,5,5.51659210674592
92,5,27,5,0.398810252675289
36,5,31,5,7.35881345924343
85,8,37,6,-0.553637280391817
30,2,22,4,-0.500164026428187
46,7,35,7,-1.18427539709204
14,4,25,5,6.01423776096106
80,6,27,4,4.52002526611516
66,4,28,4,-1.52390995873732
6,1,21,3,4.86491585361818
43,6,33,4,5.51108726586891
39,4,25,5,1.13605185312184
69,9,31,4,11.1625530263211
65,7,35,6,0.345296831772925
40,3,33,2,8.39582838545619
30,6,23,6,3.60287210368518
25,5,29,4,6.75706913295479
67,8,27,7,2.9893715148843
89,7,31,5,3.33058590529365
84,7,28,3,9.28303142722054
39,3,21,2,6.64821544709129
7,2,24,5,4.33302650662114
82,10,32,5,5.33809745830277
7,1,28,3,2.08437744803911
11,1,15,4,4.82793214591757
63,5,32,2,7.32597164617571
32,3,33,2,4.94090474635211
18,2,31,2,7.70258789788636
39,6,34,6,3.48173851654762
86,10,28,4,9.13833504079753
34,4,34,4,3.67482650455926
0,2,26,3,6.63293409581928
91,8,37,6,2.42765345900349
95,6,37,3,1.07280010194056
49,3,29,3,2.57488387965807
46,7,32,6,3.80738349560988
59,8,34,7,3.54307420080585
90,9,29,7,4.90649001541767
17,3,29,5,3.04742885826334
78,6,27,3,6.38529282339919
23,5,33,6,4.37687739290016
57,7,29,5,3.00405436794134
84,7,41,2,7.82587610087383
13,2,28,2,8.49110316887924
89,5,38,5,-0.551581127708555
45,5,36,4,3.97434888495611
89,6,27,4,3.36191560071884
24,5,29,5,4.60805416201303
8,2,30,5,2.58071915749274
4,3,28,5,7.25946358270885
97,10,38,7,1.8741625453333
48,4,28,4,0.349132003243342
84,9,41,5,3.63704819230551
41,3,32,3,4.88905919258786
48,5,28,4,5.38073938830344
18,3,30,4,4.55074213880183
75,6,33,4,4.44100445582612
30,4,35,5,2.17380680176254
16,3,29,3,5.82896681397459
3,4,25,6,9.21921538277244
13,4,26,5,6.15122761736268
17,4,32,4,7.05306089328653
51,4,30,2,5.80317493286857
81,9,31,4,9.00021162426433
11,2,30,3,5.6000943641635
89,6,35,1,4.27191374757245
57,6,35,6,1.94179002048018
14,4,23,3,8.49521336025369
90,7,35,6,1.07437660347404
25,2,30,4,4.73524802168386
15,2,30,5,-0.476354448419208
76,5,31,4,4.46859619941683
23,3,24,5,1.8310917163827
30,4,22,6,2.75779801416909
51,6,35,5,5.46642997180585
33,3,24,2,10.6967084169373
15,4,24,5,4.61074721463632
26,4,22,3,8.82123578737081
35,3,20,2,6.28849820872271
57,4,29,3,8.31521335581554
80,10,30,5,10.2765747050569
93,8,36,3,5.06102549310669
83,7,28,3,5.5605007031284
12,3,30,3,6.16958514530865
64,4,29,1,4.05906067789901
69,5,29,3,2.63549295132995
3,1,30,3,3.7594047121995
92,10,35,5,6.48831145410379
47,5,30,5,4.24869057340865
26,4,24,4,6.50012093854145
85,8,31,7,0.665709012243903
22,3,27,5,2.8731793059656
79,8,41,5,4.47975557481188
64,5,26,5,1.69957254282821
42,5,36,3,4.55166793035666
9,1,32,3,0.331575321834111
0,2,33,2,5.31915701491521
53,7,34,5,7.23308647702979
52,4,34,3,2.00070337491407
21,2,26,3,7.50181113870005
71,6,34,5,1.37368867920898
96,7,32,5,-0.0308403196215252
51,3,35,3,1.29029126138593
17,4,35,5,5.94233700916468
56,5,29,5,-0.114428992718525
75,8,36,4,3.56612075620178
66,8,30,5,3.13043024472382
22,4,27,6,5.4119402184897
34,4,30,4,5.26693000760284
31,3,33,1,9.47474317684335
90,8,41,3,3.2028221942469
19,3,30,3,8.07743998798598
68,5,27,5,0.963915447822468
13,2,29,2,8.41182330242072
10,2,27,2,6.99208126341004
9,4,24,3,10.1130741787692
91,11,37,4,8.6171924645347
27,6,33,4,6.44981641304487
88,5,36,4,-4.00704844972435
77,6,32,4,5.56689962469335
79,6,34,2,7.38458067750284
20,6,31,4,11.8519680794705
4,1,30,4,2.88292353638903
3,4,29,5,3.39665307838646
28,2,29,3,3.94790522003423
34,4,35,4,0.0241425474608139
73,6,28,4,7.7654497840052
25,2,20,3,6.7443822949821
51,4,26,2,6.72034297871829
75,7,39,4,1.40252462231836
63,5,29,5,-0.305486645845007
20,5,28,3,12.0582200870911
99,6,31,3,2.0509276765548
0,2,25,2,8.57914972487257
20,5,25,4,7.36485053990992
63,4,29,3,2.6808517714636
1,2,30,2,10.8329011283721
2,2,17,3,6.01756181736704
60,6,30,6,5.23272766506715
57,5,33,3,5.06970924988213
24,4,28,3,8.08990649107718
91,11,32,8,4.04965902982962
67,8,37,6,0.876691298547869
64,4,36,3,4.45024884500357
20,5,25,6,5.96916342223292
48,4,36,1,5.47882631641142
98,9,42,4,6.07589826335782
99,9,28,6,1.89958571162077
45,3,24,1,9.49460860333427
71,8,39,5,1.72159350937028
31,5,35,3,8.69903563629321
83,7,26,3,5.94090029996049
43,7,38,3,9.97484246675095
99,14,28,8,2.53694122414729
80,7,35,5,1.49522659933639
48,5,26,5,3.50309295445615
53,7,36,4,4.07160552061016
34,2,30,2,7.12175544061833
5,2,26,2,6.03012335264274
45,5,29,3,7.68740779714837
49,3,30,1,8.94163889172374
28,5,26,3,11.0767878862971
77,6,28,5,-0.421212062144543
30,4,34,4,4.19499730834027
51,5,32,5,5.08977227059124
47,3,31,1,5.83658588969005
76,5,25,2,9.66828626056022
16,3,21,5,2.64037280428707
44,4,25,2,6.02753609285045
52,3,24,4,2.97543128225034
47,5,29,5,6.16479625302819
52,5,28,5,5.1301431690293
68,7,38,4,4.94210492425666
35,6,29,7,3.143181763128
83,7,27,4,7.69421192987891
92,5,28,3,6.84522662684713
10,1,24,3,6.71613494436192
20,4,27,2,9.42137254619307
48,6,37,4,4.81640189558038
32,6,35,5,8.47860959671679
47,3,27,1,6.50425863856019
58,5,36,3,6.8490618747004
22,4,34,2,7.94601037890881
73,7,34,4,4.41673977081789
15,5,22,3,11.0269617119848
69,5,37,5,-2.4385666890577
26,4,23,3,9.99088336306333
42,6,37,6,0.672351789635793
72,7,35,4,4.93972241728711
47,4,27,3,6.19476601344403
33,6,23,4,7.85738107222915
24,2,25,1,7.69219444250369
21,4,27,5,6.14903911498974
24,3,33,1,8.63281754159516
56,6,32,5,3.37657234669474
71,6,37,3,4.18111513310274
10,3,24,6,6.27473402899738
51,6,36,3,7.5103446559126
85,8,28,3,6.97035625054697
71,7,40,4,1.39015677112649
31,4,29,2,11.4385929359713
11,4,27,5,8.26687921425217
57,7,32,3,6.66996593394949
83,7,38,6,-0.874556152425273
52,7,38,4,6.15370809946248
69,8,29,7,3.83089151669706
49,3,36,2,5.20325790232325
35,5,25,4,5.73526365278789
96,6,35,2,7.81275598461814
92,9,28,5,4.36384208570131
20,5,25,4,12.3646021361943
95,9,38,5,3.42506289796819
87,7,28,3,4.42502594536272
69,5,35,3,4.69707480392605
51,6,28,4,6.79389022064767
48,7,28,5,9.46062370464875
20,3,27,5,3.39035049480264
10,4,26,3,8.24339391759534
47,7,24,5,6.69255090509822
31,6,36,4,4.91084839300871
77,6,36,2,6.88428529519753
90,9,30,7,4.14008909383032
33,5,31,5,6.39579617439747
82,8,27,5,5.26297190492379
22,5,33,3,10.652227720669
76,5,27,5,1.81240981655395
56,3,36,2,3.4592052801535
42,5,28,4,4.43511931077204
83,7,27,5,2.3235808475739
28,3,34,3,3.7316990754504
47,3,23,3,6.59801545979783
78,7,33,5,1.34910146125564
8,4,32,3,10.1457704180238
39,5,34,3,8.33979087008302
9,3,22,6,2.73272304436251
13,3,28,5,1.58257234978695
22,2,27,2,6.82012001803459
27,2,28,3,4.28183152696176
29,4,28,3,10.2067800705756
37,3,29,2,5.8679009559371
49,4,28,4,1.74087460895778
87,5,29,3,5.17023084418532
74,4,25,4,0.917108264821095
95,6,28,5,-1.16368812373379
33,3,35,2,5.12713366104772
82,6,34,3,7.06502544030899
13,4,32,4,4.82201970146714
12,2,22,2,7.57328563464036
72,6,33,4,5.59832226937882
54,5,30,4,4.84442947128803
60,4,37,3,2.87347499760074
12,2,25,3,4.94758538399195
87,8,30,5,2.72350076526851
84,5,29,4,-0.212054810025194
4,2,31,2,5.21966469894046
70,8,33,5,2.25658094974682
53,7,36,5,4.46000849047152
94,7,35,3,7.03234173976016
91,7,27,6,-1.55836406255976
45,3,32,4,2.42748824032965
76,9,35,5,4.96867362902791
50,4,30,3,3.70632314173034
20,4,27,5,8.21866994736816
71,6,32,3,4.92570440336866
76,6,36,2,8.41885863239601
70,8,31,4,8.2984713698672
19,5,22,4,10.0574384861016
29,6,31,4,9.64602879900107
32,5,26,5,6.43785491018132
57,4,25,2,7.40287626922879
88,6,38,4,2.30247620084269
87,7,37,4,2.27879686624113
38,5,35,4,4.26970062980282
73,6,31,3,3.89079447805652
79,6,33,5,1.77395078992711
72,6,30,4,2.82362746167298
38,4,23,3,7.38695562710997
29,3,34,5,2.93401552429027
5,1,32,0,9.00110522808408
67,6,32,5,2.71549043244089
19,2,20,3,6.76081552452801
62,5,30,5,0.941554855819931
13,4,30,4,5.94466027759884
37,3,25,4,4.05492463110379
31,6,33,7,3.04703260690767
81,10,35,5,4.64045926966035
36,6,31,7,3.51448021639866
43,7,34,4,8.5275257244117
43,6,28,4,9.76281273005311
60,4,29,3,5.12474732496407
40,5,36,6,-1.22795183157979
95,7,31,6,0.955402886518116
97,6,35,4,1.17341886174328
91,9,32,4,7.93719422159615
8,1,29,0,6.67721886845723
47,3,35,1,8.2851697741567
33,4,27,4,4.40159268913487
67,4,30,5,-1.82686544387811
63,5,35,3,4.14310309134432
85,8,27,6,4.48012957583183
94,7,32,3,6.19567823030918
57,5,24,3,9.46213579555354
53,5,32,5,-0.512843735705848
94,6,30,3,2.75767430064296
89,9,35,4,7.41477907002429
41,4,30,3,6.43695623126295
5,2,33,1,8.73619828179257
77,7,29,4,3.84804820210279
92,9,35,4,5.65936640339498
37,3,30,3,4.89995011226927
24,5,32,5,8.07957454620805
8,4,22,4,9.04234772102489
39,6,29,4,8.44834615942278
18,5,30,5,5.40223944837873
13,5,33,5,5.05586717376612
25,5,35,3,8.19307489764079
55,8,30,6,6.0529794171328
14,3,27,5,1.01457995470826
96,6,28,2,8.58616908302422
94,8,29,5,5.07666510118748
99,10,40,6,1.01067139235143
70,5,24,3,4.97123998187995
14,4,27,5,5.88684947488031
0,3,22,6,3.72424702533985
68,8,27,3,13.5579548242249
68,5,25,4,2.16262035365173
91,12,31,6,6.71645576633797
40,5,35,2,9.24390645145579
42,6,33,3,10.3767110608671
53,5,32,4,1.57601379686559
41,6,32,5,6.16498254103269
9,3,29,5,4.87824861363378
38,5,29,3,8.16179286750961
19,4,29,3,6.09656990035401
72,9,26,5,5.61841574846596
1,4,23,4,8.87714068652323
91,6,35,4,4.46761987787051
90,6,26,4,4.55174526817792
75,5,36,5,1.26541451578724
95,10,38,4,4.06391839784897
62,5,26,5,1.57515683676559
65,6,35,3,7.93316344953364
38,5,29,4,5.0965461632627
6,4,23,4,8.08384722475507
69,4,33,5,0.483471276549841
12,3,29,3,10.3695004607783
29,5,32,3,7.24368157249629
63,6,34,4,5.60761441891795
39,6,31,5,5.78280172842496
7,4,26,5,8.79393456204071
86,8,37,3,5.82860172989034
38,5,28,6,3.90001718646951
67,5,25,5,1.1553132974766
2,2,30,4,3.98961527488373
59,6,25,5,8.25366185013293
27,2,31,1,10.0322662531065
39,7,28,5,6.86057634582976
14,1,29,2,4.7692801093802
82,7,30,6,4.62206824388586
14,3,28,5,4.83779351419686
90,9,43,3,5.67366134528313
89,10,36,4,5.36574139774622
19,5,24,7,2.03403571454945
53,3,34,3,1.34580366789916
52,3,30,4,-1.27656214638166
16,4,24,5,7.39116800564462
51,7,32,6,5.75560616266376
22,4,29,5,2.48590638703329
28,3,34,3,2.8990710884078
50,4,29,1,9.4664261255341
15,2,18,4,4.59395303074427
92,9,33,6,5.24427937345578
49,6,31,3,10.01774681989
61,8,29,7,1.14159877687215
74,5,28,2,5.43909799768949
61,8,26,6,5.88801658451777
93,8,27,4,8.12455827574545
8,3,28,5,3.84450168377754
2,4,23,3,10.7960425047548
54,4,24,3,4.26776916039399
24,4,29,3,5.25624207289138
64,4,35,2,4.89927384298734
37,7,34,3,8.028867503974
4,1,31,4,2.08133062116418
4,2,23,3,6.23715763918632
96,6,30,3,5.02073470249056
22,3,20,3,10.1991520071463
1,2,17,5,8.13633963321767
21,4,26,4,5.90014767044053
5,4,27,3,11.3144027191982
23,4,32,3,7.5451125596702
40,6,34,3,7.87089004518954
1,2,30,4,3.06606702053888
36,4,28,2,11.1211280128749
58,6,30,3,10.3170792894868
60,7,26,5,4.9088544639288
26,2,28,3,6.0064233428191
67,9,29,6,3.83527054355813
93,8,41,3,6.90414466355221
0,4,31,3,10.5549884263344
78,6,28,3,5.15951688560156
80,5,25,5,2.96188401796345
7,3,28,5,2.88746698786971
56,5,26,3,6.6518429124368
53,4,23,4,3.13313837196739
13,3,29,2,9.66674415836397
27,2,20,3,4.18396249982374
35,5,29,4,9.67099489520009
81,7,33,3,3.59992441787575
17,3,29,3,6.34344020423001
52,7,28,6,5.11764157094919
76,8,26,6,3.52108930494782
28,2,29,1,5.83601521945716
43,3,34,2,2.84043394341449
66,4,35,3,3.38613793661469
3,1,31,2,7.6110362928628
56,6,33,5,5.95489453563765
93,8,38,6,-2.33711954864924
43,6,29,4,6.2450413147423
93,7,29,5,2.15099092293958
97,9,36,5,5.98047799819485
67,6,26,3,6.05384187106284
29,3,33,3,3.9098399099696
20,2,28,3,3.46550222545221
31,5,24,5,4.37345913064337
85,5,37,3,3.88758901862565
6,3,29,4,4.62175790824507
18,3,31,5,3.02560400905075
48,4,30,4,5.46170983620442
33,6,32,4,8.83701787338304
81,6,29,3,5.6024928532261
87,6,31,3,2.19465531583934
1,1,20,2,6.79994779337889
82,6,28,4,4.55952532498973
40,6,28,6,5.81436240665469
67,8,32,7,2.42251542791924
11,3,22,5,5.20042353934474
47,7,35,7,2.58989931055516
92,6,28,4,-0.369668765361259
57,8,32,6,6.53641699736699
91,9,30,5,2.95950244033142
75,6,34,4,4.36537418332997
63,5,28,2,6.69174467084428
79,6,33,3,3.91944588241375
92,10,40,6,0.643595870414391
16,3,33,2,9.65268076102308
19,4,26,6,5.36965741493317
9,1,32,4,2.070061202293
82,10,32,4,7.91207485034563
80,7,28,3,9.07953803004773
27,2,26,2,7.53801898047831
44,4,29,5,-0.00833429410249042
62,4,24,2,9.36006850558988
37,6,29,4,7.75235442751325
38,5,26,5,2.96961707453112
91,8,33,3,9.27796065569942
39,4,27,4,7.17393412803026
7,3,30,2,9.24688087978221
70,7,36,5,2.39251088682114
69,5,25,5,1.41996885958134
9,4,28,3,10.2402454683958
3,4,22,4,11.9770179651393
40,6,34,3,6.13445532898023
1,2,20,4,7.83358785926396
56,5,33,3,6.35327186809934
94,6,29,5,-1.50527379392748
34,4,26,5,1.8774810112664
24,2,24,2,4.34082284306468
54,6,34,4,5.35835469764611
11,3,31,4,1.81669642342442
37,3,30,1,8.07940977750199
32,4,28,6,0.192910466239464
94,10,35,5,5.7289206077027
91,6,30,5,-0.658480187880446
76,4,30,4,-1.70060792787359
75,7,27,3,8.46706038163388
99,6,31,2,4.91697552315908
58,5,28,2,8.74958654695038
21,2,27,4,1.87691220018669
13,5,27,6,5.80604202393537
79,9,30,6,3.48404048728644
98,18,33,4,11.2307270848961
98,7,36,6,-2.3489558851868
12,3,32,3,7.15629908986692
61,5,32,4,4.19279199910973
85,8,37,6,-0.554269065069994
13,5,31,6,3.38515294204429
36,5,28,3,10.7202774839753
15,3,33,4,1.23821831499182
44,4,33,4,2.85121035090492
48,5,29,5,1.10152103525526
95,8,38,3,5.31549633819711
90,9,41,6,-0.733143025896211
94,8,28,3,6.36166817415851
77,7,33,6,3.63988129189087
9,2,22,5,1.75997897217136
1,2,24,2,8.16031860378979
33,6,36,4,8.07681649976171
24,2,28,2,8.99462077016423
79,8,32,4,9.23003191032975
49,4,24,3,8.91561466468147
51,7,39,6,1.47299139182406
7,3,18,3,10.3989089446597
34,4,23,3,6.62414265539264
75,5,25,5,3.3773980630038
38,3,31,4,3.34560268746518
0,1,32,1,8.85564245598348
71,9,40,6,5.50281025176816
55,7,26,3,11.3175853301905
7,4,26,4,9.62368753735678
34,2,30,1,6.52735452500649
41,7,27,6,6.46650200790097
31,4,28,3,8.29362731921733
73,6,38,3,4.75239320344705
38,4,27,6,0.0456186969692425
61,7,30,4,10.8407504678272
62,8,36,4,9.01116928862513
80,5,39,3,3.98798610816069
65,4,35,4,2.51902189652393
67,8,29,5,8.73203721493168
41,6,34,4,4.64998790864199
66,7,31,5,5.4663151083906
2,2,33,2,8.77443347362351
81,6,28,5,2.21203130904475
7,3,23,3,9.83960823104791
90,9,33,6,1.58727871536704
7,1,24,1,10.1216310079449
19,2,22,2,9.63138244561907
77,7,35,3,4.14292087399041
20,4,33,3,7.02792692071431
40,3,29,3,4.1038214712492
44,4,24,4,3.13292063719586
60,4,27,2,7.20995797144812
57,6,31,5,7.00287339431809
5,4,33,6,2.57720122827039
18,2,26,2,8.96421006177577
29,2,26,3,6.02833852533344
37,4,32,4,1.02837157650451
71,6,30,4,2.79686489607725
12,5,27,3,11.3572438992516
42,3,29,3,3.23484033417771
3,3,27,4,9.41456128252421
45,4,24,3,8.33347498570224
79,6,31,5,1.03788520041359
47,6,27,4,10.8392846687529
23,3,29,4,5.18660576618199
88,5,31,4,0.727606287857053
12,4,32,3,9.65152171018959
26,3,33,5,-0.00860889182146352
88,10,32,8,3.07223521569926
75,8,38,3,9.09740386951825
9,1,28,4,3.96154334208764
81,7,37,3,3.80098868387178
85,5,27,4,4.86746273029872
11,5,22,5,7.91768361163763
13,3,33,5,-0.0526367573349997
54,6,28,4,9.22915741788654
5,4,31,4,10.2720736418505
49,5,25,5,2.78651286921444
0,3,29,4,8.36072455517301
84,7,28,3,5.26555945965317
6,4,20,4,12.7980548450349
81,7,37,5,3.12506532408521
53,4,28,4,4.36059054056583
49,7,34,4,6.89024023607352
2,4,34,6,3.99849415429116
55,6,27,6,0.513601930120736
71,6,38,4,4.81235224666977
23,5,30,5,6.1925911976125
81,5,31,5,0.70128276454977
42,4,24,4,4.38644080321132
56,6,37,4,4.11920372252151
15,2,25,2,8.04424281649691
19,3,25,4,5.08936554871822
16,4,30,6,5.31284363579487
83,6,26,5,2.38262792303724
11,1,32,1,7.15438744932298
26,4,28,6,2.85158267748156
79,10,36,5,4.99874900773641
29,5,26,3,8.79789875863127
86,6,36,4,1.10532549716764
3,4,28,5,5.00892326205853
33,3,27,2,9.86690205339434
30,5,23,6,5.59788332031356
12,1,20,2,9.85078613892032
37,5,24,6,2.33058923930867
46,4,36,2,5.20512009486538
4,3,27,2,10.146513017844
98,6,39,3,4.05436785735554
90,9,27,5,8.46126802347699
97,10,37,6,5.08634710402803
17,3,24,3,9.01334696479486
4,2,22,3,6.56802446980604
14,2,22,4,5.18973414192987
36,4,26,4,3.24286269657901
54,6,34,3,6.8283357202847
93,6,28,5,-1.80803173778736
63,5,25,4,5.52500843858618
48,7,25,7,1.0804440818424
8,4,33,4,7.41560433850093
94,7,36,3,3.38391291023568
34,3,27,3,4.54826589629213
36,5,30,6,5.01269193440748
62,7,29,7,0.231888419573357
72,7,31,5,4.31508979784838
19,5,23,4,11.9274893642785
58,5,27,5,3.00679996537719
84,6,26,4,0.539115652189119
99,8,30,5,1.32716014515424
1,1,25,3,1.39204418782538
82,8,26,6,6.13401085011068
20,5,35,6,1.99313598270763
11,3,32,5,3.8649460853651
68,7,30,6,4.89651641361605
27,5,25,7,4.60168110309828
82,9,31,5,6.2101662103047
64,8,28,7,0.909330927603736
52,7,31,4,5.81078481823566
2,0,24,3,1.73343760291753
28,3,29,5,0.967815115362537
3,3,26,4,7.3452440623452
89,10,37,4,8.9094753816778
13,1,30,3,3.63768822037314
5,1,19,3,6.84502847098747
36,3,26,4,1.16649194081658
69,8,28,7,1.86541698737671
89,9,30,5,3.85615658945171
24,5,34,3,8.89348751577903
39,3,25,4,2.32958868820669
62,8,37,3,6.54333153645927
56,4,35,3,5.05981209263701
4,3,29,6,1.01649883266616
47,4,23,2,8.24303649271129
94,9,28,4,7.25461089234761
24,2,32,4,4.00642543266684
67,8,27,5,6.76976339825541
91,5,35,3,5.19941041790363
4,3,22,6,7.30828786786867
13,2,18,5,2.39365023175025
10,5,23,3,11.0408570406655
40,5,33,3,8.51153154196307
96,6,28,5,-0.514056692179043
36,5,27,5,6.49744421697962
72,6,36,5,0.0812378098809878
70,5,30,3,3.16916535734981
2,1,25,2,5.63513013730801
94,8,33,3,6.13575166492318
53,7,29,4,6.66585124422428
69,8,30,5,6.53535289588016
4,2,30,1,6.76127038272331
91,6,40,3,-0.552634662290428
3,1,28,2,6.19801532537203
77,6,39,3,4.38803221237775
52,4,36,4,-0.272789508146841
26,5,31,6,2.79271031444151
50,3,26,4,1.680971033238
53,5,28,4,7.4593616678519
8,3,28,3,5.64440071167325
91,6,36,2,7.16351390329212
56,6,26,5,6.32967824572036
5,0,27,4,3.3049960973903
67,7,32,3,8.29670586026222
62,5,27,3,3.53660428062285
7,3,33,3,3.68591087448975
43,4,24,4,6.11021372062076
64,7,29,5,6.61691345698147
80,6,34,3,5.30181114512431
39,5,32,6,4.05107497185501
77,5,32,2,4.74569397515542
87,9,35,6,0.52313362662707
61,7,30,4,5.28511573258701
35,4,33,3,6.37997639117385
93,12,40,4,4.57864859387808
74,5,38,3,5.76782596935292
6,3,28,5,4.43869427260859
10,3,29,4,7.38402559863279
81,9,39,3,9.93039848723785
79,5,38,3,0.439761564347435
5,0,25,4,0.989569494517325
90,10,31,4,10.2231525716509
72,7,33,5,4.59423880763237
90,9,36,5,2.4728316723064
53,7,34,4,5.71410732970234
34,3,24,5,1.73078598742968
83,6,37,3,6.66090333679417
79,8,30,6,1.90953766248818
53,4,30,3,5.33381206977404
77,7,31,6,-0.000642620252815362
5,2,30,4,5.20307254894042
45,4,24,4,5.8855144716099
2,1,31,1,7.50595838189561
73,6,26,3,9.70568200734925
70,5,27,2,9.38242462191139
0,1,29,2,6.13851338950137
47,5,33,5,3.75119171625211
59,7,30,4,9.49658504651437
28,5,25,4,8.77715012301243
5,3,31,4,6.70448824855955
37,3,33,2,5.78004542137251
53,5,30,5,1.85051577705851
25,3,31,3,7.71673350445993
94,9,42,4,4.87955536349089
43,5,34,5,6.23948498525406
70,7,34,3,5.94113993872672
17,3,24,4,7.48090830261019
24,5,32,6,3.74479980836478
2,1,30,0,6.36125376714228
32,5,29,3,11.9707515259169
41,4,32,5,1.93037411742282
10,4,28,3,11.0233905044909
85,7,31,6,1.55089364804416
0,0,29,4,4.04961824707338
96,8,37,3,6.80591494474011
80,6,33,4,2.793342038641
50,6,29,3,5.79527616102409
93,6,37,4,-0.29370006372496
46,3,30,2,2.93658911355601
51,7,27,5,4.85356667959262
83,10,37,5,4.0642926657518
16,4,26,3,9.41847265872445
52,8,32,6,7.94921247386226
43,4,33,4,5.3516886934898
33,3,33,3,4.02990690810622
44,3,32,3,5.86414669532085
4,3,29,6,4.44974980422158
24,3,28,5,4.75172943561633
10,5,24,6,6.39024347524345
36,6,36,6,4.7001048548754
65,6,39,6,2.65810662710883
42,3,26,5,4.92612818494855
7,2,26,5,4.66168934231557
68,7,29,5,6.44697347566934
85,6,35,2,5.93100601318275
86,8,37,5,1.33809779052497
8,3,24,6,2.18941435180547
1,2,24,3,8.27075688401991
42,6,31,3,8.17892315780781
97,6,40,4,2.18201502191536
49,4,34,4,1.48425638354999
99,6,37,2,3.33552892428979
49,7,34,6,0.91953418020881
12,4,30,3,9.1078434917336
56,8,31,7,4.95255923682575
23,6,25,4,9.37209776442029
72,7,38,3,6.6206648785807
78,8,28,4,5.54531576846426
44,4,35,3,6.85526345515702
46,5,36,3,5.44493476810171
40,3,34,2,3.48377767387864
90,5,30,3,2.89164295956056
56,4,36,2,2.83896583249616
69,7,29,6,2.94429534860654
33,6,27,5,10.2752562072321
9,3,34,2,8.44181975959819
93,8,42,3,6.82741114606658
67,7,30,3,8.72786155870938
1,4,29,6,6.77332278122152
11,4,26,4,10.6760657120492
84,8,32,7,1.93318533917482
44,6,29,4,8.1487779985789
40,4,33,4,2.46492957161846
43,4,30,4,4.44136926325188
66,4,27,5,-0.67479431580036
18,5,30,5,2.89589791380522
83,6,35,4,5.07199325400774
91,7,31,4,1.90226784112313
79,8,31,3,5.77117715611273
50,7,28,4,7.25336246239547
25,4,22,6,2.76235704272637
66,4,33,5,1.36072995791717
94,7,37,5,3.02475200923751
98,11,30,5,5.86038815257897
5,3,29,4,3.73051702079964
38,5,37,6,-0.0956182372714443
80,7,31,5,5.50359722870623
54,4,28,4,-1.27398482066462
30,5,31,4,8.3013881072385
40,3,26,4,3.90849026678156
2,2,25,3,5.84754281733151
84,7,38,4,5.70925371707996
3,2,32,3,4.54731365322074
65,6,36,3,7.93469918328328
59,6,27,3,9.84435925815764
31,6,36,4,6.68096073804602
98,12,33,7,0.279525486346968
82,7,41,3,6.93651050637108
60,5,27,5,4.77894468248314
13,1,26,0,6.81911709085951
87,5,30,3,1.43470746897455
57,7,31,4,6.90794644733786
79,5,35,5,-2.47234354182171
2,1,31,3,4.27997166684024
25,5,24,6,6.28109667902054
75,9,32,5,5.04564492259059
82,6,30,6,-1.65083083214135
52,6,35,6,4.4444075515037
63,7,32,4,8.63657973940633
48,4,31,2,5.8716113188532
58,6,31,6,3.14606047738388
10,3,29,4,3.71360297770435
84,7,32,4,2.9734827455033
40,5,33,5,6.07165549139137
77,6,26,3,9.75675335651461
95,11,31,5,7.23662111908435
26,5,24,5,7.12595004141063
82,8,37,5,4.65776516615186
65,5,33,3,5.27402556014048
79,7,26,3,9.19561348274037
18,3,25,2,10.3177126484225
75,9,30,6,5.30590851023555
73,8,37,4,3.86050821760252
75,6,28,4,2.42676922709436
33,2,27,3,2.9348135405091
5,2,29,2,8.51603970376981
67,7,31,3,7.78960157199843
4,2,29,1,9.67219517804417
64,6,32,4,6.34491272411508
29,4,34,2,4.68469161686429
39,5,32,4,6.06422928991824
92,7,31,3,4.46853227539425
67,6,27,4,6.45874958778227
71,8,35,4,7.56363057401835
71,7,30,6,1.55270909604932
22,4,28,3,5.59389864420757
40,4,25,3,5.95300497574199
57,7,32,6,3.31573585295819
87,10,31,4,7.66360367477969
59,6,38,4,3.02177406697768
91,6,31,6,-0.124219316469613
35,3,33,3,1.83261276943897
25,5,25,3,8.43245472254377
71,4,27,4,2.48387561739179
21,3,27,3,6.79536315047349
44,6,31,3,9.72484788175347
69,9,34,4,6.53674910541564
67,7,35,5,2.44563608407909
18,3,31,4,5.07282316507763
73,4,31,3,3.6777959017513
32,5,31,4,6.97806532350513
35,4,26,5,4.07269994244598
78,5,33,2,4.61250118998886
36,6,30,6,4.99406831867315
28,2,26,3,5.91348886723495
26,2,27,3,4.75306687216363
2,0,28,4,3.21297324848838
65,8,32,6,2.62699344827647
74,4,37,1,6.7092597082061
63,4,37,1,8.08114174550941
5,4,23,6,6.45727408318051
52,5,31,4,4.08342255433267
8,2,30,1,10.9405806441086
27,3,31,4,2.05431380898733
0,2,18,2,9.64331372700216
70,8,34,5,5.00977450164282
79,5,37,3,6.26775874883961
13,4,31,4,3.82613072998051
59,7,27,4,13.1289341109052
35,6,26,5,8.10132277540476
67,4,30,4,2.72560136137937
36,5,23,3,10.1357898587738
80,6,36,2,5.66461111654159
98,12,38,4,10.0136754885643
48,7,38,7,-0.206841632372926
7,3,24,6,3.07639188131612
13,3,27,2,11.0145053680172
89,6,25,5,2.29171179211142
71,8,30,4,6.79617795770318
87,8,33,4,4.85013305950017
90,6,28,2,8.49567735743482
47,4,31,5,2.69494499546663
6,4,24,6,6.68489394495774
71,5,29,3,4.0200907125848
27,5,25,4,9.23676655452043
32,6,24,4,9.4866968621435
38,5,32,6,0.42417145462303
33,3,31,5,-1.6330653088233
9,2,26,3,5.3807914401516
58,6,28,5,5.80943001016494
75,8,31,7,3.79629896055266
51,4,29,3,4.65462154205832
27,3,32,4,0.339527370177354
44,6,26,5,7.29601105722401
89,9,32,6,1.17857041505572
92,9,36,6,0.576136063470273
52,6,30,6,1.13034772825005
76,5,32,1,4.58303786998435
76,8,28,7,0.909785072625843
83,5,29,3,4.89029250951274
94,7,39,5,-0.523632838559808
42,5,30,5,0.885851800395539
60,8,33,6,2.9898597354807
22,3,23,4,3.64668831428067
85,11,27,7,1.77813626915159
92,7,32,6,1.10631285012297
58,7,26,6,5.67769193278949
65,6,34,5,3.94085694781656
6,4,30,6,4.28182958356297
24,5,30,5,8.6528908813101
50,7,37,6,3.32516394919808
51,3,34,2,6.19533658303886
76,4,29,5,1.40734264195757
26,3,33,4,4.02124060462503
68,8,39,3,9.47851460157939
55,7,33,6,4.92251081259432
43,3,30,3,0.702948391820041
86,5,31,1,5.58487812032167
11,2,28,4,0.882508890894002
31,3,27,2,5.45276109838865
74,5,30,4,5.30085513413502
54,8,32,6,7.09576351375159
17,4,26,4,6.04167015290237
68,6,35,3,4.44008923479929
10,5,30,6,3.80771540014657
28,3,29,3,4.47382049837946
72,6,25,3,5.05570182193392
4,2,27,1,9.39087979360409
10,2,21,1,8.5096533758951
41,4,31,2,5.9371556980494
59,7,29,6,1.02393148682732
19,4,31,4,6.42067715154455
50,5,32,3,6.79825072421041
82,6,34,5,2.72623373504749
9,3,33,4,2.72818394811483
47,6,37,5,4.59871109051257
88,11,40,8,1.96804762844615
43,3,24,3,3.92499868672587
27,2,26,1,8.17853098519478
5,3,27,6,5.3163703129475
88,10,41,7,3.61215061922898
14,4,33,4,6.8850847374053
31,5,26,3,7.24184997885341
68,4,36,3,0.500178508941422
28,2,26,2,4.95981501283123
42,7,25,4,9.46205314477439
48,3,27,1,9.31110912047399
24,3,25,3,6.15555360673712
36,4,25,2,7.64307197884044
6,2,23,2,10.0158461607284
36,5,26,5,9.1769945492018
98,9,40,6,1.81521047242778
19,3,21,2,9.46052576292808
87,7,33,4,1.31400811378932
11,3,29,4,5.15649915712182
19,2,22,4,3.27058009082388
73,5,24,3,5.76942835534802
27,3,29,3,5.97090309780354
21,4,32,5,4.23067101706979
58,7,25,5,6.3826511211351
8,2,25,4,3.17385117842025
47,3,27,2,5.01601078111552
30,3,22,4,3.91917161099896
89,6,26,4,4.64703210289914
21,4,31,4,4.74372754821108
52,4,33,3,2.80586596208463
1,3,19,5,8.806436863394
52,6,28,4,4.61678604636962
38,3,33,4,3.57335071676686
0,0,15,3,6.51671179861869
56,3,29,4,-0.715710857589521
44,5,26,4,7.81839901308908
61,5,30,4,0.646488657805264
5,2,30,3,5.13641512431446
65,4,33,3,1.61669594704962
32,5,34,2,12.4753713162387
15,5,22,6,7.64916141260708
21,4,26,4,6.61125576553501
37,4,35,4,3.90892752518348
67,6,26,2,9.0646740177203
15,3,26,4,5.3835373557222
40,4,24,5,3.95094048359704
26,4,34,2,10.2114047785617
34,2,29,4,4.47371787597327
11,5,26,4,11.0367897607786
29,3,23,5,2.5676209079217
13,5,34,6,2.79470199215309
45,3,25,3,5.36625876449874
73,7,34,3,8.76268808715096
5,1,19,2,10.5657924473648
39,3,23,4,1.05624085114404
84,7,36,3,7.94914306361479
39,5,25,4,6.70197767873144
45,4,23,4,5.80529181712721
95,11,28,8,2.22925279642694
77,4,25,3,3.55827674784076
47,5,31,6,4.28819937785846
98,8,39,5,0.879361182633538
29,4,31,5,4.13846424112476
18,2,29,4,4.48963887602559
77,6,30,5,2.02499680166193
87,9,42,4,5.30133613212791
31,2,25,2,5.65315754918312
91,5,37,1,4.9035839797777
91,7,34,5,0.862815201658102
80,10,30,7,5.87433972995554
35,2,32,3,3.51312213980181
67,5,32,4,0.966842454119687
26,3,35,4,6.21116218452534
95,10,30,4,6.91076697418867
12,3,26,2,7.94629748536826
32,4,31,5,-0.096570767956548
62,6,25,5,3.23659913790898
24,4,35,6,1.01239620127683
92,8,30,4,8.69780827957143
59,6,28,4,6.66335112021822
36,3,28,2,5.67222907166601
60,8,34,4,7.18127217216316
60,8,34,7,3.72898766349174
88,6,32,5,-0.575818083399402
63,6,27,6,2.99003999935008
86,6,29,2,7.36132303740477
92,7,33,3,5.31567387684916
56,4,30,3,1.95482642893081
74,8,32,7,3.2308788917345
39,7,32,7,5.05867213857257
14,5,31,5,5.685939639798
94,6,32,3,0.832854420485861
24,2,34,3,3.43244640834235
2,4,22,6,6.84283522958459
22,2,23,1,10.9545769993836
23,2,28,3,3.19267742900303
55,6,31,3,7.83600815478549
66,5,31,5,-1.63196499477867
49,5,24,5,3.4306215901829
11,4,33,3,10.087681394979
64,6,34,5,3.56328048963846
62,4,27,4,4.08903792874809
25,3,34,4,3.02320060928091
23,2,33,3,-0.44720036597265
35,5,28,3,7.83964508274354
30,4,30,4,3.72337321661259
77,6,36,2,4.66546645042553
22,5,29,5,6.62471882233206
46,6,34,3,5.62530321568875
83,6,29,2,6.16142625237412
25,5,29,6,4.93261444084769
46,5,27,5,2.91844412069832
83,7,27,4,5.11307598496409
33,3,25,1,8.88443642829149
50,4,34,3,4.36932321361762
77,7,34,5,3.44165699280469
17,2,31,3,3.71724002758587
99,11,42,4,7.96589903236243
95,7,38,2,4.30801973747239
51,4,27,3,5.15015912219826
12,4,24,4,9.94684192543668
56,7,29,4,8.94089734303947
3,4,30,7,5.19744874561075
95,6,33,4,0.694870098226728
1,4,32,6,4.39053013470554
57,7,37,4,6.8593230050012
74,8,35,6,2.87247845419488
18,5,30,3,11.336417935644
29,2,22,2,7.27927878703834
44,4,26,2,5.95948578044909
39,4,24,4,6.13089120224554
65,5,34,3,5.33777783124222
61,5,25,2,6.41298374852966
72,6,39,4,2.87645866872635
32,5,32,4,6.97160853708728
14,2,33,1,8.321720644796
5,4,27,7,5.34867662285198
95,16,28,4,10.4496618610792
2,4,30,5,6.18457495174608
92,7,34,3,7.23958300960437
36,3,24,1,7.48643012829187
69,7,31,7,2.01301234280012
56,5,34,2,4.07071240244249
28,6,36,6,4.06399787871184
1,4,25,5,5.54920602828396
42,5,27,5,5.94396416143178
61,8,29,5,3.48441822523268
0,3,30,5,5.76952305527779
66,8,36,5,6.92715667296109
11,2,23,3,6.93757664855885
90,5,37,3,1.29080327453681
10,2,25,3,5.59738060767542
56,7,29,7,2.22119448981584
25,4,35,3,8.30153427361374
58,7,32,4,8.47875181460494
95,7,38,3,3.31721156978199
72,8,30,5,6.46265811326396
40,3,28,2,5.52339289625081
49,3,35,3,5.05309354985768
67,9,29,6,5.46114475969347
46,6,36,5,4.40513230829787
29,3,27,4,0.462075316424206
54,7,28,5,5.44739953079606
73,8,39,4,7.63062403279152
77,8,27,3,8.85322979084849
81,6,36,5,3.02138990692369
33,4,29,3,5.44827474457477
89,11,36,4,5.73927000428638
30,3,22,4,7.06865375201491
69,7,38,4,4.91537875383792
19,3,33,4,5.32119614923159
97,11,30,6,7.17257773780184
16,3,22,5,4.31729697735406
17,3,23,4,6.86711775493685
62,7,37,5,3.01066089224228
73,7,34,3,7.56095634340524
93,11,35,6,2.9158050097455
76,5,28,2,4.81009553092918
16,2,33,4,3.14867259989741
28,3,35,1,9.18235300357738
42,3,33,4,3.23840411599439
83,5,36,2,1.76975231838783
15,3,30,3,4.69392404081612
66,7,29,5,6.33471773881432
81,9,37,4,3.58873167661871
67,6,30,6,3.32606396560789
37,5,30,5,5.52166415308423
88,6,37,5,-1.8390321599634
57,4,34,1,3.8042860314253
46,5,30,4,3.00590928936641
63,7,31,6,1.52009066163713
74,8,36,4,4.52202453816628
14,4,31,5,2.69217938345344
40,6,30,6,4.97358635831498
45,5,33,4,4.46844639350105
55,4,35,4,0.0287774584860339
40,4,33,4,1.55797019171439
99,10,31,6,3.81561803309716
75,5,27,2,6.22307728494955
18,4,26,3,14.0794242599453
10,3,20,3,8.43109878076672
74,5,28,5,3.22078383370913
11,2,21,5,4.45606130092166
99,10,32,5,3.67826623359819
77,5,25,4,5.33876913425046
40,5,31,5,2.88962285121953
27,3,33,4,2.01757345881156
95,8,28,3,9.91976745924153
25,4,24,4,5.93742415742775
12,4,23,3,8.83368539934259
54,7,30,4,6.93030210140025
67,8,27,4,12.2543116756744
37,5,30,4,6.26223111434045
14,1,20,2,4.0457249727032
96,10,29,6,4.02657438074305
6,2,29,1,8.4343425379274
60,5,27,4,3.96357282914019
19,5,33,4,7.27961029044598
56,3,26,3,3.30864994963176
14,2,28,3,7.00368393590179
82,8,29,4,6.05061599395517
32,3,25,3,4.9599760993138
47,4,31,2,7.29369090729959
18,2,29,3,5.59738698586435
51,7,31,4,4.43480736739894
49,5,30,3,6.72837074961396
14,2,22,3,8.11089399090046
75,4,27,4,3.2943756724722
1,2,29,4,3.58079352921136
17,3,32,1,8.68326283338288
11,1,21,4,4.3441588409522
53,5,25,3,8.57903242956281
54,7,37,5,4.80980007718714
2,1,27,3,3.92249056238484
15,5,25,6,6.68360968741465
55,4,27,5,3.30820859554939
75,7,38,4,4.9998960562843
66,4,30,2,7.59394205574143
76,6,39,4,0.489048293408882
14,4,27,5,3.65218809013619
58,6,27,2,11.2202142102611
70,7,29,4,5.73633765120263
42,6,32,5,4.47017157033124
99,7,33,3,6.66372732465616
8,3,34,3,4.13154647459194
54,5,30,5,1.84784636967808
37,5,26,5,6.17783961757105
38,4,30,2,9.8141124917013
32,6,28,5,8.44058675367545
99,7,34,3,4.05164367919221
74,7,28,5,3.25657397241954
77,8,38,6,0.0386141125248685
90,8,39,4,7.2241859353228
66,5,28,3,5.19776040315282
69,4,26,3,6.33095730251985
94,7,30,4,4.2701818113259
12,2,26,2,8.05973712273446
95,6,34,2,3.1221957732491
95,8,34,3,5.33708785506465
8,4,25,3,9.05875688493435
84,8,30,4,6.52336769346135
75,5,35,2,6.61044420214603
58,7,31,5,6.07188369684369
30,4,28,2,11.1951281462657
1,2,25,5,4.74460266700302
32,4,33,5,2.91896369267897
16,2,24,2,10.4853280476388
21,4,30,5,2.2353845347988
47,3,25,3,4.5176942616603
0,3,32,5,5.91303010590741
77,6,34,4,3.88670260855306
79,7,29,5,3.08433518417664
11,3,21,3,12.5262674109186
19,3,33,4,3.63390238315691
99,6,30,2,4.14167932762805
90,6,27,3,7.15500048688229
0,2,31,2,3.91034823661539
72,5,37,1,8.22553867788985
40,6,36,4,3.78805446629325
2,1,29,3,7.71812079775693
39,3,23,4,6.4898453226305
17,5,29,6,5.42882504930525
25,5,23,5,8.69165554942724
91,9,30,6,4.89551833424326
37,3,32,1,5.43980686226092
29,5,33,5,3.37079470775722
77,9,31,6,6.44190193560784
1,1,27,2,7.04724370405216
19,2,31,3,7.02919624199369
99,6,41,3,-1.51533666464297
1,3,32,3,6.21018213008642
71,5,33,2,7.29364008984401
53,6,29,5,3.24064473406392
39,4,24,3,8.84006290288219
49,7,37,7,2.29862465090004
98,9,42,5,2.70891982531532
49,7,24,4,8.04405920040962
97,10,33,6,4.87488034188189
74,5,31,4,3.23307628502735
68,5,31,2,7.61031421970094
49,3,28,1,9.28776220380523
5,2,19,5,3.19965033502665
78,7,30,6,1.76651997515983
34,4,23,4,4.58955114637452
2,1,27,2,7.45860782988275
62,8,29,6,6.32261590682256
12,2,28,4,3.70274971613627
17,4,32,5,7.46260852444306
63,5,32,4,4.13482285195207
16,3,27,5,1.90434228874909
36,6,31,4,10.5141503311677
22,4,30,6,3.24325410744058
82,6,31,5,1.62726286396131
0,0,31,3,0.213159207759375
15,2,32,2,6.33181295926786
93,7,30,6,-2.12931892535159
76,8,41,4,3.91042742352261
82,5,32,2,1.33087258065994
25,4,35,3,8.43043468084018
11,3,30,2,6.24602304664925
13,5,27,6,3.91732389920169
41,3,25,4,3.71282169395722
36,4,27,4,8.009363879997
14,4,24,5,6.19705275992315
51,6,24,5,8.20293065543048
74,6,38,4,3.66437545686669
10,1,18,4,5.25099356784973
36,4,32,4,6.78091819988902
22,4,24,3,10.4206069007984
89,6,26,3,6.23643890923445
10,4,28,6,4.15408651642284
83,5,29,3,5.54805275880609
84,8,37,4,6.37097284858081
2,1,30,2,3.79081340853195
76,6,34,5,2.42277329026002
27,4,21,3,9.82660449163575
15,2,29,4,1.49484225799325
9,2,20,1,13.3404811846651
71,7,33,3,8.85525744827256
45,5,34,4,5.56776194217765
39,3,33,2,6.7205650681089
61,6,25,3,8.64723446156588
13,3,34,5,2.82254200936928
8,1,25,1,10.4947954098822
66,6,25,3,9.72578514173247
79,10,38,8,-0.842907678344523
37,6,25,3,9.39552946213092
79,6,36,2,6.89112335538512
81,6,29,6,-2.04032109904611
86,7,34,4,3.18768033614929
42,6,30,4,9.07185429709528
9,4,34,4,4.72968559752043
88,8,32,5,2.88365568333066
28,5,26,3,13.8986367777971
30,3,29,4,1.04665305253575
81,5,34,3,6.11836974689682
58,7,28,4,8.51200451082914
66,4,29,1,7.7972555593398
64,7,37,4,3.19207960299274
22,4,32,3,8.23154476325173
60,7,31,4,5.24584679068347
48,7,30,7,0.707657726479644
58,6,34,3,7.76320172283859
81,7,36,3,5.23383262597101
49,5,30,4,2.17047165237598
8,2,18,3,8.89401784133042
46,5,27,6,4.25918305035849
59,5,28,3,6.80348018170425
91,6,32,5,-1.83243630137514
4,3,27,5,3.65587978589569
81,5,32,3,2.1938518330205
8,1,19,2,7.24047365138147
27,5,28,3,7.67346039409018
84,5,27,4,1.05612649389781
91,10,43,4,4.46328547165834
8,4,34,3,8.44011703754605
55,4,30,3,5.20125397558137
4,1,31,3,5.61219462132676
26,5,27,5,2.40237836702696
18,5,26,6,3.65771222059481
56,4,33,4,2.81699400448855
6,2,28,2,5.53377477634608
43,6,24,5,4.20441600229901
55,5,34,3,2.12241016599898
54,6,30,4,6.70004598310499
25,5,27,3,8.92855708284016
16,2,26,4,1.33621800930015
72,5,36,4,-0.412290182494092
20,3,30,4,1.42258435774731
58,5,28,3,8.40144599139918
91,6,28,4,3.95115736583518
20,4,32,5,1.44339055890637
83,5,30,5,0.408359309320812
30,3,30,2,6.6732544372599
18,3,26,2,10.6093054062342
51,5,29,5,5.5470707697364
18,4,27,2,12.8509100583871
22,4,24,3,9.12598319123178
95,10,30,5,8.2685781714543
19,4,28,4,8.42114783563484
97,8,32,5,-0.480462391897678
93,10,33,3,10.4803917722498
21,4,27,3,6.86611620403297
35,3,27,2,7.88987266099506
9,5,26,4,5.89800690006832
86,5,30,3,4.39538775344998
99,6,35,3,4.4672387566647
57,5,32,3,7.40041228798356
59,6,30,4,6.01583134012043
70,6,29,5,2.74394796494108
57,5,35,6,-1.13532406527787
16,2,32,2,5.64360240364839
53,6,32,6,1.32543712283339
49,6,36,5,3.30594405016916
91,7,33,3,7.51739225893482
45,7,31,6,5.67008547255289
42,7,32,5,3.7851867888017
7,5,20,4,8.46746362002612
92,10,28,5,7.6791993075843
31,5,29,6,5.99414370612861
41,6,33,4,7.96818054254196
39,4,27,4,6.29929113487054
69,8,27,6,4.29051549014219
59,5,36,3,7.62470031850637
15,2,31,4,5.81779160544679
34,5,23,4,9.19787339577113
56,8,32,6,3.56297253969796
75,5,33,5,-3.8002657848611
88,10,41,4,5.50845266621877
73,6,25,4,4.1925876464102
43,5,34,4,5.13495183900757
2,1,17,4,5.32443697349443
90,7,31,6,-1.80323892832797
12,5,25,7,3.18610522005526
99,9,37,3,7.97787312893796
6,4,23,4,9.38458253745214
82,8,28,7,1.52556414271065
35,4,28,2,7.37249932867392
40,3,30,3,1.18632324122727
96,12,29,6,6.42907246110351
53,6,30,6,0.406480477627945
63,4,27,3,4.35313479104675
33,5,27,5,3.98367393753295
10,4,25,4,7.47270595811471
98,7,34,5,-0.361169321890722
66,6,34,4,2.48003519857923
0,4,23,3,15.1927628613953
36,4,30,3,7.00469937461915
53,4,27,5,0.393594259790444
55,3,29,3,3.64336109306332
54,5,34,2,5.63166137839505
54,6,31,5,5.57706828775194
58,4,30,2,8.60685008671373
6,2,22,3,5.54212696773972
5,4,22,4,8.82899502098276
89,8,33,4,7.95784219702336
58,4,36,3,4.90980424070689
82,5,29,2,6.06740933508618
57,4,28,2,7.29238869618919
33,5,30,3,7.95708829701566
89,9,35,7,3.33303740609157
6,5,29,4,8.23041117766077
69,5,33,2,7.95578954844154
5,3,20,6,5.20694946759494
86,6,31,4,2.04659311960631
82,9,29,6,5.29297533771932
16,2,21,2,12.5779245516529
81,6,30,4,4.90539222760166
45,7,26,5,7.85214447192707
25,2,20,1,6.90746518739363
57,6,25,4,7.34689523991344
68,5,32,3,4.93311091876252
60,6,28,4,5.0062155499693
67,8,27,6,5.83895884470369
24,4,32,2,7.68211744172608
95,6,33,4,2.03804811809908
93,7,30,3,9.39177860532024
69,6,34,5,-1.32170333309516
27,6,30,6,4.25166679133928
97,7,31,5,-0.73914102638055
5,2,33,2,6.70387466561857
59,4,33,3,2.17103654522079
65,5,30,4,3.54524576863495
77,5,26,2,4.416378276751
74,5,29,5,2.28282597553976
84,5,27,2,8.40244782932296
82,9,42,6,0.377774393874404
46,3,32,2,6.8524142026542
17,4,27,3,6.34849497114728
98,8,32,3,5.48584916611933
40,4,35,3,3.12844951103157
76,5,33,5,-0.485381830928643
9,3,21,4,7.05412474515604
89,6,34,5,-2.17911152136963
80,5,27,3,7.13681622118451
62,5,36,4,4.63597028932493
63,4,36,4,-0.0822102958284452
90,7,38,5,0.120301903539628
81,8,26,3,8.46852115347046
49,4,26,3,8.63137167852149
72,7,37,3,5.4397400454556
78,9,27,6,6.08801341848424
27,2,28,2,3.91671505004782
71,9,39,5,4.92253936839798
57,5,26,6,1.59949343255271
89,9,38,5,2.56858267631411
2,4,33,5,4.40424097743967
67,6,30,3,6.23268457592038
69,6,29,6,1.03504074231071
57,3,25,5,-1.64860946669201
83,9,37,6,1.54687956562529
29,5,24,5,5.66443425385412
19,4,31,4,4.09104911525997
16,2,32,2,6.50240044170234
1,3,23,5,3.1704876177555
11,5,32,6,1.91823087923481
6,1,28,3,3.61422412658122
80,5,28,5,1.11150566039736
13,4,25,6,3.60523022704968
9,1,30,1,5.06040007306679
89,10,36,4,8.61059053150516
73,7,33,6,3.79399290247722
50,7,31,6,1.37096277568657
27,2,23,0,6.84629356984173
10,3,26,5,0.607835648290044
84,10,31,8,3.12003776740778
71,9,30,4,6.78110339898767
80,5,28,4,4.47938445614627
1,2,25,5,2.41188384758709
25,4,27,3,6.91258243810131
40,5,25,6,4.14652862595555
33,6,29,4,7.08384621470752
86,5,36,1,7.03232199542018
17,3,32,3,8.52632556681941
36,6,27,5,4.25305325994584
2,2,26,5,1.53133994003497
90,7,34,6,-0.5945883051385
84,7,34,5,-1.8564867289414
96,7,35,4,3.14653716070439
61,4,32,4,-1.75946685175969
12,3,22,4,6.2464121127598
92,12,35,5,5.66404895321137
12,1,23,4,4.20821426711575
55,7,26,6,7.03022924332789
18,2,32,1,8.19916614430125
98,11,45,5,2.61129529910171
70,6,35,5,-0.361251235385837
25,5,23,3,13.8409646463354
79,7,28,3,5.96887962268845
37,7,35,4,6.37896675967142
88,7,33,5,3.97174395779361
13,2,30,3,5.09341919874634
90,8,36,5,1.23123971539066
90,6,32,5,1.94094441464343
85,7,34,3,7.01962962618149
53,7,30,4,5.31136137824404
82,5,28,2,7.28559008502815
93,10,38,5,4.55486127395602
56,8,27,5,7.25640462068393
39,4,34,4,3.9352619677992
18,2,24,1,9.46355602182931
88,10,36,7,0.903141603226127
23,5,22,6,6.16945199513027
94,12,28,6,6.35841800623857
65,6,32,2,8.80368645309318
15,5,23,3,14.6903817684206
95,8,37,6,1.3872711142594
15,2,27,1,9.56413140467594
95,10,38,5,4.65295009877891
65,5,27,4,4.20079575037944
2,4,25,4,7.32267857384712
42,3,35,1,6.33177471193557
20,4,32,3,5.35753451711627
62,6,38,4,5.50347894464417
92,11,30,5,6.60201169108094
57,7,34,6,1.35484716102205
14,2,32,1,8.89570450234958
36,3,27,2,7.93554201923181
5,2,20,4,7.31149467292007
11,3,21,2,9.479459105321
72,5,27,4,2.93694704465901
16,2,34,1,9.67690275230282
95,7,39,4,1.85191760959475
6,1,31,0,8.02174744885427
97,8,32,2,6.32277725036338
49,5,31,3,8.88924762334294
70,7,35,3,8.93875346196306
72,6,35,6,-0.0372735815166934
76,9,41,6,-0.413432019748556
87,6,32,2,6.93848399236079
71,9,39,3,8.25302503157968
24,2,22,4,1.73230713444346
49,7,25,7,4.39699172019391
75,5,33,2,6.11164956350973
0,4,23,3,11.4272665046268
8,2,30,2,8.39744860520374
77,7,31,5,0.117934208983145
29,4,30,4,6.75038956447473
34,5,29,5,1.62928133333398
64,4,24,2,9.13619798746489
84,8,33,7,-0.698786855126308
6,2,30,3,4.48320329807993
26,3,25,2,8.71496355666364
71,5,25,4,5.09961670670211
5,3,27,5,2.81483414116596
33,4,23,2,9.07909428641173
89,10,34,4,10.4083042448367
22,4,29,6,2.79843292022171
57,4,31,2,5.22232017234314
19,4,29,5,1.83240687794524
99,6,27,3,5.8460968390337
50,4,29,5,-0.685262324765063
82,8,29,4,6.23487732724613
63,4,31,4,3.470347846231
85,8,31,5,3.58457008084714
68,4,30,1,7.51052418876671
77,8,37,5,5.02117034720257
14,3,26,2,8.32398526342546
27,4,31,6,3.71505607769397
26,6,36,3,6.77410525330133
35,3,33,3,2.94731370843996
26,5,25,4,8.11366116604378
85,6,29,4,2.55788655786305
73,5,34,4,3.01465079419554
85,5,36,2,3.50652248110466
73,5,25,3,3.7469458684773
72,8,34,6,3.74705691280693
98,6,39,4,-2.23118723856148
16,4,22,4,8.28550912327247
76,5,32,3,1.32248218379531
95,8,31,3,4.55703046488007
26,2,25,4,4.64505351799153
8,1,19,2,8.0983736167368
22,5,30,4,9.00602242634823
33,4,28,2,9.94259153268378
95,7,40,4,1.53700512012899
