K:5
N:1000
Gap:0.428912894727568
Rho: 
1 0.8 0.45 0.2 -0.3
0.8 1 0.45 0.5 -0.1
0.45 0.45 1 0.1 -0.3
0.2 0.5 0.1 1 -0.5
-0.3 -0.1 -0.3 -0.5 1
X:
63,6,33,7.53079531998418,0.138722593994893
31,4,23,8.2669621978087,0.0784659114286976
24,5,25,6.55135854185161,1.12317882937597
37,6,27,8.46506473532429,0.263952795883133
35,4,28,6.32610923362477,0.0262021729722619
29,4,23,8.67834928923426,0.0663944745996548
22,4,23,7.60775307497918,0.242247694072239
55,7,26,7.65262063500516,0.384178502929813
18,3,27,3.53937934721763,0.559436005043024
0,0,16,0.442215879689527,0.746636817365599
36,6,27,11.2930061241888,0.128922928241082
88,6,30,3.06479572435925,0.119565562743256
30,5,35,6.88416070338875,0.324363115000281
45,4,24,4.13176507130784,0.190458616696972
43,4,29,1.52785002948367,0.324026747685789
41,5,24,6.1845119770752,0.10738871328067
96,12,32,10.1632878502306,0.115218391617289
14,1,26,-3.04305624248335,0.60430388289147
40,3,23,4.89923077107989,0.0839677781332284
23,3,27,1.43645292371109,0.178951099126794
12,4,35,6.95608895119472,0.268032924940798
31,5,24,7.27083759729353,0.301327335172075
58,4,36,5.51250199237217,0.000918103498406708
66,6,30,6.11973282961861,0.224467188575047
89,6,30,2.48749736843164,0.0712087553692982
6,4,21,4.81496732131005,0.405972872374064
94,7,40,3.93178819242257,0.0521037640397094
74,7,38,2.58156005901236,0.285108027503568
65,7,31,12.1116074695349,0.0702168554804679
21,2,32,5.45733534480259,0.0256010970159683
39,6,25,12.130432748496,0.150552882696502
32,3,23,3.07080943525745,0.34372814115018
48,5,34,4.00265416501145,0.0775165733719922
84,7,36,8.02647086407823,0.0189110167557374
44,6,33,3.19506135152235,0.27555306557447
50,3,25,-0.214997995363093,0.212704638008702
99,6,27,0.800787681749634,0.479700128526843
30,3,25,0.593162727276646,0.276723883938983
4,3,26,5.69888307050919,0.749751707496953
33,5,26,7.00924218158348,0.377361061961806
12,1,24,1.45597315445008,0.306672127906907
71,7,37,10.0337788535571,0.00217501832686791
59,6,30,6.76310142443371,0.231559442345727
54,4,32,3.15862817309019,0.140116064809263
42,6,29,4.87791640879207,0.665344464381985
57,4,27,4.60427061149305,0.0464240072760731
33,5,30,3.56137638045265,0.73903703228196
87,7,36,2.08581294443136,0.195324581338766
33,4,32,5.66844306813708,0.0536977689035838
42,3,30,3.35693122607666,0.166030001710169
48,4,36,4.92492262357655,0.0175579495262355
63,5,27,4.13977699911632,0.307262441831383
19,2,32,1.83453316379326,0.100632110494189
53,7,29,12.1266103679052,0.109164866269566
56,5,28,4.63941708760686,0.175981688768345
45,5,26,1.89873578825101,0.993256167921812
92,6,28,7.51026455826178,0.0992063238518313
12,2,23,4.6956724430368,0.117972030653618
57,5,27,6.55190312962864,0.0859100477963414
26,4,25,2.86287919493238,0.451333572601384
56,6,28,8.2749212751058,0.282090162847865
75,5,30,6.20381198648634,0.0377684830504443
23,2,24,5.3903626560878,0.0424116983407068
1,3,32,7.46470658175867,0.183748049620732
17,3,23,2.66940194980193,0.400864034714759
20,3,23,2.58694162242851,1.21468089187617
61,4,31,5.03005620349968,0.0240239648062988
95,9,32,4.38908042458851,0.457585472592568
22,4,35,2.33764123081359,0.240696605284441
66,7,28,8.82588282472843,0.16184426646214
66,8,34,4.79480917573639,0.312953578996214
77,5,31,0.915341499738368,0.327464808932248
99,6,33,3.99537390431498,0.0137815407942981
93,8,37,5.45577719447846,0.0369411271531135
9,1,22,-1.74860929963862,0.408427512287027
93,10,32,7.30432310106386,0.078048795927316
96,10,44,12.005374707619,0.0269370158416005
98,7,30,7.59514746325003,0.00923161674290895
59,4,34,3.80212237694219,0.156905176932923
15,3,29,4.02274345618873,0.290800020553845
22,3,23,1.99381965751792,0.931233753863365
38,6,29,5.38700543811413,0.393281442474959
6,3,24,7.04461551746283,0.135288635850884
72,7,28,7.75524218363148,0.174459768670123
58,6,36,6.1835766163948,0.0222232671243343
35,2,29,4.96301018769798,0.0559042547829449
68,5,36,4.52867530534082,0.0186490679077833
41,3,32,1.70256606149412,0.0662843368700288
76,6,31,1.06224844583142,0.481527857461429
42,6,25,9.00965935234728,0.262461239228699
56,6,33,5.28373497657002,0.321711070592257
74,7,30,8.88660054771358,0.138190448400564
88,9,41,9.11077128088475,0.0503669219324365
80,9,41,12.1366511877891,0.00546629342716187
36,4,35,5.28765906990303,0.154584584175609
43,6,27,5.9941418259075,0.969742556515724
87,5,29,4.34367167249848,0.0485335369594395
88,9,29,6.13591344660656,0.164040750823915
91,8,37,5.19170334346902,0.290807806410569
82,6,36,4.35941861548807,0.0662679121596739
86,6,40,1.79344105406702,0.238705689729716
9,3,32,0.975580343989591,0.759245611116344
58,5,34,1.11450480332026,0.170845718239434
27,3,31,2.23458651450382,0.21365385648573
54,5,32,6.13684389126302,0.140843751840293
17,5,34,3.13890797978671,0.57834144156406
6,1,30,2.78290274669123,0.134208163828589
89,8,29,8.93373657636874,0.0842689063865776
52,6,30,3.25262587016491,0.493926962816572
93,8,30,4.06902878294968,0.144837209722027
98,6,27,7.50898943092312,0.0441891291782492
62,6,30,7.28433381076646,0.091755818692036
47,3,33,-0.646340463374044,0.132113648927771
58,5,36,6.13103960250876,0.00613993374544789
90,5,30,6.51374658925938,0.00283500231055074
0,4,26,2.60178420735003,0.89619015664199
64,8,33,9.38940774811755,0.16561758168973
73,5,36,4.87998171769049,0.0225463988026604
20,2,30,0.207182360293853,0.318545464415777
76,6,26,2.55049333472103,0.749124710147167
47,5,37,1.71937542840855,0.268010792760321
74,7,31,10.0740867653041,0.060308798472426
1,2,22,2.93621440032468,0.139355677412823
76,6,30,3.18464927540806,0.139031889964826
97,7,31,7.01164597597989,0.0501102640992031
71,6,30,9.09982418057809,0.0156576908193529
48,7,26,9.1690567973666,0.338882649772543
58,6,31,5.58274211380595,0.266632964557197
38,5,31,8.40647397176655,0.022357528173376
87,9,34,5.91557672519191,0.464180416872209
62,4,27,4.73313221958682,0.153276702854782
25,5,30,5.43590574311507,0.556984597381471
16,4,21,9.05029372938626,0.138440716662444
39,4,35,6.59613050899834,0.0204031901666895
30,4,26,2.97226168004919,1.06164294940637
21,4,24,6.13740427673349,0.388515481238669
16,4,28,3.69746141727253,0.984685340378076
26,3,23,3.86351839321151,0.254000889825377
5,0,17,0.308936669740955,0.584769157195622
65,6,30,2.76230474746759,0.449358345230957
64,5,26,8.1954618964931,0.0490308720071254
78,6,35,5.64507483872794,0.028084991300374
84,9,30,6.45407007457912,0.171009608078748
55,5,34,7.26618721757713,0.0128319839714095
88,10,33,10.7516768546843,0.151275371550582
18,1,25,3.86628630888749,0.0305190293232862
85,7,31,7.45509992134554,0.00998683051688867
75,7,33,8.53348642234899,0.0558584163663909
56,6,31,3.69513017271582,0.259463211783331
45,5,32,4.20388579096732,0.0885910007636994
87,7,27,7.91904956571197,0.139084820286371
16,2,27,-0.0974425246055377,0.394978501347309
85,8,30,11.0839478587082,0.0166923468121003
60,7,36,9.80153807032796,0.0992414411232349
24,2,24,1.28110187448399,0.19120478396185
71,6,31,6.21823673807345,0.101604865049012
9,4,31,3.90171642700205,0.620295986035997
32,2,25,-1.51286957261724,0.441294896395362
3,3,30,7.38555680517369,0.365657714174545
39,4,35,6.83427313894513,0.0113296825438738
75,4,34,4.02846131635348,0.01066327188164
31,3,31,4.27109730171356,0.102600887534209
2,4,19,4.61069547083878,1.36276328230376
4,3,22,7.00183335171571,0.11986076051835
16,2,26,-0.202585975573784,0.982500535849124
99,9,34,9.70316615645845,0.01843270775126
73,5,31,2.5769381193258,0.2944999942451
95,7,38,3.52074639604548,0.0592849897375051
35,5,27,5.97217810757141,0.134244952816516
6,4,26,5.5941143599277,0.322831601825285
99,7,33,3.25004030102379,0.413265171905464
30,4,23,6.14603950795917,0.283422525961626
63,5,30,2.56388343324491,0.147502935025841
98,6,30,5.44425141837803,0.0510682616150007
10,5,34,4.18582297784643,0.611588789584273
67,4,32,1.97738110210357,0.10176664008759
59,7,29,6.13257917169666,0.331081141241568
52,4,32,4.8684373970299,0.0329862338257954
8,2,32,0.615143370008926,0.265233446411321
6,1,31,-2.34524995434314,0.7718482490842
81,9,35,12.0558012856335,0.0625790418661751
13,3,32,7.33425259808422,0.141636824817397
24,4,24,2.27009012312917,1.04518524271654
23,2,25,3.26127726154776,0.500524464973664
5,2,31,0.925484410346658,0.513433669207102
76,9,34,5.5626878915767,0.341723207606676
63,4,32,0.170235832863486,0.179310012598264
68,6,35,5.45158857085085,0.0826253042323515
75,4,27,-0.410639094005521,0.383748541162835
0,2,20,4.23043767048252,0.373147917446408
87,8,36,8.15943875559949,0.0450771634932607
73,4,27,6.67842697086363,0.043476278601802
65,5,29,3.13854475464796,0.170044640777633
4,2,24,5.39844299599022,0.246680021479218
17,2,24,2.75066658370878,0.072812877362594
53,6,29,10.3883756813032,0.0517211258411407
98,11,31,10.5349393867416,0.125687762745656
8,2,28,3.29214396965609,0.0862875229213387
24,2,31,-0.220195148161713,0.46755940558151
11,1,27,4.44199363096638,0.143078790744767
3,3,21,2.07225576463703,1.61875581312786
32,5,30,6.22128596109849,0.227568450054619
85,9,35,3.52721721815042,0.210864446581084
41,3,23,3.72036161124222,0.176059823705557
87,6,30,3.98822044614749,0.194804014829972
18,3,24,1.22367158136608,0.561376585127944
78,9,37,4.45828221303279,0.333866410179737
11,2,24,4.36585289841344,0.241270058777857
26,3,26,3.03338073955736,0.227196020126276
34,4,31,3.62265362289873,0.515408993677652
57,6,26,6.0790318431632,0.423129505456841
4,4,30,9.34529848810162,0.0561081289779395
18,2,23,1.81233192712169,0.278669621029334
98,9,35,10.7439808324288,0.00106607231412599
44,6,25,8.05643785027848,0.364573989413628
43,6,37,7.31028095246836,0.154602499795146
59,3,25,6.59554496623732,0.0550011124686117
91,6,37,7.92248177156359,1.48521503433585e-05
23,3,30,5.2997846615341,0.100667300634086
7,4,27,6.66297767920484,0.201228593206025
77,8,33,9.59270760920809,0.024182810375324
83,7,29,4.99790537668187,0.128594562760554
46,3,24,2.3753999762312,0.0875677061267197
99,11,31,9.91396794494819,0.141443273518234
95,11,31,12.7270621663751,0.0318507496267557
25,5,23,7.38126249192883,0.57678152012282
65,8,37,4.85165606701955,0.646839182035152
27,5,23,7.23512296313897,0.634530942942644
8,3,28,5.56702002990797,0.276213326841224
1,3,28,4.27438298279283,0.307311865956265
52,5,35,7.29620160241873,0.120228871639684
1,2,29,0.982298155981175,0.361222617772824
61,5,28,6.36919247995313,0.112930609844625
62,4,33,2.2075318760073,0.112426258274354
80,8,27,6.19674666230124,0.265758264566514
92,9,30,6.28989093716081,0.329345120106566
48,4,29,8.03091871734991,0.00481162668598706
54,6,32,7.07933560647466,0.0713720475323498
55,5,36,7.40178469046077,0.0590720943873748
94,5,36,2.08267543240217,0.0821725672576576
53,4,26,3.82906150778032,0.449025368709416
99,10,37,8.25465090812152,0.0511090432580821
78,8,30,3.69447568145847,0.684068475352758
8,2,28,3.5608960675892,0.163003465626389
5,3,29,9.05937847059833,0.0651306256186217
77,5,28,1.60366559461453,0.525007285611862
53,5,28,7.95122301803309,0.0228782078484073
67,7,29,5.91166083905322,0.425894841530776
26,2,28,0.382703681959415,0.530655830601388
28,2,23,1.37134802063582,0.310910602122727
53,3,26,-0.247647524445941,0.50262490750984
54,4,29,5.71711240303984,0.104041018858654
56,5,32,5.16933873405507,0.0860030678476135
77,6,34,2.43982613704425,0.19415411496382
14,3,30,3.36325960547562,0.509068398249751
15,1,20,1.67487175636425,0.137330692843534
35,5,24,8.96703434320845,0.0717712306650355
3,3,25,1.00506948615533,1.73760973931032
49,4,28,3.97242024180393,0.308866505500603
37,6,33,3.42323245199824,0.935744782391578
72,5,30,0.944172497133211,0.739167099776578
56,4,31,2.25362520369375,0.0946251208745997
68,4,32,7.03925310555194,0.00206104388944845
25,3,28,8.03373291245897,0.0185817300023755
4,2,33,5.94245600947693,0.102322083897889
33,6,35,6.17694798801133,0.109390170267338
82,5,36,3.61086729353556,0.0523556952830404
53,4,33,2.62960654875842,0.24386516282216
69,5,26,6.35751928495376,0.0329640387634306
64,4,34,0.968604599793639,0.079081742327009
66,5,28,4.57430974355934,0.0864779489347711
15,4,27,6.96112504520793,0.247873115109953
40,5,24,6.8599704083338,0.241745436320755
24,5,30,3.07161978656462,0.504304152892387
13,3,28,5.82858125823515,0.0484239847928528
11,1,25,3.85870083867255,0.0396141273522712
78,5,27,3.94473634500384,0.0649864015867934
57,5,34,8.03286077930563,0.0792853373568505
23,2,25,-0.143113333867181,0.181658417674455
91,10,37,4.8443927190111,0.407949701115466
57,6,25,3.57255582543333,0.639314705464649
3,4,22,3.68610004833034,1.19350877118515
66,7,33,3.70804163944689,0.392443904166526
20,5,29,9.9720349117025,0.0361113569317206
48,7,37,8.27394802854595,0.0364751743618399
77,7,37,6.70254553130422,0.0164354840526357
67,7,31,3.94641520133328,0.792435541706991
85,5,32,6.66276274429872,0.00116830080301269
89,6,31,0.482614908393589,0.333309947735372
8,1,32,2.71607698018255,0.0294707083289206
9,2,22,1.49391548311658,0.746792252810122
57,5,32,6.76877692080427,0.0485979642253369
18,2,32,1.12116473943452,0.349853565895414
24,4,30,4.34843525239942,0.730105483862472
45,4,34,3.26095210524141,0.274252458930689
57,7,29,4.20159612113106,1.24958526249069
46,3,27,4.74867958261729,0.069891595787322
19,2,30,-0.879731586808529,0.593559671048542
3,3,28,8.38495923117776,0.121541659580544
34,6,29,7.84923937079381,0.622951937342221
76,4,26,3.60638061516991,0.144580559339374
8,3,30,2.32064379435307,0.80285918708415
51,4,30,6.48023656867606,0.0123560564825311
52,5,37,7.99529096416655,0.0528454027951331
61,4,30,2.23296544493821,0.304080671154636
70,6,37,0.756634870486492,0.211953814506323
89,9,31,4.06653413058025,0.739565094890905
54,7,36,6.80603157366559,0.189493657079268
36,3,31,5.18384458686435,0.0599271778992646
27,5,33,3.62827243272963,1.13905900570102
0,0,31,2.11833797356096,0.0594623427605256
51,6,29,9.08695816639425,0.087907979497686
81,5,32,1.92833918724754,0.283128497180271
8,4,25,3.2190598819693,1.11987848594142
2,0,32,-4.31404225523908,0.781158020677877
75,5,30,1.80022160567976,0.459044811202202
94,10,34,7.94798949659879,0.281675870752636
62,5,28,1.28853615751111,0.819439001339388
33,6,35,3.39817274685756,0.698103096294117
11,3,28,5.28239055703452,0.235438220192421
82,5,27,2.49797168906484,0.367789158110923
87,5,33,7.23899662158396,0.0092861612677973
64,6,37,2.48547755149516,0.1942266287976
65,5,31,4.67726156349343,0.0660120086977258
98,6,30,5.60433182606866,0.0353748950874433
49,5,29,7.62699877773808,0.163081547361799
80,8,32,7.10934122172979,0.196396024421531
68,7,28,4.61017896475433,0.357167498187578
93,5,35,3.34022811017566,0.0365608572634631
8,2,32,3.83136298463073,0.0234650240934223
74,6,37,3.7623989335715,0.249455048874161
16,2,30,4.70172897946707,0.13173749903217
11,3,26,5.77649666964582,0.153672504704446
76,7,30,5.10729468132099,0.12011007941328
29,3,24,3.1669070060063,0.404286654601235
3,3,19,2.28532245785607,0.537569922006545
18,2,32,0.258472005595356,0.163984941784292
54,4,31,4.9932370179595,0.0997624938322338
14,3,32,4.0776078679819,0.441804707029319
95,12,34,5.02805552952782,0.382196566534644
12,2,33,-0.552827994503605,0.229541503040688
61,6,37,2.21143471440372,0.312726197753775
62,5,28,4.4453040031982,0.192313707957356
75,6,25,2.2138276264557,0.522723451972666
54,3,32,-0.872041517289922,0.131249880534597
35,6,30,11.8651424844038,0.138098150142469
73,7,27,9.56817068840906,0.010797103631035
13,2,25,6.15503584199836,0.0784595095323034
18,2,23,1.47614334152743,0.166550519643351
78,8,32,10.2012228248827,0.0162907695001048
3,3,33,6.04121782869226,0.0829176509287208
20,2,26,1.01335756216761,0.405663650461888
25,3,30,4.65969242362733,0.318893232174037
0,3,28,3.48262393002585,0.493112056029445
95,10,35,4.91353619366145,0.255149439432401
33,6,30,6.51967640962581,0.444478869417167
96,6,39,6.35747160615161,0.00180431296829738
8,3,32,3.63227540582098,0.116264116679039
2,2,28,6.63827434585316,0.0302048888768606
25,5,30,3.36752992303533,0.443733089410946
94,6,28,0.370080774390464,0.464189258383072
20,3,28,1.71540578671305,0.476731013951308
30,4,25,3.70692078793561,0.760961847485348
56,3,31,0.76306957827056,0.0944963373476639
79,10,36,4.25259558725369,0.892825202932572
68,6,27,6.61867474000225,0.370776165721423
2,1,16,2.68661315054737,0.127442284720019
93,5,34,4.64510097803174,0.0049330453710094
80,7,35,8.54163183938811,0.00391715799923986
30,5,33,6.39691498923746,0.0970925155561417
70,6,33,7.88567185664294,0.0112883145128354
62,5,33,4.19429277862423,0.246897336919254
52,4,35,1.11165505451762,0.119695977159271
39,4,32,1.12836424169667,0.927213100198299
46,4,24,5.82332939841521,0.241402264673936
71,8,28,5.99887297038863,0.193370505225587
18,5,27,9.29694046160177,0.18895220545933
95,9,30,5.7204291685984,0.614793510610396
24,4,34,4.89008179593657,0.141256089671515
41,4,31,7.36365428113254,0.0012343742095146
82,9,28,7.55994016447725,0.16302829911001
28,5,30,5.36270368643371,0.206445931679311
26,3,30,3.07187177818977,0.427006876089622
26,2,30,1.25696193626046,0.242749718705866
91,7,31,8.08089704164734,0.0139524493762786
31,2,21,5.86608036018462,0.0487056906264896
76,7,29,5.72224952790548,0.10185150085557
40,4,25,6.33985433332129,0.0713515464449301
38,4,32,2.56509514850856,0.271690807993266
83,8,30,5.57285001023881,0.159610183211043
8,2,22,-0.182210934400449,1.22937276626105
60,7,32,3.16939566660598,0.823596205520344
6,4,28,5.18195275926821,0.405630023197687
62,4,25,3.77520813210276,0.176599660412151
36,3,33,-0.182889459221791,0.45596054473654
48,5,26,3.36536123953882,0.515438631155944
9,4,34,2.84624177857973,0.637276897641057
92,8,28,9.45817423948293,0.0433143060654402
51,5,27,6.48327685064966,0.0859793862327933
42,4,33,6.59397063473124,0.0130380726186559
68,8,35,6.61179672429955,0.135869961814024
16,1,26,4.33602438013902,0.0784089805092663
17,2,30,3.14807151498573,0.0470727146979345
11,4,27,2.29690627699163,1.03335720062593
44,5,26,8.08321787650865,0.115923659177497
42,4,35,3.41092848887876,0.348884396124457
46,3,29,2.01489435281364,0.0547989785602363
76,6,34,6.11514535695993,0.136008945992216
37,3,31,-0.333402288487022,0.504355276913798
39,3,32,1.85557889053998,0.223416198034513
85,5,26,0.204824986361675,0.254104488984424
62,6,32,6.18116420225392,0.0223243612720469
83,6,30,5.29246994930555,0.0295194138282241
53,5,30,6.98002779740574,0.128241606173106
30,4,26,4.21165484671786,0.193503982376981
19,3,28,0.662222024690909,0.920386706892044
80,5,25,2.74529317870572,0.0680516195716336
12,4,23,5.37030982462694,0.93964992970565
59,3,25,-0.42909737731156,0.26282531650618
57,4,29,6.10561658248485,0.0291560382139574
29,4,29,7.65262513048354,0.138535876758397
81,6,28,7.69972135283278,0.0100967527832836
71,7,38,5.44874828623719,0.0791599880636025
7,3,26,5.40806775483176,0.371251698715814
24,3,30,0.327382857439094,0.598834108995432
38,3,31,2.89778232910745,0.150012219906785
9,3,24,8.7262365189597,0.0231658491636252
78,7,29,3.19037523599152,0.498941028003997
14,2,21,1.84704184901207,0.226451915911141
46,5,35,6.18722405467515,0.164627821184695
65,6,33,4.30853840956081,0.189280370076724
94,10,28,12.18092017206,0.112562345340848
21,2,29,4.01761991858149,0.126694347709417
76,5,38,6.80190586469105,0.000869863648876658
6,2,23,3.49925504917042,0.618229565644795
8,4,22,6.62737461481311,0.251635902632899
15,3,25,6.96194771183209,0.28365861949392
91,8,35,5.43841432035112,0.172184220165946
29,6,30,6.40411162080465,0.660280063251191
97,8,35,5.66415885048738,0.0303314030170441
32,3,25,2.605200187785,0.311301198078993
62,6,25,6.91901228642738,0.346463385027576
55,5,29,8.10018103424125,0.113032538443804
43,3,30,6.69317512602065,0.0268218921264634
22,2,30,3.16266506048928,0.236533542618829
19,3,30,7.29323231313532,0.0358408651590228
48,5,31,2.70447599551147,0.146338157355785
70,8,31,6.65885893458483,0.144877579063177
34,4,35,2.54290079295419,0.361225731649852
34,6,34,6.83116086381878,0.38906407447294
5,2,30,7.05474738398791,0.0274566051084548
31,4,34,5.89448519923735,0.161176777561195
49,4,29,3.60616965889379,0.266145637946877
93,6,33,4.19718069177594,0.129558912012726
35,5,29,9.90028758302447,0.0977762410184368
56,6,36,4.88459626000938,0.0593373429617082
7,4,27,4.66171574351741,0.378715051782733
32,4,28,7.34768320208316,0.0693839227315038
20,4,33,7.84367672680956,0.0626175224315375
46,7,29,10.7970329218695,0.0587346305837855
70,7,35,6.92044563209636,0.0730236248346046
60,6,30,5.9625054842432,0.330065595674071
39,5,31,8.9798794056738,0.049765640636906
65,5,30,1.61698958259755,0.177518997610671
69,6,27,8.79065911890402,0.0139482511440292
33,3,25,3.00696711209772,0.161677191027248
90,6,30,8.48087009569687,0.01354248806656
33,4,25,8.23227526488492,0.0458366217790172
6,2,25,0.0305851881550838,1.10437985223936
7,2,29,3.54783366574623,0.0912384494562043
78,6,37,3.89434904303753,0.0706279559325913
7,1,29,-0.443832527565492,0.346903863991083
41,6,27,4.35909081991295,0.854760626288963
83,8,28,6.80066051171273,0.389694571196864
18,2,29,1.81472663131815,0.187368998293507
72,8,27,11.2920551503472,0.192205980642441
44,4,29,1.09478536030506,0.377044870031482
48,5,33,5.43782147463084,0.0770768893416971
37,4,32,7.20582937290999,0.0796668719778355
13,4,29,4.97330093186292,0.99945103511551
14,4,28,3.31700100865639,0.397759662454432
56,6,33,3.18566909443516,0.726316861766291
6,2,29,2.8559829051601,0.193616589753631
32,5,30,4.89487863620543,0.855539521160436
92,7,36,2.2858000619976,0.480227749308056
10,2,33,0.593692276600092,0.41834169667404
93,8,33,8.46594289044694,0.0383801487041637
37,4,29,4.61734109864838,0.160696441074833
92,6,36,1.04247503724737,0.318700016232881
41,5,35,2.25358810174293,0.676750360490912
63,4,29,4.28120886321499,0.0491818532813856
5,3,27,1.86027326457016,0.724268132584666
17,5,23,8.85421485873712,0.261044687694612
86,5,33,6.01623484370013,0.0430687053193079
10,2,33,-0.520953967105222,0.410374856296825
1,3,20,8.23632050813971,0.286901172007176
47,4,29,6.02272042688565,0.0810171431746998
26,3,26,0.141041493173516,0.465811031849539
22,4,31,6.26289560979045,0.142622718238272
30,2,30,-2.94856650380047,0.685949545787805
66,9,27,14.5904093437679,0.126523698563688
23,2,29,-0.86958884043516,0.407395588213062
54,3,24,4.13013995004579,0.0797761486610398
49,4,29,6.04482192170102,0.0391002604737878
50,4,25,4.47950935836574,0.137990765622817
8,4,24,11.8935437508362,0.103881552233361
21,4,30,9.33889530676905,0.215591257660392
76,9,39,8.26425315027903,0.218498191172228
55,3,24,4.57478926665319,0.0484122111229226
29,2,31,1.2046512199164,0.279532199249345
67,4,33,1.21867749507192,0.0778340859105811
95,10,33,4.79927915108922,0.246588377970013
31,3,22,6.85099885127069,0.104167673853226
31,5,33,6.90035849749528,0.0876502493629232
56,6,31,4.07186783153564,0.216352992562689
16,3,22,5.44855305823147,0.543238373907441
33,2,27,1.79689963007241,0.207084864833134
67,4,33,4.05977330736288,0.0665348112815991
45,7,35,8.90604103666323,0.161918558413163
72,9,36,4.7639246238623,0.355872699256438
0,1,21,-0.482028747895292,0.50471079207719
78,5,27,4.39835860297621,0.0519499010990904
57,7,27,9.85799853176031,0.0696921775816008
47,6,25,9.98464418801832,0.251478676208037
21,5,35,6.25742954594862,0.233203809882974
48,4,35,0.945258563258251,0.398825307821339
6,2,26,-0.798298151314485,0.495670395882285
63,4,34,3.60638795703974,0.0546181357931346
22,5,28,4.83649290411563,0.862874254542303
46,7,26,5.65320136128339,0.490405797006047
94,8,35,4.0424878219981,0.126874595764093
43,4,28,1.81365767624679,1.11172593099283
74,5,26,4.55098364676509,0.108484801254235
73,5,27,3.7131921430327,0.497753006385124
33,6,30,5.06847842884084,0.343425568415526
81,7,30,9.50895982783299,0.101440497557633
97,10,37,5.65823106796291,0.335285054742101
80,9,40,11.2377300675213,0.0258203527191654
51,7,35,3.78005272375668,0.237990924845192
54,4,31,7.68020750378165,0.0278636520659344
41,3,29,2.4791853849265,0.255886738410893
76,6,39,2.76416624896082,0.0565264467149973
73,8,27,3.83630115726662,0.476481530328697
1,3,26,4.58019884034205,0.276382222354315
61,4,27,6.69838774665958,0.0613230395829305
87,8,37,6.51474559068861,0.028033284470439
92,11,42,9.12433826452862,0.116343095083721
65,4,28,4.29541477997151,0.0233879642607992
21,2,25,5.16569220038825,0.095944483531639
35,3,24,3.03876601225501,0.272113218006888
4,2,17,-0.21907976599713,0.516694919185197
90,7,37,5.10322591083128,0.0123862170148641
78,9,36,6.20076687351348,0.116765163144078
44,5,33,5.7960741157112,0.267607406469736
10,2,23,0.341833940884798,0.96950173884967
85,5,27,3.38623047446704,0.225444369960693
16,4,27,4.19143049768534,0.534146706076497
43,3,32,-0.804273840073873,0.711761951017794
54,6,32,6.88467430303671,0.0697424918180332
86,9,31,7.99580348982878,0.26402453155443
54,4,35,7.00266559546858,0.0370142826577649
73,7,39,8.75491899651226,0.0177477871035508
10,3,25,2.44860878106553,0.666333684768879
38,3,27,3.37155117742905,0.227221275083652
60,8,36,9.41670728857143,0.153275282355025
71,4,35,3.59468529141536,0.0219883871031925
3,1,29,3.1378805524151,0.166098995017819
1,3,26,5.63023078233331,0.133568780729547
24,4,35,2.74600335779398,0.590546403514379
45,3,30,-0.197165834203833,0.340753217450085
36,5,35,4.4143442126302,0.436196845469481
29,2,31,1.23251617285859,0.188284600448106
52,7,29,7.08340657005167,0.193719612191173
5,2,21,1.44917171916249,0.367055690360671
45,5,31,7.9521071340546,0.0711088017560542
56,5,33,9.22774641876477,0.0101165254600346
57,5,28,5.69344970202426,0.082891215919517
84,6,35,7.20244678637285,0.00648991938214749
13,3,27,0.239736184037376,0.382841676918274
71,6,27,5.37287881715051,0.0729740440146998
88,6,37,6.02318349023294,0.000838555744849145
52,5,27,9.34690620017228,0.111930103506893
71,5,35,4.07562607227371,0.143568819505163
34,2,28,3.53781487933117,0.0530311830807477
92,6,37,7.20998874168788,0.00201579555863817
56,7,28,6.27979223594331,0.71621607867479
21,3,24,6.98412305052902,0.0728974248049781
64,6,32,3.34384658566122,0.172614185838029
74,9,28,11.8744836273962,0.250075855663017
87,10,34,4.33042546609498,0.824290724429202
24,2,26,4.73477033960702,0.143670327728614
23,3,25,6.21494659820516,0.0347220038529485
2,3,24,6.0634782831086,0.502589930293566
47,3,27,3.80905497482618,0.141477761764969
28,5,26,6.23220205799223,0.485177832634604
27,2,32,-2.11929168841696,0.499381347538388
29,3,33,5.94771065022775,0.116177805815823
95,9,31,7.11506501695015,0.0541295755303338
71,9,28,8.19084662729882,0.199697060732845
2,1,29,-0.334226911593903,0.152360812411644
75,4,26,1.88047136943058,0.144215456093661
70,7,31,8.67966165504468,0.113800031132996
35,6,30,5.89283681079824,0.478223210179663
67,4,29,4.54367500318805,0.123158305650577
31,5,31,6.67778357082006,0.0529924790953623
58,5,35,4.89634118185192,0.16596458456479
19,3,32,0.0486244669435134,0.826705655041051
17,2,28,7.04696819288426,0.0125340667513677
99,10,31,10.1190527946033,0.0491877719759941
72,8,28,12.9874936556601,0.0403915274655446
45,3,29,5.04549824750241,0.0355320876872331
32,3,24,4.08258011671091,0.237590860797302
32,4,31,6.29960647205967,0.212117885461751
68,6,36,8.99018906896065,0.0376842647846547
11,4,27,3.54427065708221,0.801244581076217
84,9,29,6.96865732759684,0.205462263653728
97,6,30,7.80503881053475,0.0182103000115603
97,9,36,7.35275821104106,0.0207993996380834
21,4,31,3.83161008132519,0.596365864822799
54,7,32,6.88924407578906,0.417898123131549
12,1,28,-2.19524630728593,0.475462824550873
63,7,30,5.86344712729449,0.358503519348718
91,9,28,13.3703398791867,0.00499889405909926
42,6,36,7.00925101600995,0.251904037283773
49,7,36,4.85098955201431,0.199193108567075
4,2,31,0.0165442681473769,0.55442750248557
21,2,29,2.24450711995074,0.225677501865405
21,2,23,2.36431035369692,0.419380484118887
88,6,37,1.49336999798584,0.360420032437457
74,5,36,1.48735052332458,0.0521623034728691
19,2,25,4.53058844001164,0.201576866897497
73,6,38,9.0032014679299,0.00721683353185654
63,5,31,1.72414356930344,0.166034288005903
90,5,32,4.20413620736402,0.00897843768630846
22,3,32,7.6993538923438,0.0342037811642513
44,4,29,2.66699603435816,0.66912743910172
16,2,30,3.73788035831059,0.0547521578465614
34,4,23,7.85899830646369,0.185122941205597
37,4,30,1.96308374455041,0.2006876598113
41,4,24,3.51312800069208,0.533577095904496
30,3,25,4.63018079703018,0.406585272846228
12,3,23,9.50616557728814,0.0341532422462478
41,6,32,8.98530070746554,0.172293397248723
80,5,29,0.192195258389543,0.516298398354507
29,2,28,3.479142636271,0.0788385421037674
21,4,33,5.97909304007624,0.433699244146651
53,4,28,5.66594317851524,0.134577936376445
38,4,32,4.09403305715009,0.0478329968173057
73,4,29,6.75785691669371,0.0114701220279632
57,5,35,6.16024675600665,0.167162621277384
75,8,30,11.812259590736,0.0427856197572297
0,2,23,6.23473609502508,0.399147949362616
94,9,38,7.58177467199364,0.159616116783582
35,5,24,9.78720856716988,0.0269921995932236
3,2,27,6.03471157861001,0.202334393646109
19,4,30,2.46070848174893,0.353946042619809
23,5,29,3.93668606851802,0.366848194019353
40,6,29,4.00222641922433,1.36732250118727
68,6,31,1.58147691266613,0.6165775921812
35,4,30,8.3476988492838,0.0535741473816621
76,5,29,6.35154312373715,0.0403001706581563
6,3,33,2.12098714025329,1.21313973927969
2,4,33,7.32842530398481,0.329385880370367
75,6,31,6.49325443104573,0.0401163904652953
54,3,31,1.0263433439178,0.085453145338717
9,4,22,3.29068788275577,1.32360331287705
28,3,23,4.17481822822308,0.418920974226153
67,8,29,4.18000815954978,1.11838955891536
38,6,31,9.21239688350275,0.163698268705048
31,2,26,2.02597755994541,0.0882820470724255
65,4,30,2.82956218143494,0.21105470204607
64,7,30,5.39682577814107,0.231710990995391
36,3,27,-0.0676060110252479,0.988965900124569
17,3,22,4.75630244729308,0.151620477307164
75,6,35,5.56923563424629,0.155790980090387
15,3,32,-0.0315572189592093,0.342719708791676
64,7,33,6.56697232498233,0.185565701908174
85,7,29,8.86627713521672,0.0739504332887009
24,5,28,6.31014040090848,0.183601313320257
57,6,33,7.16507191557861,0.0396079713273021
67,8,30,6.61951121060378,0.138308349647559
44,5,33,4.44555943355235,0.36562574606151
57,7,30,7.30581439873875,0.29354034270041
56,6,34,6.54745645941814,0.0631681705126539
73,7,28,8.18287875109197,0.0606072755763307
11,2,28,0.808559896316449,0.621582989895675
45,5,24,6.96980186466981,0.0791174893047885
23,2,31,0.644245226627987,0.60442416599595
48,4,26,4.97956040075796,0.0458512310664782
72,7,32,4.80887452154197,0.259463415703479
77,5,29,6.01186317741956,0.080580173005945
67,4,31,4.79714812949712,0.0335332620581536
16,3,31,6.41335815671976,0.086287290090695
30,5,24,7.78806731007105,0.200753946545276
5,2,19,6.89308462959753,0.0946689230622724
1,1,29,4.59163970684395,0.164156238432042
67,6,27,7.99575642619523,0.0441335847135633
6,2,24,5.16477280081683,0.203010239860717
30,3,26,6.78077457529119,0.0376538280397654
72,5,35,1.9211457835515,0.297332369095712
85,5,29,6.34328587637495,0.0368773851722624
47,4,34,7.25266428073,0.0804377845488489
85,6,33,5.40087342557389,0.00748614175245166
30,6,29,3.84988941984878,0.7785520851192
99,7,34,5.38343499706618,0.0369964424753562
14,3,29,1.70858341672346,0.738158956128073
23,3,24,0.551635489226436,0.396369090748435
92,5,37,4.50649147140055,0.00229453616836415
55,3,25,5.2201529626602,0.0363002449739724
64,7,33,4.12559770550429,0.291922542954537
28,3,31,3.72785791447051,0.0477238381920122
25,5,29,4.57903562060689,0.503815067445344
11,1,19,0.0346801541489521,0.935754345211774
98,6,35,7.21906173948112,0.0310006152139977
75,6,25,5.31092765527959,0.116314343758859
48,6,35,4.68563749598513,0.383925844894207
43,5,30,9.35879220380107,0.0377546159262798
6,3,29,5.53032904037758,0.113171458244324
1,1,22,4.40704661093678,0.270981225640255
87,6,38,1.09149852210826,0.317053545255888
10,4,22,3.64938253715584,0.862140165599895
92,6,33,4.04346141728508,0.0407633107388392
14,4,28,5.13086394378851,0.200609259995374
30,5,32,9.26863377208397,0.0589972884627059
23,3,30,2.06366839528419,0.818408830049348
59,8,34,4.76547585470005,0.557775999853546
59,7,34,5.36612997403729,0.138249030903795
62,5,27,4.27154329027867,0.152110115846446
96,7,35,8.50625550560892,0.0043803530279547
28,3,31,5.9690175909016,0.0255816920151942
26,4,29,8.10551430621429,0.0763011611589448
81,6,27,4.29852580890695,0.236632825796235
25,5,32,7.80455539165992,0.203106739176484
62,6,38,8.90022798370524,0.0755949039012194
74,8,28,7.50844047192912,0.120596558204852
14,4,27,9.95012159427059,0.0973061366239563
0,2,27,2.02781203456539,0.329376681930128
95,5,28,7.28851878217847,0.0458792695675832
31,3,30,0.375101153800786,0.408600334057069
74,7,34,9.2513490378513,0.0233810901895959
35,4,32,4.60591403111842,0.0572912242827588
44,3,28,2.15999125217423,0.137791246408597
17,5,35,8.35873127826313,0.0633497686152388
8,1,22,-0.828020903513358,0.602052486935789
52,3,33,5.16835614212158,0.0167038379004225
80,8,38,4.77755339633179,0.161401316290721
58,8,34,6.52375983230577,0.353639936609238
33,4,27,5.33791229158957,0.215584079064952
85,5,32,5.06439944649416,0.0555310626649343
86,9,39,10.1990766271272,0.00520876224618405
55,5,28,4.39941380653975,0.0683293085312471
93,7,30,4.97149860806779,0.0907265651611157
19,4,32,9.28899193844943,0.0177300865396574
4,1,17,5.13483898393543,0.161588115151972
4,2,33,4.05956016720065,0.0258140884106979
23,2,24,1.2148203789281,0.239191368677396
62,7,33,9.85994025554174,0.0153060727197589
80,5,37,1.1052621106372,0.0958971580257639
71,4,25,-0.540961118110817,0.283274705045599
55,7,38,6.41982715049268,0.171502051060088
95,10,34,10.9360156370239,0.0235253701684996
83,8,31,9.71259434201087,0.06357769090175
63,6,30,8.87442028584163,0.136638106661849
74,7,29,5.77139322186607,0.564186807442846
7,2,23,1.82021862286006,0.493898531866676
18,4,25,9.32122446011975,0.130114366766065
73,7,33,10.0811791233818,0.0176287444628495
26,3,32,6.84738365645262,0.00492643041070551
88,5,31,2.06089875020072,0.252612063309307
5,0,30,-0.736772539742794,0.213515078769734
98,8,39,7.87283562561476,0.0175708301831037
72,4,34,2.5555141105789,0.0524818609130386
41,5,36,7.66891923292582,0.0804716690909117
46,5,27,4.70140632883606,0.295106401423666
43,6,26,4.51183169795015,1.24422199106613
60,5,31,3.66056710556201,0.181751047127866
17,3,34,5.29193436198763,0.165737422009855
40,6,25,4.95154764661764,1.20628467661546
97,5,28,5.70773869065101,0.0400021231528062
67,5,32,0.199869878518356,0.212694435239463
70,5,33,4.08532663978937,0.151345421676524
17,4,35,4.45532365713939,0.703199863391829
53,6,33,6.16445934997187,0.0875163414748386
38,3,32,2.53888130780783,0.0728976153768599
6,2,26,-0.819050968421157,0.748379815350433
62,5,33,7.82894689925372,0.00489696755539626
97,8,31,7.62199376034697,0.0180362794781104
86,6,37,4.35628533930495,0.0205854083178565
62,5,33,1.76707405102988,0.330161789887327
56,6,34,8.73137666867899,0.107932272424824
56,7,31,9.16306980220849,0.138930305955
57,4,30,4.02112889882554,0.0296601670561358
10,4,25,8.92438630162852,0.14942225755658
54,4,28,3.16490464125557,0.363686552250242
70,6,34,7.90310588927702,0.0182436406612396
35,2,33,-0.78877037894453,0.232126888110045
21,3,29,1.6013313352369,0.888420355919391
61,5,37,2.86873251348213,0.349716727600849
48,4,34,2.71463525071097,0.0382471720806311
22,4,33,4.32331122200487,0.181425148467579
32,3,29,2.47526957263035,0.195769411734048
58,5,28,4.39762680611317,0.275719122950661
42,4,30,4.00555001456123,0.311963948876339
88,5,29,5.84098002428087,0.0154491113498807
22,3,21,3.25057553074555,0.56929541515761
80,9,33,5.42812414014815,0.671244333001012
58,4,32,4.93568087792479,0.0185405526713451
7,3,27,5.94763184501509,0.158429882256314
29,4,26,2.34655201960081,1.2662380183952
95,6,28,6.58717489569957,0.119231562595814
34,3,31,5.09050647333995,0.185419174352786
3,4,26,5.89079697488025,0.371722029650715
3,4,28,10.0802663531926,0.0883947646943852
46,6,36,7.24388039164389,0.21337755219796
37,3,30,4.19709409900055,0.0748090881163187
82,8,34,9.51309759267872,0.0733432958368212
0,4,29,6.85310909451394,0.15598741476424
37,3,27,3.47015137961944,0.169827257748693
0,4,29,8.69645266999514,0.106680744211189
75,6,31,8.85313694977301,0.0592525654938072
1,3,33,3.1325518190241,0.311527859409082
61,4,35,-0.738564214132706,0.35520251279459
46,7,33,4.7942531241402,0.39250178307057
37,2,28,5.42319781891489,0.07252811691736
19,5,33,3.76501947614963,1.09337129903244
19,2,32,4.02733579372773,0.108748620375991
55,3,33,0.559363848308932,0.132552330731414
34,5,26,10.1601520098959,0.178826242074736
93,5,37,4.92503007034963,0.00613432970061761
86,9,40,10.6529365181714,0.0117291588712599
88,7,32,8.0514435987877,0.0266176147852093
77,5,29,4.62033639207718,0.0755407453980297
2,0,20,2.54692991398757,0.254197359540242
69,7,30,3.17914523504741,0.595636222014362
89,6,36,2.26330693688927,0.0925718564540148
98,11,46,9.01611934123423,0.092360013183787
59,5,25,5.08563402677559,0.440437322637737
47,5,35,9.16380863279115,0.00448267420092782
82,6,30,1.82370279900541,0.403377498944706
77,7,29,8.42101146764991,0.0738034155219793
39,5,27,3.87582478006016,0.369812326019114
75,5,30,-0.45895201918497,0.445003809386349
20,3,32,8.19660105701757,0.0199744535192599
7,4,22,6.38468067935996,0.422275308498597
69,7,32,7.93521583640375,0.117881745449267
68,7,38,6.88063287419261,0.0545118728186935
85,5,39,2.32215265554029,0.01637231442146
86,10,34,7.99410178072382,0.23143302189098
83,8,41,10.9561428574566,0.0132235715864226
9,3,24,5.54164565991923,0.498017429818815
70,6,33,7.87214273692776,0.0577835362602371
24,2,32,2.04394126649448,0.217114561630005
50,6,33,2.75688073066912,1.05081004363703
96,9,34,8.4886140459912,0.0162399797421951
18,4,23,2.73717549698315,1.37843514645571
5,2,19,0.400303484992437,0.542025963278645
2,4,20,8.11174884357371,0.145133139682002
83,5,36,0.914969435753987,0.12757995177526
38,3,26,0.469353538855059,0.137694450560957
60,6,33,4.28993429194857,0.122455924516544
64,4,29,0.959757394973069,0.213517551299858
33,3,31,6.25783739052686,0.135450953268446
47,7,30,10.3023076762103,0.117657856317237
9,1,32,1.64707526962535,0.0553273849654943
75,5,31,3.12890112725971,0.202225541219789
85,10,39,6.83159901798436,0.404085529947138
92,8,41,6.60827569801336,0.0398374834263556
45,3,22,2.35907556658588,0.466867612188166
34,6,33,9.54872593144003,0.0634501502441843
56,7,28,10.9236993086314,0.0329619706837613
54,7,35,9.00108354086055,0.0547519271494821
4,3,27,6.89271706854362,0.229525983323085
62,6,33,2.36277526045654,0.617731019357377
24,2,26,4.62353028636804,0.0527289813617244
62,7,31,6.86489781873801,0.0517324833199382
53,5,32,7.5641673484981,0.0245279881150334
2,2,33,2.93858777753413,0.126996129285544
86,5,28,1.17974221675535,0.627317417847151
70,9,32,13.9251606250702,0.0926929749548435
88,8,33,3.78945350933213,0.198983163096684
48,6,31,2.75166320848469,0.272642164713445
55,7,32,7.73687984045848,0.105676748324186
68,6,30,5.81081761560818,0.0651614124171949
27,4,24,4.49055065445531,0.844112870913006
25,4,26,6.68478779234015,0.143916554865427
43,4,31,4.64379424576715,0.0597653283039108
96,7,39,8.11167685967655,0.00127436406910419
93,8,34,7.74550844194094,0.0139113048790023
32,3,24,3.07621049464601,0.489719342419362
81,5,28,3.27783144506067,0.317270830961618
40,5,36,7.90956250635672,0.0289993413025513
55,5,35,7.49919332918367,0.0413979676713453
17,2,28,-0.67455099638425,0.297249404919437
69,6,29,5.61501986966898,0.183425987385813
14,3,31,2.12627725751748,1.0273822149668
25,4,34,1.25336087527691,0.630492648543948
74,9,32,5.28248507363944,0.476721214657459
24,4,35,6.63827333264928,0.212753375050354
24,2,28,3.90936617491186,0.0548829401377589
66,9,40,7.87705262901877,0.0892219736963264
9,3,33,2.39584340972703,0.109963551396504
41,6,32,8.81129081011971,0.154041218571365
58,7,33,11.6911838406605,0.0332515389891341
35,6,33,4.30610414565494,0.826115123885584
52,4,31,1.24399263970608,0.651003647896553
56,7,32,4.29665351049774,0.448009616208679
66,7,32,10.5067777301682,0.0141457932803425
76,5,31,1.01280870999504,0.299466441840607
97,5,31,7.10378227088355,0.0102370207896456
36,4,23,5.80046120831902,0.136912702349946
60,8,26,13.6823751872682,0.0285725032979432
68,4,29,0.451674626617232,0.222935070831752
74,7,30,8.48172756035809,0.0267403085017577
83,9,30,4.49670722397694,1.16309579176115
46,5,28,8.18554127862184,0.132393374224193
63,4,30,0.989811702391973,0.339615014138374
96,9,30,11.2254606781585,0.0223229236435145
97,10,29,10.1655372494258,0.0544333052821457
36,5,25,7.12792360178129,0.278220339900556
0,0,29,2.45939824869109,0.0347845487438449
67,7,32,3.9786801566162,0.544901565741795
64,7,39,5.60934263314121,0.362378999104208
2,2,26,6.31272996489156,0.00995720166247338
25,3,22,1.0035534795451,1.48121144986692
7,2,18,3.27043351794121,0.521879695790047
9,4,23,7.4767527223462,0.502000711837268
93,6,29,5.60084345623637,0.0763048412045464
40,3,35,1.73151600392214,0.115424720510165
29,4,23,6.95605632619821,0.477647291941053
33,4,32,9.02042735283571,0.0759181418138052
3,2,22,2.01831944244976,0.510256498099721
76,5,36,4.46067350777269,0.0661275171441957
74,9,31,9.64328095438652,0.0304840854369104
5,2,32,2.57920730853742,0.459702605138819
76,9,41,9.59222663102356,0.0376884224486651
83,6,31,7.37053150066252,0.0419003580775012
83,9,34,8.8415432186504,0.048767612199299
45,3,32,2.31744689188303,0.156250470899977
69,5,31,1.25256785201413,0.353045240082703
99,7,34,7.5169497841741,0.00119064508491347
32,3,30,4.10036856698158,0.102217206382193
97,6,30,6.89175457496651,0.047677205008758
52,7,37,8.96889043300051,0.0234840305056423
58,6,36,9.16118934798437,0.0154391711850933
90,6,32,2.35581304712177,0.147810108959675
36,2,30,2.11471230369312,0.0793285728432238
63,6,34,6.15049781919321,0.120386400380424
46,6,31,5.07184578696395,0.558463054211968
55,5,31,1.86172207279818,0.537473029891187
70,7,28,9.10069758474633,0.257612838269314
28,4,30,5.90539545907531,0.1549033181509
82,5,34,3.80829334403078,0.00549062261507435
78,8,31,4.09101716499826,0.330865849031809
88,8,37,3.91518102450025,0.518540047088123
35,5,32,6.15188017415503,0.143877345753274
84,9,42,11.2583585457433,0.0339026862056926
5,3,28,3.71177347319539,0.660781864511007
83,10,38,9.16431916191677,0.0261590736918151
98,6,37,1.50353664587936,0.250343453594226
13,2,24,2.71428048219678,0.288332973829213
48,4,31,3.11944314019434,0.302150320251215
16,4,24,10.5994983064987,0.206462366402349
33,6,29,6.36711020465567,0.150417962344363
78,8,36,4.62580941632065,0.224898252858523
1,1,31,-0.478905764457942,0.175203171781007
47,6,30,6.19568092463933,0.308953250282186
15,2,22,1.94997532236489,0.742039842489076
38,3,26,3.24641881658573,0.559738758454257
22,5,32,3.00443862187025,1.53095414853635
67,8,33,6.82389561584714,0.413301865083581
64,7,31,6.69147187237543,0.221971856885332
27,4,33,7.13419347210542,0.133390616509132
52,4,30,3.05763369616565,0.138008221401833
10,2,29,2.64090160597471,0.431169319411224
86,7,36,2.395744897873,0.160347136086784
75,6,29,2.20398086378677,0.160158139653504
45,3,34,5.70734768329045,0.0225975781213492
31,5,24,4.37797736820347,0.530371696926263
62,6,37,3.56382454521347,0.423768404384559
44,3,26,-0.516637388712172,0.372155240496218
83,5,32,2.16293893249856,0.146974305427136
20,4,33,8.5790684541007,0.205797228801894
10,2,31,-0.524845808759453,0.298719983071762
95,12,45,4.2973029317576,0.319521618996489
82,5,37,5.36003933221047,0.02937753484
43,3,26,6.38606995501281,0.0227170760044828
78,7,31,3.26150992951406,0.817470258505906
40,3,31,0.00797304927291442,0.258754841077852
81,7,27,4.18956424839888,0.383415105731642
45,4,30,6.4219233291965,0.065325031176069
87,8,42,9.28201048939247,0.023537122644484
6,1,29,3.3754197394098,0.0273444172926247
46,7,36,11.6853517722645,0.0849197893403471
5,2,32,7.3640393613605,0.0866822666721418
29,5,28,3.49413591925341,1.72585153151165
43,6,27,8.37915276822731,0.112288748146966
13,2,22,0.27460778051373,0.586396007042069
5,4,24,4.47440267855305,0.449627952810632
65,4,37,1.97359772577085,0.295006264714785
76,5,35,7.29759145294895,0.000502218207396177
