K:5
N:3000
Gap:0.126834592212029
Rho: 
1 0.8 0.45 0.2 -0.3
0.8 1 0.45 0.5 -0.1
0.45 0.45 1 0.1 -0.3
0.2 0.5 0.1 1 -0.5
-0.3 -0.1 -0.3 -0.5 1
X:
91,8,37,5,4.44136926325188
93,11,37,7,-0.658480187880446
28,3,23,2,7.44084780440525
83,9,35,7,3.75272604154035
64,5,32,4,0.876691298547869
51,3,27,4,1.66037490067476
73,5,26,5,0.941554855819931
13,5,34,3,12.7980548450349
65,4,28,4,4.42502594536272
70,7,36,6,-0.698786855126308
45,3,32,3,2.82630955467548
71,6,33,3,2.99620086143477
93,8,30,4,6.99949780384262
25,4,28,3,10.8392846687529
46,6,32,5,6.0529794171328
94,8,31,5,1.94179002048018
97,10,29,4,8.58616908302422
11,4,25,6,4.82793214591757
47,3,31,4,0.824273447871908
56,4,27,4,1.57057197010564
90,6,26,2,8.028867503974
13,3,26,4,4.93426238584617
98,6,32,3,3.91732389920169
94,6,31,3,1.58257234978695
8,2,25,3,8.45906520469359
51,5,26,2,8.58660787276328
39,2,21,3,5.05617127798758
90,6,33,4,3.95115736583518
44,3,33,1,5.95489453563765
83,5,38,5,-2.12900560130733
73,4,34,2,2.44162500878549
81,5,37,1,6.28122731758801
38,5,24,4,6.66585124422428
68,8,28,6,6.80591494474011
0,4,30,5,3.74705691280693
83,10,33,6,6.07188369684369
0,1,26,2,9.00110522808408
20,2,32,1,7.63441190828866
90,11,28,5,9.39552946213092
61,5,27,6,3.2943756724722
37,5,35,5,0.647148843885047
43,5,24,3,8.49813392704661
3,2,24,1,11.0367897607786
97,6,32,4,3.88670260855306
43,4,34,5,0.368243692032692
95,8,27,4,7.25336246239547
88,7,29,4,2.08536182296498
63,7,32,3,6.39667709082374
97,6,39,3,3.38613793661469
61,5,34,5,3.09405115027554
33,6,24,4,11.9770179651393
34,3,27,2,6.70004598310499
39,3,31,3,4.416378276751
78,7,31,6,5.11307598496409
3,1,26,2,7.66140666247805
74,6,34,6,-3.29318696974827
67,8,30,6,6.76976339825541
17,2,28,1,7.94921247386226
26,2,23,4,0.440642437196315
51,5,34,4,3.70274971613627
67,8,31,7,4.39538775344998
98,10,31,5,7.15629908986692
75,6,29,6,-2.11484025861369
56,4,32,3,3.7760275715969
84,7,27,5,4.46000849047152
18,3,34,3,2.87347499760074
27,5,29,5,3.56328048963846
82,7,35,4,5.12057618703676
69,6,37,5,2.3496500486497
24,4,27,3,7.29820347923112
4,2,29,2,7.91247241229449
14,2,20,5,0.646488657805264
21,4,35,3,10.4206069007984
47,4,28,3,3.36238056514177
19,3,22,5,4.55486127395602
71,5,29,3,8.82899502098276
0,3,25,5,5.44814701874388
37,4,25,3,8.5096533758951
51,7,26,6,6.55740162939516
0,4,23,6,5.02021156019721
58,7,29,7,5.09694247501608
15,3,24,4,7.88768556587605
35,3,34,4,1.66359075880742
64,4,31,3,2.03804811809908
77,8,27,7,2.75767430064296
56,6,32,3,5.81078481823566
23,4,29,4,4.90539222760166
8,3,19,5,7.83964508274354
8,2,32,2,8.28385509973534
30,6,30,6,4.77153984383923
66,7,38,6,-2.02023562443201
0,1,25,4,0.42417145462303
20,4,32,3,6.82012001803459
93,7,34,4,5.81376491334265
92,10,34,6,5.10366228490683
73,5,33,3,3.24466716747132
33,4,25,3,5.82569640804326
51,7,26,7,5.47882631641142
74,8,41,6,0.539115652189119
61,5,27,3,8.39582838545619
62,7,39,6,1.35484716102205
21,5,24,5,7.62470031850637
21,4,27,5,5.05867213857257
38,4,31,2,6.49090276946451
94,7,31,2,5.95197563294739
96,8,36,3,4.2696579823496
73,8,28,6,4.59423880763237
73,7,29,4,9.46052576292808
53,5,26,6,0.120301903539628
0,1,30,1,9.18235300357738
60,7,26,5,9.08500639908089
83,5,28,5,-1.80323892832797
75,6,29,6,0.665709012243903
45,4,34,4,2.76235704272637
53,4,31,5,3.17385117842025
53,5,24,3,9.00382220738402
0,2,27,4,5.87599196950796
35,3,22,5,1.81245769856666
61,4,31,2,7.23958300960437
82,9,30,5,6.10051704521622
35,5,31,3,6.11430581977215
41,3,22,1,10.2749829022962
57,6,29,5,5.7038494070914
58,5,36,3,6.23268457592038
71,4,30,2,4.25918305035849
39,5,31,6,2.74394796494108
91,11,41,6,4.09104911525997
96,8,35,3,8.11366116604378
23,3,29,3,3.53133389342144
72,4,33,3,1.39204418782538
90,5,37,3,2.74756342741376
60,8,29,6,3.59992441787575
63,7,37,6,0.0456186969692425
93,8,34,3,5.04564492259059
85,9,39,7,-0.305486645845007
57,4,24,5,1.05624085114404
82,6,31,2,6.84283522958459
11,4,23,5,7.69421192987891
76,9,40,5,6.07165549139137
62,6,25,5,6.04803067996478
14,3,22,3,10.2231525716509
8,3,24,5,7.02919624199369
46,5,30,3,7.63062403279152
77,5,25,3,8.38820267602935
73,7,32,3,7.88987266099506
81,6,32,5,3.33552892428979
17,2,20,3,7.40502686436984
94,7,39,5,-1.51533666464297
29,3,25,4,1.5199362337892
14,4,27,5,4.52440747641235
71,7,31,6,4.63597028932493
32,5,34,3,7.06502544030899
77,5,38,3,4.38485866283772
39,6,26,3,8.46746362002612
67,7,37,5,1.70240740818351
77,7,28,4,5.23265547044207
18,4,26,3,8.77613682675926
2,2,26,1,13.1078880699087
13,4,22,4,5.97943020353356
68,4,29,2,5.96686430895381
93,8,27,6,5.54805275880609
55,4,28,4,4.51234825008763
60,5,26,4,5.06970924988213
19,2,32,1,5.40010153121407
53,4,28,3,7.32227788527712
17,2,26,2,12.4753713162387
45,6,36,5,2.90472772250331
31,4,22,2,11.5973194611152
11,2,24,2,6.68360968741465
18,5,25,6,5.93742415742775
72,5,26,5,2.46492957161846
41,6,35,5,3.16490641396291
41,4,25,3,6.16676115602065
48,3,25,2,7.5457719002443
42,4,24,2,9.55953715932857
13,5,29,5,6.79617795770318
82,6,37,3,4.02657438074305
59,5,37,3,4.55166793035666
79,9,32,5,5.59738060767542
76,7,36,5,1.03788520041359
91,9,29,7,5.09341919874634
86,5,36,3,1.55089364804416
31,4,26,5,8.25302503157968
25,2,24,2,6.33177471193557
74,6,30,5,2.82636440532898
74,7,27,6,3.31965026234204
91,11,34,7,1.9212113891049
79,7,33,4,5.67009740564693
13,4,28,4,6.77410525330133
28,4,33,4,2.96961707453112
19,4,24,5,6.44019600041844
78,8,32,6,4.46844639350105
12,1,32,3,4.04956693682427
12,2,24,4,8.09053777451355
7,4,33,4,5.16517190034293
5,1,27,0,8.53130120844475
53,5,32,2,5.35835469764611
11,2,25,3,4.59395303074427
74,7,38,3,4.92251081259432
73,6,27,4,5.36965741493317
88,6,37,3,1.62011165911889
51,5,34,2,9.66415312024127
85,7,27,6,-0.553637280391817
44,3,35,2,7.56363057401835
15,3,21,3,8.43043468084018
44,4,27,3,7.29601105722401
96,8,30,3,5.48268962070612
48,5,36,4,5.39403710485507
25,2,32,3,3.43679998092515
25,3,22,3,4.53613710629865
54,4,35,3,3.0396711690237
64,7,34,3,7.68740779714837
33,3,26,3,7.74241259425738
6,3,31,4,3.06606702053888
45,6,34,4,7.64307197884044
83,8,28,5,6.99208126341004
57,7,35,4,5.96224120321013
35,2,24,3,5.4264083210719
54,4,28,1,7.64585237107369
89,6,28,3,3.18457106077621
48,5,37,4,6.61044420214603
17,3,29,2,11.9707515259169
54,4,36,2,7.12220543775848
96,7,30,4,5.97047425876234
31,4,34,5,1.05612649389781
82,7,41,3,4.24357714740711
30,3,32,4,-0.417246370360814
18,2,30,2,8.33979087008302
4,3,33,5,4.55703046488007
24,3,26,4,7.60016343511388
35,3,31,3,6.34627206842339
15,4,28,5,6.15370809946248
30,3,26,1,10.4665137286311
1,4,32,3,9.71169752629207
99,10,33,7,2.8731793059656
80,6,35,2,9.38242462191139
8,2,22,4,4.41673977081789
86,9,27,6,5.8716113188532
55,4,35,4,0.457270724208357
42,7,36,5,3.07639188131612
6,2,19,2,8.94163889172374
56,4,33,4,0.420501399710759
7,1,32,3,3.63704819230551
21,5,31,3,8.51200451082914
54,5,24,4,5.31567387684916
48,7,26,5,5.66292508710907
15,3,31,4,2.48387561739179
14,5,29,3,10.9545769993836
49,4,30,5,3.41596196928955
94,7,42,5,-0.124219316469613
33,3,26,4,3.2308788917345
18,4,22,6,7.27927878703834
26,2,23,1,6.3826511211351
53,3,29,2,3.7355683794378
2,4,20,6,5.75919064366941
79,9,34,4,7.85738107222915
11,3,26,5,4.07160552061016
53,7,33,4,7.28131454700274
57,5,25,4,5.05570182193392
61,7,30,3,10.5141503311677
71,8,32,4,5.84754281733151
12,5,26,6,7.35881345924343
31,2,27,3,3.6777959017513
94,6,33,5,-2.47234354182171
50,5,30,4,5.61941577879805
13,4,26,6,5.94466027759884
86,6,29,3,6.66996593394949
20,2,26,2,10.0688244424636
92,7,29,5,-0.0308403196215252
88,7,28,3,8.89570450234958
13,4,31,5,4.39053013470554
78,9,40,5,5.03746348097351
45,4,26,3,7.61346411697406
13,2,24,5,1.57526232904177
88,6,40,3,6.90516029043507
33,2,23,2,6.13445532898023
31,5,28,4,6.37097284858081
40,4,27,4,6.16945199513027
47,5,29,3,6.69255090509822
36,2,31,2,6.21095249575288
46,5,34,3,4.70573010772697
4,4,30,5,7.13379303736384
18,4,30,3,11.3719134722566
98,6,38,2,3.72337321661259
32,4,29,3,9.56887265444646
17,4,30,5,4.34082284306468
48,6,35,3,8.66940535704111
1,3,20,6,7.36485053990992
33,5,34,4,7.48643012829187
2,2,31,3,6.33181295926786
86,8,30,6,3.15847120302112
73,6,27,5,2.82740640825027
31,2,34,4,-0.874556152425273
38,4,27,6,-0.0526367573349997
33,3,26,1,8.03121085679812
8,2,26,4,3.68591087448975
75,4,25,2,7.03234173976016
60,5,32,5,3.42506289796819
14,5,34,6,7.15088388484334
3,2,24,2,10.5657924473648
48,5,35,5,-0.65727950516594
44,4,26,3,6.2450413147423
6,2,26,4,3.30594405016916
32,4,30,4,5.4663151083906
87,6,35,5,-0.914185364337841
93,11,39,4,9.69904944676516
39,5,27,3,10.1412298738202
15,5,28,4,11.4272665046268
31,5,32,5,2.84043394341449
30,2,28,3,3.54307420080585
10,2,27,3,8.31100174625219
97,7,29,5,3.92499868672587
49,3,29,4,2.77626072331027
9,1,31,2,4.81409811695035
21,2,32,3,4.33501227016159
93,9,29,4,6.35327186809934
29,4,22,4,6.89112335538512
65,7,35,4,6.80891160502432
90,9,29,6,2.28907417643574
99,8,31,4,6.06422928991824
43,5,25,6,4.54731365322074
39,5,32,3,6.23715763918632
14,2,31,4,2.57488387965807
27,6,35,5,4.1330408525734
56,7,27,6,4.30968163548429
93,7,34,6,0.705715832318923
35,3,28,1,9.54222693276108
84,5,33,2,2.82254200936928
72,8,35,5,5.8412026583425
75,8,39,7,-0.887713561685199
92,5,26,4,4.02692780469384
0,3,28,6,2.81483414116596
16,2,26,4,5.45276109838865
39,3,31,2,4.64045926966035
67,8,36,5,5.44493476810171
48,5,34,6,2.91700711567697
53,4,28,3,4.58952362743067
31,2,32,2,4.62175790824507
81,9,31,6,7.09014104375685
29,3,21,3,7.57328563464036
40,5,32,4,6.72034297871829
9,3,22,4,4.60125094512827
79,5,25,5,1.65584130654841
35,6,34,4,8.4343425379274
4,1,26,4,2.08174381051453
4,2,26,4,4.76178142993937
95,9,28,3,8.009363879997
37,3,28,2,8.64445257803625
80,5,37,3,2.19714197128732
91,5,27,2,4.24293400810752
44,3,26,3,5.76923366674408
57,5,28,4,6.73630300776605
7,5,26,6,4.43532841695957
16,2,33,3,4.45969827371936
73,4,35,1,4.93579867264123
47,6,36,6,1.12482439931156
68,7,27,5,3.81561803309716
95,10,31,7,2.42676922709436
49,6,28,3,9.67690275230282
47,4,34,4,3.53211834974409
56,5,38,4,5.23383262597101
65,6,35,4,6.04457182783858
27,5,23,3,13.5579548242249
97,11,29,4,9.97286484169413
64,6,29,6,4.0889164343635
58,7,36,6,0.947980115685247
61,7,38,5,5.27176877746165
92,11,31,5,6.99531650323899
39,6,30,7,4.35664012601332
28,2,21,3,6.72690562775648
9,4,25,5,10.0164748311854
32,3,34,3,6.8200109230294
75,9,30,6,6.86611620403297
10,2,17,4,2.39251088682114
71,6,28,4,3.18768033614929
96,10,42,5,2.26151019989166
20,4,33,4,3.08308684801738
10,4,28,4,7.39116800564462
5,4,30,3,9.11558066493667
82,8,41,4,6.39024347524345
58,5,30,3,4.70985613598667
47,6,29,4,6.71645576633797
36,3,28,2,7.96589903236243
28,2,30,3,1.0065407590755
59,4,34,4,2.49220187343009
81,6,33,2,6.8353284231655
9,2,22,5,5.0952090971272
96,9,31,4,5.60761441891795
16,3,27,3,7.34606168271948
8,2,18,5,2.51902189652393
86,7,34,5,-0.476354448419208
52,6,27,6,2.17047165237598
65,5,31,5,-0.386915259189903
22,5,25,5,6.11164956350973
72,8,29,3,10.7202774839753
49,6,28,3,7.23308647702979
96,6,31,5,-1.32170333309516
90,6,38,2,5.67376349090722
55,7,29,6,4.89652533292113
7,3,22,2,8.95522493879028
2,3,26,6,6.62414265539264
51,7,33,3,11.451464551934
63,6,25,3,5.25624207289138
41,6,34,4,6.68448526552054
87,6,34,5,-1.75946685175969
10,3,22,2,11.2307270848961
98,6,37,4,0.802483263265103
26,2,28,4,3.07223521569926
8,4,29,5,8.92855708284016
38,4,28,3,10.3989089446597
12,2,29,4,4.65462154205832
58,5,31,3,6.44637234749849
24,2,31,3,3.77514755841344
72,7,33,3,7.29184232576091
14,3,32,4,3.88758901862565
15,3,26,3,8.22553867788985
25,5,28,4,10.6114187058485
77,9,36,6,2.41995340219991
42,5,23,6,3.36191560071884
6,3,25,2,13.3835299201596
11,3,26,4,6.70197767873144
48,7,28,7,4.52146032480948
97,11,30,5,7.21175233989958
81,6,34,2,4.6038609229751
54,5,35,5,4.14683080727996
7,2,29,4,4.2701818113259
46,4,30,5,-0.481596291804812
33,4,23,2,12.6167723094122
68,7,30,3,9.37209776442029
51,3,32,1,4.48963887602559
51,6,29,4,6.11940294684976
54,4,29,5,-0.73914102638055
44,3,26,5,1.32248218379531
8,3,21,3,10.4188580977818
93,6,37,5,1.39619539879184
1,3,33,3,9.96481555181824
41,4,33,3,3.51448021639866
22,6,35,3,13.2051132684533
9,1,18,4,1.90226784112313
48,3,22,3,4.44974980422158
65,7,31,4,9.13619798746489
92,9,30,6,5.23272766506715
36,5,36,3,6.53868831627944
85,5,36,5,-2.67546958064517
30,4,23,3,8.09438437172883
46,3,26,2,8.87215571120817
14,1,30,2,5.79527616102409
80,9,28,4,9.85478869788363
66,4,24,3,7.32609182606803
6,2,29,3,5.02117034720257
43,4,34,4,3.48173851654762
39,5,26,5,6.04167015290237
69,5,31,5,1.53753579046798
65,7,31,4,6.28652769788689
40,3,26,5,-0.114428992718525
30,4,29,2,6.80643752684385
25,2,30,4,2.02017176341576
67,7,27,6,3.73051702079964
89,6,26,3,7.40287626922879
84,6,30,2,6.52735452500649
39,5,31,5,2.28385929851387
7,2,29,3,5.09543876504731
82,5,29,5,0.2437849119785
7,4,25,6,5.26555945965317
11,2,25,4,1.33621800930015
63,4,29,2,8.07743998798598
32,3,32,3,6.35784114975599
18,2,33,3,5.66630611705103
39,6,24,5,5.67837650384877
86,5,30,3,4.81640189558038
34,5,36,3,9.74103793098095
0,1,28,0,8.79207640672427
91,8,38,6,1.89759760314001
95,5,34,2,4.89651641361605
49,6,26,6,6.42907246110351
46,5,34,5,3.69413576471437
59,4,31,3,2.54677676540147
90,6,34,1,5.20325790232325
17,1,29,3,2.3235808475739
78,6,33,5,1.45537474126753
23,5,35,6,3.53676253764341
57,3,24,4,2.29171179211142
84,9,29,4,8.91681433667563
13,1,28,4,-0.29370006372496
89,10,31,5,4.87488034188189
45,4,28,2,8.49110316887924
89,5,37,1,3.37657234669474
24,4,31,4,6.52336769346135
8,1,30,0,5.46170983620442
4,3,31,5,1.1553132974766
97,8,30,5,3.9352619677992
48,7,33,5,9.01483034683519
84,5,29,3,2.20031535127221
41,5,23,3,10.7012995955855
48,3,27,4,0.374106817531435
18,4,34,5,5.77117715611273
75,8,38,3,6.41298374852966
30,3,30,2,6.2754032131077
16,2,23,5,2.89638480704595
3,3,17,4,7.91207485034563
13,1,15,2,5.37061841983657
17,2,21,4,4.44866158933997
51,6,34,4,7.5451125596702
81,5,27,4,3.80738349560988
11,5,28,5,8.46126802347699
89,8,32,5,3.65771222059481
57,5,33,2,10.1312889958837
14,4,24,4,9.94684192543668
90,8,30,6,3.60287210368518
25,2,24,3,2.73272304436251
15,4,30,6,3.12997750377296
76,7,30,3,5.29297533771932
23,6,35,5,5.30085513413502
30,4,32,5,1.66107949449379
51,4,29,5,-1.24628529310109
33,5,33,3,6.63293409581928
15,4,34,3,6.69174467084428
26,5,29,3,9.28901353184068
35,3,28,5,-0.000642620252815362
57,5,27,4,5.01601078111552
80,5,29,4,3.19207960299274
93,6,31,2,6.38529282339919
83,8,34,5,3.44560950804594
12,4,24,5,8.99462077016423
64,7,34,6,3.66787046363974
69,5,33,4,1.11150566039736
3,2,17,4,8.9822619090609
92,10,31,5,4.79056953569523
47,6,29,3,10.2402454683958
26,5,28,5,7.36776186852931
85,7,29,5,2.78651286921444
22,2,26,3,3.35043333279051
79,6,29,3,5.55861208751512
64,6,31,3,4.77237855263243
42,3,25,2,9.22600949668727
9,4,22,3,15.7570562889328
0,3,28,5,4.7711660121289
53,5,34,5,0.279525486346968
52,6,30,6,4.7757257286266
21,3,24,1,8.72819659929923
71,8,40,4,6.28109667902054
96,9,29,7,0.796439801043413
51,5,27,4,5.75552342080098
17,3,34,2,8.4078657705491
56,6,30,6,1.85191760959475
75,6,39,4,3.79399290247722
66,5,24,3,7.92197136516212
22,4,29,3,6.01756181736704
34,3,24,2,4.95735829898778
31,5,36,4,4.75239320344705
90,6,29,2,4.19365101715202
19,2,23,4,0.161376152892754
68,5,28,4,3.44165699280469
13,2,22,4,4.12990224143259
10,1,30,1,9.49658504651437
9,3,32,3,7.61786150252904
91,6,35,2,8.40144599139918
27,5,32,4,3.52108930494782
88,10,38,7,2.81699400448855
77,6,30,4,3.92249056238484
79,5,28,4,3.13313837196739
20,5,33,5,2.97543128225034
4,1,15,3,8.51603970376981
3,2,20,4,5.02815051867717
28,6,35,5,4.86746273029872
34,2,21,3,4.40513230829787
73,9,28,7,5.38299155528513
25,4,28,3,9.55047594602275
51,6,34,5,2.27861220859049
75,5,27,4,3.48441822523268
63,8,30,4,9.47851460157939
20,2,22,2,8.30549386241247
99,6,36,5,-3.36041469417088
0,3,26,5,4.02981270235409
20,3,33,3,7.12518099737107
63,6,33,3,9.17957914912339
1,3,19,6,6.14231174468791
2,1,27,3,7.06159476272937
60,4,37,3,1.46189412675937
57,8,33,4,10.1573090077544
24,5,30,3,11.0635591547529
91,8,27,5,3.12506532408521
67,8,32,4,6.56625977162075
64,7,37,3,10.4554641680236
20,3,30,5,1.25608681357755
48,7,32,3,9.57111464982544
98,7,30,3,5.56776194217765
99,14,36,6,4.53474865406306
45,7,26,4,7.2969629629084
71,4,35,4,-1.27656214638166
31,6,30,5,8.74534563201976
83,8,38,4,2.287071801118
43,6,37,6,0.139063896490982
99,9,36,5,3.2802150794755
80,8,37,4,6.23196144188295
48,4,32,3,3.3578801408351
53,5,31,5,5.95342124092173
34,4,35,2,7.22505348907345
5,3,26,4,9.44081406115389
45,5,25,5,6.50733061748346
49,5,26,4,5.45474385883024
28,3,29,2,4.49137559141776
77,6,34,5,3.25918156085626
30,4,29,4,5.11881277604061
51,5,24,5,4.91084839300871
47,6,32,5,5.88801658451777
76,8,33,5,3.80771540014657
16,2,23,4,3.85615658945171
44,4,30,4,2.85121035090492
52,6,27,3,10.6967084169373
47,5,32,2,10.2752562072321
52,6,30,3,7.40126652661189
68,8,38,7,-2.26087242328817
35,5,24,4,8.88443642829149
83,6,40,3,4.68469161686429
92,7,29,5,3.74373040694393
10,4,32,5,4.17060126691386
20,2,19,4,1.16649194081658
48,7,34,3,7.82587610087383
32,5,23,5,6.64840735433759
47,6,27,4,9.94259153268378
58,7,37,6,1.58727871536704
22,5,23,4,10.5549884263344
73,4,34,4,-1.04729672786132
15,4,31,4,3.57335071676686
69,5,35,3,5.57706828775194
26,5,35,6,0.989569494517325
42,5,35,3,5.98047799819485
72,4,26,2,5.45577782747639
47,5,30,3,10.8407504678272
33,3,32,5,3.85948565486492
24,3,25,2,9.34774107640016
21,4,33,3,5.83658588969005
24,4,23,6,6.90414466355221
56,4,28,3,6.50012093854145
71,5,31,3,2.07530368457245
10,2,26,3,5.87256776160669
51,4,33,2,8.33347498570224
85,9,28,5,4.25166679133928
71,5,25,5,1.3872711142594
31,3,21,4,6.16728522476454
11,2,27,4,6.34849497114728
57,5,37,4,3.71360297770435
83,8,32,6,2.44342935946519
52,6,28,6,4.05492463110379
69,8,29,6,3.48531193273427
49,5,28,6,-0.206841632372926
35,3,27,4,2.50713556642632
96,6,33,4,-1.64860946669201
92,8,29,4,8.0765302761808
20,4,30,3,9.12218876075224
95,8,36,5,1.00944603420071
87,6,38,4,-2.23118723856148
69,7,32,3,6.52912216422469
51,4,34,3,2.18941435180547
48,3,27,4,0.727606287857053
20,3,28,4,5.73927000428638
10,4,32,5,6.71613494436192
47,6,28,5,6.8283357202847
31,5,30,5,3.66485572625259
77,5,36,4,-0.361251235385837
90,11,36,6,5.48584916611933
33,2,29,1,8.72661800926582
82,7,31,4,6.0064233428191
22,3,34,2,9.28776220380523
76,5,32,3,4.24869057340865
56,4,36,1,6.23643890923445
42,6,27,4,6.17783961757105
83,9,31,6,5.20307254894042
28,3,22,2,5.685939639798
47,3,27,5,-0.512843735705848
78,8,27,5,8.41080849957146
8,4,29,3,9.84435925815764
39,4,25,3,6.53641699736699
9,3,21,5,5.21957780725753
13,4,30,5,6.00928282237506
22,3,29,2,11.5390017811889
27,3,21,2,10.6957588348081
29,3,27,5,2.47333167362077
37,6,37,4,4.40424097743967
49,5,29,2,8.67818197559853
87,6,38,3,0.0241425474608139
74,5,32,5,2.28887994281199
95,7,38,5,-1.52390995873732
33,4,24,5,6.76167780159724
82,7,33,5,0.489048293408882
13,4,26,5,6.81911709085951
12,3,30,3,7.23715379343548
72,8,29,6,7.7506016910672
54,4,34,2,7.81351472983199
60,5,30,2,4.94090474635211
12,1,31,1,3.99110284335272
87,6,28,2,6.16498254103269
84,8,39,4,4.91670051612634
4,2,31,4,7.20995797144812
70,6,36,3,5.36574139774622
53,4,28,3,3.91671505004782
94,7,33,2,5.71410732970234
91,8,28,6,2.15099092293958
45,5,27,5,6.80975229038113
76,9,29,6,4.53895219625815
50,4,29,5,-0.096570767956548
20,4,21,6,3.56297253969796
71,6,34,4,2.05431380898733
76,5,36,5,-2.12931892535159
70,7,38,5,6.14903911498974
19,3,30,4,4.87423999202745
29,5,27,3,9.02290867203756
32,4,30,5,1.17857041505572
57,4,33,4,-0.523632838559808
88,7,32,4,1.50277656817796
87,8,30,3,9.23003191032975
38,5,29,3,7.45703665584935
73,4,31,3,1.03504074231071
79,6,31,3,4.04576759176196
72,4,31,3,0.760307035619822
38,4,32,4,5.15951688560156
29,3,32,1,9.19561348274037
5,3,26,5,4.08562819285011
67,6,33,4,3.52301136889117
19,3,23,4,4.0642926657518
62,7,26,4,9.43804339161579
13,2,21,2,8.64723446156588
37,3,24,3,7.11458290295465
31,6,29,5,4.67843523054337
81,9,28,4,9.09108965145976
36,3,29,2,8.68326283338288
43,3,30,2,3.92453607070505
43,4,29,4,7.10917123032364
60,4,30,4,4.20715106983989
40,5,29,6,2.9348135405091
95,8,29,3,6.8524142026542
97,7,28,6,-1.55836406255976
91,11,29,4,10.3559604284113
8,2,28,3,3.31832459044155
47,6,36,5,5.25671553751141
33,2,26,1,5.45678755105601
67,7,30,5,5.61803372819441
63,4,35,4,-4.00704844972435
85,6,29,5,1.96804762844615
94,8,33,4,3.95147154998799
57,4,28,4,5.59788332031356
53,6,38,4,7.80833097008804
94,10,29,6,2.98817315572257
89,7,32,4,2.51446310017472
41,6,27,4,8.29362731921733
5,4,33,6,2.5059583751406
77,5,26,2,9.34336802884655
92,7,29,6,1.87691220018669
37,5,29,3,12.2274021565961
24,2,28,3,4.96867362902791
8,2,21,5,5.3163703129475
39,3,21,5,2.41188384758709
18,2,29,4,1.89713382262611
13,3,27,3,5.36625876449874
25,3,35,3,5.91348886723495
55,5,28,4,3.1221957732491
14,5,29,3,14.1751654006358
96,6,33,1,5.42882504930525
94,9,40,5,2.08437744803911
99,9,32,6,4.15889210309929
70,6,32,4,3.93428400939346
14,4,32,3,7.94629748536826
0,3,20,3,11.336417935644
68,6,36,5,0.995144850072652
68,6,30,4,5.08936554871822
91,7,27,5,1.49522659933639
40,4,33,4,4.66688984737837
42,5,25,4,7.40650723599267
53,4,26,2,8.1487779985789
41,3,23,1,11.5024732197958
9,2,23,3,8.41182330242072
38,5,29,3,8.71496355666364
19,2,25,1,7.37215844264207
72,5,30,4,3.45341880933774
1,1,18,1,11.8261509923609
91,8,36,4,3.7851867888017
90,6,27,3,5.54025460907332
75,7,36,6,3.71282169395722
95,6,34,3,5.69246767644518
62,7,25,7,-0.00918832517301293
65,8,29,4,11.9218836518123
38,4,28,4,2.92537155414234
6,1,31,4,-1.80803173778736
69,4,33,3,3.29091650234726
12,3,20,2,12.0582200870911
29,5,35,3,9.56413140467594
63,5,32,4,5.76782596935292
39,5,23,3,10.2114047785617
7,3,33,5,2.18201502191536
86,6,36,3,1.39015677112649
38,5,28,4,6.05627574342335
67,7,32,6,0.102864873336415
2,3,23,5,9.39177860532024
59,5,28,4,3.12390412787199
27,5,26,4,8.93875346196306
39,5,33,3,5.0016100271702
14,4,24,5,5.24427937345578
82,7,34,5,1.10291554746112
14,4,32,4,8.56963492536143
90,8,41,3,6.50320973639082
89,6,26,5,3.30257051252657
19,5,30,3,9.19787339577113
53,6,27,5,8.85564245598348
52,5,28,4,3.67482650455926
16,4,23,5,6.19476601344403
51,4,23,4,4.31242331227917
22,5,25,6,4.26776916039399
28,5,24,4,9.10162076583612
50,5,25,3,8.08990649107718
15,5,25,6,5.34414981293838
92,8,42,4,4.74460266700302
49,3,30,4,-0.130965139079334
61,6,37,5,3.8057568683604
74,6,29,5,4.55074213880183
61,5,33,4,5.54232780242513
93,9,35,4,7.69219444250369
8,2,26,4,7.13361371165029
2,1,23,2,6.45874958778227
54,7,33,4,5.12474732496407
24,2,24,4,5.07282316507763
64,4,36,3,5.23990359471772
37,2,28,3,5.95948578044909
4,4,31,4,9.73032537730322
4,1,15,1,10.3695004607783
96,6,40,3,-1.63196499477867
22,3,30,3,4.30801973747239
1,0,29,3,5.15015912219826
21,2,25,5,3.59593339703837
5,1,29,3,5.59000269215658
23,4,24,3,9.46205314477439
40,4,24,5,2.45122040890206
1,1,31,4,1.14996936738893
36,5,30,5,3.31742690888668
58,7,30,6,4.36384208570131
60,4,30,5,2.9556153475407
26,5,30,3,9.99088336306333
67,6,28,6,4.61250118998886
93,8,36,5,2.73908519886297
0,4,29,3,7.92082746297176
78,8,30,5,3.7594047121995
80,7,29,7,2.31603516167639
7,1,29,1,6.93651050637108
56,5,26,2,5.45945440592908
53,3,25,2,7.28559008502815
13,3,27,5,3.70632314173034
27,3,23,4,3.23307628502735
35,3,23,3,8.04405920040962
81,8,41,5,4.59871109051257
17,2,26,5,3.61130807392257
52,4,35,1,6.37896675967142
76,9,39,4,8.46706038163388
28,2,22,4,0.41679795630762
43,4,27,3,8.27075688401991
66,8,33,7,4.69392404081612
3,1,18,2,5.00977450164282
56,5,31,5,0.462075316424206
93,6,30,2,3.90001718646951
43,4,36,5,1.33908670525589
93,10,44,4,5.99414370612861
97,9,31,5,4.94758538399195
67,7,28,6,4.08342255433267
29,3,26,4,2.53694122414729
20,4,22,5,6.59483308687304
31,2,26,4,-0.552634662290428
85,5,36,4,3.29446479840451
6,5,30,3,13.1289341109052
18,4,33,4,4.87955536349089
48,7,28,5,6.79536315047349
33,6,32,5,5.75745130715319
81,5,32,5,-3.03048091788438
87,7,29,3,10.6760657120492
1,3,32,4,8.54448737392654
82,5,29,2,6.86971501110965
40,6,25,5,7.08462756952105
67,6,29,5,4.39334837239091
11,3,21,6,3.90892752518348
47,5,37,3,4.93311091876252
92,5,29,4,0.879361182633538
57,5,29,3,7.09471716668343
91,7,30,3,8.9202858981891
75,5,26,3,5.15649915712182
63,6,28,4,6.6518429124368
79,7,31,3,4.83779351419686
92,7,35,5,2.69217938345344
16,3,22,2,11.5988739880674
19,3,33,5,-1.22795183157979
9,1,25,4,4.13154647459194
82,7,33,3,8.14390398240997
80,7,31,5,2.55559952531023
27,2,28,1,8.44011703754605
44,3,32,2,6.36938874630005
62,7,34,6,3.10723137901697
37,4,34,3,8.91847970608577
38,3,23,4,8.07918571006768
91,11,41,7,2.56858267631411
39,5,31,6,4.23810667308124
7,2,31,4,1.42759894519437
70,6,39,5,1.5783877428959
69,5,33,3,3.50309295445615
9,1,25,3,4.65776516615186
3,2,28,3,5.60221399052339
40,5,34,4,3.60523022704968
1,2,26,2,8.01983954566078
56,4,35,4,1.16222293618333
94,10,42,7,0.0448651675107881
34,5,29,3,10.2784231325105
24,3,26,5,5.95300497574199
54,7,33,5,2.84195262117853
11,5,30,4,11.010003735299
37,3,28,3,7.66360367477969
32,3,30,2,5.06040007306679
94,6,36,2,7.34290032614533
91,7,35,4,4.46853227539425
76,7,33,5,4.05164367919221
75,9,27,8,3.6046578685977
99,6,35,3,1.04665305253575
58,6,38,6,2.81966887713257
21,5,30,4,9.57727064286191
13,1,21,3,6.80666807314262
79,6,31,5,0.909330927603736
98,11,32,6,2.63190778459656
98,8,34,6,-3.8002657848611
12,2,25,4,5.94137582629414
61,5,32,2,8.43109878076672
85,5,28,4,-0.197667733285103
13,2,26,3,6.82399521731638
36,6,36,6,2.41558611484259
15,5,32,4,5.56340344273297
44,5,33,4,3.30864994963176
48,5,24,3,10.9405806441086
95,6,34,5,-0.535642918020702
90,10,32,6,1.30248305165336
94,9,35,5,2.94731370843996
77,6,31,2,6.21018213008642
9,3,29,5,4.15408651642284
1,0,27,2,6.61125576553501
33,3,34,1,7.05403350765875
24,3,22,2,8.34660114204651
79,8,28,5,6.33471773881432
49,3,35,2,3.27058009082388
51,4,34,4,3.02475200923751
7,2,32,3,5.85514909500311
34,2,26,2,3.8034131440754
75,7,40,4,3.16916535734981
38,4,31,4,5.62530321568875
0,1,28,0,7.7768897893768
71,5,31,3,3.91917161099896
55,6,28,5,2.87645866872635
7,3,33,4,4.33734613542063
34,2,23,1,9.51265826514902
41,6,25,6,5.01044878712817
31,4,22,5,3.41983019674499
73,6,39,3,5.76887015123973
38,4,34,4,3.63480162889101
61,5,29,4,5.0965461632627
62,4,34,1,8.07515073310146
80,8,29,5,5.08977227059124
65,4,27,2,7.59394205574143
67,6,29,5,2.88365568333066
41,4,30,5,2.78939209802518
66,7,34,4,3.58457008084714
2,0,30,3,2.30478250761728
81,8,30,5,7.35060989629048
7,4,30,6,2.79642961312837
90,6,36,4,2.91896369267897
7,2,31,1,9.59415411544579
19,3,25,4,7.6791993075843
77,7,33,3,4.74372754821108
20,3,26,3,5.93076539112505
40,7,28,5,5.20042353934474
44,4,24,3,6.70249734175931
60,7,37,4,3.2028221942469
57,6,31,3,8.63137167852149
5,2,20,3,9.00602242634823
18,4,24,6,4.24736061001365
29,2,23,2,8.70959273512648
37,5,26,5,4.69707480392605
71,4,35,4,2.33505177713287
12,1,24,4,3.72458391048591
42,4,26,5,3.66587441764365
3,4,33,5,7.29055056290751
45,5,32,2,6.19179210719081
79,9,37,5,6.68096073804602
47,6,34,5,2.17103654522079
23,4,30,2,11.8519680794705
88,5,30,3,1.91075933114259
12,3,25,5,3.79081340853195
26,5,27,4,6.61517555369429
88,5,30,4,4.06399787871184
75,7,36,6,-1.70060792787359
9,1,31,2,6.11535364713265
81,8,29,4,8.20535545770843
85,9,28,7,0.499462316763411
11,1,32,1,6.26223111434045
13,2,29,4,1.46772405686951
54,7,34,3,10.7648640298351
5,4,32,6,2.71402979784007
49,5,26,3,10.0574384861016
0,0,27,1,8.92766544620179
84,10,43,5,4.74569397515542
6,2,33,2,6.67789941096143
81,10,32,7,3.5147770948373
53,4,30,3,7.1471112749585
49,4,29,2,4.43680463518798
2,2,28,4,2.74140369376048
55,7,26,5,7.95708829701566
71,5,25,3,3.83803846620723
23,3,32,4,5.12713366104772
81,9,29,4,7.23151145844782
42,6,32,5,4.76189546464751
56,7,26,7,4.16968007563757
15,4,22,4,8.80368645309318
19,5,31,4,5.14607464721197
16,5,32,3,9.09969440132845
83,5,27,2,6.27473402899738
11,4,29,6,6.1925911976125
26,2,21,3,5.59389864420757
79,7,36,6,-0.437183331804238
29,3,25,5,3.38391291023568
86,8,34,4,7.40041228798356
3,2,30,4,3.91944588241375
33,2,25,1,7.40678463884318
30,5,35,6,2.80586596208463
12,1,27,4,3.71505607769397
37,5,24,4,5.9744098318718
46,4,26,5,1.01649883266616
4,4,23,4,10.2720736418505
98,8,39,3,8.28550912327247
90,7,30,6,2.37978917253924
97,7,28,4,2.64186191869474
17,2,26,3,3.04742885826334
4,3,31,3,9.85078613892032
14,1,23,2,4.62830844372653
36,5,30,3,8.08114174550941
54,6,31,4,4.01176514674742
93,8,36,3,5.6000943641635
63,5,26,3,6.11203085861231
48,6,29,6,1.0280493461159
8,3,24,3,12.175364312993
94,11,34,5,7.89771838792852
34,3,28,4,2.04659311960631
36,2,32,4,3.61422412658122
62,7,28,3,8.99074517884944
72,5,27,3,5.87433972995554
19,4,29,5,5.59832226937882
58,6,28,4,4.19499730834027
84,8,32,5,4.85013305950017
99,7,33,4,1.08141956743732
1,3,27,3,9.65268076102308
82,9,31,8,3.43244640834235
20,5,35,4,8.42114783563484
11,5,33,4,7.54555136447109
68,8,34,6,1.37096277568657
27,5,24,4,8.02082972997804
82,7,32,5,3.7316990754504
64,5,33,3,5.83601521945716
52,6,29,4,6.900357651896
2,0,22,0,10.1679142788741
28,2,28,3,6.88428529519753
3,4,24,6,7.75235442751325
89,9,34,7,1.40734264195757
13,3,31,3,5.26297190492379
5,1,30,4,-0.616115627250179
36,4,27,4,4.75564743005996
69,8,29,7,3.39665307838646
89,7,30,5,1.67428022495272
24,3,34,2,7.7654497840052
39,5,30,4,8.69165554942724
62,7,29,4,5.31136137824404
56,3,29,3,4.56570226494226
4,4,28,4,9.41456128252421
47,5,31,2,9.86690205339434
94,6,26,2,7.38402559863279
24,3,27,2,6.44981641304487
67,5,35,2,7.53895507364821
91,6,28,5,-0.480462391897678
4,4,31,3,11.8303226345164
13,4,24,5,9.9514290146774
10,2,28,4,3.143181763128
40,3,28,4,2.75779801416909
96,10,31,6,0.529850451439255
36,5,35,4,5.22443653783497
72,6,30,4,5.65776831042055
70,5,25,5,4.1038214712492
2,3,27,4,7.54866939577361
94,5,41,2,-0.178312019547048
53,6,33,4,5.89592591425745
69,6,39,3,6.22307728494955
4,2,30,2,9.1769945492018
91,6,40,4,4.35610018332238
3,4,28,4,7.26946506971207
77,7,35,5,0.117934208983145
52,5,36,4,5.92437597241417
26,5,29,5,5.22232017234314
50,7,32,4,6.65472936648367
53,6,29,5,6.81486682466447
8,1,30,1,7.64916141260708
91,7,28,5,0.702948391820041
56,3,33,3,3.32516394919808
5,4,27,4,11.3398159356654
67,7,37,3,6.41899087673833
62,4,28,2,5.04075375201416
7,3,28,2,12.5779245516529
43,5,24,5,3.46218297648866
64,6,31,4,5.05586717376612
80,5,34,2,3.64336109306332
39,4,35,3,6.8593230050012
77,6,30,4,-0.272789508146841
87,5,27,4,3.49334752885919
61,5,33,4,4.23067101706979
35,2,28,2,5.2992290448121
93,6,34,3,5.18660576618199
74,9,34,7,3.23659913790898
6,4,29,6,1.11151295469997
10,5,28,6,3.3773980630038
81,7,32,6,2.58071915749274
79,8,33,5,2.32958868820669
5,2,25,4,5.07666510118748
90,9,34,5,7.94601037890881
72,7,34,3,5.64360240364839
90,5,36,1,4.31729697735406
53,3,23,5,0.794376521288074
34,4,24,4,6.05633332187665
83,5,28,4,3.61484207822263
79,7,34,4,3.35859731397012
53,6,25,3,6.48831145410379
77,4,34,4,1.53133994003497
5,2,27,3,5.78004542137251
45,3,24,4,2.26034194074879
2,4,27,3,14.3417423764316
73,6,33,5,3.80182514414645
70,7,40,4,3.49988527368917
0,3,22,5,5.27402556014048
47,5,29,3,10.1357898587738
59,7,31,5,6.89936953294085
28,5,26,6,6.90746518739363
5,1,24,1,7.41477907002429
37,2,34,4,1.98714758750463
53,4,24,3,6.19705275992315
25,5,33,5,7.08527282180503
94,7,41,5,0.377774393874404
43,7,37,5,5.56689962469335
70,6,33,3,7.99041373800792
17,4,25,4,7.57504399318318
24,3,21,3,8.5243782534517
2,2,26,4,3.74462438366486
32,6,34,6,3.63390238315691
41,3,30,5,-1.31062570628789
10,3,26,5,5.76964503880225
85,6,35,2,5.33809745830277
0,1,27,3,2.76497241287451
96,8,29,3,6.34282702247205
80,8,39,4,6.27720622702526
50,6,27,4,6.9092401488936
93,9,33,4,8.57914972487257
46,5,36,3,3.06609131597889
51,6,33,5,1.36072995791717
83,7,30,4,3.73439978079285
16,4,24,6,5.96916342223292
52,3,29,5,2.79843292022171
43,6,32,5,5.01269193440748
33,6,27,5,5.33381206977404
44,6,25,5,7.61031421970094
4,1,31,4,1.89958571162077
24,2,32,1,4.93261444084769
10,3,23,3,5.3807914401516
36,3,35,3,5.62925431494669
65,4,32,4,3.8042860314253
42,4,24,3,6.67512203468507
7,4,26,3,8.83368539934259
68,5,33,2,8.49567735743482
85,8,41,5,3.9584774661256
86,9,33,7,2.17380680176254
8,5,29,5,5.8460968390337
1,1,32,2,6.68489394495774
42,3,35,2,2.93694704465901
97,12,34,7,1.10782279093471
49,5,31,2,7.24484563666601
99,7,30,2,5.38073938830344
49,3,28,5,2.35953409633436
12,2,29,4,2.82362746167298
56,6,30,4,9.09740386951825
23,3,30,3,2.30247620084269
72,7,26,4,7.16348431955091
78,9,32,6,3.56786170980379
44,4,30,5,3.72472754927427
46,3,35,2,3.40120509724947
40,6,29,5,7.73542045585305
90,8,28,6,4.75608962659541
56,5,25,6,4.59960151034729
69,6,29,5,2.88372242058022
33,6,33,3,6.81177767846324
9,2,25,4,3.95904359520092
93,7,32,6,-0.412290182494092
67,7,32,4,5.96887962268845
1,2,30,3,4.47880670360749
11,3,31,4,6.13851338950137
84,10,34,4,6.91258243810131
44,7,38,5,4.95255923682575
40,5,26,5,5.73633765120263
43,4,23,5,4.7242095725806
66,5,38,5,2.55788655786305
18,5,30,6,6.16958514530865
83,5,30,5,-2.56520767700863
91,8,36,5,2.72818394811483
79,7,28,3,6.37963226624136
50,5,29,5,5.3915515088705
25,4,35,5,4.06391839784897
66,6,36,6,2.72127351033254
94,9,33,7,-2.2689302537602
98,12,32,7,5.00892326205853
5,3,33,3,5.293326597169
38,3,33,3,1.29080327453681
80,6,26,3,7.18691501892847
54,7,38,4,6.89008400512255
30,4,25,3,6.45727408318051
40,4,27,2,6.84502847098747
2,4,30,3,15.1927628613953
84,7,28,5,5.51108726586891
3,4,21,4,8.87087816584683
65,8,38,4,5.35588090910804
59,3,26,2,6.15436021523757
31,5,30,6,3.63988129189087
98,10,32,5,8.26687921425217
82,8,36,7,0.0287774584860339
60,5,31,3,6.69759757486914
13,2,28,2,5.71157083090017
87,9,36,5,6.67553522414879
57,4,37,3,5.49238715218727
79,9,34,5,4.39699172019391
2,2,20,2,7.38458067750284
25,4,33,3,9.4664261255341
75,7,37,3,8.0983736167368
82,5,29,5,2.42748824032965
52,5,28,3,6.66372732465616
63,6,35,3,7.38695562710997
48,4,28,5,2.41707289500641
58,4,33,3,3.71724002758587
10,3,29,5,4.7692801093802
84,8,27,5,7.43565731261163
40,4,28,4,6.59801545979783
77,7,27,4,10.8329011283721
95,8,31,5,2.10805525653329
26,2,30,2,4.5176942616603
82,6,31,4,4.9697072224275
65,4,31,1,9.13833504079753
79,6,33,2,8.73619828179257
18,2,30,4,3.92861122017524
75,7,31,4,3.52938763876237
73,5,37,3,5.73526365278789
75,6,35,3,7.25640462068393
33,2,22,4,3.94292009197858
5,4,20,5,8.31521335581554
67,7,36,5,3.18610522005526
4,4,28,5,8.24339391759534
64,8,35,4,8.57327320646812
29,4,29,5,3.12879732592816
39,3,23,2,9.07403784984318
92,11,28,7,5.65634093866194
67,8,32,4,8.59008703198357
71,6,29,3,4.19279199910973
71,5,35,3,5.8679009559371
22,2,32,0,8.73029284548626
40,5,25,5,4.84397079611572
57,7,27,7,3.6439264005206
87,8,27,4,8.71960896514902
59,7,26,6,3.19267742900303
91,6,26,2,7.10499527676209
35,6,28,3,7.83358785926396
25,3,22,2,9.12873352819681
71,8,26,3,8.06011667962315
21,3,22,3,6.32982734203953
44,3,33,2,5.41934453234516
69,6,30,4,6.61691345698147
67,7,27,5,6.13401085011068
18,2,23,4,4.0200907125848
73,6,35,2,4.80528509783279
32,3,27,3,4.63128236183472
35,5,29,4,7.55758507361918
78,8,35,4,5.05477246852256
36,4,22,3,12.2169788511291
28,5,34,4,4.55952532498973
26,2,25,3,6.86711775493685
2,1,31,2,7.23662111908435
65,5,28,3,7.83600815478549
74,6,39,3,2.28671547207635
63,4,32,1,8.83701787338304
5,3,33,2,10.0158461607284
52,6,33,3,9.36006850558988
8,3,27,5,4.46859619941683
27,3,27,3,7.85214447192707
0,0,22,0,11.6272235631103
70,5,25,6,-1.53223962948703
79,8,39,5,5.61219462132676
13,2,32,3,5.07199325400774
59,5,35,5,-0.392271148017269
35,3,32,3,5.13641512431446
67,4,37,2,2.85745187589537
36,3,25,3,5.50281025176816
80,6,33,5,-1.18427539709204
98,7,27,4,2.16262035365173
48,6,25,6,3.8322986117379
7,2,28,5,2.48003519857923
13,3,33,3,2.97155308788969
89,9,31,4,8.72885326704785
71,5,28,6,1.40611709018239
87,5,34,5,1.33087258065994
90,7,30,4,4.14292087399041
47,7,30,5,5.33190198849776
6,2,22,2,7.65521456265725
71,5,26,4,2.5676209079217
27,3,34,3,6.49781195131476
32,4,26,3,5.76186223419105
38,6,37,6,0.199515520397546
33,5,36,4,7.24878870116574
9,5,24,6,5.0889069575683
58,6,38,5,0.349132003243342
75,5,38,2,2.98948970584762
51,3,23,4,2.12970443279759
27,4,29,4,6.05384187106284
44,3,28,2,4.72487067654462
89,9,34,6,1.67309928362269
92,10,35,5,7.7972555593398
52,6,37,5,3.22078383370913
76,7,30,3,8.61059053150516
76,8,27,6,6.57960124593461
83,5,28,4,2.46987186435753
94,7,36,3,1.8741625453333
42,4,29,2,6.59150439931719
60,7,32,6,1.64783819204288
22,5,25,6,3.80098868387178
85,10,32,4,9.67219517804417
92,6,29,4,1.47299139182406
58,6,28,5,5.98196315283768
65,5,28,5,3.16293694841307
6,3,32,2,8.05987955913774
24,5,31,5,6.34491272411508
50,7,35,4,9.53452396426997
51,4,33,2,5.94396416143178
76,6,37,2,5.91303010590741
26,6,26,5,5.94113993872672
68,5,29,1,5.48354169121787
55,4,33,5,3.82293169424963
43,5,32,6,1.34910146125564
86,8,32,7,1.90434228874909
11,5,32,7,4.60805416201303
31,4,33,5,3.70900678979491
74,4,28,5,0.964572811755719
54,5,30,4,5.19744874561075
17,3,25,5,3.60015209703618
68,5,28,3,5.6712531100535
10,1,25,3,6.62471882233206
28,3,32,4,0.774857325119242
72,6,27,5,3.02138990692369
4,3,23,4,5.54531576846426
10,3,21,5,5.63513013730801
41,4,28,3,6.45589976707263
59,5,26,5,0.742088717618898
19,4,25,3,7.12595004141063
50,5,36,4,1.41041735963331
82,8,42,7,-1.25468768888789
9,3,33,3,8.89401784133042
47,5,29,4,7.4593616678519
88,9,30,7,3.39035049480264
43,4,35,4,4.85692280268965
27,3,32,4,4.90649001541767
5,3,31,4,6.90992930811623
88,9,39,4,7.99977016917971
14,1,30,2,4.92612818494855
31,2,27,1,6.89024023607352
68,6,33,2,7.27961029044598
28,2,25,4,3.470347846231
42,5,34,5,-0.00860889182146352
48,4,27,3,8.47860959671679
24,2,24,3,7.21115303118328
36,6,34,4,4.28584703465283
6,1,25,2,9.93039848723785
36,3,22,3,4.66168934231557
98,6,40,3,4.85736492251332
19,2,32,3,2.87247845419488
87,7,27,5,2.22925279642694
11,3,32,4,5.31237612491867
19,4,28,3,10.4947954098822
73,7,34,6,-0.733143025896211
27,5,28,5,6.86057634582976
21,5,26,5,6.85526345515702
58,8,29,5,9.77883219695815
8,4,33,5,4.73458348357084
47,5,26,6,2.14533485071923
30,6,27,6,4.27191374757245
89,8,42,3,4.27997166684024
21,2,26,2,9.24390645145579
52,6,27,6,3.65587978589569
1,4,31,4,7.84981531586191
52,3,27,1,10.2067800705756
38,6,34,4,4.0457249727032
0,0,31,3,1.28415025281447
56,5,35,5,4.85356667959262
44,4,34,4,0.483471276549841
61,4,35,4,0.799342628161627
5,0,28,2,5.20639418093182
65,6,27,6,6.01274337576471
32,6,28,3,11.2202142102611
15,2,22,2,10.1216310079449
21,3,28,3,4.97358635831498
37,3,24,4,1.08307483525985
67,5,31,5,0.496360712730124
15,3,20,3,7.19252792175946
40,7,30,7,2.93401552429027
26,5,31,3,8.52632556681941
34,3,30,4,1.22262864839245
11,3,23,3,12.3325381412926
29,5,32,3,9.40472726348518
13,2,18,5,6.36166817415851
45,3,26,4,4.95981501283123
73,8,31,4,10.146513017844
5,1,23,3,5.54920602828396
39,3,32,2,3.46550222545221
84,6,31,5,-0.696202493626065
39,5,28,4,8.84053181293101
45,6,25,3,8.46852115347046
95,10,34,3,6.75706913295479
77,5,38,3,2.89164295956056
47,6,35,4,7.33858092530711
98,8,34,3,5.42629834788002
29,4,34,5,4.3441588409522
18,3,32,3,4.27608008282412
77,6,35,5,1.17341886174328
87,5,33,3,3.19965033502665
31,3,32,1,7.27377983164916
91,10,33,7,1.37647853907427
91,7,30,6,1.37964441129238
80,5,29,5,-1.6330653088233
35,6,36,4,6.13575166492318
67,5,34,2,7.6548188853288
26,2,30,2,7.60692313029555
95,10,35,3,4.69603458564859
12,3,29,5,3.55827674784076
32,3,30,4,3.25096019098915
62,4,28,2,5.52500843858618
24,5,36,5,2.68265812881419
92,7,41,3,2.44527305636051
59,6,24,4,6.15555360673712
36,6,36,6,4.09232371460793
60,5,34,6,-0.67479431580036
60,6,25,5,5.11764157094919
88,9,29,4,7.48090830261019
63,7,27,6,5.0062155499693
86,8,31,6,2.1048769105382
92,8,33,5,0.621102379917433
56,6,34,6,2.01062553941403
74,5,30,3,2.86200004691247
39,4,35,3,5.28511573258701
14,4,31,6,0.898293360630702
94,6,39,4,-1.16368812373379
24,2,21,2,7.32597164617571
2,0,19,3,3.23484033417771
22,2,25,2,8.85322979084849
23,4,30,4,6.24730390893655
55,6,27,6,3.80639210938498
66,6,32,5,2.1967272671637
49,4,36,4,1.44339055890637
11,2,29,2,11.1625530263211
64,7,35,7,1.50323695557931
62,6,36,3,3.14653716070439
25,5,30,6,1.59949343255271
23,2,23,1,8.74221035384849
35,2,27,1,8.60193486278006
30,3,29,4,4.06188057328841
77,5,29,5,2.79271031444151
22,4,25,5,2.80073281357353
46,3,30,2,5.23135229847431
83,8,27,3,7.71812079775693
25,4,30,4,4.65295009877891
46,6,37,3,9.63138244561907
83,6,26,3,7.24047365138147
33,5,36,4,7.41560433850093
50,6,28,4,5.96275889484761
77,8,28,5,8.5610662178313
17,2,23,4,2.1938518330205
99,10,34,6,0.406480477627945
95,5,27,2,6.36978299464894
51,5,29,3,4.14008909383032
12,1,27,3,4.77665626930196
56,5,32,4,7.64507600040644
3,3,22,3,9.46213579555354
95,10,33,6,5.65936640339498
1,2,31,2,8.89348751577903
57,6,27,6,1.76651997515983
74,7,28,4,6.90794644733786
18,3,21,4,7.87089004518954
29,2,21,2,4.81009553092918
44,6,27,5,4.86491585361818
39,4,26,3,8.5275257244117
65,4,25,5,2.30562236092837
61,7,32,3,9.8141124917013
72,5,29,5,0.00102706986422874
32,2,23,2,6.07589826335782
14,1,28,1,7.93316344953364
5,2,18,2,13.2971381896965
95,6,37,1,3.84537931987131
2,4,29,4,5.89156789129283
92,10,31,6,4.13846424112476
36,2,31,1,4.9998960562843
69,7,31,3,6.14860186263658
56,7,36,7,1.85051577705851
28,4,25,2,9.8480876397516
1,3,28,5,1.74829068883434
42,4,29,3,5.16837087014539
61,5,35,2,5.93893436825484
0,1,18,3,4.10996821948702
66,6,35,2,6.45255522106598
11,3,30,3,6.8850847374053
90,6,31,4,1.13034772825005
10,3,29,3,8.2984713698672
56,5,31,4,4.89974204302886
25,4,28,5,1.32543712283339
58,4,28,4,2.21203130904475
95,9,30,5,3.39714422720601
72,5,31,4,3.34560268746518
40,3,33,1,9.0646740177203
49,5,35,5,3.12844951103157
67,8,29,7,4.93052905334073
46,6,31,5,5.32119614923159
29,5,29,6,4.40159268913487
54,6,29,3,9.72578514173247
73,8,39,4,3.92561222217829
77,8,31,7,-0.0822102958284452
81,6,31,2,7.03022924332789
33,5,36,3,10.0322662531065
89,11,40,5,6.19801532537203
30,3,34,1,9.49460860333427
69,9,32,4,10.0136754885643
19,4,26,5,6.19567823030918
97,6,37,2,4.47938445614627
16,3,25,3,10.1991520071463
17,2,30,4,1.26541451578724
62,5,30,2,6.30876058226601
73,8,41,5,4.75172943561633
93,7,32,2,8.88667895632536
76,7,30,4,8.47875181460494
16,4,27,4,7.90185960997552
28,3,33,5,-0.38607071165176
42,4,34,2,7.6650253114799
83,5,33,3,2.85377773959648
15,4,33,3,5.4639850449088
66,8,37,4,8.22147650694713
81,5,31,5,1.95482642893081
67,5,25,3,5.80529181712721
37,3,28,2,6.74659542140242
88,9,28,6,2.9734827455033
57,6,24,3,6.77332278122152
46,6,26,5,3.31721156978199
63,7,26,4,7.03771784925133
74,7,36,5,2.95950244033142
14,2,29,2,8.84006290288219
40,5,26,3,9.50425634740882
45,6,34,5,8.6171924645347
55,6,25,3,7.76922867913019
40,6,27,7,2.83896583249616
99,8,33,4,6.82741114606658
75,6,38,4,4.94298546736379
18,4,30,5,4.55400755034993
10,3,31,3,6.56036151623891
74,7,31,6,4.02517600334621
11,2,29,4,3.06548350823897
99,8,31,3,9.65152171018959
77,9,29,5,5.84180390651741
40,5,31,6,-1.13532406527787
27,5,25,6,4.1925876464102
95,9,30,6,4.43511931077204
25,5,24,4,9.27796065569942
12,2,24,2,6.06093724815375
54,6,34,3,9.46062370464875
67,7,31,4,6.39758189267897
37,4,24,3,10.4944099540258
14,4,27,3,10.0607182997487
96,10,33,3,8.32619600637629
6,4,25,4,6.7560330492038
60,6,28,4,7.12109626045835
19,5,29,6,2.77574400476387
56,7,34,5,2.793342038641
14,2,18,4,3.49425298458081
82,9,36,7,1.23123971539066
32,6,31,3,11.1951281462657
47,3,24,5,4.02990690810622
18,3,23,3,8.07681649976171
51,5,26,3,9.08393765616498
49,5,24,6,4.20821426711575
14,3,24,3,8.94089734303947
75,8,28,4,5.94198328490479
1,4,24,5,6.13089120224554
17,5,23,5,10.6093054062342
11,4,22,4,8.76268808715096
53,3,35,4,0.965783687546462
54,5,26,4,3.8649460853651
2,4,26,4,6.39545336146429
15,3,24,5,2.92468200709551
55,5,30,6,1.93643184355097
75,5,35,4,1.77395078992711
66,6,30,2,9.46921620339357
76,6,31,3,6.46265811326396
14,3,33,4,4.59165315773438
58,6,31,6,0.584368075361524
70,4,25,4,4.03364726177148
42,6,27,6,5.67769193278949
99,7,37,4,3.60074664948817
8,3,27,4,3.68188563734326
54,7,32,5,7.93315868773814
37,3,30,3,3.88800594276297
38,4,28,2,10.3767110608671
32,3,26,2,5.25099356784973
99,12,33,5,4.28182958356297
74,9,28,5,5.66461111654159
77,7,32,5,5.46114475969347
90,8,30,3,8.51153154196307
66,5,33,2,8.00355964496792
69,4,25,2,6.92647357622025
94,11,38,4,6.11021372062076
12,5,23,3,11.0269617119848
95,8,30,5,3.01240213431996
95,8,30,4,7.17393412803026
8,4,30,3,6.92907523769525
84,10,30,8,1.02251421934315
75,6,34,6,3.02177406697768
58,7,30,6,4.83551422381696
30,4,34,3,6.21116218452534
1,4,25,4,8.79789875863127
32,3,22,5,3.97174395779361
16,3,31,4,5.33708785506465
21,5,25,6,1.07280010194056
47,7,34,6,3.38515294204429
0,3,26,4,6.66335112021822
77,4,32,2,6.09656990035401
79,5,37,3,4.41206833454575
11,1,28,1,9.27179907316924
19,3,28,2,11.3144027191982
99,8,35,4,5.5950676423496
90,6,31,4,0.643595870414391
0,2,23,4,3.83228158216168
72,9,30,4,9.47474317684335
40,6,33,6,1.64473905627553
2,4,24,3,13.8790578385788
39,2,25,4,3.30542741585784
17,4,30,4,3.30820859554939
25,2,32,3,2.49937961837357
91,6,36,2,7.04724370405216
37,3,24,2,8.83538956108836
29,4,25,6,3.95094048359704
77,8,40,3,7.34689523991344
1,2,28,5,1.93395736438848
19,4,31,3,8.74958654695038
99,7,33,4,0.513601930120736
1,4,28,4,13.8986367777971
71,8,27,6,6.53535289588016
53,5,30,5,4.21388720671258
39,3,26,3,7.36132303740477
49,4,29,4,-0.413432019748556
98,7,27,6,-0.311216982248275
49,4,28,2,6.64820233256074
97,10,38,6,3.78805446629325
74,5,27,3,2.72560136137937
68,7,30,7,0.345296831772925
49,6,36,6,3.83089151669706
5,4,24,4,10.7960425047548
78,6,39,2,6.7205650681089
34,6,30,6,3.84804820210279
2,2,23,5,4.09065390107437
62,4,32,3,1.2858806745946
12,2,22,2,12.8509100583871
17,4,32,5,1.45865417160692
63,5,30,4,5.22573727494958
16,2,32,2,3.37341424140551
36,5,34,5,3.51947307840276
22,4,31,3,9.47909565515429
82,7,35,3,4.54826589629213
0,3,30,3,6.58945388585974
15,4,21,3,13.8409646463354
93,7,38,3,3.79629896055266
76,7,33,6,1.16556735334202
82,6,34,4,4.31508979784838
25,3,29,5,1.02633472599463
11,5,32,4,11.0145053680172
13,3,30,4,6.44697347566934
41,5,24,5,3.97367894448476
36,5,23,6,2.88962285121953
14,5,30,5,6.70338322451443
51,5,26,4,7.20496406419241
74,8,33,4,5.40872447922521
10,3,28,3,6.02753609285045
36,4,24,5,0.700011504323395
22,4,29,3,4.88905919258786
89,6,31,3,5.76942835534802
10,2,25,2,8.23020866296756
83,6,26,5,2.56573002393708
84,7,33,3,6.83099877732313
2,2,28,2,8.9094753816778
76,6,29,4,4.05906067789901
27,2,24,3,7.13681622118451
15,5,35,5,6.76127038272331
9,1,32,3,1.50438545564045
71,5,29,4,5.31915701491521
45,6,26,3,7.46535459528197
39,4,29,3,8.3013881072385
61,5,37,6,0.849272182842195
13,5,28,4,8.91561466468147
8,4,34,5,5.29629359171776
66,4,31,1,4.02124060462503
79,9,34,6,3.21297324848838
37,4,28,2,5.35753451711627
79,7,31,6,0.331575321834111
81,6,35,3,5.75560616266376
86,8,38,4,7.24936516823839
42,5,30,4,3.72898766349174
9,5,34,5,5.19489183925413
88,11,30,5,7.17257773780184
28,6,31,4,5.88190819427171
30,6,35,5,5.43980686226092
81,5,30,4,5.76952305527779
58,5,31,3,6.80810971931928
66,5,29,5,1.75997897217136
64,8,34,5,6.35603061055413
22,4,23,5,6.80228557594515
60,7,30,5,3.94869844704459
48,7,36,4,5.63166137839505
58,5,28,6,-0.175725726497651
81,9,31,5,4.28659714969042
49,4,35,2,8.41885863239601
8,3,31,3,7.83466331625214
46,7,27,7,6.4898453226305
59,4,29,4,4.89995011226927
91,7,30,6,1.51500387346051
4,2,27,3,6.20555637155978
81,9,38,5,5.11473918305697
8,3,27,4,5.66443425385412
27,6,25,4,9.74493679536593
84,10,35,4,7.58391075253636
91,9,31,4,7.67207789795402
8,2,29,2,9.05875688493435
55,5,30,5,2.75475829312776
4,1,24,2,8.16031860378979
26,4,23,6,5.81779160544679
18,5,30,4,7.6110362928628
56,6,27,5,3.58079352921136
6,4,23,4,9.82180197733463
43,7,33,6,3.00830290729785
55,5,24,5,4.35313479104675
54,4,29,5,-0.685262324765063
25,5,30,5,2.59102657516332
16,3,30,2,11.9274893642785
72,8,27,6,7.56638097181473
20,4,30,4,5.50501707776474
58,6,31,4,5.05309354985768
91,6,29,3,1.57601379686559
20,2,27,3,5.86728168410408
83,7,35,6,-2.9539658264917
30,4,22,5,3.8886572591259
18,2,31,1,9.01116928862513
51,5,29,4,2.2263755878806
18,4,31,3,5.69342085227644
22,3,29,3,7.15438744932298
95,9,29,4,4.43869427260859
19,5,33,3,10.8861565886875
97,12,36,8,3.31573585295819
93,12,29,7,3.4306215901829
21,3,30,4,1.94013599536252
35,5,33,6,0.500178508941422
9,2,32,5,4.26396025924759
86,6,28,4,0.710702784871176
99,8,27,3,10.1457704180238
57,4,37,5,-1.82686544387811
59,5,31,3,4.91859863062885
70,7,30,7,-0.551581127708555
57,4,32,5,-0.485381830928643
16,2,29,2,7.05306089328653
53,5,37,4,3.65218809013619
49,7,37,3,8.6528908813101
91,7,34,3,5.81436240665469
45,3,35,2,4.43308179271687
42,3,23,3,6.01423776096106
7,4,22,6,3.66437545686669
92,6,30,3,6.64821544709129
31,5,23,6,3.1704876177555
41,6,24,3,14.6903817684206
39,5,37,3,6.91076697418867
69,7,30,3,6.01583134012043
59,8,36,6,2.0509276765548
15,2,21,4,2.41400005465324
34,5,23,5,6.32967824572036
56,6,30,5,2.42765345900349
75,7,30,3,8.44058675367545
88,10,34,7,2.29790085888803
73,6,34,3,4.90548004585816
43,6,31,4,9.488389558312
2,4,22,5,10.3170792894868
90,9,37,5,4.85895126459768
12,2,32,2,6.79994779337889
99,6,35,2,6.00506564288323
6,4,33,4,5.34867662285198
82,7,28,4,4.53146259046731
35,3,31,4,2.65031897920171
40,4,27,4,4.45024884500357
96,8,38,3,4.11395369567787
53,4,34,5,2.20230649232868
63,4,35,3,0.398810252675289
33,3,27,2,6.2464121127598
10,5,26,7,2.08133062116418
98,8,37,6,-2.00818276796368
66,4,26,4,4.41007274064735
0,0,30,4,3.20741664881833
36,4,26,5,0.672351789635793
53,5,37,4,1.91823087923481
55,3,33,2,5.4187816912646
54,4,34,3,4.8515939500773
54,7,28,5,6.18457495174608
58,5,32,3,5.30133613212791
6,2,30,4,5.00184189611701
5,4,20,5,6.38787514483605
89,7,36,6,0.250772759590536
58,6,26,6,2.72623373504749
82,8,41,5,2.9317891254204
57,5,30,3,6.63795513337624
33,4,28,4,6.78636658350341
89,7,36,4,2.79470199215309
6,1,25,4,4.5029416127385
69,4,30,5,1.52009066163713
5,4,24,4,10.3042106094954
86,7,27,6,0.955402886518116
82,8,33,5,3.33283238233079
16,2,23,2,5.54123562348252
81,7,31,4,3.48377767387864
45,4,32,3,3.83527054355813
25,4,34,6,3.74479980836478
57,7,32,4,7.95578954844154
68,8,28,5,5.82860172989034
60,5,32,3,6.05061599395517
67,6,36,3,7.68211744172608
24,5,32,3,10.5944979048167
95,7,35,5,0.885851800395539
93,6,33,5,-1.8564867289414
69,4,34,2,6.39579617439747
27,5,33,6,4.65863234551782
97,10,28,4,9.24688087978221
5,1,30,3,3.50553865984549
59,6,25,6,1.99313598270763
65,5,34,2,6.54333153645927
77,7,37,4,4.26970062980282
74,4,27,5,1.61669594704962
84,5,38,4,-0.140423907115716
82,10,28,6,5.65315754918312
46,5,31,5,4.44100445582612
17,2,17,1,11.4648898547543
98,7,42,4,1.76975231838783
40,4,23,2,9.00752740433089
76,6,28,3,5.68312859145808
9,3,30,4,5.3516886934898
89,8,34,5,3.44319990248057
80,7,28,4,7.9205477333133
62,7,29,3,9.07909428641173
63,5,36,3,5.02182434342606
90,10,30,5,6.79389022064767
81,6,32,5,1.8774810112664
49,6,32,5,2.12241016599898
72,5,35,3,4.07883568352618
78,8,38,6,2.03265662163422
27,5,30,4,6.44190193560784
71,6,26,4,5.31570397087196
57,5,25,4,8.82123578737081
89,8,27,5,4.12287563182801
2,3,31,4,5.76641591686369
67,6,29,3,8.23041117766077
69,4,31,1,7.3002015409936
57,5,32,6,2.62699344827647
83,6,29,4,2.58629680355791
29,2,24,3,1.32716014515424
19,4,28,4,8.11089399090046
16,2,19,3,4.20441600229901
1,3,33,3,6.70387466561857
11,2,25,3,10.4496618610792
6,3,22,2,13.3404811846651
80,9,27,7,1.57480749112545
13,3,25,3,6.62897267544183
9,1,23,3,5.97090309780354
89,6,30,2,5.08634710402803
73,9,29,5,8.73203721493168
50,6,29,6,0.192910466239464
27,4,27,6,4.36059054056583
10,3,24,3,5.94114736312045
84,9,36,5,5.16401169749568
71,4,24,1,7.31777228467477
80,7,38,5,2.03403571454945
1,2,22,2,9.12598319123178
25,3,21,3,8.12155764465487
40,6,24,4,9.1078434917336
33,5,30,4,9.22915741788654
86,7,32,4,1.02837157650451
17,2,21,2,10.2434537524627
36,4,25,5,3.36014954678632
2,1,19,4,3.47635521577966
90,9,28,6,3.90222803984351
84,10,39,5,4.9539472429146
96,8,42,3,4.73524802168386
61,6,33,3,7.95784219702336
12,2,23,3,5.11404392723646
92,9,34,4,8.25028374902303
12,4,26,4,11.3073472647565
55,6,27,5,3.37079470775722
18,1,29,2,7.19948481599265
98,9,34,4,7.24184997885341
70,5,30,2,7.26989912971096
25,3,25,1,8.88924762334294
79,5,34,5,-3.34729523448934
37,6,37,4,7.49466554797726
88,7,29,5,0.966842454119687
13,2,23,3,8.38981576306103
90,8,41,3,4.28183152696176
90,7,30,4,4.05478887743931
85,9,36,6,2.58989931055516
53,6,27,4,9.67099489520009
82,6,31,5,2.91844412069832
93,9,28,5,3.04703260690767
56,4,27,2,6.80348018170425
39,4,28,4,6.26775874883961
18,2,27,4,3.07665194374118
88,10,38,6,3.57487239611156
23,2,29,1,6.42067715154455
94,7,31,4,6.84522662684713
65,4,31,5,-1.85529200250903
15,2,26,3,2.541971516559
95,6,27,4,4.72968559752043
15,2,25,2,7.11206867328097
95,8,35,5,1.93037411742282
65,7,31,5,7.90486399441433
2,4,32,3,8.40244782932296
42,4,32,4,1.74087460895778
20,4,32,5,1.81240981655395
62,4,36,4,1.14801991118397
92,5,38,2,3.01465079419554
57,7,25,7,4.76345647978011
14,5,28,6,7.47270595811471
36,5,26,5,3.15674693414063
5,3,23,5,7.48325718838465
11,2,24,4,6.03012335264274
72,5,31,5,0.70128276454977
16,5,31,4,8.07940977750199
95,7,31,2,5.89800690006832
6,1,20,4,1.86541698737671
97,7,37,3,5.13067764679269
49,4,24,5,1.40106072999809
70,5,33,2,4.97123998187995
72,4,35,4,1.55797019171439
76,8,29,4,7.78500112058502
87,10,32,8,-0.894932843401689
71,6,36,2,9.18675976300748
24,5,36,4,5.57912644028512
49,3,28,5,-1.6688529351085
75,9,32,5,3.51312213980181
0,3,31,2,8.63657973940633
8,1,29,1,4.99874900773641
77,6,30,6,-0.514056692179043
29,5,26,3,9.39977368448842
34,3,29,4,2.94429534860654
64,5,24,2,7.05412474515604
84,6,36,2,7.00287339431809
6,3,31,5,4.90980424070689
26,5,35,4,6.85162094036399
71,5,38,2,4.95232360159878
5,4,34,2,11.8356239438634
33,6,24,4,13.6201143175857
89,10,35,6,1.81669642342442
22,5,24,6,4.44008923479929
57,6,29,4,7.80083189440855
19,2,28,5,0.204300663134624
99,10,32,5,3.9288203535778
50,6,24,5,8.10132277540476
82,6,28,6,-0.994901289616983
63,7,27,5,5.78280172842496
85,7,33,4,2.98238067646251
68,8,35,4,8.15979564939147
77,9,27,6,7.06348270124935
14,3,27,4,4.57864859387808
27,4,29,4,6.13342618449379
26,3,33,1,9.70568200734925
35,5,30,4,7.81275598461814
26,5,31,4,5.40137946184207
85,10,30,4,8.16179286750961
73,6,27,2,9.76281273005311
85,6,35,2,5.05996241623453
73,6,28,5,1.77813626915159
72,4,27,5,-0.735505376682347
98,8,37,4,4.75306687216363
16,4,24,3,10.3177126484225
76,8,32,4,7.15500048688229
95,10,42,3,5.94090029996049
26,3,31,2,4.52774008388261
8,1,29,4,2.12899674722988
22,3,24,4,7.33528048363226
33,2,21,3,2.63549295132995
95,8,33,3,3.84450168377754
98,9,30,5,2.25348464673894
43,7,35,3,8.63639245373229
69,8,32,6,2.13375860287641
88,7,27,5,5.50838260054596
83,9,30,5,4.28199027347299
73,7,33,5,3.24286269657901
64,5,29,2,7.29369090729959
84,8,31,6,0.213159207759375
15,3,33,3,6.75038956447473
36,3,27,3,3.66701997564071
27,4,28,2,8.30599322737448
12,4,23,6,4.18111513310274
56,7,27,5,7.30073904612364
67,6,26,6,1.01067139235143
0,3,19,6,6.25955955811927
80,6,32,3,7.46632223712029
19,2,19,3,8.10583736386239
66,8,33,4,4.92253936839798
78,7,29,3,5.59738698586435
95,11,38,5,8.29670586026222
38,5,27,6,0.804526664600076
52,5,33,4,3.00679996537719
38,3,30,3,5.24977361841451
13,3,20,2,10.5695009141999
80,9,40,5,1.92649691625014
68,6,30,3,6.05683828146484
29,2,27,4,2.62445368413778
41,3,28,3,4.64703210289914
73,6,36,5,2.33650509135656
84,6,33,4,1.13605185312184
7,3,33,3,8.36179163995716
28,3,26,3,10.2210030218832
10,2,27,3,8.36592004287487
22,5,31,6,2.01757345881156
4,2,33,2,7.89208049623072
6,4,33,3,9.91976745924153
53,7,39,5,3.99849415429116
9,2,28,4,1.37368867920898
41,6,35,3,7.13812454019992
12,3,33,5,4.77894468248314
92,11,34,8,1.02846047757599
0,2,27,3,6.39024980992996
48,6,24,5,6.34344020423001
75,7,28,6,4.81861866840642
91,11,39,8,-1.8390321599634
77,5,31,5,-1.46582939020382
97,7,34,3,3.12900290714595
16,5,30,4,11.0233905044909
31,5,34,3,10.7242063423392
43,4,33,2,10.2765747050569
65,8,26,6,2.60556890461546
69,6,37,2,6.32261590682256
19,2,18,5,4.33131261681946
79,5,32,5,2.65810662710883
76,7,32,3,9.26360123487292
65,5,29,2,5.49589735724283
14,3,20,3,5.84755768331796
66,8,39,6,1.33809779052497
15,4,30,4,7.94914306361479
57,4,33,2,6.87000870547274
61,7,30,6,3.32606396560789
15,3,28,5,2.72350076526851
53,5,31,6,2.99003999935008
57,4,32,2,6.8836145381433
60,7,28,7,0.427319709394188
84,8,37,4,5.5605007031284
52,4,31,4,3.14867259989741
24,5,32,5,9.00021162426433
29,3,30,3,4.04961824707338
84,10,36,8,1.55270909604932
44,5,31,3,6.41768025614708
69,6,38,3,4.95587572202709
94,6,32,4,1.90953766248818
57,4,34,5,1.6508041241709
49,7,32,7,4.80980007718714
49,5,30,3,5.90749911783792
9,3,30,4,5.64440071167325
95,11,31,5,8.49521336025369
19,2,25,4,0.576136063470273
53,4,35,4,-2.61967056073566
13,1,29,4,2.56292341585369
24,3,20,3,9.479459105321
18,5,33,4,5.13275482080822
66,7,28,5,8.05173084315313
10,2,32,0,7.92366662779423
28,4,33,4,4.58955114637452
0,2,23,4,5.5470707697364
22,3,29,3,7.30561306046942
74,9,41,5,5.11367730446793
2,2,28,4,2.75712928185633
74,5,31,4,2.00070337491407
62,6,33,3,7.71673350445993
40,5,27,4,8.13633963321767
34,6,30,4,7.29238869618919
23,2,31,3,5.52339289625081
76,8,26,4,7.5103446559126
20,2,18,3,3.29709112863795
22,3,29,4,2.96188401796345
65,7,32,4,3.58873167661871
49,4,28,3,5.20125397558137
58,7,37,3,8.79393456204071
43,5,31,3,5.05981209263701
66,7,26,4,11.0408570406655
62,8,29,6,5.32443697349443
50,6,30,6,2.19465531583934
29,5,24,4,8.23154476325173
73,6,29,3,5.86414669532085
84,8,31,5,1.20665539843396
66,5,29,5,-2.10715992029581
50,5,25,3,6.6732544372599
71,5,33,2,3.91042742352261
97,8,29,5,2.9898597354807
69,8,34,5,7.23710557715942
99,8,30,5,1.73230713444346
95,8,35,3,7.97787312893796
76,5,36,5,0.0812378098809878
14,5,31,6,6.50425863856019
17,3,32,5,4.38246746555569
93,12,36,6,4.93972241728711
47,6,37,3,8.19307489764079
36,5,24,3,9.9072293358754
32,4,32,4,5.11255340355255
47,3,30,3,2.20182312913953
93,7,28,5,-0.624489456969187
53,6,30,3,6.53674910541564
91,6,30,1,4.61678604636962
32,2,34,1,7.60157479655524
30,6,33,7,3.72424702533985
0,4,23,6,7.13381837221739
48,4,33,4,4.20079575037944
37,5,28,3,10.9616978235819
13,1,29,4,-0.411788112190735
51,3,34,4,-1.284697768043
80,7,32,5,3.20960055487699
4,3,28,2,8.44181975959819
71,5,28,2,7.76692478892105
70,5,38,2,5.85250372797935
89,7,27,6,-0.715710857589521
27,4,31,4,5.20512009486538
13,2,20,4,2.070061202293
92,10,29,6,4.45606130092166
64,6,25,5,4.08903792874809
60,7,34,6,2.68656349493205
30,2,24,2,4.52202453816628
21,5,23,4,9.49444437578748
81,6,33,5,2.7501571973489
56,6,32,4,7.32267857384712
90,10,27,6,2.38262792303724
60,6,26,4,5.58487812032167
20,5,26,3,9.75675335651461
81,5,35,2,5.85014770552746
65,6,26,4,5.83895884470369
43,3,35,3,1.43470746897455
13,4,27,3,7.25946358270885
2,2,22,5,5.94233700916468
70,6,33,5,5.06897100804967
9,3,27,2,10.499856922318
8,1,27,3,2.70891982531532
19,2,28,3,5.6024928532261
98,8,33,3,5.93100601318275
66,8,28,6,6.30785261186124
98,7,28,3,8.59013002293814
38,5,31,5,4.07071240244249
81,8,30,5,8.52025006126998
26,5,34,3,7.81839901308908
47,3,30,3,2.71549043244089
19,5,24,6,8.69903563629321
74,7,28,4,5.46642997180585
56,4,32,4,2.34364162081934
21,4,32,2,8.02174744885427
19,3,27,2,7.03232199542018
5,1,20,2,6.08801341848424
34,6,31,3,7.29364008984401
62,7,28,4,6.19533658303886
17,2,31,3,7.05642845364319
0,3,33,3,6.97035625054697
8,3,31,5,5.8855144716099
19,5,35,4,6.87176204264669
83,8,28,5,4.64864510615943
39,3,29,4,3.20165460831571
9,1,27,4,0.398338765220165
88,8,29,6,2.27879686624113
52,4,28,2,8.69780827957143
82,5,37,5,-5.1598833699689
28,5,35,4,9.41847265872445
77,6,25,3,7.51739225893482
14,4,26,5,6.8490618747004
22,4,25,6,4.64998790864199
60,5,26,6,-0.446858262019365
89,7,29,4,4.47371787597327
64,4,25,3,5.4119402184897
43,3,30,3,3.92783200158701
89,6,34,2,4.47382049837946
94,12,45,6,2.61129529910171
62,8,28,7,0.917108264821095
8,2,25,4,3.93644096470402
44,3,32,4,2.8640447975712
36,3,27,3,7.18127217216316
99,10,29,7,4.89504379080109
49,7,30,6,5.21966469894046
25,4,25,4,8.22923727515765
72,8,33,6,2.10613868524812
15,1,23,4,4.59787471250733
31,3,23,2,7.44311434458302
29,3,27,4,5.96605767755238
67,5,34,4,2.48590638703329
45,3,28,3,5.47295472800266
1,3,30,2,12.5262674109186
72,8,36,4,5.8264379452849
32,4,26,4,5.2992254050706
66,5,26,4,3.82692085394492
35,3,24,3,4.21709052846031
45,4,27,5,-0.762387403956982
58,4,26,3,6.32277725036338
19,3,30,2,8.24303649271129
25,3,25,2,7.02792692071431
87,10,38,4,5.43893861537009
11,4,32,2,11.3175853301905
82,9,32,6,5.09961670670211
57,4,29,3,5.17277343349847
23,3,29,4,4.91537875383792
57,4,24,3,4.17841274523315
75,7,29,5,4.83822733719426
10,3,30,3,5.59375636056595
67,7,29,3,6.43695623126295
11,4,30,5,6.78110339898767
85,6,27,3,8.54842911946188
39,5,24,6,6.11836974689682
55,6,31,3,6.83278944271577
48,4,31,2,4.13482285195207
12,3,27,3,4.63042369563078
83,6,35,5,-2.3489558851868
78,5,37,1,7.10520750116604
66,4,34,3,1.55121085160378
23,3,32,3,4.52002526611516
95,10,39,5,4.25507045317215
70,6,31,3,7.01962962618149
58,7,30,4,8.30153427361374
95,7,42,3,3.65856694667494
91,6,34,2,4.23584510078629
7,4,34,6,4.00642543266684
6,3,33,3,9.62368753735678
94,8,35,4,5.4397400454556
16,1,30,4,-0.500164026428187
91,7,37,2,3.73405550253565
16,3,27,2,9.42690575750914
29,4,26,3,11.489655900251
3,3,24,6,1.680971033238
40,6,36,4,7.93554201923181
61,7,31,4,7.96818054254196
24,3,28,4,6.08668214559232
2,1,26,3,5.31284363579487
28,2,21,5,1.62928133333398
81,5,37,4,-1.83243630137514
71,7,39,5,1.64572074721675
52,3,22,3,1.30894233483382
18,2,32,3,6.17745123825862
67,8,28,5,6.01399115319829
42,3,34,2,6.93757664855885
56,4,33,4,3.52537396928568
44,5,27,5,8.52058402965897
93,11,39,7,0.498569117907193
46,3,30,2,6.28849820872271
62,4,37,1,3.54524576863495
57,7,32,3,8.77443347362351
68,4,32,3,4.0709484708876
94,8,32,4,5.95704335004839
3,1,20,4,4.54579472890427
32,3,22,5,-0.277499519315986
80,5,31,4,3.9098399099696
21,3,33,3,5.69187994051198
39,3,33,4,4.9599760993138
78,5,31,4,-0.636651915281686
2,2,30,1,12.0623636849473
64,4,31,2,4.80671349349685
57,7,29,4,10.4083042448367
59,5,28,3,4.7001048548754
59,8,31,5,6.35841800623857
72,6,32,4,4.5643060858793
75,9,29,4,9.25784759779419
7,1,18,1,11.0767878862971
72,4,33,1,4.61074721463632
85,6,35,4,-0.361169321890722
71,6,35,4,4.04965902982962
67,7,29,5,4.79997441404177
97,8,39,4,0.967815115362537
82,8,35,6,1.62726286396131
94,7,38,3,3.91034823661539
27,3,26,4,3.76636862444015
57,5,31,3,8.66745877774903
3,2,25,4,3.96357282914019
44,4,36,4,2.63427688590829
31,4,32,3,5.43564758056067
22,4,23,3,8.21866994736816
18,4,33,4,3.70265509742422
83,10,33,5,4.86413641379282
98,7,36,3,2.88292353638903
18,4,22,3,9.91887229068018
33,4,25,3,7.50181113870005
46,5,25,4,4.11965967515165
41,3,33,2,6.38296033434075
84,9,35,7,0.694870098226728
85,9,33,6,1.49646116518918
45,5,32,4,4.62206824388586
73,8,34,4,8.04424281649691
67,7,31,3,11.2352910103524
74,7,33,3,8.90430063759302
95,7,34,4,1.93318533917482
99,6,40,2,1.20489024823173
98,7,40,3,3.61215061922898
56,7,38,5,1.69957254282821
91,10,34,8,-0.842907678344523
97,7,32,4,4.4672387566647
96,12,32,6,6.57509369743318
60,8,30,5,5.38138971227802
19,2,31,3,4.81235224666977
7,3,25,3,7.12175544061833
40,6,24,5,7.2241859353228
1,2,25,4,4.18396249982374
98,14,31,7,0.882508890894002
74,6,26,4,6.79825072421041
80,5,33,4,0.930007797160588
15,3,31,4,6.56802446980604
81,5,35,2,7.03380022327277
51,4,26,4,3.63323536507376
89,8,35,5,1.29637206116688
96,6,27,3,5.7289206077027
76,4,27,1,8.63281754159516
63,7,27,4,8.44834615942278
95,6,31,2,6.92715667296109
38,3,35,3,1.30505040910467
24,2,33,4,-2.32328660822044
2,3,23,2,13.5078436511042
35,5,29,6,1.40252462231836
21,5,31,5,6.6206648785807
31,6,28,4,7.24368157249629
28,5,36,5,5.18973414192987
29,3,22,5,5.50359722870623
75,8,40,6,0.903141603226127
42,5,26,4,5.26507421857105
68,7,28,4,4.66546645042553
95,6,39,2,5.44827474457477
50,3,22,3,5.90014767044053
18,2,31,3,2.58156837179977
57,5,26,4,7.3452440623452
67,6,30,3,5.80403504355027
38,3,34,4,1.73343760291753
96,6,39,1,3.52615846643763
51,7,25,5,7.93469918328328
3,2,22,3,9.21921538277244
60,4,25,3,5.02345686206708
81,8,33,5,4.29051549014219
67,7,34,3,5.26693000760284
15,4,27,5,4.49791389513395
96,14,30,5,6.7443822949821
92,10,29,6,5.72882496283898
13,1,29,2,4.82201970146714
78,7,30,4,6.35494728265883
92,8,37,6,0.909785072625843
64,5,31,4,3.25657397241954
74,6,28,5,0.91953418020881
45,3,26,4,4.89014773166613
6,4,30,6,4.36513177458678
3,4,27,5,8.36072455517301
39,6,26,6,8.12455827574545
18,4,35,3,9.42137254619307
26,3,29,2,5.50347894464417
20,3,28,5,1.91157511560775
17,3,28,2,9.66674415836397
89,9,27,3,11.1961955634719
6,3,33,4,0.609102237145045
41,4,27,3,5.86038815257897
31,6,35,5,3.98961527488373
43,3,33,2,8.60685008671373
33,2,34,3,3.98367393753295
23,2,34,2,3.89079447805652
37,4,24,5,5.53377477634608
49,3,34,2,2.9893715148843
1,4,32,5,3.64759974156352
2,3,29,5,7.2420088813758
67,4,34,4,-1.58692491285817
82,6,33,5,0.942690141641419
77,6,35,2,7.76320172283859
76,7,31,6,-0.384104979526589
78,5,30,3,6.41991743495269
91,6,28,4,3.73032528437257
77,5,30,5,1.18632324122727
42,6,33,5,4.14652862595555
57,6,33,6,2.80443625473694
79,5,28,2,8.07957454620805
92,11,31,8,2.28795015652526
11,1,31,3,4.67142662427215
19,5,31,4,7.91768361163763
77,9,31,5,6.29929113487054
10,2,24,3,8.25366185013293
62,7,29,5,4.7118850408792
63,5,33,4,2.4980240517889
86,9,30,4,8.05973712273446
67,5,32,5,-0.369668765361259
84,5,32,5,-0.864737717039411
22,4,34,6,2.2353845347988
13,5,24,6,2.33058923930867
51,7,29,6,6.93030210140025
68,7,32,7,-0.139031659237822
62,6,38,4,3.56612075620178
97,9,30,5,2.42277329026002
64,5,34,4,1.13117745421918
29,4,26,5,1.83240687794524
80,5,30,2,7.07774307450844
77,5,36,2,3.82613072998051
82,7,32,4,2.89589791380522
55,6,34,4,5.96101795910729
0,3,20,4,6.3227422236068
46,6,25,4,6.14242325488526
95,6,35,3,1.14159877687215
76,5,33,3,2.76259640541114
67,5,26,4,6.04242444676571
83,5,27,5,2.4728316723064
28,3,21,3,6.86305814656988
31,3,31,4,4.82922812708469
13,2,28,4,1.53700512012899
59,6,25,5,4.87824861363378
81,9,38,7,1.9115709355807
77,7,34,6,1.50130177757072
62,5,35,5,1.49484225799325
10,3,19,6,3.13043024472382
85,7,33,5,1.57515683676559
92,10,43,6,3.30823593012163
47,6,27,7,2.49609000238035
17,2,23,4,5.62395318241399
40,5,34,4,5.02073470249056
97,8,35,5,3.01066089224228
98,7,39,2,7.10192753182687
53,7,30,6,3.4592052801535
2,3,27,4,4.80093438387463
28,3,31,4,4.25288309590558
65,6,32,4,4.08240690947974
92,8,27,5,1.60193413216428
64,5,36,5,-2.85647295211372
54,6,25,4,8.61649277117225
66,8,41,7,2.43642396628164
95,10,35,5,5.9105044576486
71,4,33,5,1.94094441464343
33,6,35,6,1.42258435774731
39,6,34,4,8.87714068652323
30,3,33,1,8.5057478990582
87,10,29,6,3.79513174092389
41,5,32,5,4.55174526817792
0,3,27,5,2.45409974284471
8,4,31,6,4.38644080321132
21,3,33,3,7.09005185060782
67,6,35,2,9.31110912047399
45,5,35,2,6.23487732724613
42,5,30,5,4.94210492425666
56,7,35,6,3.74027710538067
4,1,29,2,4.30071043615774
65,8,32,7,-0.551437702968804
70,4,33,3,5.15545198513204
73,9,36,4,9.34844851128062
55,7,30,3,8.85525744827256
6,3,25,4,9.83960823104791
57,4,33,2,5.78469571042432
50,6,36,4,7.26153138677183
45,3,33,2,7.18596774525926
69,5,35,4,2.13798459130449
40,6,32,6,2.29862465090004
90,10,38,6,2.10265143856892
23,5,23,4,9.36344766480207
45,6,37,6,-0.00833429410249042
79,7,32,3,8.321720644796
94,9,41,4,2.88698335545062
77,7,36,4,6.97160853708728
38,5,29,5,1.81521047242778
85,6,32,3,3.06370093883974
48,5,32,4,6.84629356984173
14,5,29,5,7.70258789788636
56,7,26,7,3.86050821760252
15,2,24,3,8.01153622207953
30,2,30,4,1.72159350937028
79,5,33,3,2.9158050097455
76,6,34,3,7.76688118276531
84,9,30,5,3.41126791239354
8,4,22,6,7.50595838189561
32,5,28,5,5.80943001016494
49,5,34,5,-0.421212062144543
18,3,27,4,5.67008547255289
29,5,27,3,9.72484788175347
62,7,30,5,8.2685781714543
29,4,28,4,4.48012957583183
10,3,24,5,6.16479625302819
87,8,32,5,3.96154334208764
69,8,31,5,6.72837074961396
85,8,33,6,3.87754795675281
95,9,29,7,0.489930403875659
94,8,32,6,-0.5945883051385
1,1,29,0,6.47214889374403
39,4,23,5,1.52556414271065
26,5,26,5,5.13495183900757
51,4,24,5,4.46328547165834
76,5,34,2,5.58699978432302
6,2,28,2,7.2745787332312
93,7,39,5,-2.4385666890577
34,3,29,1,10.1795372704265
41,3,33,3,5.40223944837873
96,8,43,5,0.0386141125248685
53,3,30,2,6.70448824855955
33,5,33,5,5.31305386608776
63,4,25,3,4.52427941749566
12,5,23,6,5.06742119228852
89,6,28,2,5.89475383204323
51,4,27,5,3.14606047738388
80,5,29,4,1.6183334978249
89,8,30,3,8.17853098519478
37,3,22,5,3.48404048728644
5,2,30,2,6.02833852533344
34,4,26,3,6.36125376714228
39,6,34,5,6.78091819988902
60,7,26,6,4.45537472890036
68,7,33,4,6.15122761736268
20,2,33,3,3.90849026678156
97,6,33,3,2.39980689431003
2,2,25,2,5.6058363495377
26,3,26,4,3.27343008955686
30,2,28,2,4.89927384298734
93,12,38,5,4.06132198347828
60,7,27,4,10.1255754471401
33,5,26,5,3.98798610816069
55,7,34,5,4.11920372252151
15,2,32,2,5.80317493286857
45,3,30,4,3.24064473406392
12,4,21,5,6.92354289311698
6,4,30,3,11.1211280128749
41,6,26,7,1.83261276943897
54,7,28,7,2.78772425851886
49,4,25,2,8.08384722475507
60,6,35,6,-0.356773709339114
37,4,31,5,0.425082283749375
97,16,29,4,9.04234772102489
85,6,26,5,0.479634021192496
0,3,27,4,10.1717884443572
57,7,27,6,4.6457838877613
15,5,32,5,6.016583470603
45,6,31,6,4.76242534553306
62,5,25,5,1.79048996788359
27,3,27,4,5.47734796237113
10,4,31,4,7.97541124171708
9,2,28,3,8.57903242956281
96,8,33,3,6.67721886845723
2,4,25,6,5.24599265479167
89,9,40,3,7.93785061077346
58,4,32,4,-0.575818083399402
66,6,33,5,0.439761564347435
51,3,30,3,5.07083295312761
24,5,28,3,8.77715012301243
91,7,36,5,0.775951225107853
57,4,31,3,2.46804587288263
61,6,33,5,2.51632396445862
53,7,25,3,9.46355602182931
78,5,32,4,-0.554269065069994
76,8,33,5,5.81718087920813
51,5,33,4,3.02320060928091
30,5,36,4,4.60155359788489
20,4,25,3,7.87206662643063
44,4,28,5,4.35626008810452
61,7,38,4,4.14167932762805
65,5,31,5,-0.555783221302076
63,4,35,3,1.10532549716764
72,6,31,3,5.31549633819711
20,2,20,2,5.58085090512939
38,3,35,4,2.22840263694525
48,5,33,3,6.5084942055083
30,6,32,3,9.07953803004773
97,8,33,5,-0.0956182372714443
82,6,34,5,1.10152103525526
12,2,29,2,5.88684947488031
47,4,26,3,7.25461089234761
92,6,30,2,8.19916614430125
14,4,29,6,3.12844115186805
41,3,30,1,8.44647105856739
8,2,22,3,7.4401810475221
93,8,34,3,5.59334680703572
81,10,34,6,1.29029126138593
19,3,32,4,0.607835648290044
62,6,33,2,7.06865375201491
47,4,24,4,5.61841574846596
63,7,31,6,5.43909799768949
62,6,36,5,5.36194716115907
88,6,30,3,4.28819937785846
45,4,30,4,1.05942547209182
90,10,40,5,3.53660428062285
74,8,27,6,2.28282597553976
75,5,27,2,6.08441393274016
43,4,29,4,4.49496757886001
3,1,23,4,5.62168287911154
88,10,34,4,9.08063799826316
33,6,32,3,10.9340745589599
56,5,30,4,2.34148795636969
3,3,26,2,10.652227720669
75,6,32,4,4.04391237498523
87,6,31,3,8.3316676996292
11,4,22,5,8.4963914898996
24,2,29,2,7.53801898047831
25,3,25,4,5.67366134528313
0,1,18,5,3.13372436448448
86,8,35,6,-2.04032109904611
41,4,32,5,2.64037280428707
69,7,30,6,-0.200661946328475
31,4,35,6,-1.27398482066462
44,3,28,2,7.00469937461915
80,6,36,5,3.08433518417664
45,6,32,3,9.37545809376405
33,5,31,5,4.96987892601187
77,9,36,6,2.84864810049122
97,7,42,2,7.09576351375159
41,5,24,6,4.33302650662114
67,6,25,3,9.39087979360409
52,3,36,3,4.36537418332997
12,3,27,4,7.08717436452138
4,1,27,3,2.86235405623079
3,3,22,3,11.3572438992516
96,10,38,6,1.46335412505973
34,2,25,3,2.69494499546663
77,5,30,4,1.01457995470826
22,5,26,3,7.45860782988275
79,9,30,4,7.43696144754842
35,6,23,4,9.64602879900107
2,3,29,5,5.06102549310669
64,8,27,4,7.9872475712808
49,7,27,7,6.7250433266194
26,2,27,2,3.86036949809561
34,3,34,5,2.20903587116243
6,3,26,5,6.82773040283604
8,3,29,5,6.67682878195815
94,10,43,5,4.5061881410861
76,7,27,4,5.50845266621877
95,9,28,5,4.07269994244598
89,8,27,4,6.06740933508618
99,7,33,3,7.08384621470752
29,2,23,4,2.02499680166193
78,8,30,6,2.22119448981584
40,5,23,6,2.8990710884078
37,5,28,2,7.75171233259254
95,12,37,5,4.92570440336866
50,7,35,3,9.82660449163575
4,2,20,4,3.60059780513964
13,2,28,4,1.31400811378932
77,9,30,4,9.07185429709528
81,7,33,6,-0.280944859861432
37,6,31,6,3.54343629549538
4,2,22,3,7.73457950613003
45,5,31,4,5.80604202393537
9,2,31,4,5.94044729338917
27,2,29,1,9.38423651918474
93,7,28,5,4.43725758437101
86,6,30,5,1.11818128062837
99,18,29,7,3.63590299006078
12,3,34,2,8.2851697741567
54,7,26,4,7.26760041676913
83,5,33,5,1.27220662035864
96,6,39,3,2.57720122827039
92,6,32,4,1.12659482994462
15,4,25,5,7.93719422159615
5,2,19,5,2.58754559837562
83,8,32,6,4.04751009304975
12,4,25,4,5.74883278087692
38,5,28,3,10.7126068450433
72,7,28,4,8.07372006277
5,1,31,3,5.20694946759494
16,2,30,0,5.3835373557222
38,3,30,3,3.23840411599439
24,5,24,6,4.68442886041385
41,3,34,1,5.30590851023555
32,5,28,3,6.60201169108094
12,4,34,4,4.05436785735554
36,4,32,4,6.16142625237412
59,5,31,4,3.01754206481833
75,9,33,4,7.51052418876671
53,5,27,6,0.707657726479644
27,3,31,4,-0.151941702380668
93,11,32,8,-0.495876442403668
53,6,33,6,3.7469458684773
87,8,37,4,3.89821097211394
76,5,27,3,5.54212696773972
69,4,34,2,4.36932321361762
6,2,30,3,6.66090333679417
76,6,35,3,5.80329694602406
24,3,26,2,7.99161269226459
11,3,30,3,7.9014219419788
80,7,29,3,8.19511520902036
98,10,42,4,3.03739852298865
35,3,27,3,7.07200914677236
8,2,28,3,8.58040702056206
0,0,30,3,4.16522051941214
43,5,31,5,4.00044108675858
19,2,28,3,3.48058515776618
5,3,31,4,3.35575566298592
79,6,28,3,4.64505351799153
31,4,35,4,6.11316513638041
33,6,33,6,1.10631285012297
98,9,40,4,3.63768822037314
34,6,24,7,4.38803221237775
69,8,31,4,4.89551833424326
44,3,34,2,3.00590928936641
36,6,36,3,11.3143206635853
76,5,29,4,3.94085694781656
77,7,32,4,3.70548828946516
31,3,34,3,3.07262583563711
26,5,28,5,8.18921924768537
68,6,27,5,5.24584679068347
72,4,28,1,5.07715390717719
71,7,36,3,7.37249932867392
43,6,32,4,7.87095673778984
15,4,31,6,0.411890577880182
10,1,20,1,7.91995448640478
47,5,28,3,4.7105032298646
93,10,29,6,4.03109264063178
29,4,28,6,-0.0692595766083617
45,4,36,2,4.84442947128803
66,7,31,5,2.44563608407909
41,7,30,5,7.81589020911746
6,4,20,6,5.1301431690293
10,2,30,1,9.66828626056022
93,8,39,5,3.33058590529365
93,9,36,3,9.00238728355669
91,5,27,2,5.82896681397459
14,2,26,2,6.98765768954211
19,2,27,2,9.8178502937214
66,7,29,5,3.97434888495611
25,4,27,4,4.48320329807993
83,9,33,6,4.34233914334785
18,3,25,3,7.05170369727461
94,12,41,6,4.43947898506649
44,6,29,5,6.93848399236079
86,7,30,5,3.67826623359819
30,6,35,6,5.67222907166601
88,5,29,3,4.14310309134432
54,6,35,6,-0.44720036597265
63,5,35,5,1.1411973021584
3,3,30,3,9.47789326096708
40,4,32,4,2.40237836702696
56,6,34,5,3.24325410744058
14,3,32,5,2.30872373669451
50,6,32,6,2.19422410088427
56,4,32,3,5.66404895321137
5,2,30,3,9.56106959922978
70,7,31,4,4.47975557481188
60,6,32,6,3.94790522003423
15,5,34,5,5.74308974166828
52,6,31,6,0.52313362662707
79,5,35,2,4.73655662713821
40,6,37,3,8.96421006177577
31,3,27,2,9.89822320123166
49,7,24,6,6.50240044170234
64,5,30,4,1.48425638354999
64,6,38,5,2.38103178414912
50,4,23,2,6.33095730251985
63,6,35,5,3.75119171625211
36,6,26,4,6.28980068218811
33,4,31,6,2.79686489607725
4,4,30,4,12.2543116756744
87,7,38,4,0.84817757501392
51,6,26,5,7.2733769404254
48,5,29,3,6.46650200790097
13,4,24,3,7.16351390329212
44,6,36,5,5.73829413806871
21,3,33,5,3.13292063719586
82,7,37,2,7.62613240818108
80,8,26,5,3.82780994033192
83,9,35,4,6.5609731317961
96,11,31,5,4.89029250951274
24,5,33,6,1.8310917163827
80,7,36,5,-0.0372735815166934
16,2,30,3,3.64668831428067
29,2,33,3,5.70925371707996
24,3,30,3,6.23948498525406
60,5,24,5,0.906817677551276
11,2,31,3,1.34580366789916
61,7,38,3,9.28303142722054
3,4,32,3,8.97957533134472
62,8,37,5,3.41319145440867
62,8,29,6,2.55722051055831
48,3,26,2,5.64757981919241
44,3,34,4,1.01239620127683
12,3,19,5,3.33303740609157
73,5,33,2,4.25305325994584
71,8,35,7,-1.43094678944626
49,4,36,2,6.42670883184354
27,4,35,4,5.19941041790363
65,8,30,5,6.7092597082061
11,4,31,2,7.47362866067808
30,4,30,3,6.46103322869073
62,4,29,5,1.07437660347404
16,2,26,3,7.78960157199843
44,7,35,6,5.27374672205789
78,8,33,6,3.3049960973903
33,6,24,6,6.20164589644341
77,6,32,4,3.29903583952694
11,1,30,2,7.46260852444306
4,3,21,3,10.1130741787692
31,4,28,3,9.14959123089367
80,9,33,7,4.47017157033124
82,10,33,7,3.83392031138524
3,3,24,5,9.49786174174739
81,7,37,6,-2.39392498783768
48,5,37,4,3.85136423459811
22,5,24,4,14.0794242599453
34,6,34,6,3.68797246354207
14,3,23,2,9.82959432174784
44,6,29,4,9.23676655452043
8,4,34,5,4.1032193869785
86,10,30,4,5.98724240470816
54,4,31,3,5.52924129798872
10,4,32,6,4.70206040501395
88,6,35,4,-0.57073758492657
39,4,32,4,-0.216035159561231
12,3,32,5,1.02393148682732
99,9,43,4,2.39365023175025
92,7,30,4,3.0620347601169
6,1,23,1,9.97484246675095
87,7,28,2,8.6370907286061
26,3,34,4,-0.0548229749099383
62,5,36,2,6.99363030939555
48,4,32,5,1.59688736175253
52,6,24,6,2.17052696855377
57,5,37,5,1.98112935284325
86,5,31,4,0.393594259790444
29,2,31,4,-2.33711954864924
29,2,32,0,9.01334696479486
39,3,23,2,5.64268202226499
30,3,28,4,0.338024651062915
86,8,36,5,4.9088544639288
42,5,23,6,6.24602304664925
42,5,36,5,3.83579199405179
40,4,29,5,1.44344631908746
59,4,32,5,-2.17911152136963
57,5,37,3,5.10914801427682
64,4,34,4,-0.242350610508231
83,7,30,4,7.00368393590179
65,4,36,3,4.05107497185501
54,4,26,5,1.84784636967808
68,5,34,5,2.88746698786971
4,1,20,4,4.04966614475838
52,4,28,5,0.339527370177354
80,8,36,6,4.37687739290016
23,3,31,2,8.95971349306084
97,6,30,2,6.97806532350513
47,4,34,1,8.43245472254377
0,3,27,3,11.1617869666592
16,5,23,6,4.99406831867315
92,9,32,6,1.73078598742968
53,5,24,3,8.39744860520374
69,6,34,5,2.9005791234605
36,4,27,5,3.90828990578307
75,5,28,3,3.00405436794134
45,3,28,3,2.93658911355601
28,2,30,1,5.01568001661481
13,3,30,2,6.63587635825782
82,8,39,6,3.12003776740778
38,3,24,3,6.42973084710145
79,6,34,4,4.06291809455543
13,1,31,1,4.9035839797777
50,7,29,5,5.52880437600961
34,5,36,3,10.0876666822188
85,8,32,6,-2.32565090191461
70,9,34,4,8.7936948797203
75,7,32,4,8.01616088125633
59,7,36,6,0.258741497886014
47,5,30,5,2.61963030809953
81,6,35,5,-1.50527379392748
92,6,31,3,7.03572230681699
68,7,33,6,3.49876991323289
71,8,33,6,1.0804440818424
54,4,27,3,6.33559529103305
41,4,28,4,4.24090225718449
84,5,29,1,8.95943001467048
6,2,23,1,10.01774681989
88,6,31,3,2.25658094974682
72,6,26,3,8.89577403434053
8,2,32,4,-1.9852962116929
10,4,31,3,11.5219432156997
81,8,39,3,6.28824901654509
12,4,33,4,4.85202251746626
78,7,34,4,0.832854420485861
20,5,30,4,9.4866968621435
82,5,30,2,6.43785491018132
2,4,30,6,4.58303786998435
18,4,32,4,4.32354162804299
48,6,33,6,1.99245446964756
99,11,34,5,5.17023084418532
18,2,24,3,5.51659210674592
0,0,29,3,2.85158267748156
11,1,25,4,4.01452013969386
50,5,32,4,4.43480736739894
32,6,28,6,4.47255209069107
54,3,36,3,0.963915447822468
71,5,35,3,6.53161596459583
44,5,31,4,3.73637421776663
53,4,29,3,7.31149467292007
77,7,28,5,5.99553258973916
72,6,27,5,1.90995446771754
54,6,30,5,2.42251542791924
24,2,32,1,7.67346039409018
21,3,32,4,0.988378659165819
64,5,27,5,-0.212054810025194
92,8,27,3,10.0691864445982
93,11,33,4,6.2988386037026
38,3,28,3,6.76081552452801
14,5,24,4,9.10353114901042
72,7,36,5,4.03342055765623
48,7,37,6,0.862815201658102
25,6,33,3,8.20293065543048
82,8,31,5,5.44739953079606
14,3,26,3,10.7444019406607
59,6,34,6,1.41996885958134
27,4,30,4,6.51671179861869
94,7,37,3,4.91697552315908
14,2,28,3,5.8052113557145
91,5,35,3,-1.65083083214135
70,8,27,4,9.53964393559364
27,4,25,4,6.49744421697962
6,2,25,4,2.88329191015865
70,6,29,4,4.4444075515037
16,2,16,2,9.58208710749521
17,5,34,4,9.38458253745214
51,7,25,6,8.806436863394
33,6,27,4,7.56095634340524
4,4,33,3,11.4359901527321
84,7,28,3,5.9266846742028
30,4,29,4,5.84382903726848
48,4,32,3,3.15932096544671
38,3,21,1,6.2101662103047
65,5,27,2,8.58096270000475
91,5,35,2,2.33601653719942
79,5,33,1,5.95304945212609
39,5,27,3,8.17892315780781
13,4,26,5,6.08558226590978
30,5,30,4,10.4853280476388
27,5,24,6,6.37997639117385
25,2,19,3,2.6808517714636
78,5,27,3,5.9371556980494
67,4,26,3,4.37345913064337
45,3,31,3,4.60168110309828
37,4,31,2,10.5426293883026
27,2,25,4,4.15331886356956
29,3,24,4,2.38276869560828
47,5,35,4,0.408359309320812
38,5,25,5,7.97516813757508
2,2,26,2,6.54662453810212
85,6,33,3,2.27723371439382
13,5,27,5,6.64338309066012
94,10,33,6,2.02787484050935
56,4,33,3,1.54687956562529
26,2,29,3,1.40897514207786
3,3,26,2,12.3646021361943
50,5,26,4,5.33876913425046
49,5,25,3,10.087681394979
37,5,26,5,2.29227545144688
57,4,30,3,2.13476016668404
96,6,38,2,5.19776040315282
8,2,23,3,5.33777783124222
72,6,29,6,-0.228602611665018
78,6,34,5,-1.88999958415064
3,1,32,2,3.45040379664295
20,3,27,5,3.02560400905075
33,4,32,3,3.26725893534125
56,6,30,3,8.72786155870938
1,0,30,3,3.56597636766522
8,5,24,3,9.62049442043682
46,6,32,3,10.4803917722498
44,6,31,3,11.4385929359713
75,6,27,6,-1.07159086224659
86,7,26,5,4.84083071537065
18,4,28,4,3.50652248110466
75,5,30,3,5.52166415308423
9,2,22,3,7.30828786786867
22,4,31,4,6.99155422355298
89,9,30,6,2.97303473999754
80,7,34,5,5.30181114512431
16,5,28,6,4.21607372887396
98,12,32,4,9.64331372700216
81,9,27,8,4.63988207226011
44,3,24,4,5.88520470444609
58,4,27,4,0.398655501475981
88,10,35,3,5.97910096373609
81,6,37,4,1.23821831499182
74,9,33,6,2.01301234280012
84,6,32,4,3.68678273308948
40,4,30,5,0.231888419573357
87,9,41,4,3.11810677649487
90,7,38,4,1.39369793309513
89,9,41,6,3.28829059884257
0,3,27,4,8.45958597031594
61,6,30,2,8.32398526342546
45,6,24,5,4.46761987787051
56,7,31,6,4.59273763709997
89,10,28,7,1.30686660318994
16,3,28,4,2.85858325574516
76,6,32,4,4.01039308743558
11,2,24,4,4.93149119648901
76,8,28,6,3.97164416765413
