K:5
N:2000
Gap:0.156264226071789
Rho: 
1 0.8 0.45 0.2 -0.3
0.8 1 0.45 0.5 -0.1
0.45 0.45 1 0.1 -0.3
0.2 0.5 0.1 1 -0.5
-0.3 -0.1 -0.3 -0.5 1
X:
74,9,36,5,6.42012598919958
28,2,25,1,8.05520942057988
50,6,32,6,4.49516667374805
57,6,27,6,3.84291612065872
3,4,20,5,6.42486259070282
14,3,32,4,2.4438753679277
44,4,26,3,8.37537705238247
5,3,28,3,6.9883860464737
11,3,24,6,1.8137644831547
44,7,26,7,4.83768372495202
9,2,30,3,4.42405766455571
0,1,25,1,11.070151899971
82,5,33,2,4.63446413522233
14,2,25,5,5.29741487890961
43,4,27,3,4.92597486001462
18,4,31,4,2.73870256715814
5,0,25,4,3.96832918012748
43,3,29,3,2.09640972966195
20,2,25,3,6.78886617129732
29,2,23,4,5.60066910026682
64,7,38,4,3.57230313340599
39,5,30,2,9.65794009712289
37,4,31,4,3.11195404955498
48,3,30,3,5.09449389649095
23,5,30,5,5.89340106396996
32,4,24,4,5.42538470147508
24,5,35,4,6.49441987635736
77,7,33,4,3.61139843535345
35,4,24,4,7.55065278687207
81,8,30,4,7.05409928455718
55,7,31,5,4.86901228874204
76,6,32,3,6.61675311094359
94,6,33,5,1.55190890457407
11,1,24,1,8.26750604926252
8,4,33,7,5.19633161769907
58,7,30,4,5.62354210840276
99,10,30,5,4.83629570606647
33,4,30,2,10.2058261927921
88,7,28,2,6.08231760145033
47,7,27,5,7.84279049600315
52,4,29,2,5.71815036934634
31,4,35,5,-2.38529054316063
66,5,28,3,6.26884534297874
27,3,33,4,4.36505152067139
17,4,28,4,4.92337476844484
44,5,35,4,7.46197332887089
25,5,24,6,2.72976916111064
29,4,26,6,3.37530814651408
48,7,30,5,5.60146598705819
49,6,27,4,9.91713918934492
1,3,33,3,9.43873440079513
7,4,27,6,5.97452915190553
30,4,31,3,6.30490583602628
67,4,24,3,4.80807614707267
88,6,30,2,8.45668729849424
56,6,26,4,3.32175836251328
93,8,40,5,2.88571226184053
41,6,34,4,5.67343014499931
57,5,34,2,3.80741008527941
13,1,29,3,3.15984307002093
47,6,28,4,4.77661864291373
37,2,34,3,2.73398113064687
95,6,35,4,-0.39866248468733
48,6,37,4,5.73662268685873
92,6,34,4,3.03614052116441
94,11,28,9,-0.2345548803403
7,3,30,3,6.8079599597545
60,6,25,4,8.10483660355045
55,3,35,4,-3.36737036372408
95,6,35,2,5.58010236151179
74,5,30,2,7.91461717426821
2,3,26,6,5.20883313820694
54,3,33,4,0.897405214025405
44,6,37,3,6.79352708575916
54,5,32,4,4.73890743820222
50,4,32,3,6.45820474829674
43,5,33,4,4.99158471477384
14,3,23,3,10.2654334145339
42,5,36,5,0.754292358927358
98,8,35,4,4.83352486980961
43,3,27,5,3.08232466441976
74,8,40,4,4.84295141249749
36,2,23,3,3.8746201805809
26,3,30,5,0.165666667291831
44,3,22,4,4.10014818079471
20,4,30,5,1.24764339737234
83,5,33,3,4.68655170421848
50,5,24,5,5.78986181908077
99,12,28,6,3.77364859252787
91,8,34,3,8.28688086731832
29,5,32,3,9.45478284808683
26,5,31,3,8.82022678474227
41,4,28,3,4.88937510043424
61,4,28,1,9.65171367382681
31,6,27,8,4.39576082605371
40,4,27,4,8.42510041027399
97,10,38,6,0.235201918793899
82,6,28,4,3.78803673662196
16,4,30,5,5.45264588566029
35,2,22,2,7.48754703603109
0,4,25,4,7.82744772796787
71,8,32,5,6.09393596615941
61,7,37,3,9.48998475415321
95,6,33,5,1.29680990624699
1,1,17,2,9.57384135201467
50,3,32,4,-1.92485317704837
7,2,23,4,5.17306079350553
59,8,35,6,2.09800576223662
93,9,31,3,9.45623293000956
10,2,33,5,3.76759165434696
87,8,27,7,2.37716658012754
38,4,32,3,4.64543200456051
72,8,37,4,5.9567510725516
18,3,23,3,6.31932594075187
1,0,21,3,4.81118264837744
58,8,28,6,2.6872047011539
28,5,25,4,8.76949244932687
18,2,28,4,3.04709326410919
3,3,32,2,8.27657039329882
68,4,35,5,0.580644863060741
84,7,28,3,8.34387303135134
5,2,25,2,8.07423539248543
24,3,28,2,7.96299224750733
42,3,23,4,4.12275936566332
0,3,24,5,6.10915474956018
27,3,32,2,6.25507470674006
78,9,35,4,8.07654767655345
84,7,28,3,7.41902194215854
93,6,39,4,-0.280839282574755
32,3,29,3,6.55880838927309
24,5,26,6,2.31316021625811
41,3,31,4,0.760819472679374
37,3,33,3,2.51855002329384
14,2,29,1,10.3661813023637
57,7,28,5,7.57259327670866
28,2,26,4,-0.121270673366284
30,2,27,2,8.80143203081329
21,2,23,3,6.27652248806175
86,9,38,5,5.56717768884563
61,6,25,5,4.73628602496298
66,7,25,6,3.66256793102822
91,9,43,4,6.29162006427087
8,4,32,6,2.35813493948563
97,9,30,6,0.688980911099646
13,2,19,2,6.24113539581146
12,2,29,2,9.83593896279131
52,7,34,7,-0.51413945277549
83,6,34,3,5.15448367976083
76,8,29,5,5.98606542416929
95,7,38,5,-2.43094170268787
25,5,34,5,7.14743174898655
30,2,31,2,7.58371894051278
32,5,27,3,10.1592606308243
39,3,32,4,3.21286890994775
30,5,30,3,6.49332039443802
65,6,33,3,8.01218212669365
4,4,32,3,11.60946138204
74,6,34,2,8.06903426677917
85,8,37,3,5.80315860970028
22,3,34,4,2.28904882429902
59,4,24,2,8.24885188381561
18,2,28,3,3.00828157028028
61,5,31,5,0.299645194360081
95,10,39,6,1.48432087192235
0,2,29,4,3.40843554970639
96,9,27,5,5.4032496544086
14,1,30,1,6.71199707534325
70,9,32,5,4.68483040356936
75,4,32,3,2.93572969469973
32,3,27,3,5.17808952713445
73,4,35,4,-2.15107888766244
41,4,29,3,3.633982151807
21,3,22,4,6.61025544386098
28,4,34,3,9.53579371017684
26,2,31,2,4.05537095462022
60,6,28,2,8.39649380940639
67,6,27,4,6.37196613829332
66,4,37,3,-0.475823171846623
61,4,34,3,3.20540730212317
37,4,28,4,6.61180905471762
87,8,42,6,3.17665286315826
15,3,27,3,6.34554340552838
93,8,29,3,5.99154104306373
28,5,26,5,6.15427173681055
22,5,30,4,9.07365164837044
99,6,33,4,1.34705535344652
56,4,36,4,3.6072880812598
31,5,25,6,1.61988777390484
21,2,33,3,2.68607132908504
93,7,38,3,6.31939197775887
43,5,24,5,6.95393936864306
71,5,36,2,5.24280201869214
5,2,29,2,7.4210127521858
58,6,27,4,7.49099825600209
40,4,30,5,3.74481265382762
38,3,24,5,0.702622824553194
70,5,35,2,6.6186344737582
96,5,39,4,-3.94919412263982
35,6,29,4,11.8486663121703
96,7,36,6,-0.508532716380683
46,5,25,3,6.6428567173255
11,1,29,3,1.80964342342474
99,12,31,6,4.30610247269429
14,3,22,6,2.41453282078738
6,2,32,5,0.460268055954838
4,1,28,4,2.85625370186665
59,4,34,4,1.85001807913759
67,8,36,6,5.56082423033836
17,1,22,1,8.46599600792398
59,5,24,4,3.62507205716971
92,9,32,6,4.98688417714703
35,4,30,2,6.15396503783177
37,5,35,3,6.94973798809994
96,5,28,3,5.27010002396764
40,4,31,2,7.21766182163917
68,6,26,3,10.6575101223748
35,6,24,3,8.8176878869073
98,12,44,4,7.36385490960219
83,7,27,3,7.92658412252959
60,4,30,2,5.0448742981294
40,4,28,3,7.51763104817109
35,6,25,4,8.96679404436023
30,6,30,3,9.38270281291653
38,4,28,2,8.02484287014038
5,2,28,5,0.995962823296329
73,4,34,1,5.04375290086202
27,4,34,6,3.7755049618052
11,2,31,4,2.77590842540155
64,8,32,8,3.8178273964595
25,4,30,5,1.80391803263214
25,4,25,3,8.59032944878878
61,4,28,3,1.78655182710932
29,5,24,5,5.06503494436221
70,4,35,4,1.31460402771647
93,11,35,6,5.86769753154891
81,8,34,4,7.12844072448139
33,2,27,4,4.30554945443023
18,5,27,3,12.0749542620213
90,6,30,4,3.19900392508838
60,4,35,3,4.81615429767501
38,6,35,3,8.93980016274289
69,4,31,4,-2.63969013692936
67,4,29,4,1.69885537931694
80,5,27,2,8.15175500509283
73,7,37,5,0.828890644936398
39,3,27,4,3.37186018301643
80,9,34,6,2.16619999467022
38,5,33,2,7.31215718426615
49,7,33,5,4.60500706476738
19,2,29,4,3.65191790620838
92,6,36,2,2.73674291651929
85,6,27,5,4.32029374708436
17,2,31,4,0.892808582723607
23,5,24,7,4.37314858844137
85,10,37,5,4.48488229794706
80,7,36,6,-2.28793570966906
24,4,23,6,6.88407686000756
55,4,31,2,3.48690400400665
90,7,35,4,2.96804776250267
68,6,38,3,6.26841376070075
63,4,34,3,1.28572140308624
48,7,35,5,3.3234788439469
12,2,28,1,10.6863593811095
42,3,29,4,3.71725771971517
95,10,36,6,4.55473270922457
24,5,28,5,4.9525193202361
4,2,28,1,8.44891145024962
44,4,30,5,2.69302748138912
50,4,32,5,3.03100771065055
17,5,27,4,9.75007938299703
15,2,30,4,4.10264355694855
17,3,26,3,6.11154167891157
26,3,29,4,4.34894276585464
95,11,31,4,5.99110456404676
9,1,18,4,1.874339485569
62,4,30,2,7.19001272621449
84,6,33,4,1.42097529251708
44,3,29,2,3.39621515186443
43,6,31,6,1.89726794188424
53,6,28,5,5.03053707515172
97,11,37,4,7.7766915236933
46,4,32,5,-2.57487882282998
71,4,25,3,5.69638985087757
76,5,27,3,3.25812133300883
22,2,20,2,9.30968088227096
42,4,29,3,4.60922491107964
43,4,33,3,5.88359762106585
38,5,31,4,5.81052224194373
14,3,24,3,10.6201385868857
30,3,25,2,8.4793413794509
52,5,28,5,3.51650239319056
23,4,32,3,7.06320788829981
96,8,36,5,0.091538466966937
14,1,26,1,9.0090761803139
82,5,35,4,0.65111750051711
94,9,28,6,2.96475112687734
20,5,24,4,7.74983208374259
94,11,29,4,9.1182538636001
88,7,32,6,1.71872081653991
6,1,21,4,4.30400369146917
36,6,35,5,5.96617810962514
73,4,25,4,4.14230677354464
51,4,29,2,9.0877594818228
3,2,23,2,10.6553854871995
68,7,36,6,2.71393316082256
78,5,29,3,1.54581955061394
23,2,19,3,6.20318206281782
4,3,19,4,5.30794694554337
26,3,29,5,2.28697584656466
31,4,34,5,2.03793688222185
40,5,29,5,6.66528034501013
86,8,41,3,6.33377899325729
75,6,32,3,5.7494572752567
55,7,28,8,0.957999790427397
4,0,30,1,6.15919363735881
35,4,24,4,5.7340753682532
86,8,36,3,7.30688533728338
53,6,34,5,4.62066340744019
69,7,35,4,6.04093457086942
64,4,31,2,6.65344492574627
33,4,34,3,5.49396059597205
57,5,35,4,3.73352864862893
26,5,31,3,8.88994642800372
49,4,34,3,4.17141411694994
15,2,29,1,10.3508075905589
4,1,21,3,6.67522654986547
34,3,25,4,3.73941560280989
13,3,22,5,5.52263013465413
68,6,31,5,2.05521975278457
46,7,35,6,5.82185328218035
30,5,23,5,6.05754893063967
75,5,37,3,0.909830559219758
69,6,37,3,2.71762994537142
28,2,30,1,7.29664214657481
34,3,26,2,7.73411502088901
37,4,34,3,4.44975883666537
31,2,34,3,1.02046997478053
51,4,29,4,1.38120232201949
39,5,26,3,10.515395948511
96,11,30,4,6.98853217478752
34,5,31,4,5.30125666169162
70,5,32,2,8.76159415410118
78,4,29,2,5.33253326367845
99,7,36,4,2.9639275146741
0,1,26,4,3.2250002763934
65,8,39,3,5.92423045909116
59,4,26,4,3.22981339284724
11,2,33,3,2.57617610298482
69,6,32,5,4.66202840450961
46,4,36,3,3.98846171686355
33,5,29,3,9.81784809721621
33,2,31,0,8.06309458792541
44,6,34,5,5.41882634276122
43,3,26,5,-1.21463381391789
26,2,21,4,4.13881367401766
69,7,29,6,2.64312607199127
94,6,35,4,-1.28957513933957
32,2,23,2,5.49399559267879
4,4,23,3,12.1560786306151
22,2,29,2,8.12572329907507
3,4,33,4,7.91496715883188
56,6,36,5,-0.365148013643914
67,8,39,5,4.47637269514203
60,5,30,5,4.14454658924621
6,1,25,2,5.60894073497154
55,6,29,5,3.13862826168358
34,3,23,2,8.1752654128964
23,2,26,3,2.90161074804238
35,5,26,4,10.704336833627
40,3,32,2,3.45182806321083
23,1,22,1,8.04758349252891
6,3,24,5,6.06479223135416
7,3,30,4,4.39777491969265
2,1,22,3,5.81831955898792
90,10,36,8,0.0437442683457219
1,3,25,5,6.45022824333481
83,9,34,4,6.98284524409397
1,1,24,3,7.35534664896778
87,10,43,5,3.84600100776575
34,3,31,3,5.95208073184178
59,4,32,3,6.13743199736956
36,6,24,5,9.31950139085671
11,1,28,4,4.02018419432835
7,2,30,4,3.82519958494279
72,5,26,2,7.79749030068929
6,4,26,7,5.01222481683551
17,4,25,5,6.65686061315131
25,4,23,3,14.1986910668938
95,8,31,6,4.22559874417146
99,9,29,3,9.98874636255352
59,7,28,4,8.30697592521238
80,10,28,7,6.71999693778445
52,4,24,3,7.79965949445342
81,5,28,3,4.13293622367671
45,5,36,5,4.52723404695084
37,4,25,2,5.91785389828875
15,3,32,3,9.30594487926724
83,5,35,5,-1.88182952612822
33,3,32,5,-0.489379843204086
48,6,32,3,10.0499812163888
4,2,30,5,4.68632392146818
97,6,31,4,0.132385324377206
3,3,31,2,7.58067537289356
58,4,26,3,4.92843775740137
69,6,32,3,6.92406944839644
69,7,35,5,5.123002067327
43,3,31,2,4.73368113929207
12,2,21,3,7.81075560566944
98,15,39,8,1.29309904176306
20,3,24,2,7.12243191119478
72,9,33,7,2.49018619661118
70,7,35,4,5.41379455572813
77,8,31,5,4.91539523633118
42,4,29,4,5.31400706405451
81,9,32,4,4.26314758794907
49,6,32,6,2.06791588488772
48,3,26,3,2.11795367793437
17,2,27,2,4.90520331588564
76,9,38,6,1.77614814915751
0,3,27,4,5.890393024741
40,5,34,4,6.26573523788588
18,2,18,3,4.45892934700571
18,5,24,5,7.37301458580754
4,4,24,6,3.2787548945692
15,3,24,4,6.71323982682547
19,4,29,3,8.97406621518179
97,8,28,4,5.41734659710565
46,3,30,4,1.7123063662032
31,3,23,3,6.00270349071856
20,2,25,1,10.6353916638774
77,9,34,6,5.62284078184301
23,3,27,4,6.02360796073189
59,6,35,3,5.20914104780187
90,5,32,2,6.41139555509767
62,8,35,6,2.29323215051656
18,2,32,4,3.00171497701759
8,5,27,6,4.13620975421152
3,4,33,4,5.94141946728156
46,4,34,4,-1.9087077394648
82,5,26,5,-0.375706208335934
56,7,30,6,2.31290612586791
91,10,37,6,2.7881812651634
80,7,26,3,6.55444139520208
27,4,33,4,3.84835338212884
12,2,25,2,9.86436174559868
46,4,33,3,6.08317490693984
42,4,34,2,9.19847426917759
46,4,32,4,1.7925118466773
5,0,23,4,1.08432954671843
80,5,33,3,3.02633856872763
52,7,28,7,3.60914066025843
29,5,25,4,6.53508639688945
78,5,33,3,2.44118938744185
97,6,38,3,0.372169139156087
91,6,39,4,1.6819584077966
28,2,29,4,0.682340517348564
37,3,34,2,4.26784382992178
32,3,22,2,9.19733839273201
88,8,31,3,5.90047659765947
86,5,34,3,0.771662896240898
46,4,31,2,4.42636151622364
26,5,27,6,5.99704365778233
84,6,26,4,5.2700485545539
85,8,28,6,1.14425666829797
57,4,23,4,5.44661921191008
20,4,32,3,8.29779902079456
70,6,28,4,6.41091533086652
27,3,30,2,10.5583225756821
94,7,28,4,6.25739595369929
14,3,33,2,6.62207686925119
4,2,22,2,8.24184514557365
41,5,34,4,5.50829727648867
71,5,26,5,1.00460856443571
26,6,29,5,7.98304431545135
98,8,30,5,4.46875436123096
76,4,31,2,6.4504318928343
71,5,31,3,2.99295356723083
63,7,33,4,6.6922931098377
89,10,35,8,-1.29731226513848
90,6,36,3,4.33306168323534
72,6,36,4,3.33385960773868
38,6,28,5,6.96648153554224
8,3,22,4,7.96704275956057
78,9,32,4,8.75804445787786
41,5,34,4,6.99869316180817
83,9,30,6,6.15006844207805
67,4,34,4,-2.54297087392657
31,3,29,5,0.969395219582751
48,6,33,5,6.86685489448996
99,7,31,5,0.937198349034405
20,4,32,6,1.98915564913432
79,6,30,5,3.63916700482164
40,5,27,3,11.7223357204049
30,5,27,3,9.1431722439911
32,2,31,4,1.25197964376516
85,8,38,5,1.51777162078326
95,6,32,3,5.01261531581585
0,3,30,3,9.50138642760271
30,3,28,4,3.17914762622539
62,6,30,5,6.65472927861413
91,9,33,6,0.269435788451212
44,4,28,4,7.45885215824986
26,2,28,2,3.29820758995525
26,3,30,3,7.91268815821331
41,3,34,4,0.658384596636756
47,4,26,2,7.28006762133688
62,5,32,5,-0.17323815616992
47,3,33,3,0.546832192246599
17,2,24,4,2.71165209495363
39,5,28,5,2.1230513061534
37,3,24,5,0.636509941096032
79,9,33,7,3.04716591319005
96,9,29,5,6.05852371311806
19,2,26,3,6.27879559837998
78,10,36,4,6.72577181458872
86,6,35,5,1.97921416618285
61,7,35,3,8.79830494441913
90,7,37,4,0.773032488891218
89,7,34,6,-3.62735786680759
3,2,33,3,7.34243585802652
29,4,28,3,9.87766326437692
32,4,34,5,0.877870173397191
20,4,28,4,6.04162988580634
31,6,30,3,11.6000389649046
73,6,37,3,3.57816292758058
3,3,26,3,11.2633142276406
78,7,37,5,2.28716783837794
8,2,30,2,7.73578426171201
65,5,32,5,1.27231289198739
39,4,28,2,5.52127016751047
95,5,32,3,4.5871265031862
86,10,33,5,6.64512056343622
20,1,28,3,3.43005479947983
79,6,30,3,4.63677870478407
78,7,36,6,-2.07891080992474
57,6,34,4,3.40522865626354
35,4,29,4,4.41073540437494
16,3,31,3,6.29157764531018
20,3,28,2,5.81706991812273
45,4,31,3,7.75124036055572
91,7,33,5,0.327150958483356
17,3,25,6,2.31764776989074
80,9,31,4,5.93051542264483
61,4,26,2,7.10422530286635
9,3,25,4,6.2696652046048
4,4,34,4,4.96727955667256
57,6,27,5,5.65212924684287
54,4,31,2,7.131626764651
87,7,35,5,3.47877817816543
41,4,33,5,3.09286783416367
4,2,22,3,6.03072944183382
93,6,30,4,4.04443072810178
74,5,29,5,0.271821280473548
86,7,34,5,-0.421667353136191
13,2,21,3,6.67407180614014
56,4,33,5,0.397972393048487
7,2,28,3,5.56572676538619
34,6,27,5,4.73630058387577
60,7,31,5,5.30159547228126
36,4,27,4,2.44601104626491
74,5,37,3,1.9727852714691
23,3,28,3,6.74180477609772
74,7,31,4,4.18959173672228
84,7,33,3,4.52717312312431
72,6,37,3,4.70547170524074
9,2,29,2,8.21888531706288
40,4,24,4,3.73876421460272
64,6,27,2,8.21371229477278
5,1,20,3,5.53413374500392
96,7,31,6,-0.0477656526174925
3,0,31,2,5.74709506285675
20,4,24,3,8.31455255869162
88,10,35,7,3.94792807140094
17,2,23,1,8.10961746789142
47,4,28,4,0.764046978698937
39,4,33,5,0.908676405806371
23,2,28,3,5.24878526378125
26,3,26,2,7.79530251780024
55,4,29,2,6.23690916950486
11,1,24,4,-0.287394679396694
8,2,25,3,6.60199620826853
5,2,33,3,7.23076353496343
8,4,33,4,9.94914470295712
95,9,36,3,8.92301902937461
71,5,27,3,5.07332227691907
88,10,33,4,6.77082585973519
41,5,24,5,6.34751356725086
12,1,26,3,1.91053302722298
86,6,30,4,5.43493397541619
42,4,30,4,1.82963541350169
68,4,29,4,3.17784085030398
68,4,32,2,5.58067522245155
15,2,22,2,7.40515615507175
6,4,26,4,7.26341880777716
37,4,32,5,2.91339389724455
11,4,24,6,4.27046504426513
1,4,24,7,3.8434497362807
33,4,23,6,3.43245733815242
62,5,35,4,4.83153302167398
40,3,25,5,4.42356740577263
44,5,30,4,5.74716655962701
66,6,36,3,5.22973334382486
86,7,34,4,3.3910053000665
13,2,28,4,1.80813629282813
26,6,28,4,11.1044776853704
29,4,35,2,6.59496494145627
7,4,26,3,9.06785829990985
26,5,28,5,3.53834330082545
36,4,28,2,9.2386682446464
4,3,28,5,2.33450947581912
55,7,27,4,8.80355773750126
21,2,29,4,-1.49725777440866
33,3,27,3,5.57465424594634
51,7,28,6,3.49940345841902
48,5,25,4,6.76810436441408
54,4,28,2,6.03882206569227
27,3,26,3,10.4996519881177
1,2,30,2,7.84146981239007
10,4,32,3,7.81367046386186
11,3,20,5,4.56731348776595
21,4,29,3,10.9795072498607
42,6,32,7,-0.258457357497051
70,7,37,4,6.8324833087613
31,5,31,3,8.14571808948229
21,3,24,3,5.40678464920705
76,5,31,2,7.98031828222245
84,5,35,2,6.24664714369737
48,3,31,4,1.62292359332084
58,6,25,5,3.96278319015582
54,5,34,2,7.01937284797617
42,4,32,4,1.77940889083349
45,4,34,3,4.2304068058113
0,1,20,3,6.83068727946103
78,8,30,4,7.78942323253967
99,8,32,5,2.96870544213514
22,2,29,1,6.37873482734202
11,1,20,1,11.3511944135829
17,1,23,4,3.37150982036306
53,6,34,3,9.55860411881419
58,7,32,6,2.70019746418671
91,9,40,3,8.49641174043965
76,9,41,7,3.43829697455103
57,5,27,3,8.78478061432444
94,7,38,4,3.37625268131257
24,4,24,4,9.33863663457081
17,2,31,5,-2.04914362237274
10,2,33,4,4.22945179994645
80,7,38,3,3.74849314891932
17,4,31,5,4.337532989337
43,3,33,3,3.1102929924785
49,4,26,2,4.18095013523519
19,5,34,5,5.01031115288277
31,3,22,3,5.95581486452163
45,3,27,2,7.95352139355702
81,7,31,6,-1.0921745226806
77,5,37,3,0.578159802775443
48,6,31,6,2.07045597082313
1,0,30,3,4.00567040011222
40,4,27,2,6.7515680366911
6,3,33,5,6.35214404622185
67,8,37,5,3.42143100594608
25,2,31,2,6.76630132279434
80,6,28,3,5.97606792659781
24,4,25,6,6.4003033145999
46,5,35,5,2.60526450941494
15,3,22,4,4.02786593137959
49,7,35,4,7.39988354267434
9,1,26,2,7.99626734144819
74,7,36,4,3.73000195085493
86,9,32,5,4.42500445289542
87,6,31,3,5.40368367155337
75,6,34,6,0.801119781680508
90,7,28,4,5.5205542363584
1,4,28,4,7.71255477320728
3,4,26,3,15.0796681247223
33,3,31,4,3.36450826801424
60,5,28,4,2.93728372126823
98,9,40,3,8.14394947126702
35,5,26,5,2.42320471973355
88,7,38,5,3.67950897368025
29,3,26,2,7.55329977360718
92,9,36,6,1.44314811110662
90,8,26,5,0.913641888043471
95,8,34,5,2.5371056898804
60,4,30,4,-1.47771152174223
64,6,28,6,1.16484545834031
22,5,32,5,2.93582265913278
84,5,26,3,5.61401739809471
81,6,26,4,4.7734392825261
49,7,29,5,7.27338024757854
68,7,28,5,4.22596542181429
98,11,35,4,7.82025051205069
87,7,36,5,-1.4709383130678
26,4,27,4,5.98859014182247
85,9,42,5,2.14273141937437
69,6,33,4,4.68370460883584
41,7,32,4,8.61190778869737
46,3,29,4,0.876761931851071
68,8,27,6,4.10077674818155
47,3,26,5,-1.00313725713056
44,3,26,3,3.15081592196285
1,1,31,1,6.4141044521279
16,3,33,2,8.29232036398884
19,4,32,3,5.63590926682697
80,9,28,5,5.99004018153921
80,5,28,2,5.26335414318064
6,4,30,3,9.33104744451187
16,3,32,3,3.83156480060658
75,7,27,4,6.05308544670175
64,7,33,6,2.28235942152374
10,2,32,1,8.50580565028011
1,0,30,3,1.8305362561231
20,4,26,4,5.35993309001416
40,5,25,4,6.17124846707206
6,4,25,3,10.037657474712
77,4,31,5,1.87310221657759
59,6,28,5,3.66595150059188
28,5,26,5,7.87726007651741
4,4,30,3,11.0730377228412
50,5,29,5,6.65173198509102
82,7,31,3,8.60339897103492
99,8,33,6,-2.18439548894115
25,3,22,2,9.75671492662533
70,5,28,3,4.87900386846951
4,4,34,6,4.40626643105382
69,8,29,5,4.63853527890641
79,8,31,6,5.09599881377966
81,8,36,6,2.94996001899684
9,1,32,3,-0.271931097059646
41,3,27,4,6.34766457755832
79,9,39,5,5.00480477360067
68,8,31,6,0.3519366128086
76,6,30,3,7.22947485232866
27,4,25,3,11.9488293588651
36,3,26,2,8.23413159701496
52,5,30,4,4.70254081486449
43,5,32,5,3.10424428821831
84,6,28,6,1.8964469288891
78,6,26,6,-1.99397739383673
5,2,29,4,2.23967355306401
50,6,29,4,8.26243543398188
18,2,25,5,3.68131986056587
72,4,34,4,0.622189556495927
60,5,36,3,6.83965466667963
64,7,32,3,10.2995245185707
4,3,20,4,7.73649471768409
94,10,41,5,3.02594515347088
69,5,26,3,5.31058361076885
3,2,25,4,4.26735504516159
16,4,29,5,6.95193404413019
68,5,27,5,4.60896749542383
24,2,25,4,3.28465297699698
41,5,30,5,6.50827947241514
81,7,27,5,2.97335489166657
54,4,30,3,4.47316736325653
72,7,36,4,5.51367245847291
53,4,24,2,7.66427759337449
92,8,37,4,3.90993466981806
74,6,36,5,1.90789653202554
22,2,30,2,5.01655503370803
96,8,29,3,5.26599029125476
5,0,24,4,2.92471150993551
38,4,32,4,4.90974103697633
12,1,28,1,9.03401744499573
16,1,28,1,9.56406921079212
28,3,33,4,5.85049632361342
22,5,28,4,7.51049088522042
8,3,22,5,4.92572604142956
93,8,27,5,4.29105124432119
60,4,30,4,0.738488922283389
27,2,34,2,5.2257154292792
55,5,34,3,4.53247673818045
24,2,26,4,1.12301036109113
8,3,26,5,6.37145448988869
95,6,40,4,1.85954887037648
87,6,30,3,4.99602910892471
59,7,27,7,2.18008951452207
4,1,22,5,5.42368417472955
78,8,26,4,8.1447305860679
48,3,31,4,1.77767176028583
1,0,21,0,8.38318160927252
59,6,32,6,3.13396423335144
71,7,32,4,6.29733564141445
76,8,39,4,6.61835535576746
80,8,29,5,3.45239337995063
92,5,34,4,2.01379550089622
84,5,26,2,4.20593310149888
4,3,29,5,4.18333992966637
1,1,23,4,6.35588314430594
40,3,23,3,5.0725057476623
16,4,27,3,8.00926503924578
15,3,31,4,3.61690534373342
46,6,29,4,8.58894474499465
41,4,33,4,4.06804558786755
54,7,26,4,7.54787194759795
72,5,32,4,1.57326814154565
86,5,34,3,3.55490100152543
91,9,27,4,9.64214583921125
61,5,27,4,4.08273281826304
55,7,28,6,7.30595121793983
72,5,32,3,5.94230699244365
22,2,22,3,5.01262443565081
44,4,31,5,1.82634232219162
53,4,28,5,2.38125841860501
24,5,29,5,6.60350986394195
58,5,35,4,3.56453503177574
1,3,27,4,7.72762979667369
49,5,33,5,1.14027697341538
73,9,32,4,8.66075147504223
33,5,28,5,4.61556091259762
31,6,30,5,4.65133653338169
14,3,22,4,8.01414271464425
75,6,27,6,3.73990939562057
5,3,29,4,7.62897289618445
66,5,34,5,1.81619364496957
85,9,28,8,4.45126460672007
56,5,34,4,1.91588573391497
76,4,28,4,2.08604675882076
35,4,28,5,4.95508957063993
57,7,33,4,5.42065850071793
6,4,25,4,9.04033658513462
6,3,24,4,10.0786763685682
90,8,41,6,1.66499013059725
76,5,34,3,2.30481638490479
41,2,25,2,7.88735589102968
16,2,28,3,5.97546960280311
66,6,33,4,6.53004108590215
47,4,29,3,4.96233375592735
5,2,24,4,6.22961062894234
92,6,31,3,4.94204426334312
34,2,28,2,5.05384948419735
5,4,25,7,4.35027046061483
3,2,26,4,2.09271005363827
85,6,31,3,7.21679579794781
35,6,36,4,8.01248186874939
75,7,36,4,2.36272213472538
96,8,34,4,3.71197899020359
31,5,33,4,4.94834612629695
83,7,30,4,4.14546431869098
54,7,26,7,3.68409771707359
38,4,30,3,6.03012497915578
71,7,27,4,6.41844567681217
35,3,34,1,8.84597243864299
21,5,29,4,6.48105874015014
97,7,27,6,2.90178604433564
77,6,35,5,0.379065150345369
43,4,22,2,6.72052197156348
81,5,34,3,4.64241109109872
99,10,35,5,1.59135886490798
92,7,35,2,7.2744106371409
87,7,39,5,2.60829767197121
21,4,25,4,5.9624518489181
78,6,27,6,1.66864832842546
17,4,33,5,5.46705837809684
97,5,30,1,7.96443088023226
59,7,26,4,7.7430914242282
47,4,34,2,5.59199208220528
24,3,26,3,5.42384859200142
1,4,20,5,5.78766844612467
49,6,30,4,6.36046699054258
55,5,31,3,3.61343897797269
14,3,32,2,8.60614730025445
0,2,29,4,3.8096887770386
44,3,26,4,0.288934305406464
2,1,21,2,9.3578609979361
83,6,33,3,4.85363898607054
7,3,23,6,4.61131709317272
31,2,24,1,9.71514130263468
70,4,31,2,4.72470507710219
32,3,26,3,6.24443260793445
93,5,36,3,4.05751662005417
57,5,33,4,5.21234804827645
71,6,38,4,2.64321582539845
25,5,31,4,10.043013582644
73,7,37,6,1.22149435537213
81,5,38,2,1.85366318594107
8,3,27,3,6.66313636938845
47,7,26,7,5.29518276879559
58,5,30,3,5.72384883216337
7,4,26,6,5.17754343659653
48,3,23,4,3.89268559118525
18,2,20,2,7.50749025673721
92,8,28,6,2.25122562400315
29,6,27,7,1.55969430430325
23,2,20,2,11.5951178438974
61,7,32,4,4.23705353593349
78,7,37,3,5.46165640549419
58,6,35,5,3.05008726193745
87,6,33,2,6.89306020521895
15,4,24,5,5.25332018626048
47,4,30,4,6.97491000021905
83,10,34,5,7.75943036576942
96,12,33,6,5.37885175977424
73,6,34,3,7.24020940887337
46,5,29,3,9.43370484467157
83,5,29,2,5.10211593671113
0,4,20,7,6.83627682363195
64,5,29,3,7.8516949256063
31,4,32,2,8.79935879815935
37,4,34,4,3.38264919517539
29,3,24,2,8.71358313400634
89,7,31,5,3.81634752900953
50,7,27,5,5.63135064364639
81,5,25,3,4.4048924502628
52,3,25,5,2.13680324368817
28,4,27,5,3.88262865304272
50,6,24,5,5.10997634669436
78,7,37,6,-0.0117294810652462
63,5,25,4,7.01192066031706
53,7,32,7,1.15189623813665
0,2,26,3,7.96656814278783
62,5,26,3,6.56039664008364
18,3,21,3,6.3504689660861
47,6,28,4,4.88841538398775
48,4,32,4,4.34814194702204
22,2,20,5,3.56569067134156
38,3,26,4,3.07075564295452
61,7,32,5,6.69478815370077
50,6,34,3,8.65051073193998
97,9,37,5,4.51360807748872
63,7,32,3,6.51753519158972
32,5,29,3,9.08201171936976
87,7,32,5,0.509042021520398
89,7,35,6,0.203678888063205
44,3,29,2,7.40963118571774
94,7,29,6,4.13872574922682
21,3,21,3,9.31917315605343
75,6,33,5,-1.21743191857551
44,6,31,4,4.50407875859591
10,1,30,2,8.04599321793119
59,7,26,4,7.19171186526873
63,8,36,7,-0.820538029574719
19,4,24,4,9.43439256316724
45,5,26,4,7.40029189057157
85,5,34,4,2.35686291365319
55,7,25,6,8.33087866711506
3,0,24,3,7.03274744457896
3,2,22,3,7.96183803049465
14,4,30,3,8.91368226155365
63,8,37,4,5.94260001863191
53,4,29,4,0.39119222148541
21,4,31,4,5.48536189001123
63,5,29,5,-0.956547429918826
59,6,25,6,4.15135541362657
22,5,34,6,4.55653649955913
45,7,34,5,5.36701515677963
39,4,33,4,2.77005872417132
50,6,28,5,1.82529240031747
71,4,26,4,3.4394556564946
4,4,27,5,6.86287208808548
1,3,27,3,10.1018278121969
59,8,31,6,2.89044090387222
23,5,24,8,5.77133943691292
97,6,34,2,6.00303084315043
58,6,30,3,8.26842236850501
20,3,21,4,3.02068947165876
44,7,25,5,8.33172211141017
51,4,33,4,2.89519843073991
75,7,33,6,-0.0119856879249607
67,5,36,4,-0.0424185984962833
69,9,34,6,2.64869929570817
16,5,27,6,3.7430781082248
54,6,25,4,6.91694751895532
92,8,29,3,4.8788508059797
28,6,24,4,10.739751725795
13,3,30,5,4.14045487049339
36,6,32,3,10.4463973638088
12,5,23,4,11.4394811217944
25,5,34,4,5.81308955128391
7,3,22,4,7.35785358178869
81,7,30,5,0.838376531159286
75,8,30,4,8.73851867999576
67,6,34,4,2.85768510374264
38,4,29,5,3.79685952090766
66,5,24,5,2.67814821636643
76,9,32,7,3.9630984361294
65,6,31,5,4.83252457984227
69,5,32,5,0.869773281251099
42,4,29,5,-0.306962287613795
76,8,29,4,8.41874418327295
19,4,31,4,7.8971601354935
63,8,35,4,6.07946459284568
49,7,36,3,10.014995797117
29,2,31,1,9.04056748198949
44,5,31,5,3.03175095352762
20,2,27,3,2.71964866398106
15,4,24,3,11.6256705633606
41,6,25,6,3.83723777219728
52,6,25,4,9.24883252231093
12,2,30,3,7.47523630836818
68,4,35,2,4.44466469799997
64,5,28,3,4.73359116601708
42,6,28,4,5.25903337370265
0,0,15,4,5.95682960190353
19,3,22,5,4.78718084878397
74,7,32,6,1.24674240784185
70,8,35,7,3.68863274732994
12,4,32,5,4.53615118522153
88,7,36,5,2.59584495055341
16,1,33,3,4.13139113038128
95,12,30,4,6.60647719908743
35,3,28,2,6.34887300813807
32,5,30,6,1.16449470807474
17,2,23,2,7.70172443492335
36,5,26,3,10.8923239182893
2,1,31,2,6.03060833997248
89,5,31,4,0.912391479444654
81,5,27,4,2.50492603386865
38,4,28,2,10.5734364958913
41,3,29,2,4.98899280107915
25,3,29,2,9.27652072919615
76,9,40,5,6.66291884973096
13,2,23,4,6.13570466758819
77,8,30,5,2.58665643814053
63,6,34,4,3.40788639590651
6,4,31,4,7.71499752514109
49,6,33,6,0.561988416153653
60,6,37,5,0.862912192505934
54,4,29,3,5.03576482304503
30,5,33,4,6.46396548145759
50,7,32,6,2.73297827746397
98,6,36,5,-0.19137090198674
92,11,42,6,-0.1213261903325
60,4,29,4,0.646522483248337
14,3,21,3,8.32719126162601
91,7,40,3,3.93528384157099
59,5,26,6,0.472423335179409
34,6,34,5,6.14157045277638
56,4,28,2,6.07655431688385
25,2,25,4,2.56334156436091
97,6,28,5,0.249687747787748
58,7,31,4,8.53499195812604
41,4,31,2,4.89497521004568
0,2,23,2,11.7306439010723
5,3,33,4,2.86309313241317
76,6,35,3,6.1452882103229
91,9,31,5,3.393667686232
36,4,31,4,6.56846799911064
78,6,36,3,2.61142796363782
81,5,33,3,0.408276367189398
28,2,22,5,0.219024780904299
99,9,40,3,8.3864219451592
41,5,32,6,3.70709492958774
54,7,35,3,7.51852626315305
62,4,25,4,1.39678612245872
83,7,35,4,5.75475552801412
56,6,35,6,1.84193702456419
82,6,28,2,6.73246831545388
43,3,27,3,2.69987525138839
49,5,24,3,8.56848424544265
97,8,39,3,8.28659052152211
82,9,31,5,3.69203300364678
55,5,34,3,6.29926265980082
52,7,28,7,1.39612354842068
21,2,27,4,2.22272222675946
7,1,20,3,5.33867261687795
17,2,24,4,4.86482405935774
44,3,28,4,3.90100888458819
31,2,25,3,1.64776106793619
58,5,31,2,5.69709650120337
57,4,24,5,2.67183868078454
32,4,29,3,4.36780054908115
57,4,24,5,4.81573263343704
46,7,34,5,6.86173528556715
55,6,30,4,6.19903567796821
17,2,32,1,5.55562346719673
12,3,29,5,2.62841685385574
13,3,26,5,1.02381420827323
49,6,36,5,4.37932962482936
81,9,26,6,2.51572056564301
79,6,26,3,6.71028129781888
74,9,38,8,-1.25154797822269
28,4,26,4,4.11804074279752
28,4,29,4,8.06986972443164
11,4,34,4,4.61740062321669
62,4,31,4,-1.56698963274065
79,5,37,2,2.51439528294372
50,4,34,5,2.80682255810807
10,3,33,2,6.76483764343534
23,2,25,3,4.46804014319161
42,6,26,6,2.3165014272858
52,5,33,3,8.41264972653587
97,9,33,4,4.87797356109492
68,8,33,6,5.62772464244184
27,2,27,4,3.82410284268608
15,5,32,5,7.39077543677103
61,6,28,5,5.02332850681956
49,5,29,4,7.63525464400396
30,6,23,4,9.42781230677215
26,5,24,4,11.0046052917818
48,7,30,5,5.92696630022628
0,0,27,4,-0.727948313336791
62,5,33,5,3.4473478564054
87,7,36,2,6.52478986555543
68,7,33,7,2.37927189790394
31,5,29,6,1.22788067273422
19,2,31,3,5.71217306404454
45,6,37,5,2.73441349237363
95,12,32,8,-1.84635231572815
25,3,34,4,2.56220204152887
53,4,32,4,-0.415082953325339
64,5,28,2,7.52979837015496
80,5,29,3,4.42986297719451
59,4,36,3,4.68900397063209
72,5,28,5,-2.71385520602687
31,2,26,1,5.50966733478025
57,7,34,6,0.703576152280412
3,2,31,1,10.565220765007
28,3,32,4,2.56851965986062
24,5,35,5,5.92903421228625
53,6,26,7,2.32991403151435
20,2,19,4,1.93918103234671
31,4,25,4,4.663682069809
65,8,26,5,9.0903540154556
7,4,23,5,7.74678146964142
9,5,34,4,5.98415555016306
25,3,32,2,8.27740799253296
18,2,31,2,6.76446186112748
27,3,23,4,4.72314465617436
56,7,26,6,3.02347591737082
11,1,30,4,2.57735886512193
39,3,25,4,3.31273608238007
97,8,34,5,0.0529681972182567
92,9,29,7,3.63293957914646
73,6,34,4,2.73013442101743
9,4,32,4,6.9411888310558
9,2,30,3,3.35410147796156
28,5,34,5,2.31196150678225
17,1,29,2,5.5032355276713
51,5,29,6,2.6171926262358
3,3,25,5,5.4689439758907
23,4,22,6,5.93395234247184
4,3,26,5,3.506964672828
0,3,33,2,9.00099302291305
85,9,37,5,7.41361483340816
63,8,37,6,5.28216093957752
56,7,34,6,3.76424034961602
93,10,31,6,5.70601547077215
45,3,27,4,-1.23398864465694
6,1,26,4,1.22311643862891
56,5,37,5,0.518352226748437
84,8,35,6,0.174548276548181
21,2,19,1,6.9851576916004
33,6,29,6,6.18941745244015
50,5,26,3,8.94091508172299
8,1,25,1,8.79859677176329
74,5,34,2,6.37754748119344
64,8,30,4,9.21687764714688
45,6,25,4,7.49652339583927
94,6,35,4,-1.99127732863831
31,6,30,4,10.3299421324881
39,3,23,4,3.71559991616435
69,8,30,4,9.20782839777984
49,6,26,4,5.44550254283728
98,8,40,4,5.42970780260848
55,6,26,5,5.74936786849452
77,9,31,5,6.58029288632588
24,3,34,2,9.19463456096073
17,3,32,4,4.97019831871056
33,2,34,1,5.6758306298676
70,7,29,5,5.56940030977455
10,4,29,5,1.9497114733684
67,6,35,5,3.70508174034392
71,7,40,4,6.7694213482364
10,3,26,6,3.37059896644206
22,5,23,7,2.25495037232984
85,6,26,3,4.13874038265231
21,4,33,3,6.34254740477524
55,6,34,4,7.78233150961255
14,4,26,6,3.19660561149273
11,3,19,4,6.73644039941332
58,7,37,3,6.73983302243616
17,3,25,3,11.4218845182438
80,8,30,6,3.03499802077564
3,2,31,4,2.16811182183394
71,5,33,3,2.18349574502022
92,8,27,7,0.998542127395182
22,2,30,3,2.70484012997034
62,7,28,7,3.51484820365042
42,6,28,5,5.35933709798695
83,7,32,6,-0.265588041093638
34,4,30,4,3.51115905305771
38,5,30,4,7.91798597520249
52,6,33,6,3.42067222267288
90,5,29,3,2.39536114171653
78,6,29,2,6.77197340550925
46,4,29,4,0.4320527417377
88,5,35,3,1.71786972582137
63,4,30,2,3.7927533831625
59,4,35,2,4.91699007827907
50,5,26,3,6.03861971764356
35,2,26,3,3.59222841734745
96,12,28,7,5.1440104818802
29,3,28,3,4.62233820146232
12,3,26,5,1.84418288560287
31,3,30,2,11.066796708147
61,8,37,6,0.0795923866530481
77,8,37,6,2.18090557813433
33,3,30,4,0.731919894222709
83,7,37,5,3.24843011304725
72,7,33,4,7.1208167237221
86,9,37,5,4.0024302843865
59,5,29,5,2.19332421589961
98,7,29,3,7.68095126548736
4,4,24,4,10.3695380513968
7,1,26,3,4.52420101374493
79,7,37,6,2.24159318415434
84,7,28,6,-1.75657947102231
43,6,30,5,5.43757981063663
96,5,31,3,5.07831422430352
17,3,25,3,5.57023904331599
85,6,26,3,7.56415905380545
67,6,28,3,5.70455952680882
76,6,29,4,7.56420520564514
18,3,25,3,6.62791135366183
51,4,35,4,-1.12671136274095
64,8,31,4,5.32635535685178
57,4,30,4,3.10695986623332
99,6,28,3,4.42237611665118
92,6,33,2,6.47299573911561
94,7,34,4,1.95101914011322
3,1,30,2,4.16397400527822
92,6,28,4,2.30823581046909
80,6,27,4,3.36713759382518
75,5,34,4,1.16556278575027
43,3,23,1,6.77820799317652
15,3,24,2,10.798626603001
34,3,31,4,1.06665374798347
84,5,25,4,2.34678995725899
20,3,26,3,6.11550778017784
84,7,29,5,5.48659118511566
86,5,34,3,5.05850463132463
94,8,32,5,4.65752752348716
55,5,30,5,5.06307157482644
64,5,28,2,6.3232935415915
85,9,40,3,5.78173582620106
56,5,28,2,8.75515899705453
90,8,36,4,5.65805655317825
69,8,34,5,2.85487397829315
18,5,25,5,9.58849170014955
10,1,26,3,5.98523508677933
85,5,29,3,4.26020463675687
17,1,31,2,2.379591124999
66,6,26,4,6.3663886850303
43,4,29,4,0.491677993146757
49,4,33,1,6.77168889475504
75,7,30,5,5.90321980091954
33,6,27,5,8.05490164041906
81,6,27,4,3.57676756169049
27,3,31,2,7.26297294715756
24,5,28,6,6.17677769212151
64,7,26,7,0.123451383362735
47,7,33,4,8.45691806234334
76,7,29,3,6.14104370519944
85,9,37,7,0.164984611415516
27,3,32,3,3.00281954393584
75,8,31,3,9.88209766913963
72,7,35,4,6.79857179491368
20,3,30,1,10.3543918248146
0,4,21,3,11.9831975392825
39,4,34,3,2.39275295551601
57,5,27,5,4.00411478183288
77,7,33,4,7.53915274531356
50,5,31,3,7.84204179100204
98,11,29,4,8.533795039449
71,5,34,5,-0.392407646626257
29,4,34,2,7.321889288404
78,10,33,6,3.78852236031368
41,6,28,5,7.1050303005897
8,1,21,1,9.24448582296403
85,6,38,2,4.77711351826242
69,5,28,3,6.79245384594251
35,6,31,6,2.11332470673985
50,6,27,4,4.78531244416962
60,5,30,5,4.49534855372177
34,4,27,5,0.584128564614259
49,3,28,1,7.06692143471313
14,5,27,6,6.78847720992045
88,7,28,3,5.96862041715226
57,6,35,2,7.73951979990752
18,2,28,3,6.01226794961598
23,4,26,3,9.25045970089323
93,8,30,5,3.42883606433796
90,6,28,5,2.49809696009865
14,5,22,7,6.26689269698711
28,5,34,3,5.58500923358638
20,4,33,5,3.90904332610522
78,8,33,5,2.35587783454204
6,3,26,3,12.4677158211556
55,5,27,3,6.43878981467291
26,4,27,6,5.17240067108602
54,5,34,4,5.8126193547049
73,5,27,2,6.62455430862132
59,7,36,5,6.33550630431006
53,4,34,3,2.65223257040358
57,6,35,5,5.07768284920727
18,1,32,2,2.99107610373693
26,3,32,4,3.51844470287214
21,4,31,4,6.25274787245218
4,2,26,5,3.07233780593968
20,4,27,5,4.6665424846814
2,4,31,4,9.24756514627798
43,6,30,5,9.56904555000522
39,3,23,3,5.66892953706395
59,8,27,6,4.11793776484782
79,5,38,4,1.98398177170581
94,9,41,5,4.40302811352077
11,4,32,4,6.56207464576012
38,4,28,4,8.23945282250281
98,11,39,4,4.54873173249294
26,5,24,5,5.68038491090409
17,5,26,4,11.0514292723524
7,3,20,3,10.7748762234854
41,4,25,4,4.62106076795568
26,4,25,6,2.5490502616843
85,10,28,5,6.89203825736551
42,3,27,4,2.47016311285238
96,9,42,6,-3.93226358047699
1,1,18,2,9.0971577758349
95,7,41,4,4.21868350955103
21,2,22,2,7.99223976692603
87,9,32,5,5.74706892163462
85,7,39,3,5.04049386389662
63,4,29,4,1.22291491815684
33,5,27,5,4.28803828257755
32,3,31,3,5.33773980999591
44,6,30,4,4.51205244389212
12,5,34,6,4.54737071326507
3,3,27,3,10.0003362959351
16,4,23,4,10.9215851928442
83,6,31,3,4.22210776276509
64,8,27,4,11.3909119054137
36,6,36,7,-0.269986236067812
91,6,35,5,-5.89958452341189
22,4,27,3,7.94517505741967
60,4,25,3,6.82453299105013
46,3,34,3,3.22435979949004
44,3,25,3,6.18523615993267
57,5,35,5,-0.454487717998113
54,4,27,3,5.81849253766541
62,5,29,5,-0.486916347803827
57,5,32,2,6.9271610925351
11,2,33,4,0.471938421981801
82,7,36,6,-2.72243642741695
9,3,27,4,3.93084448301138
46,6,30,4,7.8416581704852
56,6,27,3,11.2803808853779
89,10,39,8,-0.470276887145392
37,5,30,6,-0.0475049566239161
82,7,34,3,5.84477108470858
94,7,29,4,1.50287657026631
67,5,34,3,2.91425482949652
27,5,23,5,5.30218093229387
62,5,27,5,3.07999429255282
97,9,36,7,1.22514988592487
43,6,32,5,6.02379642278224
47,6,27,6,4.46850073797933
47,5,28,5,2.46044086277736
77,7,34,4,6.57503990503267
41,3,29,4,-0.330016026193467
12,3,30,3,9.70494885484545
14,1,23,3,5.55974849477782
39,6,26,7,3.27208597528425
42,5,29,3,8.83709368753951
16,2,32,2,6.34815240049934
42,4,36,4,1.9894301228537
74,5,35,4,0.309250747798959
86,10,30,5,7.17003971695341
82,7,38,4,1.5903373050665
15,1,28,1,9.40943403812267
37,4,33,5,1.57383640017322
70,7,29,6,2.39220026503436
10,3,31,3,8.11666358083655
67,8,28,5,9.0809900857907
75,8,34,4,7.0076174054057
23,3,31,3,4.64236027514399
9,5,28,7,2.75739934000819
40,5,35,5,3.48374130181783
48,5,33,5,2.00541430667118
77,5,25,5,-1.5354248212102
50,6,30,5,4.64133679974264
92,7,40,5,-0.517561110030535
1,4,31,5,3.76320735327737
6,2,28,1,11.4896263080117
75,7,34,4,3.7142539279347
18,3,32,2,9.4980555107082
71,8,34,6,2.32192601806105
44,5,27,5,4.17861993917276
83,6,36,6,1.28039718688074
26,3,31,3,3.9124557841519
16,3,31,4,1.98962710370643
77,7,26,4,5.22201541076936
3,2,27,1,6.93606107910314
76,8,27,4,5.82684649081059
28,2,34,2,5.91486771197798
91,8,29,5,3.4979297886142
45,5,28,3,8.75501207394018
35,3,30,2,6.93502142856766
14,3,29,4,5.91445177435586
2,1,23,5,1.2860090495334
95,5,33,2,5.56610668971985
78,7,28,3,9.85512445148834
30,3,23,5,2.14947956528112
81,8,27,6,1.05609225942796
19,4,32,3,9.86273986450246
40,6,29,4,5.14895292271669
71,9,33,8,-0.661424878822611
41,6,36,6,2.84800114172958
86,10,37,5,4.9723090218369
70,7,32,4,7.32740890090035
25,4,24,5,7.91695721749804
75,9,27,5,9.98837896735354
97,11,35,8,4.06966326438483
84,7,31,5,-0.266051783242773
75,5,27,5,-2.23762228155867
30,4,26,5,5.90857264869494
59,4,25,5,3.38934672827667
15,2,29,4,1.71579310112983
33,6,32,3,7.89070192294528
62,5,29,3,7.70276915988924
84,5,34,5,-2.4214932473342
84,5,34,4,0.467529207620083
13,2,29,3,8.33517758624378
68,4,29,4,1.87110256514017
8,3,28,2,6.76396270405989
77,8,35,4,4.46498306844635
96,6,34,5,-4.22847298753087
70,6,34,3,6.92318540443661
88,8,33,5,1.8170140929412
71,4,33,4,0.798954211928179
62,5,29,5,4.09432445705588
50,6,31,6,1.76516366629112
17,4,32,5,5.55641595976307
61,8,26,4,10.2551896677467
33,3,32,4,0.805207532162469
44,6,35,3,7.21411398037043
21,2,26,3,1.50386787530384
65,6,26,5,5.95963746098143
50,3,26,2,6.22708913439882
73,4,32,2,6.06085485927824
74,5,29,2,5.02580445642312
81,5,28,4,4.36518433482072
39,4,27,4,6.1410796936218
25,3,23,5,5.7839659509036
86,9,27,5,5.31316635196876
21,4,28,6,4.31256467303721
47,5,27,6,4.71559923434377
27,5,30,3,6.88039363287293
78,6,31,4,3.18434185869563
58,6,30,5,4.84453568658184
76,5,31,2,6.70104253563102
64,4,29,2,5.23858299488651
21,3,29,3,4.9545723798557
85,8,39,6,-0.120862320661643
88,6,29,5,-0.72564043860121
46,7,35,3,9.74800945449323
69,4,34,3,0.367567930275097
82,9,38,6,-0.254184417118635
57,6,28,4,5.38975677620739
15,3,20,5,6.00255916928299
65,5,37,5,-2.47584767730856
78,7,35,4,3.57908914768074
76,5,31,3,2.26719665183573
97,6,26,4,0.865577693974972
91,10,28,4,6.14638983179275
1,1,29,3,3.9961846102287
94,7,38,4,4.27936503381598
49,5,35,4,1.14222833673076
55,4,35,2,5.06961669348721
27,5,35,4,7.40066795472848
71,8,39,3,4.64504827936564
18,2,20,2,8.71911024605767
34,5,31,6,0.422264684701982
70,4,32,4,1.67079631432764
42,4,24,3,6.25231503775282
13,4,31,3,7.88302282218237
71,5,33,5,-0.203132590053134
73,5,34,4,0.091490624213713
13,1,22,2,5.98456056472481
98,9,41,5,-0.103325017874447
86,6,37,2,5.29288044618851
5,4,30,5,7.50039485842149
19,2,19,4,5.83253050071482
24,2,25,3,5.77334542408562
14,2,32,1,7.40571985563294
25,4,28,4,5.50307443710118
14,3,24,4,5.69197488936527
81,8,30,4,3.95975237247003
65,6,31,4,5.46052445955336
73,4,27,4,0.803350705341741
44,4,32,3,6.47729568502973
48,7,33,6,5.35214380683427
45,4,26,3,4.80732963278969
43,3,28,5,3.68761705445223
98,6,35,4,-2.09076313332339
83,7,32,6,2.79642227906519
25,3,29,2,7.25520286908527
21,2,32,3,4.66753856335118
30,4,29,5,5.71356263261003
65,7,36,4,3.08074368094609
59,8,26,4,7.41358232667153
65,4,27,3,4.3145729217159
1,2,33,3,5.311776919149
32,5,31,5,4.84209647454389
52,7,30,6,5.68312305719141
92,6,33,3,2.03582008140977
10,2,31,5,1.32964476758871
49,5,36,4,3.47987622812296
90,7,32,2,5.63094762830896
78,9,28,7,0.546645467074622
98,9,43,6,3.1368979040398
56,4,32,4,0.693520826575739
6,4,33,5,2.70536515344678
61,7,26,4,8.76931203671199
98,9,28,5,4.93734072559835
65,5,33,3,4.00273147995673
15,2,29,3,2.1759147749975
12,2,19,4,6.50249174766576
57,8,37,5,6.68331917525836
86,8,34,5,3.43355352919907
28,5,25,3,8.20973096888259
17,5,27,6,7.06483990667167
31,4,31,4,5.42865815103371
29,6,26,4,10.4904485491948
23,3,33,4,3.5305957199948
28,5,35,6,5.36420640218652
61,7,38,3,6.99213661020413
8,3,24,3,7.86138619494275
85,6,32,3,3.80543885336698
95,10,40,3,5.76866250547669
29,3,28,2,7.97772502071787
37,6,27,6,3.76433587464436
80,9,29,4,8.42381191332732
83,5,34,2,4.03623755225254
95,7,27,4,5.22222045374617
58,5,26,4,8.03423159814289
10,4,23,4,13.1228803696374
37,5,29,3,7.49685298660669
62,4,31,4,1.15282556559203
6,3,34,5,2.78443972981521
57,7,28,7,1.06532402087878
9,2,31,4,4.24043757829464
9,3,25,3,9.08674002736559
80,5,28,3,2.1331680542271
66,8,26,5,6.32180469683502
52,3,35,3,3.56243737211101
29,4,25,3,9.72497819192835
48,3,23,3,3.98351092517144
65,8,33,6,3.97570682404125
43,4,33,4,5.47379132333756
79,7,33,4,3.51274877868347
43,4,28,6,1.5514125834428
30,4,28,3,5.73093302569272
6,4,25,4,7.21491044357534
6,4,29,6,4.45693751090352
11,2,30,2,9.42034510417864
77,8,33,4,6.69415419161285
46,5,30,4,3.27195751116651
60,4,35,2,5.91519061098161
36,3,30,4,4.2275087952542
57,4,26,5,3.71095031671665
7,3,26,5,5.10535467140015
85,7,38,5,-0.174115187477935
25,3,30,5,-2.01418044553502
49,4,28,4,3.64694946947345
51,4,27,5,1.06252199573836
48,6,36,6,0.00134349485506657
67,8,33,5,7.68928616630423
40,3,28,4,5.02067420793325
51,4,31,4,-0.213201386030643
40,6,29,6,2.64283812234517
37,3,34,2,7.34586866814552
85,6,29,4,2.77136237367953
13,5,31,6,5.04921840922743
7,2,26,4,2.72817140949955
92,6,38,2,5.2604452336622
79,8,36,4,5.73355340972967
88,10,28,7,2.85009927881532
88,9,35,6,0.879971134032632
52,3,27,4,-1.23598163892138
94,7,39,5,-0.711817568282051
6,1,32,3,3.90285122889735
22,4,28,4,8.95563535578216
53,4,34,2,4.76871457216434
83,7,31,5,5.37355889867818
59,6,37,6,3.11543580621216
84,6,30,5,-0.520528302011838
29,4,29,5,4.17073120764999
17,1,22,2,5.46628056125238
16,5,29,4,7.27060899060443
35,4,24,2,12.8737920048824
59,7,35,4,4.56381539288289
12,4,34,3,6.29194889389323
65,5,32,2,8.24860088008278
48,6,32,4,8.22879413704289
79,6,30,4,5.12046377798829
96,7,38,3,6.02379688416379
45,4,28,4,3.18002493529212
32,4,33,5,2.23341895660268
96,8,31,4,5.09302735287466
57,5,35,3,6.77870984467198
1,1,23,4,2.84479532579817
98,9,30,4,9.07620951297554
45,6,28,7,4.73576213453057
34,2,29,4,-0.983690151959318
95,10,34,6,3.07858716195408
88,6,27,4,3.49309031856883
93,8,37,5,4.02430769399483
28,4,26,5,5.30090693524882
2,3,22,3,10.9876101614345
73,9,34,7,1.47575750993372
83,8,36,5,5.13345774111239
52,5,24,6,5.22600013903895
35,4,30,2,10.6980973588984
72,8,29,6,1.07110638692978
30,4,34,3,7.95015531924854
57,5,27,4,2.80487455290537
89,7,34,4,-0.173181091971779
51,7,33,6,3.21490568846944
79,7,28,5,3.21941639198146
36,5,26,3,8.78693267289529
86,10,28,5,5.84798183648078
61,6,25,5,7.92593120363356
35,4,26,3,6.18859176318074
93,10,28,5,3.49907295569677
47,3,30,4,1.26369333214503
88,6,34,2,5.56501151829714
29,5,27,4,6.67141693669413
22,3,22,4,7.40861834324433
90,11,31,4,5.92777677959469
5,0,25,3,1.50944644432453
83,6,27,5,1.32297482975199
93,7,29,3,7.9915778549445
90,6,32,1,8.24638721443122
13,5,30,4,7.98328666370469
10,3,21,3,8.78447453474549
9,1,24,3,6.0172048929278
93,5,31,3,1.26894115066217
37,4,34,3,7.48605033723338
76,5,32,2,4.20360891282719
57,3,28,3,0.523976851945221
99,8,29,3,8.9556946272719
68,4,26,3,3.85534260704268
35,2,34,4,-2.02384651007366
84,10,36,5,4.85056644689057
99,8,38,6,-5.38799122532305
84,6,40,3,5.6096961360263
76,6,30,4,4.23362532151984
39,3,33,2,7.08033353384868
8,4,32,6,1.72373641522481
51,3,24,4,2.10582317234363
41,4,28,5,1.57929497088152
58,4,35,1,7.64445431490681
14,3,24,2,9.09310751332197
16,2,30,3,5.93420371481908
70,6,32,5,1.23717852019684
36,5,25,5,4.72258772608807
79,6,35,5,-1.3684609381863
49,6,27,6,3.60775280265392
12,4,29,6,4.12047508654001
68,4,31,3,4.1467451991916
21,2,29,2,3.72879088762202
22,4,25,4,9.39793162109283
47,7,27,5,8.20066716795049
76,4,33,3,2.84419613914322
92,6,39,2,5.42690166856679
43,6,35,6,0.328135546100532
30,5,35,4,8.72361714012882
8,1,24,4,3.5451656259857
5,4,34,6,4.01650660197128
45,5,27,2,8.75342464260925
73,8,38,5,4.92711285823229
59,5,37,4,5.42396909563362
89,5,27,3,1.33352169416622
60,4,29,5,1.84473409066746
90,6,31,5,-2.95086505716105
37,3,22,5,1.88037775108207
45,5,35,4,5.41169065779899
50,5,36,6,2.11499290374214
27,5,26,4,8.66979117045917
56,4,26,2,5.92371536951354
83,7,27,6,2.57912007585495
11,2,28,4,3.3530892102816
47,3,33,1,6.49215190818169
97,8,34,5,1.6235117430827
15,4,24,3,8.91927376004887
19,2,32,4,5.33775767479682
15,2,19,3,7.27801317727707
69,7,33,3,8.14432091697818
41,4,27,2,7.91972075945047
98,11,44,6,-0.561872586485308
40,5,32,3,6.82472583629238
33,6,25,8,2.54752862208305
95,7,29,4,4.67129260579777
48,4,31,2,7.12665773793165
60,4,26,2,4.11833238873049
85,8,30,3,6.80404472024901
25,4,33,2,7.04350712792825
42,6,26,3,7.58780197342079
17,2,24,2,7.94126871988672
12,3,27,3,6.93514234123918
92,5,34,2,5.32594037133266
27,3,27,4,3.02510173937571
93,6,38,3,5.94919245835164
96,7,29,3,5.74224477274647
49,3,31,3,2.46059569110457
28,4,27,5,2.21402480514294
92,9,34,4,5.99540564552052
55,4,32,1,7.61648743665168
10,3,22,5,4.02286722328375
91,9,37,5,1.72086646535291
23,2,22,3,7.74755134287787
88,6,37,4,0.271048904360379
80,7,27,3,8.90944961062782
32,2,33,2,4.29782454424341
37,6,35,4,3.9849395276291
52,6,31,4,7.13344218329702
66,5,25,4,6.39471025975501
71,6,29,4,5.11836115586657
13,5,25,4,9.73147621878828
74,7,30,6,2.61901854758876
65,7,31,4,8.17856837973825
41,3,34,5,2.04983174748738
27,5,30,5,5.55973301561713
59,4,29,5,0.0690559781341591
81,10,35,6,5.17067805229615
46,5,36,4,4.66761631865332
68,6,32,3,8.06000104569959
66,8,29,4,11.9484312996781
32,4,34,2,8.39778172066075
69,6,29,2,6.98427810549369
58,7,30,7,2.6592208506241
54,4,32,4,2.36952110398014
94,6,26,4,4.0794919454702
52,7,26,5,5.58698138503907
9,2,30,2,8.42266574401821
2,0,23,4,0.483622194109859
49,5,30,3,4.47285473685482
61,4,29,4,-0.0882818535487582
53,6,26,5,4.94008076540794
2,4,32,3,11.5117017721944
61,5,36,3,5.77308775687303
67,4,31,2,5.74702635818947
26,2,29,2,5.94988417191411
21,4,27,5,5.60267243042093
26,3,32,4,4.7399135528179
83,6,31,4,1.97670603768767
63,4,33,4,2.40123379249038
99,11,42,4,6.81220463370694
86,6,30,3,6.09162991706435
28,2,29,1,8.14986919614044
82,8,30,4,5.27460207325171
85,5,26,5,0.658322175648084
81,5,30,3,0.753500083367568
82,9,33,4,7.63658649704326
62,6,26,6,0.759708365279504
86,8,34,5,5.34195934228689
79,5,34,2,7.04813235693039
36,4,28,3,4.42981037302197
73,6,25,3,9.0943737073643
35,3,28,2,8.99358246254377
15,4,34,5,5.87757696582869
83,9,31,7,3.88355400632678
43,4,27,5,1.22412420947534
39,2,27,1,4.4102509640087
88,7,33,3,7.40503396273421
18,2,29,4,4.23626879365103
27,6,35,4,6.64319360068506
63,5,37,4,2.35664132254549
15,3,34,5,0.214303070105305
11,4,34,4,4.71119426768536
44,6,28,6,6.39946467711681
30,5,35,3,5.42978149945023
7,1,27,4,4.47642302086344
39,5,26,3,10.1191928589459
76,9,30,4,7.77757075883904
24,4,23,5,4.15445096386275
40,5,32,4,7.77692217308501
70,6,30,6,3.72033847155253
31,5,35,5,2.04575146615334
11,4,24,6,4.44752781475651
17,2,22,2,7.59590325210953
53,5,26,4,6.32808296975223
23,3,27,3,5.25263864966983
46,4,30,4,2.45427759281462
8,1,17,4,5.90413148858065
48,6,26,4,6.70593569599305
50,5,35,2,4.41639159454287
19,1,23,3,2.67620553277322
18,1,22,3,5.37454598989389
27,2,23,3,4.53388688865215
30,3,25,4,4.53789848264358
20,3,33,3,4.41581910779835
70,5,26,5,3.50494267763087
6,4,29,4,5.18203516010661
88,10,41,7,-2.45913995536826
58,6,27,4,4.82636726718128
23,4,33,3,6.86714578377578
30,6,32,3,9.5336067996022
47,6,25,6,6.80046410283229
36,4,31,2,6.04024590983452
3,3,31,2,7.93415415336652
75,6,28,5,2.4738966332675
49,5,30,3,7.32415740296317
25,2,29,3,4.79302403570438
59,6,28,4,6.16406264603348
46,3,29,1,6.12542874598649
46,4,30,4,1.56600459903869
6,2,31,4,1.14992933870506
27,6,27,6,4.32809004585621
8,1,22,2,8.06093429987643
79,5,25,4,4.56943708437413
26,3,33,2,5.7578257098545
17,3,24,2,6.49436698240927
21,2,29,2,8.65125858772385
77,5,31,2,4.63869786075367
6,1,20,1,13.8460526130872
18,1,30,2,6.26268280157997
21,2,23,3,5.24757498627797
57,6,29,5,3.02978413529327
44,5,35,3,2.84599467400332
35,4,30,5,3.66021456487477
10,4,29,5,7.43487755343569
85,6,31,3,4.69896881696985
14,2,23,3,6.3454362692698
69,5,33,3,5.87139655399771
66,7,37,5,3.21729712549606
42,6,25,5,5.89458565856349
62,4,29,3,4.15064221960605
28,2,23,4,6.19257973001081
50,4,31,4,-0.0448670277040346
98,9,34,4,7.05466430835678
20,4,24,6,4.6526695045851
52,4,25,2,9.25139510134434
59,4,32,2,8.31892436626508
41,5,27,3,6.93723542615424
82,8,34,3,9.01823591944978
67,5,29,5,4.62302145214903
92,7,32,5,-0.161164379604736
52,7,35,4,8.63246328964181
32,5,30,5,3.42885622996923
33,3,31,3,3.04352686446036
44,7,32,6,2.92716091300583
69,7,29,5,5.62356996458685
6,2,25,4,3.05825022142871
70,8,36,3,7.68940657873696
91,9,34,5,5.61976491578079
82,8,28,4,5.6923819920947
93,9,41,4,5.48472286462206
15,2,34,4,4.99115468719162
10,3,33,2,8.90299093755132
33,3,30,4,4.70081872052077
52,4,30,1,8.78254657671122
40,5,31,6,1.20488070672206
63,8,29,5,7.21894668496824
87,7,42,3,6.84885631270914
58,4,31,3,5.24741478228493
55,3,24,5,-1.25085622900699
12,3,25,2,8.79479476918465
8,3,32,5,2.72976701228248
20,1,32,3,3.6157353916284
9,3,21,3,11.2964380132134
58,6,37,3,6.95367077094465
76,7,40,6,-0.697035336404279
66,7,33,4,6.2413190319009
7,2,31,4,4.54209382985581
90,5,30,3,3.55817027751956
88,10,30,7,4.34169235686728
93,8,29,4,5.04942183061181
26,3,25,2,9.3518691264288
29,4,24,3,8.06576978106607
92,6,35,5,1.24580790878633
31,5,34,3,9.01415645241828
29,4,29,5,2.93289819552188
48,7,32,6,4.67595296120028
52,7,29,4,10.5589212294993
7,4,27,6,3.43713771868621
7,2,24,5,2.31154102026215
54,7,31,3,9.37664632285891
75,7,37,3,4.3835225114977
40,5,24,6,3.58211606588938
77,8,36,6,3.12007801359282
95,8,31,4,5.23600938019692
43,6,27,5,4.96899929417577
82,9,29,4,10.4401556094886
53,6,32,4,5.66579557882317
33,5,27,3,10.0723688624952
96,6,37,3,3.96112808885497
31,4,24,4,7.29476296891296
10,1,32,3,3.47371849001589
15,2,31,2,3.25918379493068
85,5,27,3,4.7255667139395
91,9,38,4,4.18277947905994
92,6,34,4,-0.399263139067278
55,4,27,4,1.25486908501567
60,4,28,4,2.11264515255626
49,4,25,4,7.0870743173106
20,3,24,2,9.35922436767563
33,3,24,2,6.58663218857577
73,8,28,5,8.38828264665046
10,3,27,5,5.19799244371329
33,6,32,4,9.68580304230179
91,8,36,6,1.56961963157168
2,2,29,4,4.22961059378451
39,3,22,4,4.18565403958772
12,4,23,4,6.37589135174847
69,8,30,4,4.94906801720593
62,6,34,3,7.45681349315853
78,7,37,4,5.28157198217224
33,4,30,5,4.71294259190696
1,2,18,3,10.7516692581855
41,3,28,3,5.02803884420284
64,7,28,6,3.65025754914243
51,6,30,4,6.40420762884743
22,3,23,3,9.96953628267178
79,5,26,5,0.817138227796097
73,5,37,2,4.4610256749239
1,1,31,3,6.24639341633526
44,4,33,2,6.84155815955265
19,2,33,1,6.32007876134903
97,6,38,2,2.88396814454879
38,5,28,5,5.01528569227287
3,2,28,3,5.01334968364403
82,6,36,4,4.54997778558057
61,6,34,2,7.79395866613596
97,8,29,4,5.51092569327331
43,4,30,5,1.94911615297682
17,5,25,3,13.5861179694042
63,8,34,4,7.33836430724001
83,6,34,4,4.19481246067679
15,5,28,4,10.6361013212131
78,7,33,5,5.06816284310152
72,5,29,3,3.42416260330659
69,8,27,6,4.08918292937163
72,7,26,3,10.6756964779363
73,7,32,5,1.07317491699682
58,7,26,5,8.52098892646894
2,3,27,4,4.43069785549861
19,2,30,2,8.80792323751417
55,4,32,2,3.80890376727827
14,3,33,4,3.44492110804661
79,5,35,2,3.82197368627421
2,4,32,6,3.90644645857717
45,3,28,5,2.0539684646351
91,7,29,4,7.32838034153968
77,7,35,6,3.02665855723808
7,4,28,5,6.52575935276115
50,6,30,5,4.84675626842567
62,8,39,3,5.79725223718258
47,6,34,6,5.10476105638603
75,8,39,4,7.36413989524609
80,8,32,3,8.9467378168273
3,4,21,7,5.99472352678041
11,1,28,4,2.33074507773389
64,7,34,6,-0.368772322931292
55,4,30,4,3.51786666729141
62,4,32,4,-0.452371242468145
5,4,22,4,9.81100013618388
16,4,27,4,7.97504758527992
80,8,29,5,2.56604179565392
30,2,26,4,1.89943177234518
42,5,36,5,3.13328914951121
0,4,23,4,6.71216334097923
42,4,23,4,7.70217176982152
88,6,31,5,-2.50731116683758
44,3,31,4,-0.906553408307238
6,3,33,4,5.95262084398968
52,5,32,2,5.01620403563791
38,5,28,5,1.32162098550175
50,4,31,5,3.41540367532456
68,7,29,5,2.2146488684169
97,7,35,3,5.4051535084465
52,4,33,3,4.33568076942682
72,9,30,8,-0.00156218883010695
58,8,29,5,5.28335032897208
62,5,25,4,2.92398911568716
8,3,31,4,4.41980969348719
24,4,27,3,10.4701177302279
45,7,30,5,4.03761978410744
70,5,31,4,4.73024408272771
33,5,24,3,11.2347335777988
4,3,24,2,10.5965534364747
61,4,35,3,2.3062119008712
59,6,37,3,4.97665598790434
71,7,31,4,6.54455204595087
1,0,26,0,6.58099647188862
40,4,29,4,4.46922518151413
55,7,28,7,1.79027833342657
98,13,39,7,4.25160952421827
45,5,31,2,8.12932964697219
0,2,27,5,3.51419024592827
93,11,35,6,2.80353379525882
87,6,29,3,6.02728015049035
9,1,22,4,3.45407851040076
19,5,24,4,8.82019319112113
30,5,32,3,9.67638396711432
46,4,26,5,0.495565855423598
2,4,23,5,9.71313341450513
0,3,24,4,6.29448266468827
87,6,28,3,5.4984953633647
