K:5
N:1000
Gap:0.377253102341898
Rho: 
1 0.8 0.45 0.2 -0.3
0.8 1 0.45 0.5 -0.1
0.45 0.45 1 0.1 -0.3
0.2 0.5 0.1 1 -0.5
-0.3 -0.1 -0.3 -0.5 1
X:
63,6,6.89175457496651,0.423768404384559,0.446208970621228
31,4,0.451674626617232,0.521879695790047,0.306225070497021
24,5,1.81233192712169,0.302150320251215,0.980476830620319
37,6,2.86287919493238,0.542025963278645,0.649111073464155
35,4,3.19506135152235,0.278220339900556,0.106796901905909
29,4,0.382703681959415,0.561376585127944,0.275076173478737
22,4,0.0486244669435134,0.436196845469481,0.623524273978546
55,7,1.97738110210357,0.441804707029319,0.762571286642924
18,3,3.00443862187025,0.085453145338717,0.87050134409219
0,0,-4.31404225523908,0.0166923468121003,0.918665766716003
36,6,2.54692991398757,1.12317882937597,0.413979225326329
88,6,4.77755339633179,0.0663944745996548,0.389783256687224
30,5,8.4886140459912,0.346463385027576,0.718371734721586
45,4,1.2046512199164,0.121541659580544,0.559881207766011
43,4,4.30853840956081,0.0296601670561358,0.717627222416922
41,5,1.11450480332026,0.263952795883133,0.372140428051353
96,12,6.19568092463933,0.931233753863365,0.383069372270256
14,1,2.4791853849265,0.000502218207396177,0.886851287679747
40,3,0.0346801541489521,0.164627821184695,0.329601173754781
23,3,2.93858777753413,0.028033284470439,0.546691583702341
12,4,8.03286077930563,0.357167498187578,0.655305224005133
31,5,1.1052621106372,0.393281442474959,0.694976703729481
58,4,9.11077128088475,0.203010239860717,0.00553290639072657
66,6,4.62580941632065,0.251635902632899,0.603459534235299
89,6,4.39941380653975,0.0529924790953623,0.283463074825704
6,4,-0.552827994503605,0.161401316290721,0.776597403688356
94,7,11.8744836273962,0.108484801254235,0.221203729044646
74,7,10.3883756813032,0.0548829401377589,0.677261274773628
65,7,5.38700543811413,1.24958526249069,0.281163579318672
21,2,6.31014040090848,0.202334393646109,0.102799135958776
39,6,1.86172207279818,1.32360331287705,0.476023632101715
32,3,0.308936669740955,0.0665348112815991,0.733100109733641
48,5,7.99575642619523,0.112930609844625,0.299909974914044
84,7,9.16306980220849,0.493926962816572,0.0732003003358841
44,6,6.90035849749528,0.0733432958368212,0.660182834137231
50,3,1.82370279900541,0.00998683051688867,0.585737494984642
99,6,3.03876601225501,0.0186490679077833,0.829861992504448
30,3,1.28853615751111,0.0177477871035508,0.668784541310742
4,3,2.21143471440372,0.217114561630005,0.927001460688189
33,5,2.395744897873,0.365657714174545,0.75652497750707
12,1,0.982298155981175,0.0285725032979432,0.697221786016598
71,7,9.50616557728814,0.862874254542303,0.0129894185811281
59,6,4.63941708760686,0.329376681930128,0.613703146576881
54,4,6.20381198648634,0.0713515464449301,0.449382553109899
42,6,4.21165484671786,0.16302829911001,0.902798724826425
57,4,3.00696711209772,0.146338157355785,0.190532913664356
33,5,4.46067350777269,0.086287290090695,0.916402922477573
87,7,9.00965935234728,0.0419003580775012,0.568816178943962
33,4,6.61951121060378,0.215591257660392,0.232557840179652
42,3,4.39835860297621,0.0788385421037674,0.52401065081358
48,4,8.90604103666323,0.165737422009855,0.0629308226052672
63,5,2.68661315054737,0.122455924516544,0.697340667713434
19,2,6.62737461481311,0.0364751743618399,0.359138996805996
53,7,4.06653413058025,1.2662380183952,0.376039907801896
56,5,3.26150992951406,0.151345421676524,0.542110068025067
45,5,1.97359772577085,0.0376538280397654,0.961863439762965
92,6,3.31700100865639,0.422275308498597,0.354278279235587
12,2,0.593692276600092,0.154041218571365,0.389448209200054
57,5,3.16266506048928,0.304080671154636,0.331155673135072
26,4,1.89873578825101,0.0633497686152388,0.818052255781367
56,6,3.70804163944689,0.525007285611862,0.674136188579723
75,5,4.76547585470005,0.266632964557197,0.160407706396654
23,2,1.01280870999504,0.19415411496382,0.179811218986288
1,3,6.51474559068861,0.413301865083581,0.550805528182536
17,3,0.0305851881550838,0.0565264467149973,0.77172839269042
20,3,0.370080774390464,0.0550011124686117,0.988549276487902
61,4,5.89079697488025,0.171502051060088,0.0977405714802444
95,9,6.51374658925938,0.138190448400564,0.821377499960363
22,4,8.15943875559949,0.0491818532813856,0.622311968589202
66,7,3.69513017271582,0.593559671048542,0.507322391727939
66,8,7.59514746325003,0.160158139653504,0.709396542049944
77,5,5.7960741157112,0.0204031901666895,0.718878895742819
99,6,6.95605632619821,0.112426258274354,0.0480986163020134
93,8,9.41670728857143,0.202225541219789,0.149407742079347
9,1,-0.0974425246055377,0.00116830080301269,0.779111177427694
93,10,6.23473609502508,0.400864034714759,0.304113018093631
96,10,13.6823751872682,1.22937276626105,0.110520713496953
98,7,4.83649290411563,0.433699244146651,0.0253547634929419
59,4,7.99529096416655,0.100632110494189,0.493077054619789
15,3,4.33602438013902,0.115218391617289,0.679419402033091
22,3,0.593162727276646,0.0391002604737878,0.952963975723833
38,6,3.83136298463073,0.193719612191173,0.769677731906995
6,3,1.04247503724737,0.369812326019114,0.429245573701337
72,7,3.53781487933117,0.451333572601384,0.541105048265308
58,6,8.87442028584163,0.26282531650618,0.080974122742191
35,2,3.86351839321151,0.166098995017819,0.248020481783897
68,5,9.28201048939247,0.143568819505163,0.0699094678275287
41,3,6.67842697086363,0.0329619706837613,0.27433364582248
76,6,6.02318349023294,0.0234650240934223,0.830690531991422
42,6,1.28110187448399,0.637276897641057,0.646252609556541
56,6,7.13419347210542,0.185565701908174,0.715918980073184
74,7,5.08563402677559,0.60442416599595,0.438551182858646
88,9,12.18092017206,0.66912743910172,0.215928146382794
80,9,12.130432748496,1.36276328230376,0.021021437831223
36,4,8.18287875109197,0.187368998293507,0.484073757426813
43,6,2.55049333472103,0.241402264673936,0.956301999744028
87,5,4.30610414565494,0.136912702349946,0.199072633869946
88,9,3.9786801566162,0.254000889825377,0.51953478786163
91,8,10.1655372494258,0.183601313320257,0.683012066176161
82,6,9.08695816639425,0.137990765622817,0.273094397038221
86,6,12.005374707619,0.0342037811642513,0.619784932117909
9,3,6.21494659820516,0.0223243612720469,0.92732825060375
58,5,7.60775307497918,0.024182810375324,0.534137501846999
27,3,6.11973282961861,0.0464240072760731,0.589931550901383
54,5,6.23220205799223,0.254104488984424,0.450091916369274
17,5,7.55994016447725,0.0711088017560542,0.87684271694161
6,1,4.99790537668187,0.0613230395829305,0.426785301184282
89,8,4.01761991858149,0.617731019357377,0.329968307167292
52,6,4.8443927190111,0.0755949039012194,0.835242641391233
93,8,4.61069547083878,0.117657856317237,0.467244039988145
98,6,2.66699603435816,0.419380484118887,0.187474637059495
62,6,4.60427061149305,0.394978501347309,0.346306687686592
47,3,6.96112504520793,0.00481162668598706,0.419985679676756
58,5,9.22774641876477,0.251904037283773,0.0214865759480745
90,5,5.28765906990303,0.297249404919437,0.0144295578356832
0,4,2.11471230369312,0.0553273849654943,0.947183202719316
64,8,7.30432310106386,0.748379815350433,0.52268810546957
73,5,8.96703434320845,0.163081547361799,0.0846511917188764
20,2,4.54367500318805,0.0139482511440292,0.712172016035765
76,6,2.06089875020072,0.0544333052821457,0.925129915587604
47,5,9.33889530676905,0.0332515389891341,0.653687961399555
74,7,5.91166083905322,0.888420355919391,0.260201656725258
1,2,-0.334226911593903,0.0649864015867934,0.448785439133644
76,6,4.62033639207718,0.0728976153768599,0.447646917076781
97,7,5.5941143599277,0.367055690360671,0.214714536676183
71,6,4.6956724430368,0.665344464381985,0.0575941952411085
48,7,2.44860878106553,0.703199863391829,0.728348939213902
58,6,5.60934263314121,0.210864446581084,0.652221439406276
38,5,5.57285001023881,0.537473029891187,0.0845057400874794
87,9,7.5169497841741,0.236533542618829,0.822097660740837
62,4,3.07187177818977,0.1549033181509,0.482582122320309
25,5,4.47440267855305,0.199193108567075,0.868499307893217
16,4,-0.540961118110817,0.651003647896553,0.441519785905257
39,4,8.25465090812152,0.308953250282186,0.0749796673189849
30,4,2.20398086378677,0.0651614124171949,0.975220319116488
21,4,1.09478536030506,0.254197359540242,0.763808501651511
16,4,3.18566909443516,0.0925718564540148,0.957748988643289
26,3,0.204824986361675,0.103881552233361,0.636097678216174
5,0,-2.34524995434314,0.0154391711850933,0.877256878884509
65,6,4.8684373970299,0.060308798472426,0.814065519021824
64,5,2.2075318760073,0.513433669207102,0.207952958531678
78,6,8.27394802854595,0.21337755219796,0.121871406212449
84,9,4.87791640879207,0.29354034270041,0.536100890021771
55,5,7.69972135283278,0.39250178307057,0.0465523228049278
88,10,7.20998874168788,1.0273822149668,0.476181040750816
18,1,1.50353664587936,0.104041018858654,0.131812013452873
85,7,5.66415885048738,0.413265171905464,0.0283339174930006
75,7,7.16507191557861,0.558463054211968,0.247537940973416
56,6,5.82332939841521,0.092360013183787,0.6432818940375
45,5,6.49325443104573,0.128594562760554,0.341081860009581
87,7,2.86873251348213,0.477647291941053,0.448628545505926
16,2,3.05763369616565,0.0112883145128354,0.769853886216879
85,8,5.16835614212158,1.09337129903244,0.0622607313562185
60,7,8.88660054771358,0.823596205520344,0.354535939404741
24,2,1.12836424169667,0.0273444172926247,0.560279976343736
71,6,5.66594317851524,0.268010792760321,0.362908452516422
9,4,5.94245600947693,0.106680744211189,0.891799102304503
32,2,1.45597315445008,0.00119064508491347,0.806924722157419
3,3,4.89923077107989,0.408600334057069,0.747574085369706
39,4,8.35873127826313,0.338882649772543,0.0348544400185347
75,4,7.85899830646369,0.115923659177497,0.0334841446019709
31,3,5.3903626560878,0.13173749903217,0.365922116907313
2,4,-0.86958884043516,0.147810108959675,0.992746191332117
4,3,-0.247647524445941,0.364573989413628,0.393699836917222
16,2,2.26330693688927,0.0100967527832836,0.957137780962512
99,9,7.80503881053475,0.817470258505906,0.0684161309618503
73,5,5.45733534480259,0.0547521578465614,0.686872847378254
95,7,10.9360156370239,0.0839677781332284,0.257949665188789
35,5,3.15862817309019,0.240696605284441,0.427659268956631
6,4,2.08267543240217,0.21105470204607,0.716446375939995
99,7,6.8599704083338,0.0748090881163187,0.780716409441084
30,4,0.27460778051373,0.255149439432401,0.676500440109521
63,5,4.4453040031982,0.0546181357931346,0.470865822862834
98,6,5.13483898393543,0.2006876598113,0.21646540123038
10,5,7.50898943092312,0.126523698563688,0.888032207265496
67,4,6.61179672429955,0.0383801487041637,0.363145834533498
59,7,4.02733579372773,0.252612063309307,0.723816277226433
52,4,6.75785691669371,0.163003465626389,0.137631970224902
8,2,6.48023656867606,0.0182103000115603,0.649979558773339
6,1,5.84098002428087,0.000869863648876658,0.93276444892399
81,9,8.40647397176655,1.24422199106613,0.262251738226041
13,3,6.1835766163948,0.405630023197687,0.456414657412097
24,4,1.17974221675535,0.0484122111229226,0.972424440551549
23,2,1.72414356930344,0.0763011611589448,0.838657865766436
5,2,5.39682577814107,0.0205854083178565,0.847188046434894
76,9,7.95122301803309,0.205797228801894,0.730047146091238
63,4,6.59613050899834,0.0132235715864226,0.548273804131895
68,6,8.10018103424125,0.201576866897497,0.324458050308749
75,4,3.13854475464796,0.00721683353185654,0.761322997277603
0,2,-0.804273840073873,0.130114366766065,0.755731235956773
87,8,9.05029372938626,0.504355276913798,0.187769352924079
73,4,2.8559829051601,0.319521618996489,0.184801936615258
65,5,4.19718069177594,0.0706279559325913,0.532901678234339
4,2,1.25336087527691,0.194804014829972,0.62834171555005
17,2,0.925484410346658,0.0594623427605256,0.288072656141594
53,6,4.09101716499826,0.969742556515724,0.219241249375045
98,11,5.64507483872794,0.984685340378076,0.402361314743757
8,2,3.53937934721763,0.078048795927316,0.333120489958674
24,2,6.04482192170102,0.0092861612677973,0.828476303257048
11,1,2.84624177857973,0.138930305955,0.457978658378124
3,3,-0.736772539742794,0.0407633107388392,0.997915985994041
32,5,5.02805552952782,0.268032924940798,0.610614073229954
85,9,8.81129081011971,0.0842689063865776,0.581788888201118
41,3,0.327382857439094,0.0958971580257639,0.543602805584669
87,6,4.9932370179595,0.112288748146966,0.565057825762779
18,3,1.09149852210826,0.0262021729722619,0.871703146025538
78,9,9.91396794494819,0.140116064809263,0.727447133045644
11,2,0.914969435753987,0.138008221401833,0.622746630571783
26,3,2.04394126649448,0.0661275171441957,0.605848740087822
34,4,5.44855305823147,0.0882820470724255,0.847331529483199
57,6,2.02597755994541,0.250075855663017,0.789486280176789
4,4,4.70172897946707,0.742039842489076,0.251408591633663
18,2,0.0165442681473769,0.0353748950874433,0.671831158222631
98,9,8.73137666867899,0.99945103511551,0.00622959993779659
44,6,1.47614334152743,0.499381347538388,0.746991171035916
43,6,9.71259434201087,0.404085529947138,0.484676245134324
59,3,1.73151600392214,0.308866505500603,0.244233778910711
91,6,9.95012159427059,0.478223210179663,5.98281621932983e-06
23,3,4.89008179593657,0.189280370076724,0.359734764555469
7,4,2.56388343324491,0.318700016232881,0.575024063233286
77,8,6.83116086381878,0.801244581076217,0.0980896467808634
83,7,4.04346141728508,0.170845718239434,0.412573496345431
46,3,1.12116473943452,0.0511090432580821,0.334220094140619
99,11,5.61501986966898,0.844112870913006,0.454650024184957
95,11,5.81081761560818,1.37843514645571,0.133848163764924
25,5,0.551635489226436,0.408427512287027,0.876016655704007
65,8,9.9720349117025,0.161918558413163,0.89952064701356
27,5,0.141041493173516,0.388515481238669,0.896364509826526
8,3,3.2190598819693,0.206445931679311,0.662523644743487
1,3,3.62265362289873,0.132393374224193,0.699775767279789
52,5,8.67834928923426,0.398825307821339,0.395975745050237
1,2,4.27438298279283,0.022357528173376,0.743086102185771
61,5,3.78005272375668,0.283422525961626,0.379214469343424
62,4,7.12792360178129,0.0450771634932607,0.37865983392112
80,8,2.89778232910745,0.265758264566514,0.650424188934267
92,9,4.93568087792479,0.275719122950661,0.719130947021767
48,4,3.82906150778032,0.495670395882285,0.0165549910161644
54,6,6.25742954594862,0.371722029650715,0.284328054869547
55,5,8.90022798370524,0.410374856296825,0.257414007093757
94,5,8.96889043300051,0.0413979676713453,0.322186360368505
53,4,2.02781203456539,0.101604865049012,0.813318914268166
99,10,9.80153807032796,0.516694919185197,0.217834106646478
78,8,4.44555943355235,0.091755818692036,0.910629170015454
8,2,3.51312800069208,0.0860030678476135,0.512504235142842
5,3,4.02112889882554,0.660280063251191,0.269705530954525
77,5,3.69447568145847,0.0304840854369104,0.85347825451754
53,5,3.38623047446704,0.481527857461429,0.0870622212532908
67,7,4.12559770550429,0.235438220192421,0.792574335588142
26,2,3.54427065708221,0.01637231442146,0.861014244379476
28,2,0.559363848308932,0.0278636520659344,0.704067793441936
53,3,2.08581294443136,0.00923161674290895,0.839861687505618
54,4,4.29541477997151,0.222935070831752,0.368535078363493
56,5,6.51967640962581,0.181658417674455,0.332402008585632
77,6,7.49919332918367,0.0519499010990904,0.563967645168304
14,3,4.49670722397694,0.079081742327009,0.842612774576992
15,1,-0.798298151314485,0.0318507496267557,0.433360402006656
35,5,0.975580343989591,0.618229565644795,0.28482352453284
3,3,1.52785002948367,0.0227170760044828,0.998197702690959
49,4,3.479142636271,0.109963551396504,0.699842882342637
37,6,6.98412305052902,0.0804716690909117,0.953558100620285
72,5,4.67726156349343,0.0207993996380834,0.917042683344334
56,4,5.45577719447846,0.0477238381920122,0.347821238916367
68,4,6.40411162080465,0.367789158110923,0.0115825310349464
25,3,3.36536123953882,0.498017429818815,0.06863172352314
4,2,6.88063287419261,0.236632825796235,0.365772809134796
33,6,8.08089704164734,0.261044687694612,0.376560303382576
82,5,9.01611934123423,0.087907979497686,0.222142315935344
53,4,7.38555680517369,0.0558584163663909,0.626545409206301
69,5,2.25362520369375,0.283128497180271,0.134417933644727
64,4,7.50844047192912,0.0223229236435145,0.309689560206607
66,5,3.25262587016491,0.144215456093661,0.333299936028197
15,4,2.66940194980193,0.358503519348718,0.630404407856986
40,5,0.945258563258251,0.342719708791676,0.623053251998499
24,5,5.18384458686435,0.0680516195716336,0.841225043404847
13,3,3.16939566660598,0.227568450054619,0.195067606633529
11,1,1.64707526962535,0.102600887534209,0.165708305547014
78,5,2.48547755149516,0.109164866269566,0.269383320817724
57,5,7.53079531998418,0.497753006385124,0.312897618394345
23,2,1.79689963007241,0.010797103631035,0.549375453032553
91,10,10.0802663531926,0.161677191027248,0.778904173290357
57,6,1.43645292371109,0.0864779489347711,0.897027803119272
3,4,-0.21907976599713,0.0912384494562043,0.983112426009029
66,7,7.24388039164389,0.0944963373476639,0.765828866278753
20,5,4.35941861548807,0.855539521160436,0.147193122887984
48,7,9.34690620017228,0.522723451972666,0.147928667487577
77,7,9.35879220380107,0.327464808932248,0.0620926434639841
67,7,6.11514535695993,0.109390170267338,0.9342855096329
85,5,6.68478779234015,0.318545464415777,0.00656653381884098
89,6,5.53032904037758,0.0175708301831037,0.723906955681741
8,1,6.35751928495376,0.0590720943873748,0.127061084378511
9,2,-0.214997995363093,0.0294707083289206,0.920586100546643
57,5,6.31272996489156,0.329385880370367,0.203084173379466
18,2,6.13740427673349,0.0245279881150334,0.735694409580901
24,4,4.49055065445531,0.137330692843534,0.91564248339273
45,4,7.75524218363148,0.0759181418138052,0.659506163327023
57,7,4.05956016720065,0.128241606173106,0.990274140611291
46,3,2.57920730853742,0.15598741476424,0.279624531278387
19,2,5.06847842884084,0.0012343742095146,0.881837309803814
3,3,3.34384658566122,0.534146706076497,0.400206742808223
34,6,3.89434904303753,0.464189258383072,0.893636423395947
76,4,2.47526957263035,0.0875677061267197,0.465163884684443
8,3,5.19170334346902,0.048767612199299,0.934996546711773
51,4,4.81496732131005,0.2944999942451,0.0403706827200949
52,5,9.34529848810162,0.490405797006047,0.22835404612124
61,4,4.96301018769798,0.0458792695675832,0.695950059453025
70,6,9.98464418801832,0.0185405526713451,0.583610769128427
89,9,5.70773869065101,0.116765163144078,0.917256307555363
54,7,8.93373657636874,0.331081141241568,0.557966903783381
36,3,5.77649666964582,0.183425987385813,0.260122107341886
27,5,6.80066051171273,0.0883947646943852,0.982611468061805
0,0,5.71711240303984,0.0427856197572297,0.258158815559
51,6,3.86628630888749,0.660781864511007,0.335331453941762
81,5,6.58717489569957,0.0376884224486651,0.675840142415836
8,4,1.67487175636425,0.0738034155219793,0.979813425103202
2,0,6.16024675600665,1.48521503433585e-05,0.933827918721363
75,5,5.13086394378851,0.0347845487438449,0.821504967985675
94,10,7.90310588927702,0.480227749308056,0.673898492008448
62,5,3.7131921430327,0.0274566051084548,0.938333984697238
33,6,8.38495923117776,0.0797761486610398,0.911774181528017
11,3,3.29068788275577,0.185122941205597,0.617610382847488
82,5,3.07161978656462,0.0530311830807477,0.749531711917371
87,5,7.23899662158396,0.38906407447294,0.0267809275537729
64,6,9.50895982783299,0.0528454027951331,0.565051852259785
65,5,5.58274211380595,0.153276702854782,0.270783649059013
98,6,4.4143442126302,0.212117885461751,0.144383839797229
49,5,4.38908042458851,0.441294896395362,0.517469963990152
80,8,6.15049781919321,0.377044870031482,0.572333004092798
68,7,3.76501947614963,0.147502935025841,0.7419067916926
93,5,8.10551430621429,0.0784595095323034,0.148206611629575
8,2,6.28989093716081,0.10176664008759,0.0915969435591251
74,6,9.64328095438652,0.0973061366239563,0.631038763094693
16,2,4.50649147140055,0.154602499795146,0.41974142100662
11,3,2.11833797356096,0.225444369960693,0.482822226826102
76,7,4.97330093186292,0.176599660412151,0.395350283244625
29,3,1.25696193626046,0.07252811691736,0.772151686483994
3,3,-0.872041517289922,0.0484239847928528,0.865582904079929
18,2,6.69317512602065,0.0141457932803425,0.519308651331812
54,4,5.44874828623719,0.170044640777633,0.355441067367792
14,3,6.36919247995313,0.119231562595814,0.807710405439138
95,12,7.84923937079381,0.171009608078748,0.757421323796734
12,2,6.91901228642738,0.00489696755539626,0.613159008556977
61,6,10.0740867653041,0.0458366217790172,0.707697693724185
62,5,3.63227540582098,0.139031889964826,0.560643271077424
75,6,1.96308374455041,0.0458512310664782,0.853219366632402
54,3,6.59397063473124,0.00127436406910419,0.415164253441617
35,6,4.7942531241402,1.20628467661546,0.438347368501127
73,7,2.5769381193258,0.781158020677877,0.0335275670513511
13,2,1.61698958259755,0.258754841077852,0.306052265455946
18,2,0.469353538855059,0.0289993413025513,0.52717507421039
78,8,6.39691498923746,0.93964992970565,0.0601541234645993
3,3,6.88416070338875,0.246897336919254,0.327484353678301
20,2,2.29690627699163,0.0231658491636252,0.776503394590691
25,3,4.80887452154197,0.152360812411644,0.715175257995725
0,3,3.7623989335715,0.0821725672576576,0.831858302466571
95,10,8.03091871734991,0.16561758168973,0.639031572733074
33,6,4.40704661093678,0.298719983071762,0.809766171267256
96,6,11.812259590736,0.282090162847865,0.0101107817608863
8,3,6.66276274429872,0.0885910007636994,0.385710226604715
2,2,3.48262393002585,0.317053545255888,0.129603322595358
25,5,5.07184578696395,0.0791599880636025,0.808993915561587
94,6,3.56137638045265,0.0162399797421951,0.825548658613116
20,3,3.62827243272963,0.0329862338257954,0.829230667324737
30,4,1.70256606149412,0.0926929749548435,0.927593796513975
56,3,5.94763184501509,0.0185817300023755,0.347682697698474
79,10,9.00108354086055,0.131249880534597,0.946085238596424
68,6,2.62960654875842,0.311527859409082,0.750785177806392
2,1,-3.04305624248335,0.0572912242827588,0.408623543567955
93,5,7.62199376034697,0.152110115846446,0.0196588467806578
80,7,8.8415432186504,0.559436005043024,0.0152574735693634
30,5,7.00924218158348,0.286901172007176,0.351915473118424
70,6,6.82389561584714,0.476481530328697,0.0340850029606372
62,5,7.30581439873875,0.126996129285544,0.628680517664179
52,4,8.85421485873712,0.0240239648062988,0.392002083593979
39,4,6.18116420225392,0.0255816920151942,0.951899690087885
46,4,1.21867749507192,0.227221275083652,0.622786954045296
71,8,3.66056710556201,0.241745436320755,0.560782075161114
18,5,3.1378805524151,0.73903703228196,0.557127413107082
95,9,4.61734109864838,0.223416198034513,0.888094083406031
24,4,7.74550844194094,0.163984941784292,0.454647249542177
41,4,5.9625054842432,0.406585272846228,0.0081215959507972
82,9,3.56382454521347,0.425894841530776,0.515763835282996
28,5,5.28373497657002,0.192205980642441,0.580130180576816
26,3,4.89634118185192,0.0683293085312471,0.799165911739692
26,2,4.68563749598513,0.0269921995932236,0.625233507947996
91,7,5.91557672519191,0.500524464973664,0.0509610651060939
31,2,-0.738564214132706,0.23143302189098,0.205092122312635
76,7,4.35909081991295,0.224467188575047,0.364953626412898
40,4,1.48735052332458,0.278669621029334,0.283996193902567
38,4,6.41335815671976,0.0547519271494821,0.656723698368296
83,8,5.16933873405507,0.207084864833134,0.495421274099499
8,2,-0.143113333867181,0.01066327188164,0.988992636790499
60,7,6.18722405467515,0.072812877362594,0.938921057386324
6,4,3.61086729353556,0.181751047127866,0.775694154202938
62,4,1.83453316379326,0.0992063238518313,0.545480504631996
36,3,7.04696819288426,0.0102370207896456,0.819529053987935
48,5,2.27009012312917,0.0791174893047885,0.847782066557556
9,4,7.87705262901877,0.0626175224315375,0.896663451101631
92,8,3.80212237694219,0.749751707496953,0.184258630266413
51,5,2.70447599551147,0.295006264714785,0.331407804042101
42,4,7.20244678637285,0.307311865956265,0.0471716874744743
68,8,8.2749212751058,0.311301198078993,0.429669277975336
16,1,2.07225576463703,0.136638106661849,0.304274516180158
17,2,4.7639246238623,0.0712087553692982,0.191016759956256
11,4,2.48749736843164,0.0485979642253369,0.96934820828028
44,5,2.2138276264557,0.502000711837268,0.3845930097159
42,4,8.03373291245897,0.0804377845488489,0.735256281448528
46,3,4.08258011671091,0.0396079713273021,0.241151004564017
76,6,7.87283562561476,0.251478676208037,0.429756172001362
37,3,5.44425141837803,0.00897843768630846,0.841282365843654
39,3,6.65885893458483,0.0368773851722624,0.602215810213238
85,5,2.01489435281364,0.0139113048790023,0.637001123512164
62,6,6.25783739052686,0.262461239228699,0.0826824540272355
83,6,5.18195275926821,0.18895220545933,0.127470984589309
53,5,4.63018079703018,0.362378999104208,0.410503012128174
30,4,2.32064379435307,0.129558912012726,0.561635120306164
19,3,3.70692078793561,0.01843270775126,0.951337183592841
80,5,1.81472663131815,0.0592849897375051,0.275528503581882
12,4,0.199869878518356,0.193370505225587,0.954151426441967
59,3,1.80022160567976,0.00648991938214749,0.648385058855638
57,4,4.32331122200487,0.250343453594226,0.126694152131677
29,4,4.07562607227371,0.443733089410946,0.446079862071201
81,6,3.72785791447051,0.449025368709416,0.0283344234339893
71,7,10.7516768546843,0.201228593206025,0.312752227997407
7,3,2.36431035369692,0.195769411734048,0.751005691476166
24,3,5.29193436198763,0.0154491113498807,0.883491600165144
38,3,5.70734768329045,0.06357769090175,0.474990813527256
9,3,0.968604599793639,0.57678152012282,0.0877068717963994
78,7,4.33042546609498,0.0730236248346046,0.837107622763142
14,2,-0.67455099638425,0.0365608572634631,0.604298926191404
46,5,8.2669621978087,0.26402453155443,0.522592934779823
65,6,6.80603157366559,0.135450953268446,0.557705796090886
94,10,3.59468529141536,1.36732250118727,0.378990476252511
21,2,3.90171642700205,0.113171458244324,0.403913410846144
76,5,10.5994983064987,0.330865849031809,0.00372572150081396
6,2,0.615143370008926,0.082891215919517,0.891368054552004
8,4,-0.443832527565492,0.312726197753775,0.634919866221026
15,3,1.85557889053998,0.360420032437457,0.676511406432837
91,8,8.3476988492838,0.200609259995374,0.540196941467002
29,6,4.92492262357655,0.288332973829213,0.901421295246109
97,8,8.69645266999514,0.21365385648573,0.130575348157436
32,3,1.49336999798584,0.0555310626649343,0.704982263734564
62,6,1.71937542840855,0.353946042619809,0.734117656480521
55,5,4.06902878294968,0.502589930293566,0.38023416348733
43,3,4.73313221958682,0.324026747685789,0.110285625560209
22,2,5.10729468132099,0.0713720475323498,0.617745220893994
19,3,4.57903562060689,0.397759662454432,0.144814564147964
48,5,6.01186317741956,0.0577835362602371,0.46986588742584
70,8,5.69888307050919,0.317270830961618,0.467427417170256
34,4,8.48172756035809,0.0536977689035838,0.743118144571781
34,6,7.46470658175867,0.333866410179737,0.764307186705992
5,2,4.55098364676509,0.371251698715814,0.119234661571681
31,4,7.68020750378165,0.232126888110045,0.499938482418656
49,4,3.93178819242257,0.0875163414748386,0.651469922158867
93,6,6.78077457529119,0.12757995177526,0.414861315861344
35,5,4.29852580890695,0.826705655041051,0.353933986509219
56,6,9.32122446011975,0.163698268705048,0.258135893614963
7,4,2.71463525071097,0.153275282355025,0.757329465122893
32,4,3.64938253715584,0.405663650461888,0.277866991236806
20,4,7.20582937290999,0.464180416872209,0.264128571841866
46,7,4.00555001456123,1.03335720062593,0.255355143221095
70,7,8.11167685967655,0.35520251279459,0.292055280180648
60,6,5.28239055703452,0.238705689729716,0.721476553240791
39,5,5.72224952790548,0.621582989895675,0.214565696660429
65,5,4.61017896475433,0.0305190293232862,0.546421176986769
69,6,2.74529317870572,0.586396007042069,0.0508439149707556
33,3,1.70858341672346,0.0660120086977258,0.505222417181358
90,6,4.75630244729308,0.544901565741795,0.0473278451245278
33,4,1.84704184901207,0.515438631155944,0.188967350870371
6,2,1.94997532236489,0.0123862170148641,0.975882568862289
7,2,4.27154329027867,0.0859793862327933,0.345688821282238
78,6,10.1632878502306,0.105676748324186,0.281719167716801
7,1,4.19709409900055,0.00613993374544789,0.735129108885303
41,6,3.12890112725971,0.137791246408597,0.943181902403012
83,8,3.68610004833034,0.330161789887327,0.765824278118089
18,2,4.28993429194857,0.0358408651590228,0.5549574973993
72,8,2.75066658370878,1.11987848594142,0.560331372544169
44,4,4.10036856698158,0.0235253701684996,0.755992392543703
48,5,7.28851878217847,0.199697060732845,0.299681205535308
37,4,6.33985433332129,0.383748541162835,0.320035664131865
13,4,3.91518102450025,0.167162621277384,0.965949499979615
14,4,3.71177347319539,0.0784089805092663,0.771185527555645
56,6,6.92044563209636,0.0729740440146998,0.915345669258386
6,2,3.87582478006016,0.0631681705126539,0.561802011681721
32,5,4.57430974355934,0.164040750823915,0.943814835511148
92,7,9.16431916191677,0.0485335369594395,0.830166742904112
10,2,7.00183335171571,0.0180362794781104,0.784355849260464
93,8,6.98002779740574,0.543238373907441,0.161816835636273
37,4,4.05977330736288,0.14942225755658,0.499119088752195
92,6,8.99018906896065,0.0233879642607992,0.712238444015384
41,5,8.11174884357371,0.047677205008758,0.906655619153753
63,4,4.18956424839888,0.132552330731414,0.213335815584287
5,3,3.06479572435925,0.0369411271531135,0.914823934435844
17,5,0.207182360293853,0.598834108995432,0.646165408194065
86,5,7.00266559546858,0.242749718705866,0.180769735947251
10,2,6.84738365645262,0.00499889405909926,0.780533401528373
1,3,-0.78877037894453,0.516298398354507,0.677488582441583
47,4,3.94473634500384,0.24386516282216,0.321706995600834
26,3,2.28532245785607,0.0130380726186559,0.825554369948804
22,4,5.36270368643371,0.274252458930689,0.457958563929424
30,2,4.97149860806779,0.000838555744849145,0.911496963351965
66,9,3.16490464125557,1.73760973931032,0.403900495264679
23,2,4.13176507130784,0.00180431296829738,0.777525001438335
54,3,1.0035534795451,0.120596558204852,0.32003810396418
49,4,3.94641520133328,0.247873115109953,0.163151535671204
50,4,1.37134802063582,0.141443273518234,0.436802892480046
8,4,1.0263433439178,1.21468089187617,0.366020278539509
21,4,4.79480917573639,0.739565094890905,0.590880520176142
76,9,10.9561428574566,0.518540047088123,0.599246948026121
55,3,0.959757394973069,0.144580559339374,0.195028006797656
29,2,5.56923563424629,0.0258140884106979,0.671872493578121
67,4,7.37053150066252,0.0261590736918151,0.302387631731108
95,10,6.76877692080427,0.160696441074833,0.626576733542606
31,3,-0.182889459221791,0.340753217450085,0.369631411274895
31,5,6.76310142443371,0.353639936609238,0.33502659550868
56,6,6.03471157861001,0.117881745449267,0.59520795289427
16,3,-0.482028747895292,0.200753946545276,0.866100640501827
33,2,2.82956218143494,0.0347220038529485,0.581206830451265
67,4,6.80190586469105,0.116343095083721,0.275423422222957
45,7,8.46506473532429,0.614793510610396,0.510606247931719
72,9,9.26863377208397,0.156905176932923,0.740913674468175
0,1,-0.646340463374044,0.00546629342716187,0.842590092681348
78,5,3.13890797978671,0.138308349647559,0.221063157776371
57,7,2.71428048219678,0.824290724429202,0.277878824388608
47,6,1.9211457835515,0.862140165599895,0.633718181168661
21,5,8.7262365189597,0.272113218006888,0.616719557205215
48,4,8.46594289044694,0.0219883871031925,0.771420964505523
6,2,2.2858000619976,0.00229453616836415,0.835536446888
63,4,7.40178469046077,0.0876502493629232,0.238724494120106
22,5,3.60638061516991,0.161588115151972,0.944788557477295
46,7,2.16293893249856,0.213515078769734,0.831557902274653
94,8,8.23632050813971,0.116177805815823,0.404810196952894
43,4,3.34022811017566,0.0355320876872331,0.979077367344871
74,5,2.45939824869109,0.143916554865427,0.37468538316898
73,5,3.07621049464601,0.0946689230622724,0.835798840038478
33,6,4.60591403111842,0.172614185838029,0.732519110897556
81,7,4.89487863620543,0.760961847485348,0.359872648958117
97,10,10.0337788535571,0.213517551299858,0.728109704330564
80,9,12.0558012856335,1.11172593099283,0.104265790199861
51,7,8.18554127862184,0.0992414411232349,0.618590199155733
54,4,5.51250199237217,0.445003809386349,0.119586717803031
41,3,3.93668606851802,0.0527289813617244,0.639243555255234
76,6,11.2583585457433,0.0606072755763307,0.252661641454324
73,8,2.54290079295419,0.102217206382193,0.82869768072851
1,3,2.35581304712177,0.144877579063177,0.6664779484272
61,4,3.1325518190241,0.324363115000281,0.261467780917883
87,8,9.51309759267872,0.297332369095712,0.119991648709401
92,11,12.7270621663751,0.671244333001012,0.388056495692581
65,4,3.41092848887876,0.133568780729547,0.0912231607362628
21,2,1.60366559461453,0.179310012598264,0.351450835587457
35,3,0.915341499738368,0.0662679121596739,0.658184034051374
4,2,-2.19524630728593,0.00995720166247338,0.848505516536534
90,7,9.54872593144003,0.176059823705557,0.0410691904835403
78,9,9.12433826452862,0.266145637946877,0.388100718613714
44,5,7.26618721757713,0.225677501865405,0.653244936605915
10,2,0.239736184037376,0.0156576908193529,0.955375723075122
85,5,2.97226168004919,0.0796668719778355,0.603748439578339
16,4,3.14807151498573,0.126874595764093,0.863957222783938
43,3,6.56697232498233,0.00217501832686791,0.913829248398542
54,6,6.4219233291965,0.346903863991083,0.279344792477787
86,9,5.65320136128339,0.493898531866676,0.649748088791966
54,4,8.54163183938811,0.36562574606151,0.155074870679528
73,7,11.2930061241888,0.584769157195622,0.0678905169479549
10,3,1.71540578671305,0.0521037640397094,0.90392468450591
38,3,2.58694162242851,0.0792853373568505,0.60883214068599
60,8,9.28899193844943,0.749124710147167,0.482070985715836
71,4,8.1954618964931,0.0866822666721418,0.0796604696661234
3,1,3.85870083867255,0.0702168554804679,0.525823739124462
1,3,2.24450711995074,0.212753375050354,0.423350861761719
24,4,8.08321787650865,0.0593373429617082,0.878367063822225
45,3,4.57478926665319,0.0101165254600346,0.729962394339964
36,5,8.19660105701757,0.138722593994893,0.803510489175096
29,2,5.54164565991923,0.0266176147852093,0.556129029253498
52,7,4.28120886321499,0.372155240496218,0.561959626618773
5,2,-0.524845808759453,0.028084991300374,0.748893889365718
45,5,5.37030982462694,0.485177832634604,0.282039150595665
56,5,7.03925310555194,0.71621607867479,0.0306768617592752
57,5,3.5608960675892,0.216352992562689,0.325169616611674
84,6,8.79065911890402,0.383415105731642,0.0227563434746116
13,3,2.64090160597471,0.0139524493762786,0.759738915599883
71,6,2.71607698018255,0.193503982376981,0.291970139136538
88,6,9.78720856716988,0.246588377970013,0.00179652334190905
52,5,2.60178420735003,0.746636817365599,0.377236601198092
71,5,8.37915276822731,0.117972030653618,0.45798160484992
34,2,3.3754197394098,0.0849197893403471,0.231749669648707
92,6,9.85799853176031,0.383925844894207,0.0112785201054066
56,7,3.47015137961944,0.27555306557447,0.914026284823194
21,3,1.24399263970608,0.363686552250242,0.289152288110927
64,6,6.63827434585316,0.0784659114286976,0.541025769198313
74,9,3.52074639604548,1.21313973927969,0.632301090285182
87,10,7.82894689925372,0.136008945992216,0.938962034648284
24,2,2.12627725751748,0.155790980090387,0.458234339486808
23,3,1.49391548311658,0.267607406469736,0.140904557658359
2,3,0.944172497133211,0.249455048874161,0.83975162380375
47,3,2.93621440032468,0.101440497557633,0.455694619566202
28,5,2.43982613704425,0.270981225640255,0.831164261093363
27,2,6.29960647205967,0.00106607231412599,0.838286652695388
29,3,7.07933560647466,0.237990924845192,0.385488025378436
95,9,5.43590574311507,0.377361061961806,0.235573607264087
71,9,3.25004030102379,0.510256498099721,0.573257436975837
2,1,4.09403305715009,0.00748614175245166,0.480128689436242
75,4,2.31744689188303,0.0370142826577649,0.461824144469574
70,7,5.82858125823515,0.564186807442846,0.381692792056128
35,6,4.62353028636804,0.231710990995391,0.829743804642931
67,4,4.35628533930495,0.143877345753274,0.402356806676835
31,5,5.45158857085085,0.318893232174037,0.231701525161043
58,5,8.75491899651226,0.164156238432042,0.523381951963529
19,3,6.34328587637495,0.0128319839714095,0.939974413486198
17,2,3.26127726154776,0.370776165721423,0.0439613426569849
99,10,5.7204291685984,0.920386706892044,0.214545431546867
72,8,3.25057553074555,1.48121144986692,0.169970754766837
45,3,3.83630115726662,0.172184220165946,0.144730246160179
32,3,1.22367158136608,0.119565562743256,0.618084302637726
32,4,5.65823106796291,0.276213326841224,0.584759188583121
68,6,9.02042735283571,0.627317417847151,0.157759370282292
11,4,3.03338073955736,0.0859100477963414,0.934920219006017
84,9,4.2973029317576,0.361222617772824,0.57907429500483
97,6,4.64510097803174,0.459044811202202,0.0683242988307029
97,9,9.2513490378513,0.405972872374064,0.078739995136857
21,4,6.0790318431632,0.10185150085557,0.882804367691278
54,7,6.26289560979045,0.348884396124457,0.783165883738548
12,1,3.36752992303533,0.000918103498406708,0.828593282261863
63,7,4.58019884034205,0.229541503040688,0.742406955687329
91,9,3.35693122607666,1.53095414853635,0.0197738814167678
42,6,9.16380863279115,0.366848194019353,0.635785881429911
49,7,9.1690567973666,0.16184426646214,0.572667491389439
4,2,5.56702002990797,0.0123560564825311,0.867040837882087
21,2,4.13977699911632,0.0470727146979345,0.603977202437818
21,2,0.00797304927291442,0.0510682616150007,0.785671987105161
88,6,10.1990766271272,0.02937753484,0.742918423144147
74,5,9.05937847059833,0.0291560382139574,0.221792348194867
19,2,1.88047136943058,0.143670327728614,0.575390840880573
73,6,10.5067777301682,0.634530942942644,0.0229952866211534
63,5,5.99887297038863,0.0335332620581536,0.524040108779445
90,5,6.15503584199836,0.128922928241082,0.0245907730422914
22,3,6.27979223594331,0.448009616208679,0.140427947742864
44,4,4.18000815954978,0.0561081289779395,0.904128747293726
16,2,4.95154764661764,0.0970925155561417,0.24046522541903
34,4,0.400303484992437,0.465811031849539,0.552633638028055
37,4,4.91353619366145,0.0377684830504443,0.574075604788959
41,4,1.01335756216761,0.0829176509287208,0.861483841668814
30,3,1.82021862286006,0.151275371550582,0.77702168142423
12,3,0.170235832863486,0.759245611116344,0.140198622830212
41,6,6.59554496623732,0.622951937342221,0.540381665108725
80,5,3.80829334403078,0.01354248806656,0.848025832790881
29,2,3.27783144506067,0.0810171431746998,0.308927739970386
21,4,6.83427313894513,0.241270058777857,0.80185750965029
53,4,3.19037523599152,0.215584079064952,0.428826434304938
38,4,6.60827569801336,0.12011007941328,0.19460856821388
73,4,3.97242024180393,0.329345120106566,0.0370323846582323
57,5,7.99580348982878,0.259463211783331,0.528343614656478
75,8,4.47950935836574,1.19350877118515,0.180358656682074
0,2,0.482614908393589,0.271690807993266,0.771434414433315
94,9,10.9236993086314,0.431169319411224,0.495514220790938
35,5,0.808559896316449,0.819439001339388,0.112480271141976
3,2,2.76230474746759,0.246680021479218,0.578257508808747
19,4,5.10322591083128,0.0523556952830404,0.740586427040398
23,5,3.90936617491186,0.108748620375991,0.748662561411038
40,6,4.25259558725369,0.112562345340848,0.993051221361384
68,6,5.89283681079824,0.0302048888768606,0.889652816578746
35,4,4.51183169795015,0.530371696926263,0.232496610144153
76,5,4.08532663978937,0.281675870752636,0.169173352187499
6,3,7.38126249192883,0.0430687053193079,0.985972242197022
2,4,7.05474738398791,0.404286654601235,0.721251531504095
75,6,5.38343499706618,0.295106401423666,0.168446678901091
54,3,5.43782147463084,0.0233810901895959,0.33111622557044
9,4,-0.333402288487022,0.0778340859105811,0.992444867035374
28,3,0.258472005595356,0.123158305650577,0.784451892832294
67,8,4.20413620736402,0.125687762745656,0.979317922377959
38,6,5.37287881715051,0.711761951017794,0.517786598065868
31,2,2.32215265554029,0.0398374834263556,0.338694402948022
65,4,4.73477033960702,0.0625790418661751,0.583143970230594
64,7,4.85165606701955,0.1942266287976,0.615127714117989
36,3,2.605200187785,0.0113296825438738,0.960365047678351
17,3,-0.197165834203833,0.156250470899977,0.478087348397821
75,6,8.42101146764991,0.206462366402349,0.488237033132464
15,3,6.35154312373715,0.0114701220279632,0.730211842339486
64,7,7.29759145294895,0.306672127906907,0.554878030205145
85,7,4.0776078679819,0.602052486935789,0.294004478724673
24,5,3.78945350933213,0.276382222354315,0.550077835796401
57,6,6.86489781873801,0.382841676918274,0.164455219637603
67,8,5.29246994930555,0.311963948876339,0.440473382594064
44,5,7.3640393613605,0.139084820286371,0.747108773561195
57,7,4.59163970684395,0.403377498944706,0.685515434714034
56,6,7.84367672680956,0.301327335172075,0.266987940529361
73,7,3.60638795703974,0.50471079207719,0.260919663356617
11,2,3.69746141727253,0.0189110167557374,0.892154127592221
45,5,1.06224844583142,0.361225731649852,0.310888545354828
23,2,5.43841432035112,0.0182436406612396,0.886919307755306
48,4,2.36277526045654,0.169827257748693,0.18992598936893
72,7,6.63827333264928,0.161176777561195,0.645039715105668
77,5,4.07186783153564,0.242247694072239,0.321042347466573
67,4,5.39844299599022,0.160347136086784,0.139614862622693
16,3,5.86608036018462,0.290800020553845,0.33249034290202
30,5,0.989811702391973,0.45596054473654,0.574712631991133
5,2,-1.51286957261724,0.353045240082703,0.348390746163204
1,1,4.18582297784643,0.145133139682002,0.521927610039711
67,6,2.58156005901236,0.493112056029445,0.185808706795797
6,2,1.00506948615533,0.178951099126794,0.578364113578573
30,3,1.99381965751792,0.330065595674071,0.15679679135792
72,5,8.85313694977301,0.0376842647846547,0.693093290552497
85,5,4.20159612113106,0.279532199249345,0.148619469255209
47,4,7.45509992134554,0.392443904166526,0.320422116667032
85,6,7.29620160241873,0.195324581338766,0.0235935808159411
30,6,3.83161008132519,0.102322083897889,0.933060974581167
99,7,7.93521583640375,0.193616589753631,0.153628942091018
14,3,4.23043767048252,0.0329640387634306,0.916315604932606
23,3,1.23251617285859,0.0176287444628495,0.770835007773712
92,5,9.38940774811755,0.142622718238272,0.0138257080689073
55,3,1.81365767624679,0.183748049620732,0.147697354899719
64,7,6.89271706854362,0.120386400380424,0.685287936124951
28,3,5.97217810757141,0.095944483531639,0.191269364673644
25,5,4.34367167249848,0.144837209722027,0.840450750663877
11,1,-1.74860929963862,0.0125340667513677,0.953638960840181
98,6,8.02647086407823,0.384178502929813,0.133374242577702
75,6,1.92833918724754,0.189493657079268,0.387973093194887
48,6,8.05643785027848,0.153672504704446,0.762374470708892
43,5,4.87998171769049,0.746792252810122,0.159964803373441
6,3,4.02846131635348,0.203106739176484,0.381258236477152
1,1,-0.45895201918497,0.138535876758397,0.656345713650808
87,6,10.7970329218695,0.0234840305056423,0.710324269486591
10,4,-0.410639094005521,0.0892219736963264,0.944478618446738
92,6,6.85310909451394,0.116264116679039,0.170147054828703
14,4,3.39817274685756,0.177518997610671,0.573360771639273
30,5,6.55135854185161,0.726316861766291,0.256439780583605
23,3,4.65969242362733,0.0403915274655446,0.936624399386346
59,8,7.4767527223462,0.158429882256314,0.869963420554996
59,7,7.65262063500516,0.192313707957356,0.440303651150316
62,5,2.53888130780783,0.132113648927771,0.478178051998839
96,7,8.5790684541007,0.557775999853546,0.0152826821431518
28,3,5.9941418259075,0.239191368677396,0.0989669903647155
26,4,4.20388579096732,0.50262490750984,0.297673272900283
81,6,2.73717549698315,0.134577936376445,0.618057433515787
25,5,6.13591344660656,0.457585472592568,0.579031948000193
62,6,10.2012228248827,0.611588789584273,0.296993432799354
74,8,3.49413591925341,0.418920974226153,0.399522066349164
14,4,2.75166320848469,0.854760626288963,0.353433382930234
0,2,2.78290274669123,0.0400021231528062,0.720372897107154
95,5,3.52721721815042,0.396369090748435,0.190351889934391
31,3,4.44199363096638,0.0162907695001048,0.779359188862145
74,7,7.88567185664294,0.724268132584666,0.0895286691375077
35,4,6.41982715049268,0.146974305427136,0.253332181135193
44,3,3.42323245199824,0.043476278601802,0.436508943093941
17,5,8.0514435987877,0.530655830601388,0.267005278263241
8,1,-0.202585975573784,0.00201579555863817,0.885850628605112
52,3,7.04461551746283,0.181425148467579,0.0628430915530771
80,8,10.5349393867416,0.159610183211043,0.500385549385101
58,8,7.80455539165992,0.299466441840607,0.736953045008704
33,4,2.5555141105789,0.190458616696972,0.590464166132733
85,5,6.13684389126302,0.172293397248723,0.24618539144285
86,9,11.6853517722645,0.935754345211774,0.0206199763342738
55,5,3.77520813210276,0.138440716662444,0.276608413551003
93,7,4.85098955201431,0.166550519643351,0.345294330501929
19,4,6.13257917169666,0.738158956128073,0.0665152862202376
4,1,-2.94856650380047,0.178826242074736,0.503812150796875
4,2,6.96980186466981,0.116314343758859,0.104034313699231
23,2,1.25256785201413,0.0258203527191654,0.620863673975691
62,7,6.95608895119472,0.826115123885584,0.0515501638874412
80,5,9.90028758302447,0.023537122644484,0.348478298867121
71,4,1.58147691266613,0.00492643041070551,0.676128477556631
55,7,10.7439808324288,0.290807806410569,0.536992998095229
95,10,7.62699877773808,1.05081004363703,0.0964855356141925
83,8,5.60084345623637,0.818408830049348,0.268474731594324
63,6,5.2201529626602,0.60430388289147,0.430657152319327
74,7,4.0424878219981,0.224898252858523,0.873006189940497
7,2,0.442215879689527,0.0361113569317206,0.83348139654845
18,4,1.6013313352369,0.739167099776578,0.415150716900826
73,7,6.85099885127069,0.89619015664199,0.0664974304381758
26,3,6.38606995501281,0.339615014138374,0.0193524919450283
88,5,5.69344970202426,0.0403001706581563,0.635879703098908
5,0,5.09050647333995,0.0043803530279547,0.588909088866785
98,8,11.2920551503472,0.46755940558151,0.0641343253664672
72,4,7.94798949659879,0.0545118728186935,0.225165492622182
41,5,9.29694046160177,0.444478869417167,0.320996586699039
46,5,2.74600335779398,0.154584584175609,0.689654892543331
43,6,2.39584340972703,0.143078790744767,0.989050487289205
60,5,6.10561658248485,0.0907265651611157,0.549794328864664
17,3,7.66891923292582,0.188284600448106,0.522822734666988
40,6,1.76707405102988,0.166034288005903,0.985599376726896
97,5,3.72036161124222,0.221971856885332,0.167338928673416
67,5,6.38468067935996,0.0137815407942981,0.585413343273103
70,5,7.29323231313532,0.119695977159271,0.476472444366664
17,4,8.19084662729882,0.139355677412823,0.912744978209957
53,6,6.88924407578906,0.259463415703479,0.33377475081943
38,3,6.70254553130422,0.0535741473816621,0.289779027923942
6,2,2.12098714025329,0.00206104388944845,0.924129648599774
62,5,6.96194771183209,0.459702605138819,0.0170703534968197
97,8,5.77139322186607,0.440437322637737,0.0680377522949129
86,6,9.59270760920809,0.137694450560957,0.0758237564004958
62,5,7.00925101600995,0.0341532422462478,0.721755207283422
56,6,7.91904956571197,0.57834144156406,0.374144859379157
56,7,5.36612997403729,0.684068475352758,0.447281176922843
57,4,4.97956040075796,0.113800031132996,0.127572204219177
10,4,1.86027326457016,0.6165775921812,0.472385929198936
54,4,3.49925504917042,0.0717712306650355,0.746595008764416
70,6,7.87214273692776,0.476721214657459,0.0684059853665531
35,2,7.28433381076646,0.00283500231055074,0.615836576092988
21,3,4.39762680611317,0.0303314030170441,0.946009923471138
61,5,9.70316615645845,0.0634501502441843,0.735443759942427
48,4,7.99410178072382,0.0589972884627059,0.161453058943152
22,4,7.25266428073,0.135869961814024,0.54851912194863
32,3,3.80905497482618,0.0524818609130386,0.570967830950394
58,5,3.1669070060063,0.138249030903795,0.661509675672278
42,4,4.70140632883606,0.113032538443804,0.705572545761243
88,5,4.13013995004579,0.229525983323085,0.0553828177507967
22,3,-0.520953967105222,0.0755407453980297,0.8740513054654
80,9,7.11506501695015,0.198983163096684,0.904318628832698
58,4,6.48327685064966,0.166030001710169,0.0685075011570007
7,3,3.07080943525745,0.237590860797302,0.495066767791286
29,4,2.23458651450382,0.0491877719759941,0.991022734437138
95,6,3.57255582543333,0.307262441831383,0.389512961963192
34,3,6.01623484370013,0.175981688768345,0.553508908720687
3,4,2.33764123081359,0.231559442345727,0.752797985915095
3,4,3.60616965889379,0.892825202932572,0.338897453388199
46,6,8.86627713521672,0.389694571196864,0.588852762011811
37,3,5.28248507363944,0.127442284720019,0.29410548065789
82,8,7.6993538923438,0.7718482490842,0.292359452228993
0,4,4.36585289841344,0.341723207606676,0.488315569702536
37,3,2.75688073066912,0.080580173005945,0.532050715060905
0,4,3.98822044614749,0.56929541515761,0.370857063448057
75,6,5.40806775483176,0.596365864822799,0.257443327223882
1,3,7.27083759729353,0.069891595787322,0.705009849742055
61,4,8.26425315027903,0.00391715799923986,0.740799664054066
46,7,7.35275821104106,0.159616116783582,0.767817893065512
37,2,3.36325960547562,0.196396024421531,0.286186263430864
19,5,7.10934122172979,0.0977762410184368,0.975306259701028
19,2,6.54745645941814,0.115424720510165,0.375320519320667
55,3,7.36365428113254,0.0177300865396574,0.421970141353086
34,5,2.15999125217423,0.927213100198299,0.54653056897223
93,5,9.56817068840906,0.16596458456479,0.0214180818293244
86,9,11.8935437508362,0.993256167921812,0.0391643466427922
88,7,6.55190312962864,0.498941028003997,0.106926151085645
77,5,4.02274345618873,0.150012219906785,0.294289644341916
2,0,-0.819050968421157,0.0541295755303338,0.637971456861123
69,7,4.79927915108922,0.0728974248049781,0.882045714184642
89,6,9.10069758474633,0.0478329968173057,0.346671427134424
98,11,14.5904093437679,0.639314705464649,0.346628518775105
59,5,1.44917171916249,0.175203171781007,0.805992756271735
47,5,8.67966165504468,0.685949545787805,0.0160918952897191
82,6,5.16569220038825,0.0363002449739724,0.771810717415065
77,7,3.84988941984878,0.537569922006545,0.293016412528232
39,5,3.11944314019434,0.104167673853226,0.74970324896276
75,5,4.64379424576715,0.00613432970061761,0.809957383666188
20,3,6.21823673807345,0.515408993677652,0.0744945576880127
7,4,-0.42909737731156,0.28365861949392,0.788266101852059
69,7,6.14603950795917,0.479700128526843,0.388765695272014
68,7,10.3023076762103,0.34372814115018,0.236873071175069
85,5,11.2377300675213,0.0490308720071254,0.0610705181024969
86,10,7.65262513048354,0.489719342419362,0.613189296796918
83,8,12.1366511877891,1.06164294940637,0.0473086785059422
9,3,0.800787681749634,0.205462263653728,0.836205835686997
70,6,6.89308462959753,0.466867612188166,0.254561756970361
24,2,6.13103960250876,0.0401163904652953,0.596305145183578
50,6,6.96865732759684,0.0599271778992646,0.974863717798144
96,9,7.58177467199364,0.556984597381471,0.0594633114524186
18,4,0.375101153800786,0.0592525654938072,0.993727626511827
5,2,-0.879731586808529,0.0164354840526357,0.865732072619721
2,4,-0.828020903513358,0.504304152892387,0.469752649310976
83,5,8.9798794056738,0.0199744535192599,0.408634452149272
38,3,2.35907556658588,0.0175579495262355,0.435454424703494
60,6,7.08340657005167,0.133390616509132,0.401682499563321
64,4,4.34843525239942,0.0222232671243343,0.58906505513005
33,3,5.2997846615341,0.272642164713445,0.429248172324151
47,7,4.88459626000938,0.96950173884967,0.388242448214442
9,1,6.20076687351348,0.0310006152139977,0.244363051140681
75,5,5.89448519923735,0.0697424918180332,0.577883009565994
85,10,11.6911838406605,0.335285054742101,0.771862618857995
92,8,12.1266103679052,0.310910602122727,0.166526079177856
45,3,-0.182210934400449,0.0501102640992031,0.82604813342914
34,6,7.01164597597989,0.7785520851192,0.268416237086058
56,7,3.26095210524141,1.04518524271654,0.134310647612438
54,7,8.23227526488492,0.630492648543948,0.239884192124009
4,3,2.76416624896082,0.349853565895414,0.612035862868652
62,6,7.31028095246836,0.0503669219324365,0.890857101185247
24,2,2.46070848174893,0.150417962344363,0.225443849340081
62,7,5.63023078233331,0.343425568415526,0.22089571133256
53,5,6.67778357082006,0.427006876089622,0.0981057370081544
2,2,6.83159901798436,0.0651306256186217,0.405945311998948
86,5,3.17914523504741,0.0256010970159683,0.894346175715327
70,9,6.17694798801133,1.72585153151165,0.34735249215737
88,8,6.88467430303671,0.0997624938322338,0.572585475398228
48,6,5.9690175909016,0.0597653283039108,0.659444757737219
55,7,6.69147187237543,0.449358345230957,0.370599515736103
68,6,5.04549824750241,0.227196020126276,0.270486489636824
27,4,0.662222024690909,0.141477761764969,0.941597358323634
25,4,2.34655201960081,0.321711070592257,0.461323784664273
43,4,5.42812414014815,0.151620477307164,0.259401119081303
96,7,11.2254606781585,0.503815067445344,0.0098421226721257
93,8,7.51026455826178,0.449627952810632,0.0491945946123451
32,3,0.644245226627987,0.0693839227315038,0.831244435394183
81,5,3.18464927540806,0.0775165733719922,0.710490924306214
40,5,9.16118934798437,0.476731013951308,0.123990656342357
55,5,8.48087009569687,0.41834169667404,0.175379470456392
17,2,3.29214396965609,0.00448267420092782,0.690623595844954
69,6,4.37797736820347,0.212704638008702,0.549839074723423
14,3,6.02272042688565,0.0433143060654402,0.96792258345522
25,4,7.9521071340546,0.0269370158416005,0.895871056243777
74,9,6.36711020465567,0.185419174352786,0.829073502449319
24,4,8.53348642234899,0.312953578996214,0.586777983698994
24,2,3.37155117742905,0.10738871328067,0.242021081503481
66,9,11.8651424844038,0.475462824550873,0.34449208364822
9,3,7.23512296313897,0.0517324833199382,0.376567889703438
41,6,6.35747160615161,0.590546403514379,0.483987817540765
58,7,7.21906173948112,1.16309579176115,0.138824715744704
35,6,7.33425259808422,0.135288635850884,0.939462353242561
52,4,5.40087342557389,0.0267403085017577,0.900913230609149
56,7,6.15188017415503,0.134208163828589,0.810635007219389
66,7,6.32610923362477,0.982500535849124,0.0511778017971665
76,5,5.86344712729449,0.0228782078484073,0.694605054799467
97,5,5.60433182606866,0.373147917446408,0.0311961022671312
36,4,0.192195258389543,0.226451915911141,0.430902733933181
60,8,2.23296544493821,1.61875581312786,0.122744224965572
68,4,3.99537390431498,0.0167038379004225,0.600051695713773
74,7,5.03005620349968,0.55442750248557,0.109608213650063
83,9,4.92503007034963,0.141636824817397,0.982955547515303
46,5,3.27043351794121,0.509068398249751,0.421582958428189
63,4,4.66171574351741,0.0225463988026604,0.729348685126752
96,9,5.16477280081683,1.10437985223936,0.0815251660533249
97,10,4.00222641922433,0.935744782391578,0.23609401518479
36,5,1.79344105406702,0.378715051782733,0.669943265849724
0,0,4.19429277862423,0.0521623034728691,0.142871497897431
67,7,6.19674666230124,0.111930103506893,0.866553224856034
64,7,11.0839478587082,0.212694435239463,0.745232986286283
2,2,2.3753999762312,0.276723883938983,0.0270040903706104
25,3,-0.0676060110252479,0.0225975781213492,0.995465165004134
7,2,-2.11929168841696,0.0770768893416971,0.852760261390358
9,4,0.341833940884798,0.417898123131549,0.839419631753117
93,6,4.17481822822308,0.211953814506323,0.299499865388498
40,3,8.82588282472843,0.0339026862056926,0.383356482954696
29,4,-0.0315572189592093,0.355872699256438,0.829336705151945
33,4,6.45407007457912,0.646839182035152,0.297383447410539
3,2,-0.478905764457942,0.0396141273522712,0.843864744063467
76,5,9.09982418057809,0.140843751840293,0.271316536702216
74,9,5.94771065022775,0.80285918708415,0.131332257995382
5,2,6.69838774665958,0.0547989785602363,0.821758502395824
76,9,12.1116074695349,0.792435541706991,0.159332432551309
83,6,5.66844306813708,0.407949701115466,0.179312634048983
83,9,7.5641673484981,0.595636222014362,0.207908528391272
45,3,6.22128596109849,0.0487056906264896,0.490652181906626
69,5,5.97909304007624,0.0268218921264634,0.73574760556221
99,7,7.92248177156359,0.423129505456841,0.00798023748211563
32,3,4.45828221303279,0.120228871639684,0.365555422147736
97,6,4.53058844001164,0.349716727600849,0.191087358631194
52,7,10.0811791233818,0.620295986035997,0.0919501504395157
58,6,9.21239688350275,0.676750360490912,0.0548333320766687
90,6,6.61867474000225,0.049765640636906,0.471990421414375
36,2,4.74867958261729,0.0424116983407068,0.31649132585153
63,6,7.73687984045848,0.255886738410893,0.397424555849284
46,6,5.90539545907531,0.174459768670123,0.870317054446787
55,5,5.31092765527959,0.0369964424753562,0.864146678941324
70,7,3.73788035831059,0.666333684768879,0.640227705938742
28,4,4.45532365713939,0.233203809882974,0.486869524698704
82,5,7.90956250635672,0.100667300634086,0.0212518405169249
78,8,6.0634782831086,0.11986076051835,0.722653814358637
88,8,10.1601520098959,0.107932272424824,0.850451739970595
35,5,6.66297767920484,0.257612838269314,0.459157392149791
84,9,13.3703398791867,1.11838955891536,0.140083470148966
5,3,3.54783366574623,0.0946251208745997,0.901760997250676
83,10,10.6529365181714,0.698103096294117,0.105495910160244
98,6,9.45817423948293,0.0295194138282241,0.632718855049461
13,2,0.756634870486492,0.0587346305837855,0.678269018884748
48,4,5.36003933221047,0.0696921775816008,0.695675201481208
16,4,0.76306957827056,0.988965900124569,0.580463912105188
33,6,4.19143049768534,0.283274705045599,0.475034153321758
78,8,8.92438630162852,0.150552882696502,0.603613869054243
1,1,5.33791229158957,0.00549062261507435,0.541595570044592
47,6,4.52867530534082,0.265233446411321,0.70360111980699
15,2,-0.220195148161713,0.0377546159262798,0.917865497758612
38,3,2.06366839528419,0.0739504332887009,0.870827632723376
22,5,6.52375983230577,0.065325031176069,0.99729322316125
67,8,7.10378227088355,0.333309947735372,0.782832241151482
64,7,6.04121782869226,0.322831601825285,0.59933296777308
27,4,7.32842530398481,0.382196566534644,0.423065016278997
52,4,4.79714812949712,0.0662843368700288,0.43699597963132
10,2,4.27109730171356,0.0559042547829449,0.800390417454764
86,7,9.0032014679299,0.0517211258411407,0.498949259053916
75,6,4.29665351049774,0.0441891291782492,0.495894673047587
45,3,7.78806731007105,0.218498191172228,0.0850674249231815
31,5,1.2148203789281,0.138098150142469,0.8609205391258
62,6,10.1190527946033,0.0862875229213387,0.790440713986754
44,3,2.01831944244976,0.00520876224618405,0.754087045788765
83,5,6.1845119770752,0.0441335847135633,0.470716464798898
20,4,7.34768320208316,0.559738758454257,0.579776735045016
10,2,5.42319781891489,0.0049330453710094,0.694548036204651
95,12,13.9251606250702,0.134244952816516,0.715208811452612
82,5,9.59222663102356,0.19120478396185,0.12689456040971
43,3,2.25358810174293,0.285108027503568,0.0857502596918494
78,7,5.5626878915767,0.0763048412045464,0.936031472869217
40,3,5.80046120831902,0.0117291588712599,0.641883255913854
81,7,2.49797168906484,0.126694347709417,0.760716272750869
45,4,5.06439944649416,0.291922542954537,0.270605170167983
87,8,12.9874936556601,0.730105483862472,0.0972863337956369
6,1,4.00265416501145,0.0793285728432238,0.114131330978125
46,7,8.98530070746554,1.13905900570102,0.330095354001969
5,2,6.16445934997187,0.407395588213062,0.333411843748763
29,5,3.24641881658573,0.0826253042323515,0.998101868433878
43,6,2.56509514850856,0.533577095904496,0.378211801638827
13,2,-0.516637388712172,0.0153060727197589,0.877473773900419
5,4,1.11165505451762,0.141256089671515,0.816125586628914
65,4,9.85994025554174,0.0382471720806311,0.687466881237924
76,5,8.50625550560892,0.399147949362616,0.000441467622295022
