K:5
N:1000
Gap:0.284110380219143
Rho: 
1 0.8 0.45 0.2 -0.3
0.8 1 0.45 0.5 -0.1
0.45 0.45 1 0.1 -0.3
0.2 0.5 0.1 1 -0.5
-0.3 -0.1 -0.3 -0.5 1
X:
21,3.17514339096958,0.0780661525727241,0.367210891563445,9.4468194517319
97,11.3194667629598,1.35189470315451,0.426370251690969,4.05290668102939
57,3.37983583987152,0.186243676569986,0.219033022178337,2.87116611382989
14,3.89365948438259,0.0680053377947351,0.356095358962193,12.1037193676644
84,5.29649552939569,0.233188443573865,0.0395192741416395,6.28563061008596
96,6.9532364098351,0.0646379605453441,0.502036384306848,3.11554229123222
90,5.68958600795163,0.326297848707739,0.294185077305883,3.88383428667467
52,3.70043191140868,0.0623344276100397,0.0397467403672636,8.05274359515333
81,6.94899560892783,0.421372001969671,0.851710890652612,2.0044006310544
66,8.82746655384748,0.0884906799765304,0.732289792736992,6.38251202818596
68,8.00988762410535,0.754177547949267,0.657071525463834,3.79661321339148
73,6.68434733995385,0.516184562796211,0.393446383997798,3.37662898459311
72,4.13475354337696,0.0381399414356438,0.314237307757139,3.99628353167197
29,1.12514209680791,0.012506682658568,0.02078862558119,9.44060471917714
5,1.80175461055334,0.258049772408666,0.33555606729351,7.44843976763076
79,7.28089503361833,0.734430449041438,0.8498711574357,3.33547332018682
84,9.11628324657321,0.0688701590620746,0.343769122147933,7.81709633600448
8,3.92926472959075,0.0325684341016705,0.455967512447387,10.9043818271173
98,9.2416902048815,1.18582066607879,0.739552458748221,1.77658473233943
10,0.422580788233965,0.144249295350164,0.043195032980293,7.28214398757212
11,2.17369424069857,0.0272124094190076,0.703483047196642,4.37590307597088
82,4.74328082092826,0.202066477027591,0.732384138507769,1.50506139640591
27,1.39981293266803,0.0821077523287386,0.333158815279603,3.50449382269754
71,5.84295614311972,0.540427200736224,0.234410966746509,6.94339166713402
85,7.90134680835993,0.0666565517894924,0.460799986030906,6.79872286258509
50,4.42263613658789,0.0162544784834608,0.180295840604231,7.05733046797063
37,5.53182346790852,0.057892874116078,0.898668091278523,3.9107316678778
25,1.46996011559644,0.0395573497517034,0.599536443827674,3.18538020195195
47,7.09032219441196,0.0757053414126858,0.492488979594782,12.3305540809329
46,3.83521622812361,0.0691502391127869,0.132858129683882,9.81446742647942
62,6.42492268707714,0.496830124387002,0.900336294434965,3.39363077826556
56,5.02397103637445,0.244302405732426,0.818135207984596,2.39341708170245
74,7.52906549652573,0.870880001637727,0.511078447336331,2.99255560137816
98,10.64633710362,0.696752305390734,0.31752299121581,4.0551126150063
81,8.74252010582406,0.260590535810891,0.845600974280387,5.00658657266436
79,5.78435896880756,0.0344189872266725,0.20406916947104,8.60190883096476
58,7.0841622783441,0.152612391044386,0.748101202538237,5.6519007476827
18,3.18499260712148,0.119930080404874,0.502567891729996,5.29775059239887
98,10.1806936045819,0.186936639238823,0.450453757541254,5.98867053335446
92,8.73802455546135,0.33608415814929,0.893321399344131,3.09565902139579
18,-0.179597403783887,0.0327823414700106,0.400522704934701,4.50596892739579
92,6.90523886436933,0.436135602341543,0.421834586188197,2.27504936090873
98,6.88856478880548,0.290017504700202,0.761084230849519,1.88050041302883
52,6.61918075652755,0.71157268097811,0.941889069974422,1.53713354295218
12,2.40577397885518,0.195874947578388,0.0917468436527997,8.84948061645924
47,6.49195745419021,0.0398549233796075,0.44683014601469,10.1009313056875
48,7.20179153711462,0.045757268439047,0.774201113497838,5.50598815443209
83,5.52170042356362,0.0404433163065161,0.116307219490409,5.01816809850877
66,4.95052473076707,0.116727306041867,0.642429352505133,4.18206895813046
72,4.96928002472268,0.233468648501414,0.0345710797701031,8.67484096020435
95,13.9580215807705,0.187045179862753,0.703290792414919,7.33349371372221
68,6.78398070625422,0.207796410932436,0.493742465274408,5.50415706241578
21,3.05101342634943,0.0379530605860054,0.81202518963255,3.77231191629124
83,8.38591327741904,0.330527543312612,0.953928711358458,2.63349850940906
9,3.82118693033765,0.205771486822206,0.704166977200657,6.83008040619522
16,2.46957251847184,0.00301769478528417,0.823965908261016,4.34122755487439
32,5.21088275697806,0.0485974288312718,0.898957978235558,3.55774576275079
16,4.96562137174691,0.0409026820375427,0.669296082109213,11.1596256055174
3,-5.50535478734125,0.0495299157919362,0.00549778179265559,10.0252697796419
33,2.98091614797866,0.399928165764232,0.353707221103832,3.97946435106648
47,3.02546783105155,0.0171184581302913,0.0803397221025079,9.79816696604206
87,5.03725194649392,0.52827693835138,0.296967712696642,3.39654563094569
14,3.42837668554931,0.0713780908845365,0.600079838884994,7.27487750378228
33,4.71302066715472,0.146130768582225,0.647792269941419,3.68278510197698
73,6.74196134707056,0.17546764294498,0.319598970469087,5.6121219160121
68,8.78606327060826,0.45804017934908,0.309636905556545,5.66745858623912
55,3.42117276153427,0.352903243282769,0.08664073003456,5.46799629612944
42,4.30014858321324,0.132477221661247,0.808204850414768,1.98193200783311
4,0.46411263491447,0.239907296829599,0.043149288976565,9.57788134141037
22,0.179014630838099,0.279231432581994,0.0871071754954755,2.80911365354906
28,4.33605931837724,0.281409303181547,0.884948051301762,2.81950149654464
3,-3.47457328147803,0.110001656011565,0.042895253514871,4.84119359130764
81,10.5734164654917,0.620949667381281,0.725755198160186,5.98538869069515
26,3.98872064444707,0.0816161503590817,0.207714208867401,8.16142952577483
89,9.53067126984954,0.167279423447326,0.901611337438226,2.47348363148478
85,6.23688231870799,0.288634109300304,0.213512758724391,6.63836973056279
74,9.06785346920381,0.910024621937067,0.982108354801312,2.57023753048351
12,3.35295872747771,0.303142937588248,0.4326045375783,7.17190562395657
19,2.51295274509911,0.0144736601627707,0.375251505058259,4.35551095171541
8,-0.302172465900325,0.166823152219877,0.480863792821765,1.93150895762328
29,2.56177057720916,0.318681601890105,0.463221377460286,3.61604262790653
74,6.35505009633533,0.134044265607372,0.501408539712429,3.98549806712384
62,3.34606358671718,0.440701826920217,0.245745784370229,1.88591662637219
8,2.87915783804137,0.295670248557556,0.446884332923219,7.99524638409219
49,6.32654604473008,0.689714696692461,0.846616787835956,3.63488553357033
12,0.118228145663408,0.229408471834588,0.434285643976182,2.17142078029387
94,6.28379712648819,0.215711372893977,0.331831122050062,2.22580011470031
30,4.46550568607419,0.060062927854312,0.444981456501409,9.61756435935516
90,8.48927445244278,0.0641990420408547,0.932192164938897,1.81783109951124
19,-0.235656486424118,0.0829783437075093,0.221381739480421,3.0471998449379
45,4.77952269422579,0.426056177334344,0.581081375712529,4.10580958473239
77,10.6872071493609,0.133604064118117,0.648296556202695,6.02405443987304
53,6.35254207646307,0.595442490155035,0.748675842303783,2.47186806778809
7,3.78100266935654,0.0469132469055557,0.777228110004216,4.25753612220861
49,4.44057031545517,0.010666859840267,0.132337810471654,7.63624053043678
24,3.88959468864533,0.041666412143968,0.825266904896125,3.06212053313993
20,0.630437901430398,0.0133124466519803,0.0465138021390885,10.4447044176382
94,5.55989571416347,0.131698958924972,0.0432123763021082,4.71598534225976
75,9.65972089736273,0.104818760003965,0.874246812658384,3.79249420745746
60,5.13399489627779,0.34885360484705,0.737436551833525,2.19454335658378
42,6.90900475009938,0.108935995027423,0.986253248760477,2.73549660791988
90,5.9640495084137,0.182497452468354,0.738067019497976,1.3259209244451
43,4.59948363526958,0.255539154856208,0.186483232537284,8.97590737192437
12,3.31202715420002,0.269851799112487,0.16569617507048,6.48063697173618
58,3.9561241511617,0.0602900240467261,0.782630126690492,2.23667463008646
35,2.78695289981472,0.163825247087516,0.768990071723238,3.31680142469377
61,3.3125350674948,0.0304680645423634,0.581482558744028,3.41955654096418
48,4.75470843896126,0.368803821483111,0.113092473708093,7.80170552274366
91,10.9760728453174,0.609750771397883,0.797388294013217,5.17682330254682
33,3.45380533325648,0.159928259556182,0.652335892897099,4.38364291643458
8,3.61240545724228,0.130596613196606,0.787972999271005,3.57368880603001
42,5.10778081985547,0.291179072101343,0.70158482179977,2.90266891975978
5,-3.83796315818828,0.100574299693108,0.00638716551475227,4.61661525808045
49,2.37977588833103,0.338896686256123,0.309838315937668,3.23288751725291
92,8.77269952650804,0.422535491620606,0.25144503149204,6.59898006919397
57,4.92255100282934,0.395876273510602,0.789476146921515,2.56655855838265
53,8.07330736078191,0.192452727106665,0.462071073940024,9.83563442571742
62,3.71201775342034,0.692766116434866,0.0182879469357431,5.08969644026122
62,5.87313337371724,0.864615112501097,0.113675318425521,6.52786967065352
57,4.75034863241159,0.126578497118317,0.853544001234695,3.54211810464241
81,7.38384001513547,0.0888807018054649,0.787558649200946,2.64426519987864
76,8.69632874132977,1.10907001507686,0.449307478964329,6.84907961228365
81,7.83590972293008,0.114622632157989,0.674436345696449,4.51732138476029
83,10.1521521761335,0.584263008522028,0.542183965677395,7.15544022010693
93,10.7946710566159,0.422006212153888,0.784636339405552,3.74734866673381
19,2.48038600197561,0.0952973283128813,0.735716364812106,2.99074563650951
69,8.07939820026653,0.17077974032145,0.882685784250498,3.13722729718774
17,1.43377986669086,0.00514443055726588,0.213241486577317,6.12695612783028
36,1.93178589149468,0.0310304651269471,0.267628136090934,3.78633908048806
46,3.13282264421951,0.11885832879974,0.537483582971618,2.33267663102717
91,6.76409714218499,0.115467807045206,0.339297253405675,3.68987288744769
35,5.77930688305373,0.0529392573516816,0.362701842794195,13.0330364428395
79,5.27915376883509,0.856544002848578,0.122359310975298,4.80026398301863
88,8.96960741903705,0.18536664667042,0.670358109287918,4.16466271985345
92,6.79178418676249,0.39352319294349,0.578060515224934,3.92251407576149
87,10.1600017196776,0.226006323693994,0.659704476827756,4.92723924921622
98,14.6741396560738,0.580919583762223,0.706863760249689,5.51442189509977
1,3.75641660055846,0.166121530812234,0.861731073120609,3.49500928889119
18,4.5915746455016,0.0788799140136689,0.840158944949508,4.11320318265874
60,7.36182634778443,0.0750831803306937,0.470596111146733,6.76497919011198
4,0.856416283399858,0.1161989151733,0.0304604955017567,10.9530750719283
90,6.0724290832057,0.290891004715788,0.573128623189405,3.30304419408086
32,2.61945160797546,0.136804301291704,0.753533601528034,3.39316101647466
7,3.99001791933302,0.0248992893612012,0.512759579811245,8.00814002353119
35,3.82848727361448,0.212368367462161,0.134013475850224,5.48898986972127
74,9.37259239036421,0.70917699345073,0.974623797927052,1.90199965839228
77,5.43407316985525,0.0432985218940303,0.659517279360443,3.29743289269067
91,13.4328327532557,0.809675225946021,0.822202149080113,3.8471713922229
56,3.20335545364147,0.326061227115545,0.447441595140845,3.0037283863672
83,9.69332035450144,0.26124637130529,0.892204678850248,3.35720801172057
95,6.9392571865173,0.249476626970547,0.549328051973134,3.30178920074315
43,4.17746837835981,0.268700755789568,0.169139230623841,5.70023557948545
51,7.40146850457902,0.158451698720455,0.937723016832024,3.41886385286313
47,5.83332468768776,0.0253260560566559,0.895038844784722,3.16016842786491
15,0.889854579642559,0.0535131029319018,0.493952093180269,5.10566037520513
48,3.84994981280124,0.305953506136987,0.220443106489256,4.1851107435412
26,1.09663308877393,0.0332273551170953,0.546469827648252,3.70273494406762
91,7.73275825448271,1.27095975793378,0.290270448895171,3.64472445994062
71,5.57752582011237,0.311599501165304,0.774981795810163,3.09715065755217
24,2.31242984775143,0.0283013191797164,0.215442995773628,9.79250528667133
96,12.3695472068447,0.240647045717272,0.736354305641726,4.13328584547155
92,11.0272428220615,0.223248860304183,0.411041309358552,9.02937624688033
47,6.82781219607678,0.0571286815684289,0.386525691254064,10.9157778281504
75,6.01233956609104,0.515955170595503,0.0671914976555854,7.46318421384891
39,5.53301587914465,0.414345823673016,0.402475063921884,5.75451742905653
47,6.58435728151702,0.603313674075401,0.768576234811917,5.83463534626092
1,-1.92978912840528,0.000597211201347075,0.225338520249352,7.15226743709657
50,3.45553019405128,0.150437303702347,0.0347163216210902,5.96119332282793
54,4.75048196533295,0.210702138476747,0.375970936147496,3.30791648593462
7,1.3305034922954,0.185880262797647,0.300598069326952,4.86889597422095
90,11.1841770084128,0.423854589441276,0.562144369352609,5.87890270969856
80,4.56822759270857,0.490960243602699,0.405242100125179,1.29384809876434
18,1.78096828014647,0.271382274295335,0.385231306310743,3.86926312642222
94,8.40700799680204,0.445526888813821,0.448464706307277,4.59814623922844
14,2.22295068232125,0.29412415017255,0.117357158567756,7.00352890813638
76,10.1808668364489,0.0869389349827543,0.994629308348522,4.07374411132395
29,5.98502676253777,0.192660279794338,0.692827890627086,5.48945310789378
88,6.64125216042489,0.0498436749912798,0.216380869504064,5.88223517518071
37,4.42079116983097,0.180390356493908,0.71760794473812,2.95459624689245
2,-0.031755773350957,0.130827301065437,0.414295496651903,2.82757176976783
95,11.396640775537,0.370248216183341,0.984265183564276,2.5360432367414
11,1.25786366070598,0.189304759803921,0.291209353832528,4.52671222869414
14,3.10708350645717,0.0981006460497156,0.558917774353176,5.66729480483551
55,3.72856632439127,0.218367721723619,0.0712720360606909,7.51221760205702
53,3.7583044270522,0.0537890312261879,0.0906620572786778,8.65577639229022
85,7.38943960577898,0.135527825099416,0.624519471544772,5.02844075645158
75,9.58202184928585,0.530623852709466,0.981048962334171,3.11760548487828
22,3.83016935348355,0.00899475142078065,0.500258941669017,8.06860696150688
93,13.859030791786,1.19386198831009,0.994146425044164,2.69056670819146
10,3.08029017940424,0.0550531746121123,0.262412945041433,7.09842298957293
50,7.80105637494213,0.506243320160961,0.968701224308461,1.86225490838897
77,5.19052021923848,0.192676926099327,0.354692340362817,4.0816693718545
92,8.98731725361068,0.578233300211066,0.224029196891934,7.01175132458307
53,5.78535396532232,0.12979051086586,0.918529210379347,3.10288077318157
13,4.66600524105563,0.0330260014161468,0.908951182616875,5.64622341832299
76,10.097367509479,0.48934238037266,0.912333422107622,5.37380215562006
71,5.75354708723934,0.421821234948138,0.0577930477447808,6.49673295748626
50,2.59741834684207,0.133514405588387,0.252010090043768,3.79852711252201
90,13.5798096843171,0.250903147243533,0.963555172551423,2.74041531463882
33,6.17932670498308,0.0430012701544911,0.402566965203732,7.15728725185637
52,8.08829217072466,0.209162949108261,0.956826069625095,4.61088190973791
19,1.26847335829107,0.17245131067466,0.315324419876561,5.88970557701989
88,6.11828351585417,0.744361463892174,0.551373175112531,1.75822215525283
12,-0.843401676549598,0.296449046571481,0.44648952037096,2.84560553567088
1,2.8571065524042,0.0295106914446064,0.667896851431578,5.89598416445372
34,3.23646561748637,0.469531848074353,0.769426786340773,2.16560618028827
74,7.68928882593557,0.309020228673446,0.777611152734607,4.92200772265744
19,3.55746952622536,0.00821349621844544,0.431407802039757,11.1782282141665
42,5.88047560452519,0.188816759026352,0.321529179811478,6.05734006194573
73,6.21358363917397,0.22337892394394,0.637834871886298,3.89386929314773
42,3.93790493864268,0.214003502476623,0.518902069656178,5.43611314834308
86,11.066955439762,0.23996325720914,0.750832966528833,5.58223128204078
78,7.35542758575284,0.144449258019586,0.250749218743294,5.2292361210664
57,5.59033080663743,0.128083835233115,0.830779010662809,2.2897813213175
71,6.44431477913256,0.312567006806113,0.803725122939795,2.47352554445521
26,4.90684434567973,0.00814658182207495,0.890335511183366,4.03296592274931
49,6.11118976614787,0.234141784243959,0.480137110454962,6.1234646233664
87,9.26961200692918,0.425397626103318,0.954856163356453,2.18888640333832
39,4.43313897431561,0.405178893639146,0.242558858823031,5.93371481167124
55,5.08892512275136,0.146145466016605,0.723190264310688,2.92676660763146
43,3.67691688766108,0.128939396217618,0.632440251996741,4.29206554857136
2,-2.74152794861766,0.0208553957859555,0.0299631461966783,5.98734628217036
1,4.12408893685218,0.00304444861424532,0.780555450124666,6.11489051761873
78,5.06338307139723,0.228443404881957,0.0264882759656757,4.49610145456365
67,9.0646477927776,0.0723846638575196,0.932259352412075,6.09654326523224
42,1.85278203459216,0.0227414481729004,0.0314806955866516,4.94902292559294
24,4.22108705453879,0.0772702245270976,0.884790847543627,2.29963554321242
63,4.98894222062717,0.0856088364588587,0.359052958665416,3.24660429200389
78,9.28173210439042,1.47700005388799,0.590346621116623,4.13344203203561
95,6.20267404181881,0.883062274608404,0.692518739728257,1.0262894816476
39,4.58859891489219,0.573470497938031,0.537885227473453,3.92050681171128
75,9.86309561625377,0.380801854238766,0.694670088356361,5.90980389091861
50,7.68167631538125,0.552458890216583,0.96183355874382,3.58159500935165
66,9.22099693848313,0.390299130177389,0.842599829193205,5.84046604944067
65,5.45363163083211,0.385544117519116,0.262996407691389,7.01329920730843
26,3.49401243870414,0.293968535949218,0.25293325423263,5.90226823083289
97,7.51582830199949,0.208212156232268,0.834485391620547,1.25094893896615
59,7.27188105979761,0.0334121143400644,0.9697868921794,3.38783753180561
82,8.27449529365466,0.774000119375897,0.3922397675924,3.18788379314682
78,10.8086116836176,1.9344695542324,0.900671317707747,4.27882759493559
54,4.85773680693374,0.650084321821267,0.181042597396299,5.76810073389098
79,4.9605171998866,0.395315264839096,0.0695775146596134,5.81374264253229
14,3.52896799020318,0.0471849866444245,0.818720501149073,6.67534991382133
88,5.46015858600925,0.177249148476644,0.0405142509844154,3.81232676431565
81,7.73734484943948,0.125933041330427,0.355602734256536,5.44477477680833
78,7.9419224661721,0.153265770059079,0.723684201017022,2.95629056290602
28,0.450771358200315,0.0749608740606971,0.0201964494772255,5.26410328249077
70,4.87590256410591,0.261471488130614,0.107688822550699,5.09224969294467
63,3.54137800968607,0.474945397560901,0.654602950438857,1.84292890452341
84,8.68378581286801,0.0973145521312497,0.317589229438454,8.38624590716871
71,4.26269122481048,0.165931790019386,0.389161381870508,2.51477077700815
90,7.72088404086954,0.592426502343014,0.6023291235324,1.88967180714821
55,7.78166991724063,0.272271006357598,0.461368149612099,8.89822416779007
26,0.571268151099123,0.175594787180885,0.00579163897782564,8.86757315784239
46,2.48112505416312,0.173136180499569,0.0522496367339045,3.77892768161049
24,1.83518052295261,0.0201576941180974,0.694536117836833,4.50754302306154
71,6.50467843367547,0.828863237011147,0.789614280918613,3.42454930292234
99,11.7007842819231,0.555742569701904,0.720051292330027,3.76854235862124
52,7.56794266206422,0.245002295578572,0.385986334644258,12.4982021117114
9,-1.21508274497386,0.0609216042794287,0.00272842799313366,13.7584752510276
7,-1.46745679626506,3.35243530571461e-05,0.185587169602513,5.43491653249634
89,7.13441466188658,0.237295915362167,0.588254572823644,2.10882610542741
80,6.39566403678846,0.129286285606213,0.32731778617017,3.68843025232951
69,8.93102074044468,0.102011009075118,0.9625004818663,5.02587500171807
42,5.25240686896846,0.62980346518212,0.812007594620809,3.40356908347932
14,-0.0721720581767462,0.00418534723576158,0.141319253947586,6.31780541237324
36,6.16830420743207,0.0242444919422269,0.959755474468693,3.74456118196782
89,7.34074490959499,0.452625284881747,0.384554801741615,3.79530568511279
64,4.69069889623533,0.271584491640223,0.534478112822399,3.21090677889373
35,3.89548957876549,0.0510687725123685,0.500785046489909,4.332564160499
5,4.1582194929482,0.429169294869012,0.943976339651272,3.4570783075479
19,3.7408477799017,0.00767056950607052,0.73262729565613,3.97392832468812
88,7.90249679719246,0.937405151728183,0.656377244740725,2.89536304742822
33,5.01534279666597,0.607640249157482,0.355856161098927,8.42176887901083
72,5.30328674867023,0.103122857895772,0.399634732166305,4.61060979497255
55,2.91251786082647,0.24897368878622,0.673166484571993,1.66929185384808
27,5.53402199595771,0.431871871908611,0.624608393991366,4.27615413005644
11,0.308200943277747,0.0290287130469203,0.722260712878779,1.92454469069239
17,2.98043392836216,0.0713293690932915,0.381573061458766,8.28578074613904
97,6.08161744515469,0.242395454774353,0.756844479590654,2.27865598537978
89,10.7257410629678,0.170305106090382,0.988332678331062,3.57584692912438
85,7.85377558056561,0.973954257968456,0.518202401697636,4.02110871325053
60,5.61365882466754,0.410529762019819,0.357900482136756,5.21505634316778
87,10.7081774391685,0.528528064923519,0.980402524350211,3.24417917268318
90,5.26505759285533,0.97387167573312,0.0422004365827888,3.76131447717279
26,5.96847222543786,0.296073604364622,0.856186631834134,4.91894667378081
19,-0.521662698383027,0.193406421447846,0.442203010432422,2.8686854926334
46,5.8410575534601,0.222828516958955,0.839920904487371,3.8132925716243
76,9.39670245049516,0.129176185582764,0.984649343416095,2.54747621840566
60,4.61781735154137,0.669892412113184,0.609977407380939,2.75202453674807
53,6.00681995642376,0.40699004519493,0.733364077750593,2.40026712353093
44,4.52626867057349,0.0140589758520946,0.893442045897245,3.17319745668331
20,0.44229227464624,0.332643733815032,0.135078703518957,4.96496464156129
96,6.96279787952741,0.783753871875715,0.339437924558297,3.87291387200022
78,8.88064010805109,0.625784813860589,0.826245120028034,3.25174374106094
13,0.637482403474748,0.000494127609246991,0.0443627550266683,12.7153173290423
49,4.85961080441127,0.235881649412888,0.0912235167343169,7.39801561252104
46,4.2143973028579,0.0280579143436626,0.215117621934041,4.80408361745224
35,5.38216190254871,0.282590572711754,0.869419956114143,4.00829096862838
15,-1.16339415452835,0.20387862124689,0.162590367719531,3.1477100059374
75,5.08956153849048,0.0877142157997503,0.389473158167675,3.38034958207397
99,9.92608371601749,0.301960231260139,0.970402837963775,1.48971362095013
10,1.271758209732,0.00745826618771394,0.350717857247218,6.62212059731172
24,5.28013365520821,0.0586542065562094,0.856076454510912,4.64367627763817
64,5.89354185202846,0.0416541325394064,0.297673859400675,10.2769321790037
56,7.02548364414603,0.103718007513232,0.567047570366412,9.21331700356079
29,1.06243984415892,0.24692014347643,0.112434965791181,3.1655389169617
58,5.78288285172348,0.368849596260128,0.475789142539725,6.04805472436768
20,0.602980191197467,0.00668586518093362,0.0634752148762345,7.00708614210319
8,-0.211713281468073,0.0982849131105468,0.604682940524071,2.2589197652922
6,0.730372325697546,0.143043929594569,0.119414524175227,4.36116931144743
21,0.646412734889808,0.00240514695178717,0.12302805762738,8.02980843453641
40,5.42822961535992,0.0281058246036991,0.714521718211472,8.23746599134037
17,1.37774409018821,0.0933633094071662,0.100710342405364,10.3603834672331
58,4.35085376198243,0.082841956987977,0.19967494928278,4.19446100759501
63,7.45298087065185,0.18393473465808,0.278152465354651,7.66650696187968
43,2.35858476891295,0.219290840542171,0.0998722517397255,5.19775513266409
45,3.82120388856604,0.0310956957762573,0.339924059575424,4.96689996259453
20,4.13482311323517,0.19155814590745,0.16721316985786,16.6995793641351
67,8.92409361273881,0.124622778734192,0.419292268808931,12.0270654096014
45,5.73234828670682,0.17873195138641,0.937063831370324,2.01380467062225
75,5.67486628835477,0.737445112275791,0.407042389269918,3.34387236652123
89,5.12086572076213,0.645429875204498,0.15956585877575,2.65640215602595
95,9.02195184487291,0.669154014872545,0.906554297776893,1.73752539051516
11,1.48073786379527,0.402278754888307,0.0337794437073171,5.99471908915302
51,3.22526800734191,0.0263855380163988,0.0598422789480537,5.04535127869781
19,0.92928353017341,0.00840628077276051,0.0174769908189774,8.39676120572615
3,3.0497926575563,0.000743460882975013,0.928374576848,4.66994188354745
66,6.68744992157133,0.0366706134518608,0.664482660824433,4.74397130291823
74,8.27468602395181,0.0796483103185892,0.596441032597795,6.9482111236265
33,3.18903119034437,0.210294938170093,0.449294360121712,4.96857917258658
66,4.77762270791156,0.222169395292851,0.556017187424004,3.68661482515382
62,8.94453848252273,0.730651937497914,0.701370594557375,5.67225735163255
83,9.14781614607278,0.19858957826041,0.37155510741286,6.59082324092167
58,6.53114072531789,0.685506564999157,0.911116552073509,1.526561638084
52,7.78785603094034,0.0686463296879083,0.857978236395866,8.72446365098361
12,0.997256145474513,0.00526722357608378,0.557200002251193,5.15011876883765
13,2.31548227749156,0.00744947622374892,0.788963040104136,4.40378192942799
37,2.74420227570683,0.0174560124287382,0.501397571293637,3.77875727448291
66,3.78479923929625,0.459046065786338,0.120604210533202,4.209200775201
14,2.30985115024592,0.0996954415459186,0.776696906425059,2.5052880309363
90,9.19731364668246,0.0961809564614668,0.969435760751367,3.68227029177385
15,0.91153119812707,0.242966044218022,0.195517988409847,3.79057982262544
98,5.94913228394738,0.294332124282348,0.570784544805065,2.2596568829066
80,7.51678798582377,0.451393037547773,0.458171094302088,3.5639394708469
53,3.63262714888688,0.0804209755733609,0.167772970162332,4.56136936381719
59,6.28932544989257,0.473638574571765,0.409145345445722,3.24809439367658
84,5.65779338708603,0.0845022912835702,0.187237578677014,5.69055308773979
27,1.66392557967762,0.184239383761017,0.446508034830913,3.00939623856775
60,4.24841041675029,0.128829741501249,0.323181790765375,2.9517524686675
3,1.64376039918823,0.0211735875345767,0.725908468943089,5.43897033169665
91,8.3986036430191,0.0757199415238574,0.640287332935259,5.24827458404233
36,6.37441492430447,0.0542332448322267,0.964696681825444,3.77921980981972
32,3.42769493451825,0.179176528364204,0.603878260590136,3.89613240239006
94,10.1710146336467,0.151898929965682,0.945287072332576,4.22626881194225
49,4.7932965133814,0.0228307383538477,0.163299725856632,6.52769196379456
25,4.83598550732676,0.126188239199109,0.827706270385534,5.62346843146806
19,4.32915393328514,0.0804227035259828,0.338442092062905,6.60525265710107
28,1.60455729590816,0.025050500236764,0.149314294103533,6.03673056699902
84,6.59379442012574,0.296925134713504,0.247665901202708,6.28383304634212
38,4.53826691318056,0.127695228322409,0.577946729725227,5.71805566208444
35,4.85506279288926,0.0750173365231603,0.677830499596894,3.49169303776357
53,4.84597740848903,0.393668964949852,0.156709696399048,4.67871468822572
87,6.08884724065976,0.158611521590501,0.716918914578855,1.67089226284614
43,3.38160307443436,0.222217986116859,0.0299019045196474,7.21012830122137
89,7.94589858124824,0.540817316058185,0.345843387534842,4.32298716866377
77,6.08699621192327,0.11410891613923,0.187655365327373,9.29534197177578
92,6.48763945461511,0.21626838204846,0.660730289295316,3.13472116353835
92,11.4534214157327,0.170223733177409,0.812258974183351,5.84406049187093
41,1.84231736601144,0.34275179960646,0.0435322115663439,5.38442330703565
3,4.08768642199473,0.164108314667828,0.414594814181328,14.9484103614482
15,2.74874188605377,0.0423916023661838,0.752725484315306,5.07886640948546
77,5.29107906379664,0.282425424073565,0.123993839835748,4.14971780690029
73,9.80401020511423,0.056766829569824,0.890770473750308,4.12228568846301
91,11.1609519945182,0.119433966116048,0.950372889870778,4.74083124723608
78,9.83386662175165,0.199348312422826,0.654307259945199,6.09472457719271
5,-3.30620296943765,0.077075123321265,0.189729366218671,4.52126734640922
65,9.08719390944791,0.733890347140742,0.381446958752349,9.74632946466933
51,4.40643714034471,0.128093281993642,0.52794175548479,5.5818470160522
43,4.86972264883496,0.396925206520663,0.793462636880577,2.44327390129807
99,12.9008003041447,0.192397569761354,0.871147968573496,3.4450856008952
91,5.42570823999487,0.775538915726257,0.350374615751207,1.40104393505613
30,0.913723038334807,0.0400702168699354,0.0198436917271465,6.3097524288776
19,4.20141474165803,0.412789961767799,0.874744700500742,2.17815696046587
74,8.48764397295065,0.0479389490792528,0.614552932791412,5.24741343702207
24,1.45322025637603,0.0636167277116328,0.668935746653005,2.26602429046171
22,5.43694765569474,0.262582646672356,0.789632556959987,3.74592248438022
15,2.72380297220657,0.297256758193228,0.502405681181699,3.22772823059587
53,6.48505506276218,0.505919217111027,0.871879530604929,3.71070746725059
53,7.80514980388292,0.253098273568173,0.707359704887494,4.52391436131939
93,8.93072919722752,0.113042598008178,0.852224777918309,4.78841172237663
18,2.30886434245056,0.251303635294291,0.0562412922736257,5.65084825344419
41,6.22146466642384,0.492996519410467,0.945315185235813,2.27858332071141
31,2.15384734112425,0.0182833836278106,0.300857327878475,6.08833711935692
82,6.44215991979849,0.807914100545359,0.859178574057296,2.37399072555201
24,5.3347366281718,0.0102638308890164,0.819182850420475,7.37324602683696
21,4.84222919464384,0.0103922310518101,0.932315465994179,3.40895466944033
13,3.93607612068429,0.0294806538966526,0.927506120642647,3.69160816840407
67,5.05744474518903,0.0682409578002989,0.754484703298658,2.74853355752791
99,6.73330256814525,0.158606025041081,0.488642909796908,3.73521865642617
22,2.74572018701389,0.0401385574647803,0.440511948196217,5.47250860534624
82,10.3404582839775,1.92859439233974,0.951356154866517,1.82272180629223
28,5.58205714695195,0.0336499842815101,0.972007886972278,5.32281704591632
18,-0.0183926327365551,0.00744547143253628,0.0414924416691065,8.47639920768539
75,8.11073270421998,0.161134334164672,0.955742770107463,2.32413826298224
44,4.42698328393025,0.0261753655504435,0.739388405811042,2.80856855796785
26,4.97177775123756,0.0872263825731352,0.407654392533004,9.34900378233856
64,6.692835434759,0.215274873411956,0.738169575342909,5.76124920655805
39,1.78469454246076,0.024863193174179,0.550056022126228,3.95191177051495
80,7.86340218934433,1.02476681530812,0.747034043073654,2.27635931397998
98,7.99048398793323,0.366438540609038,0.460343498503789,4.81350045293633
46,3.91619234932112,0.363444381372488,0.688578578643501,2.3865461349725
76,5.73973718753548,0.320665420953858,0.227059297962114,3.97981217551065
18,-0.101290383331159,0.202581699348029,0.558957594214007,1.77329567413931
86,5.26725507317262,0.21029922714338,0.667519839014858,1.23913974275826
34,5.61962440848794,0.125707606435753,0.818451639031991,3.85077888847189
17,1.84968878962645,0.142641373793595,0.166549940127879,8.91359677423955
49,4.76832509199745,0.179885967624116,0.874860756099224,3.51277222728228
76,4.81552748019407,0.162825340172276,0.404325590236112,2.81946358455734
23,2.98720868714495,0.0112200898583978,0.0714812935329974,14.0096677595977
5,-1.30598962127224,0.106564652058296,0.429427825845778,1.96421465246849
19,1.53225493748236,0.00194311017164133,0.106637092074379,7.69383184999478
61,6.29121752189983,0.0392166724195704,0.527760489378124,4.0470574078548
97,10.4717499475484,0.220745219203658,0.858630236703902,5.1212501318134
14,4.10546483726154,0.465644842039248,0.592323439661413,4.99047017687956
67,7.49148942340649,0.0453398753888905,0.42383414064534,6.29914130906043
10,3.3265911896574,0.438338329063213,0.864469261374325,2.33851002006067
64,5.44771647056211,0.28466838178106,0.193814764497802,3.86889306598287
41,2.13381339295526,0.0973203149624169,0.169329290045425,3.84532630086927
41,2.34992566444851,0.0325781361380731,0.319106979761273,3.86458944287633
33,1.44571764773292,0.393545955182331,0.137647483730689,2.68196344060301
4,-0.632434486503366,0.0034788138531205,0.489076873287559,2.87937410810965
4,-3.08620262402394,0.0119653512977387,0.299100845819339,2.89201178739354
17,2.05009771803862,0.370568738987534,0.770651655970141,2.49507174642397
83,10.1441279467533,0.475457886212921,0.575361589668319,5.59775768675352
42,3.19928861065918,0.0441167239168356,0.204645422054455,4.30851954367628
39,5.3739127997981,0.154185334919021,0.764401741558686,4.41592153391917
96,10.2178938715517,1.29092661425194,0.616823404096067,3.50075094522909
72,3.93137679379883,0.0745483783539385,0.38014696794562,4.28425376161972
58,6.80085486603092,0.0745021237748161,0.94056652369909,4.9619546196029
98,12.1695971764621,0.972274020807087,0.806960106594488,2.38311254200558
27,3.20409108424217,0.248131916149262,0.393308522878215,3.91971463817744
30,3.26521099171011,0.330665134115818,0.796751396497712,2.71717521132079
68,7.99179553095227,0.0835827924311161,0.339919015299529,6.0447490254122
88,12.4871287992125,0.322545958672392,0.820876020938158,5.86125190947948
14,2.52916129455489,0.237757320876059,0.744040462886915,3.33763495382069
73,5.4971126212236,0.822971979114127,0.216040183324367,3.32556878084188
31,5.60439508898306,0.132833397365175,0.885518281720579,3.83127830783331
91,9.39614707586385,0.865972684654308,0.552740387851372,2.88140070975382
58,7.95467060855122,0.413531742503351,0.963414184050635,3.83072059086495
14,0.00112533586815022,0.198515250337052,0.0214594029821455,6.21970766252611
36,1.25915195138409,0.0169547734549269,0.0433999989181757,4.25380629351026
22,5.75944559365482,0.221787415925731,0.98230798332952,2.50878424275876
22,0.708273728637757,0.183025654480178,0.0140275373123586,6.38816648977389
17,1.29949743975255,0.0519159220857546,0.19607972051017,6.22645270780778
40,6.15974157039984,0.436249993720508,0.237545123323798,8.71259112978129
19,4.90655900851839,0.559316528035618,0.479150728555396,5.38628869179731
59,5.31561461445637,0.0913209294667467,0.685047099599615,2.85993319845224
33,2.53327736731694,0.00925829904044612,0.474582187831402,4.46144384556795
85,8.12348150643834,0.0756361085223034,0.426528163254261,6.76461559222873
68,7.09987897750061,0.227090207296804,0.904050757177174,3.73915128957765
46,2.64101080821967,0.109471553354524,0.0655382566619664,4.50029877677668
86,10.769371482984,0.231527521689608,0.967878990108147,4.21247568510385
66,5.32578321420939,0.379352151395238,0.634197905659676,3.77428267113481
56,4.87935160804694,0.197495885415676,0.231374141061679,5.99150973730412
58,8.85770306449176,0.514091486090279,0.917714983224869,2.41058839271641
5,3.31394725410797,0.258514467384674,0.208116870140657,14.3520449087584
9,3.75373954019077,0.207365245547819,0.312005787622184,11.6518292048948
86,10.7712218322624,0.192416846218931,0.947990485699847,2.88673521506385
67,5.03759807000889,0.109683768358082,0.401941341115162,5.7984650746498
36,6.06689275520844,0.021964312531054,0.382360851624981,11.4659415685743
42,7.13227529716058,0.797678701537562,0.541406867327169,6.73365734596952
88,10.0497291015023,1.24178433084959,0.623580936342478,2.98436937399609
37,5.48877866304154,0.120382916065864,0.722851798869669,6.68965633958766
85,5.73562905073118,0.147668839432299,0.162937686778605,4.68274478813879
29,1.10218272780316,0.00525270820099776,0.292317188344896,3.16331329897333
63,6.28395341995879,0.3236501251708,0.862369162496179,2.95201522860349
12,4.23930849911098,0.00969242333016633,0.685451556928456,6.02774001325136
12,3.61324642898251,0.178990056494924,0.795827831840143,2.90720944019961
84,9.26975442797214,0.207253727585751,0.702197689330205,3.45792110911874
78,8.88694880157377,1.03592745349148,0.456760325469077,6.28695651025496
34,6.20690150967317,0.230183081923726,0.893007138976827,2.78825336520405
57,5.29748705409294,0.133304997347295,0.116464687511325,11.1609334917446
77,6.76983987794138,1.07879697990822,0.692833550740033,2.88526537327796
47,6.27502386151736,0.287995061128143,0.888025418156758,2.48922770302171
24,3.60291337716784,0.0303472179220989,0.802005019271746,5.67963904739093
57,4.91064959159121,0.0815218336931088,0.162445631111041,5.54925062005704
33,6.12938904421632,0.426195880894593,0.60565807740204,5.11744144644952
85,11.5145270387111,0.126696557737887,0.783903029281646,9.15045238481982
75,8.646953235058,0.311081384519463,0.342415317893028,7.23989952735876
93,14.6525016419467,0.201202120621431,0.920516799902543,3.57078044951543
12,1.08219616287048,0.146980985533446,0.105486701475456,5.21064488517878
45,6.56863172867985,0.303437820159572,0.841162111377344,5.7584824045105
62,4.97599288305861,0.142216189909215,0.837185424286872,2.59864985047058
7,1.13548885844538,0.0186893587863885,0.528314779512584,6.66401373700116
8,1.99732212835462,0.385040106179377,0.33554372144863,3.68266517536115
17,3.63813576836009,0.0698544651674929,0.214536873390898,13.1198596881109
92,7.40989315251532,1.20187520695137,0.673170463880524,2.06199710608724
4,2.44412460405116,0.216739281070161,0.106024431064725,9.99034367965443
30,4.58605464391822,0.0206812253342396,0.490857458440587,4.58566876211637
18,0.319548379141832,0.0943164916243404,0.580208943225443,1.75216990463286
49,6.92109074862543,0.539387911986412,0.406306471675634,5.00304754232846
36,2.00898262263081,0.182003474572842,0.0319121195934713,6.10784640726218
64,7.39000953778037,0.148185149417259,0.426109928404912,4.91430603127492
21,1.14760098901683,0.246634682629931,0.0259697502478957,5.01446651044329
79,7.42635387961504,0.594053262347514,0.188384909648448,7.31475727020897
11,2.60059972007021,0.305919346156272,0.115834505297244,7.59285417557872
84,7.66637044535636,0.346996548564589,0.910765616223216,1.84954983475299
88,8.79957915369249,0.388000476852877,0.851077478844672,3.73463921812169
85,7.74879767078947,0.101092418888584,0.284335336880758,4.94366162845046
99,6.01003865893823,0.250913705666292,0.709018318215385,1.82477772170681
50,7.75342112919818,0.801782039883447,0.721167446812615,3.26237891486984
25,2.97158135478974,0.0242804173367651,0.259303633356467,6.9927841927244
72,4.74872173623893,0.439726990160948,0.69076642813161,1.31095325925297
10,4.37758940347673,0.201731044788587,0.3651972503867,11.6782738827438
32,3.33779707072368,0.429943712872869,0.15233888477087,8.95009498094623
98,9.02117113951341,0.116169045776043,0.833202679874375,4.78460847831017
26,1.56470505512555,0.00898328225594014,0.760302804643288,2.40865562137053
59,3.23542078572103,0.376131605518464,0.227435255656019,2.40341786433507
8,2.86200507802376,0.0405423451447859,0.758016078267246,4.52547204642417
1,-4.09826695603342,0.00420857170104903,0.211349602555856,4.74836912002357
72,4.25757974037104,0.0418224514933853,0.521536130923778,3.17981059310424
53,6.29287611006869,0.430866683329933,0.212319819489494,11.9168618653027
70,4.45288000131018,0.160119576146826,0.558559167431667,2.08782552940269
54,4.39558589049025,0.331636786916035,0.0610690794419497,8.93794791701059
69,7.25187795849166,0.0647306232713163,0.525586256990209,9.41179602740786
17,2.37553524259727,0.289678507589877,0.752292747143656,3.02978736303539
78,4.54509108807937,0.601263713525766,0.0105548677965999,5.31056065701369
24,2.15899090923432,0.203257720854209,0.0424213646911085,4.97501682134845
61,7.14182811719965,0.455897419692433,0.619647460291162,4.44908526225927
27,3.27958896485517,0.0345896176295355,0.0680824837181717,9.26312195473166
4,3.87983527380976,0.378450727175127,0.784629356814548,3.15555293133334
47,3.19640712304472,0.0517891880127284,0.0402069236151874,5.26073700909716
57,8.21704698735365,0.314338294545862,0.933753843652084,4.15526669372124
34,6.08758164099644,0.32807996146262,0.312993789091706,7.01635947622335
13,4.81180658844246,0.416373602093613,0.654862861847505,9.01577041211634
25,4.38245101397193,0.0113620835658325,0.496303250780329,6.44068086397048
30,4.67353380674108,0.468219902333312,0.262914420804009,5.24948906693569
26,4.58496135060316,0.0353674886282533,0.790602614870295,6.17509251842943
51,5.24952983422803,0.290558549332175,0.863647423684597,2.465691179858
45,2.34863797108327,0.0706339792983471,0.19312147423625,3.71743433738421
64,7.32767962966094,0.14409661910031,0.64941714075394,4.83068221336867
0,2.65507305483521,0.00901387562043965,0.467073489213362,9.03111564450003
99,11.5413534738791,0.830595245542836,0.917755017522722,1.88607283841175
92,8.59687924085317,0.201298135555092,0.774927771650255,2.18366484774675
34,3.65328481895993,0.0613301565172151,0.385287385201082,7.28081101549373
64,5.63387428647349,0.111624111188576,0.123498055851087,9.90413889520994
77,7.38909581539675,0.284594256653193,0.655489335069433,4.69624553534348
94,7.14691483576174,0.665024174811477,0.296316092368215,4.22811734917719
55,7.26964926502268,0.135589626268484,0.950656252447516,2.55110473331848
55,4.78620996663806,0.246744102322239,0.853626693598926,2.40143444959217
63,4.60163699887309,0.040575812687166,0.747721198014915,3.95172505492542
30,2.45202880757852,0.295934135016782,0.0183898382820189,10.9316330651983
11,1.57775907789261,0.0667753145098686,0.0500520875211805,7.29087126051386
77,10.4211319024088,0.236979976518753,0.991066746646538,2.73264080588275
42,6.44390566740587,0.668559804061586,0.924127220874652,1.94710355035936
5,3.1594682785933,0.203450410849157,0.215905448654667,10.5846759212454
72,8.61685135983429,0.463420193431499,0.938754800707102,2.16351423717682
38,3.91151841741203,0.210295548884872,0.787566984537989,3.85759283464582
77,8.86162411476886,1.23975166647771,0.865644364617765,3.6222757892855
54,4.25178810093404,0.481629284543401,0.216084472369403,4.15630808955971
11,4.43185763302639,0.10415352252312,0.507555260322988,11.928414536756
64,3.81825078618127,0.0184450977249071,0.189335709437728,7.76185371202626
58,4.47947484629794,0.564264175916249,0.478910621954128,1.78323864520542
46,2.93856703096799,0.0429224508364493,0.393054652027786,4.31457463177545
46,3.83943327141833,0.125398823875003,0.284426186932251,4.23227073618354
32,5.92772562115278,0.0241202013593345,0.573270015884191,12.0774934727432
9,-1.63365424318842,0.0935953811276704,0.00135652022436261,5.43806941625074
87,5.31172716508921,0.227142708365548,0.21154501195997,5.27928157655188
47,3.01876061459638,0.046795042947052,0.155287800356746,4.69249722220795
30,2.21370404322567,0.0259179324052616,0.46200971538201,4.34091456130227
17,3.59627965415679,0.113410974969156,0.171966925030574,10.4559867818987
69,6.78196083474626,0.745966287135849,0.823839823948219,3.08529572092717
62,6.57134953920264,0.154825550154783,0.616501293377951,3.39774599204514
92,6.87124907658681,0.228747479141432,0.276850195135921,3.37533121635468
68,5.86567027622114,0.158167026937008,0.385635045357049,4.31309385130188
1,2.71189587218737,0.0847551781916991,0.327500843908638,10.8447707273208
64,8.0770351729687,0.102685979218222,0.974915998522192,2.50979087809879
40,2.13467071371961,0.0158879426173995,0.594992625527084,2.09305519500061
40,6.74498724072373,0.662635033453041,0.93328161444515,3.44432088264384
6,-1.23401057376201,0.0103834770860462,0.555601912550628,2.12313591680437
32,4.21009687125017,0.103728766203858,0.451615721685812,5.56210309139133
15,3.09448108229716,0.106004716362804,0.257102740928531,5.55442478950818
76,6.07922260724831,0.14736307610292,0.44341388810426,2.93935546654901
84,8.86796440738592,0.638403164656991,0.646743202814832,3.17946088977068
31,0.947784133456378,0.0124049809851553,0.110612459247932,4.64445014870383
44,1.7877591138211,0.024991198675707,0.584055405575782,3.07995905954693
47,3.86608590939392,0.459538837873793,0.419242516160011,4.22201864507981
99,6.74239772299736,0.426470709943628,0.373050104128197,3.99369897045564
92,10.2859299152132,1.95186494391712,0.645587369799614,3.51193256876647
53,4.85547588485258,0.140712092863396,0.567564320983365,4.4635777946075
10,-0.445371416318365,0.00265707413200289,0.448671369813383,3.34149532354432
71,6.13161943781013,0.443698580821461,0.528959057992324,4.08580773739011
73,4.61752157074153,0.679022817375296,0.297955617308617,2.83866994124362
89,7.45622513532047,0.128325717198607,0.873732120497152,3.29510562240858
26,3.81145899098634,0.513557532315558,0.211227777181193,7.50235002061098
61,4.23946395442045,0.334649735818359,0.175081338267773,4.460290603725
50,5.96430569602516,0.191558860464695,0.556988374562934,7.18585799256947
9,0.306092423926463,0.0484620052945577,0.195189172634855,4.55860554878181
40,5.82345080164826,0.650286779241794,0.413966698339209,6.02051085559531
86,10.6036984760876,0.0957041654037312,0.940533612156287,4.10662549953812
98,6.18152296818559,0.919948154542238,0.0568539029918611,4.39589219765501
93,7.62163793467361,0.0808218847960234,0.855377781670541,2.00917056793057
45,6.79846615865596,0.103412536394809,0.903975849039853,6.79392234319258
23,3.77931604056778,0.185900994333181,0.605847317958251,5.36875658443477
73,5.97958599725601,0.156505244434811,0.10144112072885,5.77868652215604
38,4.82682691734017,0.0127745814388618,0.87848416576162,3.13773598473254
37,2.53787078657034,0.122286117311877,0.0356959407217801,9.95970989496437
10,1.89630752383113,0.105581492302008,0.120925756869838,12.0218903714456
50,7.40570085543998,0.0405722297932758,0.788127570878714,6.81384221216982
4,-0.105455586526048,0.0559043390676379,0.321111683500931,3.15363795514267
72,5.21780922839609,0.82658132720263,0.185100000351667,3.07719652967002
84,8.23773192909404,1.16194732946562,0.751979281427339,2.43866255681648
65,7.34939872344659,0.492322010898447,0.586813729256392,5.23402992747645
1,-0.366563286273967,0.217747320177707,0.022783606313169,8.8354957167679
59,3.24676071094782,0.151812803931534,0.434403786668554,2.75393032106197
48,2.60286391096398,0.0506632092874497,0.715963162248954,3.39225064770468
60,8.83101988752143,0.123743361094967,0.947177236899734,3.1248480731297
30,3.28362987583197,0.0581088254063105,0.774564788676798,4.20184355007633
2,-2.55822152523036,0.0199164686532369,0.00850359792821109,8.12667638394559
15,0.314717618286442,0.0832014930201694,0.677204342093319,2.15180060600741
44,5.15885441846949,0.151585552841425,0.807896012207493,2.23421316859651
26,4.66500003526363,0.0174249379509629,0.420109623810276,5.65265384517837
48,2.40642106767932,0.181021624234247,0.150508681777865,2.73390148764637
79,5.26098265807045,0.456313073720122,0.59098657942377,1.60909608371579
5,3.83936875426956,0.1278320485726,0.864352745003998,6.69692516085343
85,6.97446732848998,1.22880617940897,0.128617824986577,3.6361230018897
71,6.65337842855214,0.377665653098141,0.720420252764598,2.63564703451713
60,7.82312837548426,0.5654609366005,0.886815656907856,2.97373312503411
23,3.06920339046329,0.0495504289915643,0.442535722628236,5.97727041779165
61,3.24658562898811,0.281770060061219,0.281589951133355,3.59823264882763
62,8.22635622411938,0.35124157599867,0.613414572551847,4.61443098370237
5,-2.99295327937467,0.0753582693869248,0.165969037683681,4.39575115409314
92,6.73127695619431,0.228753546475175,0.173953876364976,6.37861513185175
91,6.24576437711914,0.519907967621619,0.356994130648673,3.69594466438185
30,1.58290498249893,0.431872151771045,0.0843547773547471,3.55877817245839
38,6.41670520630272,0.118526623933576,0.975199534324929,5.2624883618745
7,0.230955053012192,0.269719072374258,0.567576541332528,1.71152847905499
20,4.98953753892716,0.441220111658281,0.735997584182769,5.74628566406766
58,4.53250404918936,0.481317089383906,0.223266808083281,5.35777728223284
51,4.230467632669,0.514150124487883,0.652822269126773,2.05246474196805
29,0.65193360543686,0.0348137229448184,0.023130452260375,5.37051835789326
39,5.61069234181422,0.171967698843218,0.710317880613729,6.41279814100091
94,6.79652534642259,0.269072943961826,0.356450741179287,2.56682857725532
2,1.69940521032183,0.165088265552185,0.154627517564222,10.5353451365388
5,0.76982856406439,0.192682070414278,0.024048792431131,9.55604596472318
20,1.41239704295268,0.00768731902283052,0.259160281158984,6.10063145757693
23,1.64377458119166,0.419551676583892,0.706097441725433,2.50656959089471
5,0.250965954552423,0.0136663113953546,0.0453970120288432,13.9762889210548
63,4.54020820043636,0.0697374323461494,0.213589685503393,7.75686236996608
0,-1.33857096884494,0.25853278277323,0.00274491496384144,7.43594584539701
17,1.32771718571794,0.00427077244967222,0.162089549237862,5.91454266862254
32,5.94945544436484,0.0184966232264904,0.948549258057028,4.99036514446232
49,2.52614048578685,0.100329663255252,0.289979324210435,2.69487239784343
75,9.08056952653831,0.125096314935945,0.615089376689866,5.77310857833183
60,7.90432052221774,0.30560815403119,0.861229572445154,5.33168548922759
95,11.1397383175744,0.216960710230026,0.494700856273994,9.73056657741753
58,7.25412888010742,0.476488499881184,0.961961225839332,2.37212403435732
47,4.11269117258471,0.0966061780927703,0.0706028211861849,10.0239109969994
5,0.420536255784222,0.0709005451168464,0.335395480506122,4.56569790535662
13,4.10110587096892,0.132504730136134,0.796158806886524,4.75342560469717
25,2.50671613045891,0.380971265662246,0.352323806611821,2.79439839800058
94,13.9942712812257,1.24116418994702,0.734544578241184,3.99342040364759
34,2.68020086837064,0.127718602228477,0.559299258748069,2.82144554045287
63,5.9885609269692,0.0683490452356637,0.391398762818426,7.03792877932123
25,5.92925577152349,0.178370153647612,0.777915888698772,4.5112080157398
77,8.60918282171818,0.477862582055336,0.524195182370022,3.92038282411824
40,5.52676750991895,0.0594603605775764,0.324977785348892,11.1940420713839
64,8.51916181408088,0.056482914347444,0.831574422540143,5.94508235392589
42,2.78114609058842,0.472951773067421,0.0162517100106925,9.37390494930072
65,6.29588158632232,0.0492928898893297,0.781587496167049,4.94742970151689
22,5.37106382181286,0.0503472770175377,0.88673903606832,5.98649469202335
25,0.271808613589916,0.29214053483561,0.0126314025837928,7.23249994927311
31,2.21572841654704,0.2614139187976,0.301362835569307,3.40486250883711
67,4.71022937711643,0.0743295042775571,0.215946240350604,6.28382570286036
42,3.65925527495883,0.0358641780912876,0.0612797178328037,13.0570123032032
35,2.51026302941386,0.134448885335587,0.666595536284149,2.03050975186593
34,5.31080374648549,0.456858450991517,0.660872779320925,3.83446418418882
59,8.88263415849869,0.801636248784971,0.402939701918513,9.81870569532546
33,2.65350801822721,0.1527394404402,0.0716454540379345,6.9992920745677
61,7.84919719346272,0.910097958001882,0.831021599471569,4.25385578363329
86,11.7060922296151,0.0895341717827021,0.998145455261692,4.45334834874562
49,5.37285119187589,0.0994610404158949,0.280909470515326,9.75399003682852
28,4.71548143730573,0.303301505758306,0.842349484562874,3.66747562085496
58,3.02908666779504,0.129216090776026,0.42879807529971,3.37208384414665
77,7.20770790075408,0.0927890531020239,0.850070344284177,2.70246493482472
1,1.2922955420953,0.32546000018597,0.0316891211550683,7.35267644158194
48,2.07240245561807,0.410821862497783,0.228072832105681,2.03321769454728
84,5.77282244636689,0.080331277572175,0.802910542115569,1.95818917315263
69,6.94060745705608,0.0927580497293909,0.583974878070876,4.57306174841681
11,1.51879423005215,0.0558908937964588,0.33227734756656,5.0156441630414
53,3.23188897576765,0.0194533912884926,0.157010419061407,5.30495402985392
38,1.95704819596596,0.0688600990688428,0.64493873459287,1.68602707812474
90,5.82203558675416,0.610023413287634,0.0246232205536216,3.32563598184028
22,2.32868975418276,0.41100270624966,0.0513631755020469,10.3552587016767
29,2.27759762564881,0.165145672159269,0.261983708012849,3.96486924719459
17,4.64374852592844,0.324436034996736,0.62880163313821,5.25334163247327
37,2.56762418769518,0.116373776948467,0.691352149005979,2.91381206284744
59,4.12302020655836,0.209484255629334,0.14561715349555,3.52869334959322
22,2.74982289650554,0.422447667730307,0.211085232673213,5.80315576178007
72,6.9669920424746,0.0609941977503806,0.485517583554611,6.35285449844574
15,3.71346067497881,0.0227934814756736,0.327807602006942,6.55528410242873
39,3.56624153739999,0.0251927470089868,0.539725953713059,4.92596065025958
61,8.89908169315897,0.133765325765125,0.893020425224677,4.16613415642604
91,5.71603759699661,0.792550103696895,0.478552925167605,2.08276704491661
43,6.59304454098539,0.0521877865539864,0.702061577700078,6.70496807052649
92,8.47069171606125,0.423867305719709,0.689560793573037,3.21789948855932
82,7.47264610899356,0.355270375010973,0.913800198584795,1.55696899147243
80,5.54434031646786,0.149871018598787,0.306686989264563,4.25695154362163
0,1.42214549721646,0.132185905551731,0.204394716303796,7.56395940017722
55,8.21596912217353,0.520939081410104,0.703573992708698,7.10374954932035
16,2.05801577919337,0.135248371046242,0.190923662856221,4.68094208499742
55,4.4919453346069,0.260955568392503,0.10242009209469,6.39887321587255
49,7.00828412958981,0.111665220698342,0.705572399776429,5.42881568612867
39,1.38579062335653,0.20663710787774,0.516771967988461,2.28125053929275
88,6.15608903357724,0.0898727571099575,0.255816315533593,4.87044166865737
22,3.86757238169719,0.0782468372490257,0.732167755952105,6.63510095173721
64,4.33022620392578,0.0200437976128427,0.21931089926511,3.77789428077342
89,6.22864227024268,0.0478276350291159,0.729333881521598,3.12417253716183
82,7.37899077960146,0.394651031201437,0.382997880456969,3.36934638583794
99,8.76421071071053,0.146670055226423,0.385704381391406,4.84211239770162
82,9.34029493140666,0.138147929916158,0.945167903555557,3.22623364548367
59,6.6861170075778,0.218665612851012,0.655124983284622,6.87608102533885
44,7.18492948202777,0.372800013960755,0.3174241441302,9.20801808936687
31,3.67263821839886,0.019020204199478,0.87136145401746,2.40739447095491
70,6.39522829105847,0.244645072399391,0.795246198307723,3.36378681992906
56,4.63778028443489,0.385764358078545,0.586572897620499,3.68672222551983
3,3.95811948800619,0.0766246838029474,0.697662835242227,10.2936200365039
72,5.37512229414962,0.247631394293833,0.126372095197439,6.66757455916834
10,2.22205369153127,0.324460612832311,0.552880615927279,4.89481505227584
82,7.48650102811553,0.562058893747805,0.364277234999463,4.02723045156627
54,6.3576545089542,0.347443329149342,0.822276460239664,2.36015803237697
87,9.17260668421387,0.563810189688736,0.706887201173231,5.68192547988807
66,7.08895830888494,0.13195074594114,0.832992139272392,3.59721141457638
47,3.76726514417375,0.410145763286805,0.134469455806538,7.72159109380659
30,2.29621165564399,0.19484989879534,0.481131667504087,2.21717166206741
62,8.23692425967409,0.532476474033827,0.491742093814537,5.58084104305639
10,-0.232159002872498,0.1871822436201,0.373515737708658,3.12904922709461
20,2.68242537718009,0.0238626943901181,0.806179078761488,3.09194150560175
34,3.83244123819844,0.334585913679305,0.618972588563338,3.17257726475125
7,1.39461234805489,0.138721584691666,0.0717182352673262,6.65907085691521
69,9.00534544193403,0.372031474937376,0.906746007502079,2.99082905840151
48,4.3035259161587,0.169290724443272,0.439522033557296,4.17107385574212
7,-2.46135532103242,0.124492949806154,0.460489690769464,3.47348611064311
56,7.15276274571422,0.963736732903511,0.921759875724092,2.05675539452075
49,2.65860766941617,0.0426404292229563,0.504126102663577,3.51184617038131
13,0.838204276781678,0.205131759230635,0.14784930809401,5.98698094509503
76,6.01527525776117,0.95794949442485,0.175985755166039,5.55331505896584
34,2.3875150346691,0.488761793775383,0.584367375355214,1.46266210647897
17,1.79226657368928,0.0527387667680159,0.375007199356332,7.39042193758678
21,2.97875484633785,0.145742050139233,0.18520181090571,5.1234682860833
94,7.89583993928549,0.172335173003376,0.664621927775443,3.11833203468171
8,-0.559449823252044,0.11697811295744,0.00805671163834631,6.2383170163203
44,4.58859745546279,0.523541777154077,0.564834557007998,4.00576750244302
84,6.81587096914602,0.112219610251486,0.206814962439239,9.05362443866549
36,3.15531802805188,0.297946144816208,0.411611355608329,2.69900887192363
87,6.63254977058171,0.782689990684555,0.295667589176446,2.70561196998588
24,0.80566695784273,0.0786083193592226,0.286292573902756,5.19444942479043
95,11.2503757977683,0.914465516331879,0.979238993953913,1.44670228329676
34,2.90659054431651,0.199584877489357,0.0319156178738922,5.23556497998561
99,9.92603451871768,0.205497046945094,0.341010036412627,5.4637287948378
52,5.99836081697991,0.0504818985937163,0.271135101327673,8.3692171237876
13,-0.711235320398823,0.204648405070159,0.385548768565059,2.22197685576237
23,5.30820950500501,0.491920368259257,0.235610311385244,13.236886902098
87,10.1186027615697,0.333451716451648,0.693654359551147,6.46601368013987
3,3.0506184182625,0.32582374800809,0.625867763068527,7.21343023736681
84,5.97367420346192,0.251789512560767,0.615380567265674,3.28713190079617
6,1.11961314242132,0.27322982273877,0.0238304717931896,8.32041957993555
96,6.60456853373446,0.136082075885497,0.691602374892682,1.76981153769482
11,-0.354610906395475,0.193613705214787,0.0741285502444953,3.92002078281573
3,-0.750531769757901,0.00018735479246625,0.0114944803062826,27.0399592517339
95,9.45165945119927,0.74593177048351,0.826180266682059,2.30734269085975
95,9.48945169946263,0.577323521800783,0.800762795610353,2.0251536010545
78,10.1281942767664,0.705125994938326,0.644217636901885,3.50779073803257
83,6.24183503045165,0.0424292942861878,0.233425390673801,5.67797712014051
6,-1.00578708073144,0.0539505677297711,0.520373291336,3.66538063488706
43,2.290899554861,0.026384690310806,0.428722746903077,4.12400306483629
47,7.07289881453843,0.043610202354304,0.727656936272979,8.99034849648138
18,5.09090648153087,0.231933706895191,0.897916622459888,4.23661654343976
65,5.75271113047059,0.418964002260423,0.404035731917247,4.27214862607421
16,0.822276614279914,0.00051305303350091,0.107474242569879,10.0949971957739
47,3.40743214736768,0.605497995654102,0.525437384843826,1.50550766321921
36,6.54128601709315,0.216533828283402,0.431473013944924,5.94512385219969
5,0.629022116231358,0.102145104319789,0.0504941041581333,8.52294970506853
89,5.62354288749877,0.614474646249944,0.353484612656757,1.82649828379119
40,4.63109812929988,0.0421003707451746,0.438672574935481,4.16254885687537
57,8.68652328292423,0.125395539682359,0.631029083859175,9.16803156140007
61,4.17453519764938,0.0266541324090213,0.0998153400141746,5.53173543137139
3,4.14897151659171,0.107120349421166,0.331643720390275,15.628850695803
62,3.8975620177227,0.610642319047982,0.0647457933519036,3.10256927717469
75,7.55309639730614,0.0893064880510792,0.692937369691208,3.48197199593945
96,10.786118231157,0.394720958990461,0.853252844652161,2.76146703406348
73,8.14829712227712,0.0467107779600432,0.949493977008387,2.49067236239635
87,6.05020828869002,0.158673958852887,0.0438747373409569,10.0626497632954
53,3.29128431734821,0.163712615263648,0.211270618718117,4.15110012993857
20,5.21807218268864,0.0833876207470894,0.884013873990625,5.612586019597
74,7.2689125086955,0.153767773765139,0.893753040581942,3.69666139128859
65,5.86951061838322,0.151480479980819,0.299182739574462,4.88878318672904
38,3.6922773048737,0.382362330777055,0.0739664272405207,5.51509064499884
42,2.79739698840882,0.117447729222476,0.0591925401240587,7.518964185387
33,4.2615497838778,0.168924343888648,0.285126050701365,5.92153369645188
15,4.56812567731936,0.114167315442767,0.282104131067172,16.9044313809316
36,3.99164124677523,0.168426532647572,0.101031475700438,11.9492640303116
31,1.10277329062605,0.0306843350408599,0.408137368736789,3.83208295250796
62,4.18598433289391,0.143496217788197,0.0771995764225721,7.81703223920674
17,4.56138484179666,0.237127038872543,0.362312203273177,9.72956766524482
55,6.36797341312336,0.772509191143227,0.934488482074812,1.83507442549825
1,3.34030087033622,0.338947133616287,0.740912130801007,6.21647555528941
79,9.43106252916029,0.364179848206645,0.959324321709573,2.67792607447926
91,9.79875666244585,0.260894410068843,0.667282130103558,6.16313406081988
23,0.753602054827264,0.0797998436028138,0.19114633766003,5.28860369083241
17,3.30863762786684,0.21863249921121,0.528869935777038,4.91249615036934
13,4.39425267420476,0.0883708766195923,0.961981032742187,4.21776987609233
82,5.84373119922286,0.0658135314006358,0.72648171079345,3.33114109939738
72,7.71399985716179,0.0830245356773958,0.784889236558229,3.54964759135993
13,4.21306677599736,0.126070145639487,0.84857805352658,6.17738301861788
51,5.53215287999306,0.0503158601932228,0.725345368264243,5.76332539006075
82,8.07218457784729,0.0653016311116517,0.911078329663724,3.54731657415021
86,7.33283703279976,0.355105485746121,0.226795088034123,5.97744490835763
83,6.30092040590626,0.669974279092783,0.7786332834512,2.03274805686271
91,12.5692261614487,0.212457777456123,0.480191105278209,11.0870299965465
3,2.194125841495,0.325504495984617,0.472077222075313,3.46994861556636
40,5.0218851096542,0.327291365702379,0.900997111108154,3.17063438575371
33,6.08063373471355,0.0194505589315668,0.78735069767572,9.49699068198978
28,0.46025411733129,0.0551047548651695,0.0137218513991684,4.39725721694952
73,6.00530501306645,0.0634325984780946,0.352145556360483,4.66757592549714
48,6.25745225265761,0.521447923187534,0.876445502974093,2.04744504079653
88,5.43284911919516,0.964392477128297,0.242152483668178,3.92869316811459
21,4.17276223731414,0.378157621228552,0.501058908412233,6.49634536883356
74,7.4094045021809,0.099444000122082,0.376420554472134,7.39547790087957
81,11.2772579534833,0.194338087511199,0.98924378096126,3.09921907804719
81,9.4842703607325,0.240815760518496,0.325689522083849,5.54226965907594
83,7.61808224026424,0.229524738610464,0.382475203601643,5.03026323432997
71,4.23932413525284,0.11975309648551,0.584226722363383,2.29065062513715
73,4.83430177120627,0.138019079226069,0.420101603958756,3.67742355188764
77,6.10649564719351,0.307569690038192,0.149333334295079,5.07180405728221
32,1.95558895394478,0.108310907197372,0.421534656314179,2.85007167460061
37,2.3846857693625,0.312418715552169,0.0695976943243295,4.28384641196516
5,-0.718170864456559,0.0949968869099393,0.0567442437168211,4.27288228370625
6,-0.448000455015467,0.128351430525072,0.175065657822415,3.53776582703137
38,3.37545677879557,0.129901229739342,0.468796524684876,5.29116651230598
90,7.67943371207668,0.564267398278014,0.862702971789986,1.12289889559687
69,3.99920361722799,0.564314979240337,0.0124116423539817,3.50759397967154
19,3.48891281174486,0.46182387692616,0.83736163075082,2.15792966996117
45,6.31345747446575,0.357481037245548,0.643460993655026,5.97220776690849
79,8.63510190388237,0.210852418550032,0.518999895779416,6.62134642535844
57,7.00797317474493,0.419674947371191,0.439613304566592,9.1228324419292
6,2.52969497402177,0.410540791669661,0.19155836943537,6.10843297429895
96,7.64093245986601,0.500185098478055,0.600459844106808,2.27702169369484
99,10.4064097704348,0.245142958847732,0.312598908087239,4.85366625042343
33,4.31145392483934,0.0260326545435752,0.533780891913921,5.86900514840884
85,8.93814792617551,1.49928924060407,0.294923428213224,4.97216342432633
74,9.29368494393492,0.472444158807618,0.675288359634578,3.63597253465805
87,8.47401471362235,0.0886098974007297,0.899523943429813,3.54348267940815
11,1.41634808712773,0.164984813309275,0.323782328050584,5.2122962370347
36,6.66095034333894,0.102106158976514,0.901131062302738,4.75916034040752
59,7.20901228343529,0.649361250424916,0.78095824434422,3.94512806474221
73,9.24293982368174,0.0544634234393016,0.387008586898446,8.97482859790453
15,5.0515995687809,0.149651090265252,0.326070172945037,7.57687921224234
4,-1.33875317799653,0.100017249700613,0.199758828151971,3.36101104935186
18,3.40283053152968,0.156964520225301,0.365921680117026,5.32143577304251
27,0.500518238455462,0.060091397492215,0.0405479464679956,5.42286793863907
71,6.41650119055369,0.0658938949927688,0.833081331336871,2.58580166339945
91,11.0945755839424,0.178505997861478,0.370359365828335,11.8689115761427
77,4.76680298683293,0.195911704655182,0.727249434683472,2.29835866090757
97,10.5108493390804,0.125050624017604,0.967290475033224,2.21647221637106
43,3.92378426306807,0.132059672148898,0.220888275187463,9.1675284452285
27,2.21488390775213,0.401641728533653,0.611380578251556,3.44516853627696
74,9.10977202015875,0.168289941373294,0.615735303377733,5.80277932339246
58,6.42499241808872,0.682752395482892,0.76691289851442,3.19276641891583
56,3.10146285134668,0.0711351068194563,0.0120410521049052,5.20414090102646
17,-0.248514655268024,0.268911428464748,0.0691948109306395,4.14531772714891
15,4.19725179234446,0.0992109146163378,0.764797558775172,5.70619643906814
23,1.87983800886973,0.140722312848084,0.256512958556414,3.96306876707428
32,1.31012823520411,0.00297415210174888,0.508122855098918,4.82693251280834
55,3.50378124903334,0.230828637479547,0.0739121849182993,3.77670273679713
83,6.47648104600167,0.193244434416968,0.872574984561652,3.06939560232574
4,2.68334824133895,0.0867176351262701,0.899816418532282,2.9952071023227
76,4.71468028036814,0.431662783170855,0.0945348844397813,6.18189539910473
51,5.886107186489,0.155102836969985,0.217521853279322,12.1335766713785
72,5.73481326384776,0.250043907657939,0.0791528038680553,5.55868789017174
49,6.48582583677635,0.211581769621673,0.235325509915128,7.21965346164027
1,3.60143576189786,0.188938572759482,0.713816337287426,5.58433713807358
71,6.99368641929004,0.491128463277078,0.289547170279548,5.68925303904032
2,-0.497549600414198,0.159416645416059,0.589589872630313,3.72700323455581
88,9.14648442453047,0.274278537825424,0.566635984694585,5.27007540888211
40,6.08146558449735,0.195828301468902,0.677200605161488,4.15221436439004
74,6.03792870598166,0.266589489857474,0.597785803955048,3.29121708207094
61,5.92246842712131,0.0800574928289279,0.796603030525148,4.36985682352531
25,3.29907318415351,0.293632625928348,0.393150462768972,5.32569762245109
26,3.82858105417707,0.027036884217523,0.819035374559462,5.80249805613728
95,11.3093388395233,0.138399735643308,0.748514437582344,6.09327883974629
55,5.00880730898209,0.0192305088013441,0.21397569659166,5.61504830038322
14,2.2118821889468,0.00667500342542348,0.457790677202865,4.08126227073927
3,0.706552103873961,0.26769778951967,0.0316366739571095,9.07334989083255
15,-0.668306688727781,0.0286779496603736,0.234564778627828,4.95599120392023
69,6.55594020946446,0.169720374862663,0.632377182366326,3.66254641729504
56,5.91399477671074,0.565659537658618,0.304473505588248,4.40163915011963
4,2.01394522127135,0.268459465222722,0.488539179321378,4.22898344536978
20,0.994940349055614,0.0423069341564934,0.634037936106324,1.9688604496619
61,6.57025992110739,0.0465264176426828,0.922445519128814,3.27167267104224
88,8.87011473192552,0.257368359937075,0.659657671814784,3.03067301036345
33,3.41160170285672,0.0504930452443659,0.300079407868907,7.31090981656568
51,5.13445677145024,0.203526358109641,0.629658814053982,2.48235614297473
89,11.5518620308159,0.153789832955226,0.99898438481614,2.86369729499966
29,4.30837894726982,0.0609691913705319,0.422431025421247,8.38169635601818
36,1.56896686341818,0.0156579413980169,0.0402788841165602,5.12253207452632
74,4.25461851784902,0.647622050220305,0.445209285942838,1.1450775329097
86,8.74222885917528,0.270666574350301,0.341934327036142,5.42749187893526
15,2.12749455634151,0.00284281652420759,0.208323987666517,8.19895996456937
12,4.13959869980726,0.00927297236789511,0.766305041499436,7.02388181560212
56,8.2907974661704,0.996933845284969,0.860527437645942,5.18588452116236
27,3.91895233637105,0.00807639362756163,0.553316139383242,4.57409273412098
13,2.99102321698441,0.164124932605773,0.875545788789168,2.07810162552849
78,5.01933624713101,0.47676311225378,0.205644697416574,3.87319814226548
98,6.95765214834474,0.440265395191914,0.221014777664095,4.76780240663126
34,1.04583648007479,0.0511973161833287,0.196932984516025,5.53210836973514
88,8.55029892110501,0.168833639472723,0.944833165965974,2.83428160989677
55,8.00458847610004,0.245518006839532,0.596062720054761,9.40283855768674
7,2.40272891091747,0.390746398342258,0.3457269705832,5.45357677963263
67,8.3638617341497,0.508154205491251,0.358730559470132,7.90513568337872
37,5.52906565735282,0.0432818940410813,0.345782510004938,6.80872974482219
42,6.44338307492129,0.227697007766153,0.926727306330577,2.24341835172068
25,0.220365053902773,0.022468667360954,0.566527385497466,3.23423222515432
46,3.97049384758459,0.0127803626213393,0.0985061258543283,8.07198918214095
50,6.57714639555601,0.281130112929943,0.910724652698264,2.08383328220002
20,0.151554639843367,0.269283638558093,0.0011189398355782,7.00375858373419
35,3.9249862876531,0.505885393337763,0.472237055422738,2.95022974310492
73,8.06494563078081,0.139817876974121,0.778284555999562,4.54995137511414
5,3.41058525606526,0.235459323786979,0.850517431041226,3.87902083755805
30,4.40090643314023,0.0840071501443163,0.730676549021155,3.54354517433366
76,8.08674229682929,0.289753336216065,0.803895757999271,2.72227769665972
24,3.68171185426488,0.486783475695229,0.306942491326481,6.60112060876186
11,2.38524475871222,0.113014010479674,0.185285033890978,13.2303962210105
74,5.4747809239856,0.0450062227834787,0.101644017035142,7.72528763801075
27,2.53438953314985,0.00653196245868925,0.386590806534514,5.7781615402074
39,5.35694466469056,0.0916011842473919,0.849587583448738,4.64915994231123
61,5.39381957558685,0.03139080805704,0.178490117192268,6.79187764370163
99,11.1793004937074,0.164425266673788,0.736361170187593,3.34452665980563
34,3.81264381809865,0.260240362248126,0.0555544113740325,11.4060664943853
48,7.01884042680841,0.46053535256297,0.375602732878178,9.24184197019899
22,2.71123570022573,0.312995994918722,0.501001802040264,4.46545154828356
37,1.47324700598744,0.192563950438922,0.115831680363044,2.93992282042862
41,5.28825508709091,0.0378825278021395,0.815874210326001,3.83569788188478
92,8.09605028143359,1.33676035368914,0.750078146811575,3.18101275689139
27,1.91754803204774,0.198378352903503,0.278740467736498,5.84263894908851
36,5.87176576048786,0.0621912563219666,0.905255961697549,4.6002417799316
97,7.12290211734986,0.18496290174194,0.260213052621111,4.36261188387791
28,2.48439965910535,0.0860663418542212,0.304685020120814,6.8287704704605
10,2.28600205940694,0.0105735448887572,0.210485871415585,10.4918756129899
6,3.08995664271643,0.139410239199783,0.799686681479216,5.62536206086715
1,-0.0590076967018804,0.210690269469026,0.551337172510102,2.36005952956411
66,3.71867319829538,0.250174963109902,0.11023383284919,2.99901128773931
53,3.48823977171358,0.640112613761956,0.136577266035601,3.1278986165983
35,5.70242500877982,0.0559365275548771,0.327640291536227,15.6402967218326
60,8.83577360775937,0.236960892322215,0.941317147109658,5.3194714270984
13,3.94693686891181,0.0926087093539536,0.265378259820864,16.2553180469856
24,3.53977922165356,0.102965263753395,0.665928297908977,3.58912023811185
43,3.20024339283293,0.177518646112172,0.740313093177974,1.84734697376638
52,7.74751786366273,0.0779604860395738,0.764760568272322,6.75919851637112
56,3.17947933321424,0.660199312927359,0.422075455076993,2.98741932030111
29,0.752844496010554,0.146984130493365,0.2157637339551,3.46227317131584
72,7.73910592236204,0.0603524367325008,0.31946096685715,5.74801490492906
69,8.33100497676612,0.0763228606665507,0.785336697939783,6.63829975847867
87,7.87987434978465,0.22436693519235,0.231884363573045,7.12659218464014
71,3.9869853293325,0.486253011485046,0.520432555815205,2.14507854160212
26,6.04124334998677,0.212502785016525,0.457691899733618,12.5947179556373
67,6.85891953152901,0.571278611632222,0.610442632576451,3.62779582849149
4,2.05684022552424,0.0985065284884869,0.399744750233367,4.6267076060548
77,5.99576964235984,0.0433057616464794,0.122350216843188,5.86972319742566
65,5.69589317111136,0.339850642009381,0.114912620512769,9.63656135396222
18,4.02063994015096,0.0804309408413246,0.918184696929529,2.33594515197043
62,6.20391623910155,0.582255704762572,0.858712494838983,1.6056234722295
2,2.03964297488323,0.177242903028357,0.139717811252922,8.16572567501278
95,8.37301921537493,0.340169211140576,0.467163612600416,4.19939317610651
27,5.35837517926818,0.0142241949215531,0.9656379846856,3.50670888842296
34,4.86248873960501,0.115970542305149,0.771003857720643,3.93982882433936
25,2.7064662415312,0.0486818648641929,0.378339635208249,6.18138572566933
50,5.66228659019078,0.477782072944051,0.273527520010248,4.71666575393376
12,0.916562630515202,0.0332057660001868,0.197859589476138,6.69929717463793
15,0.342259988004041,0.304376319505948,0.00750999804586172,6.44101515188518
87,5.65952829790879,0.5852105426287,0.61936789075844,1.17097778062307
16,0.264477911471902,0.00118220248259604,0.0404715926852077,7.65857758669611
93,8.1348011406588,0.158730919589289,0.430975851835683,3.15974052147951
71,5.89982202202174,0.146786426194012,0.397109726909548,6.41232692034311
98,6.56909365744722,0.10373482236173,0.623238759581,3.28804748409921
39,3.43961139903123,0.161536132916808,0.505989074707031,2.75048035959701
16,5.24044957736194,0.128726711147465,0.76759250392206,9.61539278384056
31,1.15627941632772,0.297678270832378,0.311518926406279,2.73292785817737
62,8.23168010646763,0.864761766004276,0.95462379604578,3.36867458472476
58,4.32956507671248,0.0256091306218877,0.51315550506115,5.27260107015541
36,1.70967783938421,0.192121100601482,0.33470763429068,2.03894110742789
10,4.19871533737742,0.0406788972904906,0.802894283086061,5.76412400308451
40,6.62223616858584,0.0389326537260786,0.984220627928153,3.50870596974532
40,3.85685685818507,0.245160699838795,0.455377235542983,3.45344586005872
77,8.22143978497662,0.274264518133306,0.697632791474462,4.03903175191841
14,0.161608564636017,0.257787370345298,0.0283332115504891,4.99488254173416
47,3.01994959485914,0.106727819773369,0.321641782065853,4.55846150652763
99,11.9889796801218,0.129298639018089,0.741639220155776,5.44691403688257
54,7.09288271140823,0.303789857764471,0.895636516623199,2.72970984751111
